mean:0.295649,,,,,,,,,,,,,,,,,,,,
0.2167, [[0.99601454628992, 0.0], [0.01873310048075437, 0.8905779125155235], [0.06899934109365162, 0.011806625000000072], [0.026833037383180776, 0.06672233202521108], [0.0688356860880768, 0.016253031249999998], [0.018843074672753597, 0.8897058915994279], [0.009240962276385236, 0.3555064169694263], [0.007065090107385701, 0.8231894032957374], [0.008962453004849763, 0.6763308096417393], [0.9949364389142175, 0.0]]
0.2443, [[0.04462278013225193, 0.9987678526577243], [0.2754162082520428, 0.0], [0.11582227053051924, 0.8751353899181515], [0.046526797676027014, 0.8833078733704693], [0.04659674540280735, 0.8686929926140036], [0.013184900029709448, 0.8824438071942657], [0.046466905859227796, 0.8691827673447452], [0.04624321115582461, 0.8756014050968463], [0.04623700015260099, 0.8797649438678801], [0.2731967425180575, 0.0]]
0.3294, [[0.22893688743890844, 0.09110458021167797], [0.11235189712615809, 0.9847350285925935], [0.11235189712615809, 0.9847350285925935], [0.9968480929536543, 0.0], [0.9968480929536543, 0.0], [0.11237353705008803, 0.9799973878701169], [0.9916315136397466, 0.0], [0.04524457056608352, 0.9619261726304169], [0.9903770326221522, 0.0], [0.04502048151326931, 0.9617394106889965]]
0.329, [[0.2285924621107438, 0.09110492032346296], [0.9938006141366782, 0.0], [0.2261329143785739, 0.09126404031394936], [0.04478135788915983, 0.9859669317103996], [0.989899186225551, 0.0], [0.0450198406954764, 0.9843513170604175], [0.9866627164741887, 0.0], [0.11210345699721318, 0.9842755376961795], [0.9368923297378484, 0.0], [0.04541754207649378, 0.9584045953243814]]
0.3257, [[0.04462278013225193, 0.9987678526577243], [0.9984743814202894, 0.0], [0.9890755723239935, 0.0], [0.1116950095947454, 0.998159245277538], [0.11236614299863133, 0.9892347597917106], [0.11238245920551243, 0.9817156465760788], [0.11320172010691412, 0.9684337080897358], [0.11602659281910589, 0.8811401718605885], [0.11660732162051464, 0.87973267134858], [0.9911241374096476, 0.0]]
0.314, [[0.9951893216701715, 0.0], [0.04502807273943152, 0.9761251740030359], [0.2754928498130017, 0.0], [0.045916098319380476, 0.9661057953272861], [0.2754162082520428, 0.0], [0.11651859300303431, 0.8791804100426313], [0.11606080263051219, 0.8772036571793776], [0.046296201857930916, 0.8827829303159932], [0.04647710965023803, 0.8806932759690038], [0.26697307841127527, 0.0]]
0.3015, [[0.9959989760140759, 0.0], [0.04632750334243092, 0.8874761221848604], [0.1167436186356997, 0.8816548923765187], [0.9946231542261088, 0.0], [0.04647710965023803, 0.8806932759690038], [0.1160994488727925, 0.8779581014575903], [0.11565521426127434, 0.8790936405772263], [0.9909934007831614, 0.0], [0.11582227053051924, 0.8751353899181515], [0.9902548864926839, 0.0]]
0.3243, [[0.11178117494105408, 0.9918659295679522], [0.11279825136576052, 0.9799333661696672], [0.04512759667203862, 0.9656126363431694], [0.04556078950004814, 0.9544233526758803], [0.9960757535811702, 0.0], [0.1162613785996941, 0.8800577341186553], [0.99601454628992, 0.0], [0.11692472360271232, 0.8757837361085894], [0.9956639466303913, 0.0], [0.9954040840956102, 0.0]]
0.3011, [[0.1167436186356997, 0.8816548923765187], [0.9984743814202894, 0.0], [0.1162613785996941, 0.8800577341186553], [0.9964472925771793, 0.0], [0.11565521426127434, 0.8790936405772263], [0.996375615617689, 0.0], [0.11606080263051219, 0.8772036571793776], [0.9960757535811702, 0.0], [0.11692472360271232, 0.8757837361085894], [0.99601454628992, 0.0]]
0.3214, [[0.9916315136397466, 0.0], [0.11238245920551243, 0.9817156465760788], [0.04524457056608352, 0.9619261726304169], [0.9899467024121795, 0.0], [0.11660732162051464, 0.87973267134858], [0.9879781363300011, 0.0], [0.11651859300303431, 0.8791804100426313], [0.9346271230555327, 0.0], [0.11565521426127434, 0.8790936405772263], [0.93293103680063, 0.0]]
0.3197, [[0.9992520898534095, 0.0], [0.11320172010691412, 0.9684337080897358], [0.9959989760140759, 0.0], [0.1167436186356997, 0.8816548923765187], [0.9951893216701715, 0.0], [0.11660732162051464, 0.87973267134858], [0.9930878713372533, 0.0], [0.013201906348059844, 0.8786841110296093], [0.9925772736707723, 0.0], [0.11692472360271232, 0.8757837361085894]]
0.3345, [[0.11218824212058327, 0.9820871817739465], [0.11238245920551243, 0.9817156465760788], [0.11660732162051464, 0.87973267134858], [0.112810180435444, 0.9735131932923242], [1.0, 0.0], [0.2235239617721492, 0.09130449696753479], [0.044571711883524365, 0.9983692434328544], [0.11565521426127434, 0.8790936405772263], [0.9992520898534095, 0.0], [0.04476558391271888, 0.9941282855047098]]
0.3242, [[0.9952014020566025, 0.0], [0.112810180435444, 0.9735131932923242], [0.1162613785996941, 0.8800577341186553], [0.11692472360271232, 0.8757837361085894], [0.11279825136576052, 0.9799333661696672], [0.11178117494105408, 0.9918659295679522], [0.9949364389142175, 0.0], [0.04504350166013782, 0.9710853927214891], [0.9944771157768103, 0.0], [0.9943506743988333, 0.0]]
0.3203, [[0.9959989760140759, 0.0], [0.11565521426127434, 0.8790936405772263], [0.11678872234958552, 0.8757669195093432], [0.112810180435444, 0.9735131932923242], [0.9952242205643053, 0.0], [0.11581487647906255, 0.8757353447742444], [0.04502048151326931, 0.9617394106889965], [0.9890320829328418, 0.0], [0.045252704022685886, 0.9476405064600237], [0.26808391934902875, 0.0]]
0.1813, [[0.2678251848263699, 0.0], [0.06359192338234217, 0.0915190022594839], [0.06329630920510353, 0.09165798489713403], [0.04478135788915983, 0.9859669317103996], [0.06228914080934905, 0.0916896307527649], [0.2675287758978422, 0.0], [0.0630588615659909, 0.09159169639671781], [0.265271820436448, 0.0], [0.26484539787198025, 0.0], [0.26460937879991897, 0.0]]
0.3021, [[0.00807807515695278, 0.8931694830383534], [0.9976727806673393, 0.0], [0.1167436186356997, 0.8816548923765187], [0.9964472925771793, 0.0], [0.11678872234958552, 0.8757669195093432], [0.006678479803553358, 0.8813164670389926], [0.9925772736707723, 0.0], [0.04684814315233494, 0.8769350800403799], [0.9890320829328418, 0.0], [0.04657742228166718, 0.8719060097463199]]
0.3256, [[0.999569938243059, 0.0], [0.04481694792350471, 0.9998148778514525], [0.1121215477764439, 0.989127998808945], [0.11247552566651402, 0.9882554545546978], [0.1162613785996941, 0.8800577341186553], [0.11692472360271232, 0.8757837361085894], [0.112810180435444, 0.9735131932923242], [0.9960757535811702, 0.0], [0.04526744283192289, 0.9748809201048712], [0.9898610658950358, 0.0]]
0.255, [[0.9946231542261088, 0.0], [0.04437813561638812, 1.0], [0.9946145637290911, 0.0], [0.04468612250639761, 0.9885430463131752], [0.9894661714852602, 0.0], [0.04541754207649378, 0.9584045953243814], [0.9451837700779757, 0.0], [0.04556078950004814, 0.9544233526758803], [0.9330330489527134, 0.0], [0.018718953195633894, 0.8909179427567125]]
0.3217, [[0.9951893216701715, 0.0], [0.11271080438386602, 0.9805293436558141], [0.9947407366540363, 0.0], [0.04524457056608352, 0.9619261726304169], [0.01869287684082995, 0.886059027140087], [0.11678872234958552, 0.8757669195093432], [0.11607928775915392, 0.8725910593857349], [0.11651859300303431, 0.8791804100426313], [0.9943112118031587, 0.0], [0.9919021142957993, 0.0]]
0.3202, [[0.04481694792350471, 0.9998148778514525], [0.9911241374096476, 0.0], [0.04476558391271888, 0.9941282855047098], [0.04478135788915983, 0.9859669317103996], [0.044581619912476333, 0.9839980986978281], [0.11238245920551243, 0.9817156465760788], [0.9341863231773199, 0.0], [0.9318714526841215, 0.0], [0.9307291850338191, 0.0], [0.9304593897368616, 0.0]]
0.3356, [[0.99773855166013, 0.0], [0.04437813561638812, 1.0], [0.11660732162051464, 0.87973267134858], [0.2235239617721492, 0.09130449696753479], [0.1116950095947454, 0.998159245277538], [0.11235189712615809, 0.9847350285925935], [0.11271080438386602, 0.9805293436558141], [0.11320172010691412, 0.9684337080897358], [0.9930878713372533, 0.0], [0.9965761500324426, 0.0]]
0.23, [[0.11210345699721318, 0.9842755376961795], [0.006618834455136026, 0.9174647240164714], [0.0945872941520397, 0.0], [0.006733885895802185, 0.883638204411263], [0.09454928872755229, 0.0], [0.00672023154744549, 0.8763783180263343], [0.09445592650449243, 0.0], [0.006751631619298251, 0.8763488366438383], [0.0687352748692949, 0.014141375000000013], [0.06862894840934763, 0.01208593749999998]]
0.2423, [[0.9959989760140759, 0.0], [0.01835003932162124, 0.9124775207744765], [0.9925772736707723, 0.0], [0.013261748871182685, 0.8799447628564998], [0.046715099519790824, 0.8699925110208946], [0.0037156833848560663, 0.7111128051534936], [0.003820038097748207, 0.31379105550276687], [0.003476461173393825, 0.547632154488609], [0.003082259643399279, 0.5720315048695288], [0.003062246410789827, 0.5828889572599918]]
0.3305, [[0.9976727806673393, 0.0], [0.11235189712615809, 0.9847350285925935], [0.044687897078747214, 0.9918542067933738], [0.27367210487446264, 0.0], [0.11232710240693998, 0.9842428813955684], [0.04466536986864249, 0.9899098660062604], [0.22893688743890844, 0.09110458021167797], [0.04478135788915983, 0.9859669317103996], [0.04502807273943152, 0.9761251740030359], [0.04499095460111892, 0.9677800238501597]]
0.325, [[0.99773855166013, 0.0], [0.11236614299863133, 0.9892347597917106], [0.11271080438386602, 0.9805293436558141], [0.11607928775915392, 0.8725910593857349], [0.04468612250639761, 0.9885430463131752], [0.04526744283192289, 0.9748809201048712], [0.1116950095947454, 0.998159245277538], [0.11232710240693998, 0.9842428813955684], [0.11218824212058327, 0.9820871817739465], [0.04502048151326931, 0.9617394106889965]]
0.1287, [[0.09453780330095624, 0.0], [0.01841071983724251, 0.9135481659634113], [0.06902960741094771, 0.012075812500000008], [0.06843906916793974, 0.01291340625000004], [0.06839416262875941, 0.016804312500000033], [0.01845439403451338, 0.907115642305709], [0.01865427989222601, 0.8891606081354899], [0.08938981820842395, 0.0], [0.01835003932162124, 0.9124775207744765], [0.01835003932162124, 0.9124775207744765]]
0.3293, [[0.9956639466303913, 0.0], [0.2250747068019608, 0.09135643298846474], [0.11210345699721318, 0.9842755376961795], [0.9902548864926839, 0.0], [0.04692094991234519, 0.860627270144452], [0.04502048151326931, 0.9617394106889965], [0.04468612250639761, 0.9885430463131752], [0.044581619912476333, 0.9839980986978281], [0.04504350166013782, 0.9710853927214891], [0.06286380648856331, 0.09158149601617316]]
0.2487, [[0.27515728905092385, 0.0], [0.11178117494105408, 0.9918659295679522], [0.2748160032565816, 0.0], [0.04437813561638812, 1.0], [0.044571711883524365, 0.9983692434328544], [0.04468612250639761, 0.9885430463131752], [0.04456599381706452, 0.9849957207701192], [0.27477001832000625, 0.0], [0.2731967425180575, 0.0], [0.2729400394584602, 0.0]]
0.3213, [[0.044571711883524365, 0.9983692434328544], [0.9968480929536543, 0.0], [0.11320172010691412, 0.9684337080897358], [0.04456599381706452, 0.9849957207701192], [0.044951223897958276, 0.9846397810491454], [0.04526744283192289, 0.9748809201048712], [0.11271080438386602, 0.9805293436558141], [0.9938926935265848, 0.0], [0.06259559959539082, 0.0915708455226543], [0.9938006141366782, 0.0]]
0.2529, [[0.9948513393031375, 0.0], [0.0450198406954764, 0.9843513170604175], [0.9365393140010334, 0.0], [0.01869248249141893, 0.8884858857022506], [0.006983804835038443, 0.8598493454278721], [0.007083082299263656, 0.8322282556121225], [0.004682085910245974, 0.5510055224303345], [0.06814897588245544, 0.029682500000000063], [0.06958889346313202, 0.018952062500000037], [0.06952895235265644, 0.018119437500000005]]
0.2553, [[0.9942497360588769, 0.0], [0.04462278013225193, 0.9987678526577243], [0.27702087939221587, 0.0], [0.04560175254511822, 0.9333657606123769], [0.27519477877833265, 0.0], [0.046173115548015155, 0.8816005698764646], [0.2746176585903892, 0.0], [0.04624321115582461, 0.8756014050968463], [0.2724057646732697, 0.0], [0.013190913858227557, 0.8701576416520813]]
0.3201, [[0.11237353705008803, 0.9799973878701169], [0.044687897078747214, 0.9918542067933738], [0.04468612250639761, 0.9885430463131752], [0.04456599381706452, 0.9849957207701192], [0.013486922384877207, 0.8512749731649396], [0.999569938243059, 0.0], [0.04476558391271888, 0.9941282855047098], [0.9959989760140759, 0.0], [0.018871911473434703, 0.09068886550124866], [0.9957305229822775, 0.0]]
0.1458, [[0.26470818177609484, 0.0], [0.018399234410646444, 0.9146180784789353], [0.06927977281856584, 0.02067418750000006], [0.006907646105034495, 0.831552381834952], [0.06880704646210122, 0.015647906250000013], [0.00857441318440246, 0.8242640258546189], [0.06878708252316813, 0.01570428125000001], [0.008543407461960723, 0.8184052552562584], [0.06862332893024055, 0.012191343750000087], [0.00996410050884991, 0.24647853127270714]]
0.3204, [[0.112810180435444, 0.9735131932923242], [0.04462278013225193, 0.9987678526577243], [0.04485697438872362, 0.9913260539315728], [0.04490794405009843, 0.9834813546077141], [0.04502807273943152, 0.9761251740030359], [0.04481694792350471, 0.9998148778514525], [0.9943506743988333, 0.0], [0.06293350774696174, 0.09155125044595078], [0.27515451887402176, 0.0], [0.2682538235323594, 0.0]]
0.332, [[0.9898997231316147, 0.0], [0.1116950095947454, 0.998159245277538], [0.9339597488184819, 0.0], [0.22893688743890844, 0.09110458021167797], [0.11236614299863133, 0.9892347597917106], [0.9937241050226157, 0.0], [0.22511607477703263, 0.09133104471399692], [0.9903560932856721, 0.0], [0.26773303027475914, 0.0], [0.11235189712615809, 0.9847350285925935]]
0.1466, [[0.2678251848263699, 0.0], [0.01845616860686299, 0.9165023749355452], [0.018718953195633894, 0.8909179427567125], [0.0944933404048633, 0.0], [0.06860454803954054, 0.012118375000000016], [0.09443596256555936, 0.0], [0.018305379250822807, 0.9141937907954654], [0.06926385096109576, 0.020595031250000066], [0.06802303053930976, 0.012466687500000021], [0.06882365843104057, 0.01543531250000008]]
0.3331, [[0.1121215477764439, 0.989127998808945], [1.0, 0.0], [0.11565521426127434, 0.8790936405772263], [0.999569938243059, 0.0], [0.11582227053051924, 0.8751353899181515], [0.9959989760140759, 0.0], [0.22601287337948167, 0.0912256463313117], [0.9956639466303913, 0.0], [0.9952242205643053, 0.0], [0.9948513393031375, 0.0]]
0.3211, [[0.9952242205643053, 0.0], [0.04481694792350471, 0.9998148778514525], [0.044687897078747214, 0.9918542067933738], [0.1121215477764439, 0.989127998808945], [0.044951223897958276, 0.9846397810491454], [0.0450198406954764, 0.9843513170604175], [0.11237353705008803, 0.9799973878701169], [0.9906226671462478, 0.0], [0.2647412392204603, 0.0], [0.2663952195094912, 0.0]]
0.2498, [[0.9899340851196847, 0.0], [0.04524343681152682, 0.9524310043357327], [0.04541754207649378, 0.9584045953243814], [0.9325310417832502, 0.0], [0.018662462642504752, 0.8919046096170467], [0.018718953195633894, 0.8909179427567125], [0.018787126350064614, 0.8908976721256712], [0.0470685351794208, 0.8547485080287308], [0.04632750334243092, 0.8874761221848604], [0.2769987179769989, 0.0]]
0.3337, [[0.9964472925771793, 0.0], [0.1121215477764439, 0.989127998808945], [0.9946250333973312, 0.0], [0.11692472360271232, 0.8757837361085894], [0.22492936485382908, 0.09130162326079201], [0.22601287337948167, 0.0912256463313117], [0.22601822905482583, 0.09116342490189083], [0.11660732162051464, 0.87973267134858], [0.11279825136576052, 0.9799333661696672], [0.26456708743254653, 0.0]]
0.3318, [[0.11218824212058327, 0.9820871817739465], [0.9968480929536543, 0.0], [0.11602659281910589, 0.8811401718605885], [0.1160994488727925, 0.8779581014575903], [0.2285924621107438, 0.09110492032346296], [0.22511607477703263, 0.09133104471399692], [0.013184900029709448, 0.8824438071942657], [0.9946250333973312, 0.0], [0.11558423136729007, 0.8783743995119577], [0.9946145637290911, 0.0]]
0.3205, [[0.11247552566651402, 0.9882554545546978], [0.9937241050226157, 0.0], [0.04485697438872362, 0.9913260539315728], [0.9919571471673179, 0.0], [0.9908433355383863, 0.0], [0.9916648018156897, 0.0], [0.11320172010691412, 0.9684337080897358], [0.11232710240693998, 0.9842428813955684], [0.04478135788915983, 0.9859669317103996], [0.26769147762122725, 0.0]]
0.3361, [[0.11692472360271232, 0.8757837361085894], [0.112810180435444, 0.9735131932923242], [0.11236614299863133, 0.9892347597917106], [0.04481694792350471, 0.9998148778514525], [0.9992520898534095, 0.0], [0.1116950095947454, 0.998159245277538], [0.11178117494105408, 0.9918659295679522], [0.22511607477703263, 0.09133104471399692], [0.1160994488727925, 0.8779581014575903], [0.11238245920551243, 0.9817156465760788]]
0.335, [[0.22601822905482583, 0.09116342490189083], [0.99773855166013, 0.0], [0.11678872234958552, 0.8757669195093432], [0.9944771157768103, 0.0], [0.1167436186356997, 0.8816548923765187], [0.22893688743890844, 0.09110458021167797], [0.11271080438386602, 0.9805293436558141], [0.04481694792350471, 0.9998148778514525], [0.22414928303818976, 0.09140241586395528], [0.22631131377107094, 0.09115610595790224]]
0.2313, [[0.11236614299863133, 0.9892347597917106], [0.09535474739956816, 0.0], [0.046476370245092366, 0.8708073136325014], [0.045252704022685886, 0.9476405064600237], [0.04502048151326931, 0.9617394106889965], [0.04560175254511822, 0.9333657606123769], [0.06916378479804851, 0.014960468750000015], [0.018399234410646444, 0.9146180784789353], [0.018305379250822807, 0.9141937907954654], [0.018338060958261397, 0.9120459761353157]]
0.3117, [[0.99773855166013, 0.0], [0.1160994488727925, 0.8779581014575903], [0.04502048151326931, 0.9617394106889965], [0.996375615617689, 0.0], [0.9938926935265848, 0.0], [0.9928395522828397, 0.0], [0.9310711941963303, 0.0], [0.11607928775915392, 0.8725910593857349], [0.018338060958261397, 0.9120459761353157], [0.013428854434103972, 0.8630185417123604]]
0.3339, [[0.1167436186356997, 0.8816548923765187], [0.11243628790011717, 0.9885018072668911], [0.11178117494105408, 0.9918659295679522], [0.2250747068019608, 0.09135643298846474], [0.227809240761282, 0.09112850576762993], [0.11279825136576052, 0.9799333661696672], [0.1162613785996941, 0.8800577341186553], [0.04478135788915983, 0.9859669317103996], [0.9919485566703006, 0.0], [0.044951223897958276, 0.9846397810491454]]
0.336, [[0.04437813561638812, 1.0], [0.11178117494105408, 0.9918659295679522], [0.11243628790011717, 0.9885018072668911], [0.227809240761282, 0.09112850576762993], [0.11692472360271232, 0.8757837361085894], [0.2250747068019608, 0.09135643298846474], [0.1167436186356997, 0.8816548923765187], [0.22631131377107094, 0.09115610595790224], [1.0, 0.0], [0.112810180435444, 0.9735131932923242]]
0.2185, [[0.9889797345916411, 0.0], [0.018305379250822807, 0.9141937907954654], [0.9314384379438305, 0.0], [0.01835003932162124, 0.9124775207744765], [0.9294449057296952, 0.0], [0.018718953195633894, 0.8909179427567125], [0.06957701368712495, 0.021915562500000044], [0.006735019650358878, 0.8693646796859684], [0.009680908338058531, 0.09037860863360686], [0.009882864530179033, 0.08902885539303129]]
0.3352, [[0.99601454628992, 0.0], [0.11236614299863133, 0.9892347597917106], [0.1167436186356997, 0.8816548923765187], [0.11237353705008803, 0.9799973878701169], [0.22318950908083224, 0.09129471875371627], [0.04462278013225193, 0.9987678526577243], [0.9959989760140759, 0.0], [0.22601822905482583, 0.09116342490189083], [0.04476558391271888, 0.9941282855047098], [0.22893688743890844, 0.09110458021167797]]
0.328, [[0.9313039429748995, 0.0], [0.11692472360271232, 0.8757837361085894], [0.11178117494105408, 0.9918659295679522], [0.22601287337948167, 0.0912256463313117], [0.9334330439700931, 0.0], [0.2687387891686919, 0.0], [0.04632750334243092, 0.8874761221848604], [0.04478687878091416, 0.9927406020640122], [0.013184900029709448, 0.8824438071942657], [0.046526797676027014, 0.8833078733704693]]
0.1292, [[0.018305379250822807, 0.9141937907954654], [0.09454278196227041, 0.0], [0.06921790925471151, 0.02060809375000006], [0.06917502375626268, 0.021041968750000088], [0.018718953195633894, 0.8909179427567125], [0.09503266251811457, 0.0], [0.018787126350064614, 0.8908976721256712], [0.09525941342945318, 0.0], [0.008074033075489788, 0.4420806127103013], [0.0952222459974642, 0.0]]
0.3324, [[0.04462278013225193, 0.9987678526577243], [0.9968480929536543, 0.0], [0.1116950095947454, 0.998159245277538], [0.996375615617689, 0.0], [0.11236614299863133, 0.9892347597917106], [0.9943506743988333, 0.0], [0.22511607477703263, 0.09133104471399692], [0.22893688743890844, 0.09110458021167797], [0.2285924621107438, 0.09110492032346296], [0.2261329143785739, 0.09126404031394936]]
0.3301, [[0.11235189712615809, 0.9847350285925935], [0.22414928303818976, 0.09140241586395528], [0.996375615617689, 0.0], [0.22533695021536232, 0.09124174337019861], [0.22601822905482583, 0.09116342490189083], [0.2280134951381989, 0.09116122785111191], [0.11232710240693998, 0.9842428813955684], [0.9938926935265848, 0.0], [0.11238245920551243, 0.9817156465760788], [0.11320172010691412, 0.9684337080897358]]
0.3318, [[0.04437813561638812, 1.0], [0.9957305229822775, 0.0], [0.11236614299863133, 0.9892347597917106], [0.9951893216701715, 0.0], [0.11243628790011717, 0.9885018072668911], [0.989498385849076, 0.0], [0.11247552566651402, 0.9882554545546978], [0.227809240761282, 0.09112850576762993], [0.11210345699721318, 0.9842755376961795], [0.22631131377107094, 0.09115610595790224]]
0.3336, [[1.0, 0.0], [0.1162613785996941, 0.8800577341186553], [0.22601287337948167, 0.0912256463313117], [0.9964472925771793, 0.0], [0.11279825136576052, 0.9799333661696672], [0.22631131377107094, 0.09115610595790224], [0.9901617332906499, 0.0], [0.11243628790011717, 0.9885018072668911], [0.1121215477764439, 0.989127998808945], [0.11210345699721318, 0.9842755376961795]]
0.3037, [[0.9916315136397466, 0.0], [0.11651859300303431, 0.8791804100426313], [0.018305379250822807, 0.9141937907954654], [0.0951518053339201, 0.0], [0.018467456858753544, 0.911765187772799], [0.018718953195633894, 0.8909179427567125], [0.01873310048075437, 0.8905779125155235], [0.018843074672753597, 0.8897058915994279], [0.018787126350064614, 0.8908976721256712], [0.008491254752352842, 0.2134426538483037]]
0.1882, [[0.00360684294741353, 0.7992632203815737], [0.9341863231773199, 0.0], [0.06916900992774457, 0.020226375000000022], [0.06784345367626483, 0.026946062499999982], [0.004407766601202626, 0.2972216044752483], [0.0033409528570308134, 0.4584198051161667], [0.003059584552265417, 0.7210388900815583], [0.9330330489527134, 0.0], [0.004386471733007347, 0.27791640053658284], [0.0028087290331779784, 0.7667692592651771]]
0.3225, [[0.1116950095947454, 0.998159245277538], [0.11320172010691412, 0.9684337080897358], [0.11238245920551243, 0.9817156465760788], [0.11232710240693998, 0.9842428813955684], [0.11271080438386602, 0.9805293436558141], [0.9949101305171011, 0.0], [0.04481694792350471, 0.9998148778514525], [0.045252704022685886, 0.9476405064600237], [0.9947407366540363, 0.0], [0.9943112118031587, 0.0]]
0.2423, [[0.045252704022685886, 0.9476405064600237], [0.9334330439700931, 0.0], [0.04524309175579218, 0.9565800989738042], [0.9275472112479117, 0.0], [0.018305379250822807, 0.9141937907954654], [0.26735499346684866, 0.0], [0.01835003932162124, 0.9124775207744765], [0.26581422107388475, 0.0], [0.00807807515695278, 0.8931694830383534], [0.2561954281558537, 0.0]]
0.191, [[0.014073221371716665, 0.7030508507186278], [0.9973702341005023, 0.0], [0.002451596347819657, 0.7001156563659736], [0.9946250333973312, 0.0], [0.00261534994074724, 0.598353948508639], [0.937857418387164, 0.0], [0.003442300655663899, 0.5609888256628879], [0.017820871705703838, 0.0930472481864669], [0.06796930043205777, 0.013615531250000038], [0.06831070843465152, 0.012370218749999998]]
0.3338, [[0.9984743814202894, 0.0], [0.22893688743890844, 0.09110458021167797], [0.9973702341005023, 0.0], [0.0035503523942843882, 0.26652762571497807], [0.11320172010691412, 0.9684337080897358], [0.112810180435444, 0.9735131932923242], [0.11635898007892247, 0.8785152123637366], [0.11218824212058327, 0.9820871817739465], [0.11236614299863133, 0.9892347597917106], [0.11238245920551243, 0.9817156465760788]]
0.239, [[0.11602659281910589, 0.8811401718605885], [0.27477001832000625, 0.0], [0.045105020168257515, 0.9584534751076674], [0.26897148402847076, 0.0], [0.2679291587994299, 0.0], [0.046526797676027014, 0.8833078733704693], [0.04659674540280735, 0.8686929926140036], [0.046296201857930916, 0.8827829303159932], [0.046466905859227796, 0.8691827673447452], [0.018338060958261397, 0.9120459761353157]]
0.3355, [[0.1116950095947454, 0.998159245277538], [0.99773855166013, 0.0], [0.9968480929536543, 0.0], [0.11236614299863133, 0.9892347597917106], [0.11235189712615809, 0.9847350285925935], [0.11232710240693998, 0.9842428813955684], [0.11632279852046104, 0.8768152356038437], [0.22414928303818976, 0.09140241586395528], [0.22893688743890844, 0.09110458021167797], [0.22533695021536232, 0.09124174337019861]]
0.3217, [[0.9984743814202894, 0.0], [0.11279825136576052, 0.9799333661696672], [0.11660732162051464, 0.87973267134858], [0.99773855166013, 0.0], [0.045252704022685886, 0.9476405064600237], [0.996375615617689, 0.0], [0.01841071983724251, 0.9135481659634113], [0.9951893216701715, 0.0], [0.018467456858753544, 0.911765187772799], [0.9919874823599113, 0.0]]
0.1848, [[0.04476558391271888, 0.9941282855047098], [0.27519477877833265, 0.0], [0.04478135788915983, 0.9859669317103996], [0.04526744283192289, 0.9748809201048712], [0.04684814315233494, 0.8769350800403799], [0.046452167049990785, 0.8748906769988307], [0.044951223897958276, 0.9846397810491454], [0.27515728905092385, 0.0], [0.06329073901967282, 0.09160831965750982], [0.27515451887402176, 0.0]]
0.335, [[0.9952014020566025, 0.0], [0.04481694792350471, 0.9998148778514525], [0.11178117494105408, 0.9918659295679522], [0.9943506743988333, 0.0], [0.04466536986864249, 0.9899098660062604], [0.9925772736707723, 0.0], [0.9365645485860222, 0.0], [0.22601287337948167, 0.0912256463313117], [0.11660732162051464, 0.87973267134858], [0.1162613785996941, 0.8800577341186553]]
0.335, [[0.9965568214141529, 0.0], [0.11247552566651402, 0.9882554545546978], [0.9992520898534095, 0.0], [0.11247552566651402, 0.9882554545546978], [0.11232710240693998, 0.9842428813955684], [0.2285924621107438, 0.09110492032346296], [0.11210345699721318, 0.9842755376961795], [0.1121215477764439, 0.989127998808945], [0.04481694792350471, 0.9998148778514525], [0.11602659281910589, 0.8811401718605885]]
0.3331, [[1.0, 0.0], [0.11243628790011717, 0.9885018072668911], [0.22631131377107094, 0.09115610595790224], [0.999569938243059, 0.0], [0.11247552566651402, 0.9882554545546978], [0.9960757535811702, 0.0], [0.11279825136576052, 0.9799333661696672], [0.9930159259247311, 0.0], [0.11581487647906255, 0.8757353447742444], [0.04657742228166718, 0.8719060097463199]]
0.321, [[0.9938006141366782, 0.0], [0.04481694792350471, 0.9998148778514525], [0.9937241050226157, 0.0], [0.04466536986864249, 0.9899098660062604], [0.9916648018156897, 0.0], [0.11236614299863133, 0.9892347597917106], [0.9911241374096476, 0.0], [0.11235189712615809, 0.9847350285925935], [0.9866627164741887, 0.0], [0.11218824212058327, 0.9820871817739465]]
0.3338, [[0.9968480929536543, 0.0], [0.1121215477764439, 0.989127998808945], [0.1167436186356997, 0.8816548923765187], [0.11243628790011717, 0.9885018072668911], [0.11247552566651402, 0.9882554545546978], [0.2285924621107438, 0.09110492032346296], [0.11238245920551243, 0.9817156465760788], [0.11235189712615809, 0.9847350285925935], [0.2280134951381989, 0.09116122785111191], [0.11232710240693998, 0.9842428813955684]]
0.2386, [[0.04623700015260099, 0.8797649438678801], [0.9959989760140759, 0.0], [0.0070920537483644425, 0.8180402443406711], [0.2658001855109139, 0.0], [0.261660433148373, 0.0], [0.2605527317444419, 0.0], [0.2568497439401365, 0.0], [0.26475195057114853, 0.0], [0.0071731911396825665, 0.7713278834508657], [0.06918976256549969, 0.01302231250000008]]
0.3324, [[0.9976727806673393, 0.0], [0.1116950095947454, 0.998159245277538], [0.11236614299863133, 0.9892347597917106], [0.11235189712615809, 0.9847350285925935], [0.11210345699721318, 0.9842755376961795], [0.013852829344630807, 0.7666438674442418], [0.996375615617689, 0.0], [0.22414928303818976, 0.09140241586395528], [0.9947407366540363, 0.0], [0.22893688743890844, 0.09110458021167797]]
0.2046, [[0.99773855166013, 0.0], [0.0025609297220259724, 0.7220462113542448], [0.22318950908083224, 0.09129471875371627], [0.9916648018156897, 0.0], [0.0025558031796826647, 0.7203226843775646], [0.9346271230555327, 0.0], [0.002851515944274047, 0.6855453989091675], [0.26850627898737334, 0.0], [0.0030631336969646297, 0.6806230198194535], [0.0036641221993647193, 0.6769790162753373]]
0.1933, [[0.99773855166013, 0.0], [0.003598808078163922, 0.7453648684537343], [0.008642241283098534, 0.7180693298570011], [0.008933073973728499, 0.679750161562316], [0.00961155213539474, 0.30709178926089475], [0.06787593820899791, 0.029849406249999995], [0.026255561964412973, 0.06349634375000003], [0.06911138562005874, 0.01897609374999998], [0.003337206537626088, 0.46749330205131095], [0.06804043120707116, 0.018103406250000068]]
0.3256, [[0.9976727806673393, 0.0], [0.04437813561638812, 1.0], [0.9866627164741887, 0.0], [0.1116950095947454, 0.998159245277538], [0.27519477877833265, 0.0], [0.04485697438872362, 0.9913260539315728], [0.11218824212058327, 0.9820871817739465], [0.11238245920551243, 0.9817156465760788], [0.11651859300303431, 0.8791804100426313], [0.04502807273943152, 0.9761251740030359]]
0.1837, [[0.2754928498130017, 0.0], [0.04481694792350471, 0.9998148778514525], [0.2748481373086464, 0.0], [0.044951223897958276, 0.9846397810491454], [0.2588088130453219, 0.0], [0.04526744283192289, 0.9748809201048712], [0.25836964766710435, 0.0], [0.04524457056608352, 0.9619261726304169], [0.25637585901141235, 0.0], [0.04633534103697502, 0.8731649520019176]]
0.3198, [[0.9866627164741887, 0.0], [0.04462278013225193, 0.9987678526577243], [0.11235189712615809, 0.9847350285925935], [0.2751475010925364, 0.0], [0.04541754207649378, 0.9584045953243814], [0.04556078950004814, 0.9544233526758803], [0.045916098319380476, 0.9661057953272861], [0.04524309175579218, 0.9565800989738042], [0.2661390704852743, 0.0], [0.018399234410646444, 0.9146180784789353]]
0.2527, [[0.9949101305171011, 0.0], [0.04526744283192289, 0.9748809201048712], [0.2680698837860579, 0.0], [0.26445794246260257, 0.0], [0.006618834455136026, 0.9174647240164714], [0.06835783318926886, 0.011756031250000023], [0.006677148874291154, 0.8999367686665264], [0.006678479803553358, 0.8813164670389926], [0.04684814315233494, 0.8769350800403799], [0.04633534103697502, 0.8731649520019176]]
0.3232, [[0.9965568214141529, 0.0], [0.04478687878091416, 0.9927406020640122], [0.11602659281910589, 0.8811401718605885], [0.11607928775915392, 0.8725910593857349], [0.9951893216701715, 0.0], [0.04456599381706452, 0.9849957207701192], [0.11581487647906255, 0.8757353447742444], [0.9903770326221522, 0.0], [0.11235189712615809, 0.9847350285925935], [0.04526744283192289, 0.9748809201048712]]
0.3329, [[0.9984743814202894, 0.0], [0.11558423136729007, 0.8783743995119577], [0.11243628790011717, 0.9885018072668911], [0.22631131377107094, 0.09115610595790224], [0.227809240761282, 0.09112850576762993], [0.22533695021536232, 0.09124174337019861], [0.11247552566651402, 0.9882554545546978], [0.11235189712615809, 0.9847350285925935], [0.11232710240693998, 0.9842428813955684], [0.11320172010691412, 0.9684337080897358]]
0.3297, [[0.9973702341005023, 0.0], [0.11320172010691412, 0.9684337080897358], [0.22893688743890844, 0.09110458021167797], [0.9968480929536543, 0.0], [0.9938006141366782, 0.0], [0.9947407366540363, 0.0], [0.11238245920551243, 0.9817156465760788], [0.227809240761282, 0.09112850576762993], [0.11218824212058327, 0.9820871817739465], [0.22601822905482583, 0.09116342490189083]]
0.1901, [[0.9956639466303913, 0.0], [0.003894520842755305, 0.7569685312688372], [0.06957647145668479, 0.019863468750000005], [0.004307010326686076, 0.09209829706267096], [0.005265624451208267, 0.09073741467475324], [0.014836731125134891, 0.029237718750000034], [0.014732721467977395, 0.06799667618028303], [0.0055262894118949185, 0.08426946129147342], [0.003097146333665422, 0.6290160516511368], [0.9954040840956102, 0.0]]
0.3336, [[0.99773855166013, 0.0], [0.11247552566651402, 0.9882554545546978], [0.9952014020566025, 0.0], [0.9942497360588769, 0.0], [0.11279825136576052, 0.9799333661696672], [0.22511607477703263, 0.09133104471399692], [0.1167436186356997, 0.8816548923765187], [0.11602659281910589, 0.8811401718605885], [0.11660732162051464, 0.87973267134858], [0.11692472360271232, 0.8757837361085894]]
0.3322, [[0.1116950095947454, 0.998159245277538], [0.9965568214141529, 0.0], [0.11236614299863133, 0.9892347597917106], [0.9948513393031375, 0.0], [0.9946231542261088, 0.0], [0.9943506743988333, 0.0], [0.9940894695988933, 0.0], [0.1121215477764439, 0.989127998808945], [0.22318950908083224, 0.09129471875371627], [0.2280134951381989, 0.09116122785111191]]
0.3322, [[0.11238245920551243, 0.9817156465760788], [1.0, 0.0], [0.22318950908083224, 0.09129471875371627], [0.1167436186356997, 0.8816548923765187], [0.11279825136576052, 0.9799333661696672], [0.11632279852046104, 0.8768152356038437], [0.1160994488727925, 0.8779581014575903], [0.9992520898534095, 0.0], [0.11692472360271232, 0.8757837361085894], [0.11635898007892247, 0.8785152123637366]]
0.3241, [[0.9964472925771793, 0.0], [0.11178117494105408, 0.9918659295679522], [0.9321917171510572, 0.0], [0.04512759667203862, 0.9656126363431694], [0.04524309175579218, 0.9565800989738042], [0.018305379250822807, 0.9141937907954654], [0.01841071983724251, 0.9135481659634113], [0.018338060958261397, 0.9120459761353157], [0.1167436186356997, 0.8816548923765187], [0.2563686565514668, 0.0]]
0.3226, [[0.9957305229822775, 0.0], [0.11236614299863133, 0.9892347597917106], [0.04437813561638812, 1.0], [0.11271080438386602, 0.9805293436558141], [0.11320172010691412, 0.9684337080897358], [0.1116950095947454, 0.998159245277538], [0.2667341044838516, 0.0], [0.28342996067298054, 0.0], [0.11235189712615809, 0.9847350285925935], [0.044571711883524365, 0.9983692434328544]]
0.3255, [[0.11660732162051464, 0.87973267134858], [0.11235189712615809, 0.9847350285925935], [0.9919571471673179, 0.0], [0.99773855166013, 0.0], [0.1162613785996941, 0.8800577341186553], [0.11243628790011717, 0.9885018072668911], [0.1116950095947454, 0.998159245277538], [0.112810180435444, 0.9735131932923242], [0.11178117494105408, 0.9918659295679522], [0.11247552566651402, 0.9882554545546978]]
0.3224, [[0.99773855166013, 0.0], [0.1116950095947454, 0.998159245277538], [0.04437813561638812, 1.0], [0.1121215477764439, 0.989127998808945], [0.11247552566651402, 0.9882554545546978], [0.11271080438386602, 0.9805293436558141], [0.112810180435444, 0.9735131932923242], [0.11279825136576052, 0.9799333661696672], [0.04462278013225193, 0.9987678526577243], [0.04462278013225193, 0.9987678526577243]]
0.3333, [[0.11247552566651402, 0.9882554545546978], [0.2250747068019608, 0.09135643298846474], [0.22511607477703263, 0.09133104471399692], [0.9965761500324426, 0.0], [0.9899467024121795, 0.0], [0.9879781363300011, 0.0], [0.9404783253366121, 0.0], [0.11210345699721318, 0.9842755376961795], [0.1167436186356997, 0.8816548923765187], [0.11565521426127434, 0.8790936405772263]]
0.3353, [[0.9959989760140759, 0.0], [0.11178117494105408, 0.9918659295679522], [0.04481694792350471, 0.9998148778514525], [0.1121215477764439, 0.989127998808945], [0.11279825136576052, 0.9799333661696672], [0.1167436186356997, 0.8816548923765187], [0.11237353705008803, 0.9799973878701169], [0.2261329143785739, 0.09126404031394936], [0.04466536986864249, 0.9899098660062604], [0.11565521426127434, 0.8790936405772263]]
0.3348, [[1.0, 0.0], [0.11178117494105408, 0.9918659295679522], [0.227809240761282, 0.09112850576762993], [0.11243628790011717, 0.9885018072668911], [0.22631131377107094, 0.09115610595790224], [0.1167436186356997, 0.8816548923765187], [0.22601287337948167, 0.0912256463313117], [0.1162613785996941, 0.8800577341186553], [0.22492936485382908, 0.09130162326079201], [0.11692472360271232, 0.8757837361085894]]
0.3335, [[0.9984743814202894, 0.0], [0.11558423136729007, 0.8783743995119577], [0.11320172010691412, 0.9684337080897358], [0.11238245920551243, 0.9817156465760788], [0.11236614299863133, 0.9892347597917106], [0.22893688743890844, 0.09110458021167797], [0.04485697438872362, 0.9913260539315728], [0.22318950908083224, 0.09129471875371627], [0.9976727806673393, 0.0], [0.11235189712615809, 0.9847350285925935]]
0.3245, [[1.0, 0.0], [0.11178117494105408, 0.9918659295679522], [0.1121215477764439, 0.989127998808945], [0.11247552566651402, 0.9882554545546978], [0.112810180435444, 0.9735131932923242], [0.1167436186356997, 0.8816548923765187], [0.11243628790011717, 0.9885018072668911], [0.11243628790011717, 0.9885018072668911], [0.9964472925771793, 0.0], [0.044687897078747214, 0.9918542067933738]]
0.3356, [[0.9992520898534095, 0.0], [0.2261329143785739, 0.09126404031394936], [0.11320172010691412, 0.9684337080897358], [0.04481694792350471, 0.9998148778514525], [0.11238245920551243, 0.9817156465760788], [0.11558423136729007, 0.8783743995119577], [0.11178117494105408, 0.9918659295679522], [0.1167436186356997, 0.8816548923765187], [0.1162613785996941, 0.8800577341186553], [0.11243628790011717, 0.9885018072668911]]
0.336, [[1.0, 0.0], [0.1116950095947454, 0.998159245277538], [0.1167436186356997, 0.8816548923765187], [0.11243628790011717, 0.9885018072668911], [0.11235189712615809, 0.9847350285925935], [0.11232710240693998, 0.9842428813955684], [0.22414928303818976, 0.09140241586395528], [0.227809240761282, 0.09112850576762993], [0.11218824212058327, 0.9820871817739465], [0.01803638365882828, 0.09272577357593056]]
0.3345, [[1.0, 0.0], [1.0, 0.0], [0.11178117494105408, 0.9918659295679522], [0.11236614299863133, 0.9892347597917106], [0.11243628790011717, 0.9885018072668911], [0.11247552566651402, 0.9882554545546978], [0.11279825136576052, 0.9799333661696672], [0.112810180435444, 0.9735131932923242], [0.1167436186356997, 0.8816548923765187], [0.22631131377107094, 0.09115610595790224]]
0.3336, [[0.11635898007892247, 0.8785152123637366], [0.99773855166013, 0.0], [0.2280134951381989, 0.09116122785111191], [0.22533695021536232, 0.09124174337019861], [0.1121215477764439, 0.989127998808945], [0.22511607477703263, 0.09133104471399692], [0.1162613785996941, 0.8800577341186553], [0.11232710240693998, 0.9842428813955684], [0.22601287337948167, 0.0912256463313117], [0.11271080438386602, 0.9805293436558141]]
0.3349, [[0.999569938243059, 0.0], [0.1160994488727925, 0.8779581014575903], [0.2261329143785739, 0.09126404031394936], [0.2250747068019608, 0.09135643298846474], [0.27519477877833265, 0.0], [0.11565521426127434, 0.8790936405772263], [0.11243628790011717, 0.9885018072668911], [0.11279825136576052, 0.9799333661696672], [0.11238245920551243, 0.9817156465760788], [0.04481694792350471, 0.9998148778514525]]
