0.5521, [[0.6253265044989618, 0.6612179316949762], [0.0, 0.0], [0.0, 0.0016002419110974215], [0.0, 0.0], [0.0, 0.0], [0.0, 0.0], [0.0, 0.0], [0.0, 0.0], [0.0, 0.0], [0.0, 0.0]]
1.1140, [[0.9828028628919502, 0.8824808871483915], [0.944900957311035, 0.930529496041772], [0.9377395432745381, 0.8889154319521644], [0.8520948774503108, 0.8296985587838975], [0.8514615551205524, 0.8622510360451408], [0.8028418870360364, 0.864933794761664], [0.7990906701597763, 0.8886106029981471], [0.7967035321476109, 0.8721454407950144], [0.8478077724488704, 0.8604223555667846], [0.7884703418607537, 0.888371607714334]]
1.1614, [[0.9670672388525727, 0.9808363904328787], [0.9746671068096711, 0.964082821037561], [0.8182364913593904, 0.8594923266801415], [0.8781098100726867, 0.8524828735893548], [0.7950958677720706, 0.882126646286003], [0.8161903730632485, 0.8564405181910058], [0.8735791195598009, 0.8312694762506316], [0.6937767244372204, 0.8475142642748862], [0.8023547160131456, 0.7480443632092527], [0.7888600786790666, 0.7887719468738709]]
1.1123, [[0.9437804639583857, 0.9436823009095504], [0.9663364823182363, 0.9162919751558026], [0.9162065840627582, 0.8615947520633317], [0.8813251388237672, 0.9020392054909888], [0.8784508297887104, 0.9110387708438604], [0.9158655643467346, 0.8329116524338892], [0.8755278036513647, 0.8999156664140139], [0.8644203043294516, 0.8718652444837461], [0.8641280017157169, 0.8454461486440964], [0.8167749782907175, 0.8492395756274213]]
0.9882, [[0.8903865198495384, 0.8728158005726798], [0.8889250067808656, 0.8977922739599123], [0.8251056027821524, 0.8294727595586996], [0.8520948774503108, 0.8075457040115652], [0.8581357981341582, 0.7562876866642573], [0.5956647425257158, 0.8578825541519286], [0.6295095734951901, 0.783501326346223], [0.8107340576068696, 0.6676395374051324], [0.6922556084385938, 0.7251381369714495], [0.2956507990662233, 0.23336839431508852]]
1.1364, [[0.9682851664098, 0.963765235893549], [0.9642416469198052, 0.9201128206164729], [0.946167601970551, 0.9579965055583629], [0.8204774780646884, 0.8547678444500589], [0.9291653332716574, 0.8375220620683849], [0.7964599466361654, 0.8881544592386729], [0.9053426702522906, 0.850974124220987], [0.9088503016171053, 0.7591671760028911], [0.8377720493773169, 0.8001798041199852], [0.8364079705132226, 0.8500216620346975]]
0.8827, [[0.8391361282414115, 0.833692712481051], [0.7701039942977653, 0.8403826743304699], [0.7797499805510061, 0.7905315222262375], [0.6325518054924467, 0.606469177718833], [0.49413024961729973, 0.632246306366048], [0.5340595445812839, 0.2657825461143027], [0.35082434338573143, 0.6075765450928383], [0.2794469447111255, 0.6275645954907163], [0.3204593139781002, 0.16160527366192914], [0.3186348057733503, 0.6005251511936339]]
1.0737, [[0.9691133571487145, 0.904258049435742], [0.8981325391135047, 0.8956687348829374], [0.9031504006492814, 0.8400973462186289], [0.836651556024668, 0.887589667929931], [0.8575024758043999, 0.8626406130200438], [0.770445014013789, 0.8820908703048678], [0.7806268883922098, 0.8451819342260402], [0.7965086637384542, 0.8448083391443489], [0.7967522492498997, 0.7576507665341522], [0.7538608063830257, 0.596269478779841]]
1.1375, [[0.9669210875457053, 0.9661741030823647], [0.9666287849319706, 0.9499914831564764], [0.9411984575370635, 0.9337040278760318], [0.8884865528602639, 0.8621571974060973], [0.8684638238194461, 0.8945126135253494], [0.8728483630254645, 0.8829276470439616], [0.8436181016520081, 0.8447540886811521], [0.8475154698351356, 0.8323486205996294], [0.7790192240166697, 0.8754919612598957], [0.8542384299510307, 0.8323006749199933]]
0.9869, [[0.8673433304667972, 0.9056795581943743], [0.8817635927443688, 0.8749993084049184], [0.8538974102350071, 0.8594443810005054], [0.7861806380531664, 0.8401708042782552], [0.7798961318578734, 0.8478724639548595], [0.8463462593801976, 0.771209966389592], [0.6496643604770114, 0.8355784292572007], [0.8272978723851616, 0.7468933780267445], [0.7713219218549927, 0.624087822281167], [0.6348334794903866, 0.6777309215757137]]
1.1623, [[0.9770055277195477, 0.9489104327101229], [0.9870899678933901, 0.9337178104261411], [0.952793127881868, 0.9700187014485432], [0.9779311526630408, 0.9283291265790803], [0.9190321759955258, 0.8687046418224693], [0.8622280347264424, 0.8907206527707595], [0.897791519397481, 0.8874780879231935], [0.9042221768996414, 0.8509739775981136], [0.8949659274647135, 0.8730179935152435], [0.8602306335325893, 0.8715349031497388]]
0.9810, [[0.8753329352422085, 0.8997134734714503], [0.8787918495047343, 0.8941519212565269], [0.8564794166563292, 0.9023619224355736], [0.8649561924546314, 0.8672980885969345], [0.8529230681892253, 0.8634454259727136], [0.8583306665433148, 0.8285930223176687], [0.8033777751612167, 0.8600354178036045], [0.8427899109130936, 0.856820564679131], [0.85321537080296, 0.7874210252981567], [0.7704937311160782, 0.8560195639211723]]
0.9647, [[0.8771841851291942, 0.8871747251979113], [0.8659792516027025, 0.8826748692100387], [0.8648100411477639, 0.8693609258042784], [0.8581845152364475, 0.8317108110998821], [0.5511720995658485, 0.86332856754253], [0.7934882033965305, 0.8492288721576553], [0.6032703225188556, 0.853484014569648], [0.7906138943614741, 0.6496270245753529], [0.7701527114000546, 0.7506225970365022], [0.512383641600836, 0.8262269690079166]]
0.7339, [[0.7891523812928013, 0.7254231814239253], [0.23626118985781125, 0.18479201693377642], [0.0, 0.0], [0.0, 0.0], [0.0, 0.0], [0.0, 0.0], [0.0, 0.0], [0.0, 0.0], [0.0, 0.0], [0.0, 0.0]]
0.9388, [[0.3714152216964858, 0.8698219081185784], [0.8711919815476356, 0.8506486214418056], [0.8615459952943948, 0.8640011266632981], [0.3433959885521052, 0.8505515570995452], [0.8119032680618081, 0.840670348408287], [0.7314243454032645, 0.849001166835102], [0.790760045668341, 0.6766454560896278], [0.7960214927155633, 0.6725926913624863], [0.6409179434848998, 0.7841862435851108], [0.7743910992992057, 0.61856900265252]]
0.9880, [[0.8827379347901507, 0.8873769181404749], [0.8673433304667972, 0.9056795581943743], [0.8746508958101613, 0.8806019150244232], [0.8744560274010047, 0.8794896339060132], [0.780237151573897, 0.8391561739935994], [0.8155083336312009, 0.7248287759306109], [0.7685937641268032, 0.8301008919487957], [0.7726860007190874, 0.7844462959884355], [0.7880806050424409, 0.6228313275862072], [0.23696010752579508, 0.6476756183592346]]
0.8672, [[0.8006496174330272, 0.7446420672208165], [0.8213543859058922, 0.7054653415251173], [0.7965086637384542, 0.8448083391443489], [0.6051717175171406, 0.6396936982291294], [0.6063125545161122, 0.5882728726790455], [0.42986309867526956, 0.790380219009758], [0.48842606462244487, 0.7781631597397908], [0.6002280905216024, 0.6009572877984085], [0.3981312346946161, 0.7841085655945066], [0.25189487453639603, 0.7357361167329235]]
0.8847, [[0.7829165921997971, 0.8276995025265286], [0.8540922786441634, 0.8222653455005422], [0.2863073733994926, 0.2510581433323248], [0.28187476397885863, 0.26473139401270007], [0.0, 0.05472348351980646], [0.0, 0.0], [0.0, 0.006914786815844835], [0.0, 0.0], [0.0, 0.0], [0.0, 0.0]]
1.1051, [[0.9767619422081022, 0.9262887226713828], [0.2487681376006791, 0.16812642273964268], [0.0, 0.0], [0.0, 0.0], [0.0, 0.03245290595706079], [0.0, 0.0], [0.0, 0.0], [0.0, 0.0], [0.0, 0.0], [0.0, 0.0]]
1.1377, [[0.9985872040336164, 0.9355793344281623], [0.9479701347552479, 0.8647653250800067], [0.9562520421443939, 0.8384940250968502], [0.9395420760592346, 0.9253257036382011], [0.9415394772530872, 0.8841443236483073], [0.9395420760592346, 0.9253257036382011], [0.936229313103576, 0.8777634428162373], [0.9270217807709374, 0.9118478358598618], [0.9356934249783958, 0.884424959828196], [0.8755278036513647, 0.8635229894727978]]
0.1323, [[0.28349331015734747, 0.24509914726338067], [0.0, 0.0], [0.0, 0.0], [0.0, 0.0], [0.0, 0.0], [0.0, 0.0], [0.0, 0.0], [0.0, 0.0], [0.0, 0.0], [0.0, 0.0]]
0.6331, [[0.7912959337935213, 0.6015981472148542], [0.2790423081665032, 0.6222120888594164], [0.2744441656139782, 0.2040206108255214], [0.25704479419522397, 0.19309193831266994], [0.0, 0.0], [0.0, 0.0], [0.0, 0.0], [0.0, 0.0], [0.0, 0.0], [0.0, 0.0]]
0.9453, [[0.8675869159782428, 0.8769617089439111], [0.8052290250482024, 0.8684417470102744], [0.8473206014259794, 0.8540210941552971], [0.8630562254653569, 0.8495482167761497], [0.5933830685277759, 0.8519129504800405], [0.8280773460217873, 0.7928247116010123], [0.8558948114288601, 0.7561019349475965], [0.6960583984351636, 0.84045671888159], [0.8240338265317924, 0.8376138479871988], [0.7938292231125541, 0.7918243541741963]]
1.0646, [[0.9348165171371925, 0.8580453055415194], [0.8515589893251305, 0.9201208848745157], [0.9496752333353662, 0.8528170271180732], [0.8072751433443441, 0.8854935473303016], [0.8051803079459131, 0.9005033308910223], [0.8389899769345441, 0.8417890809331313], [0.8546281667693435, 0.8269077390096009], [0.3789738985447375, 0.8695076953006569], [0.7819909672563041, 0.8414789735556677], [0.8390874111391227, 0.7640055016263101]]
0.7763, [[0.7143117904187, 0.8532744904834091], [0.2858843442846604, 0.25407051708497097], [0.22029643891544462, 0.028206930752948466], [0.216139718047962, 0.0], [0.0, 0.0], [0.0, 0.0], [0.0, 0.0], [0.0, 0.0], [0.0, 0.0], [0.0, 0.0]]
1.0123, [[0.8840532965519562, 0.9140723980966817], [0.7911497824866539, 0.9302514990736063], [0.7994804069780892, 0.8802476741620348], [0.8499513249495904, 0.8273222418729999], [0.7947061309537579, 0.8698022606535288], [0.6549882664722079, 0.870659711217787], [0.8156544849380682, 0.8045331488977235], [0.7029034204289901, 0.7782874445247558], [0.6861711444440804, 0.5874745702917773], [0.6302701314945034, 0.7203443917600292]]
0.9674, [[0.8862942832572547, 0.8700855360451407], [0.8790354350161799, 0.8809225792487788], [0.8117571167549408, 0.8584715382347988], [0.8503897788701924, 0.680030865558367], [0.28432097581680194, 0.28652211672210454], [0.2651927027982982, 0.21337995766555792], [0.2528880733277414, 0.1852217961898999], [0.23651868584075258, 0.20724547928636183], [0.23927757137226754, 0.10435231932264839], [0.23909364567016655, 0.0]]
0.8892, [[0.851802574836576, 0.8342083851271687], [0.3367495658062284, 0.5836138912466845], [0.2945840299940375, 0.7261945576436577], [0.29276316554323767, 0.6350198527851462], [0.27994354410679817, 0.6303902533156501], [0.28570041858255946, 0.6120803010610083], [0.26559733934292035, 0.10800348351980617], [0.24985329924307492, 0.593261985411141], [0.2639604005942214, 0.3433785533230302], [0.259435828322537, 0.17928195947989092]]
0.9040, [[0.8229620502814324, 0.8794765844702711], [0.305993570354723, 0.6157422360742709], [0.2939586826068942, 0.626226330238727], [0.24100647297201702, 0.6942074365739066], [0.7203962544132096, 0.585756557029178], [0.2394063193637382, 0.6308567612732098], [0.31146709496897385, 0.5348953075734213], [0.3276270247824766, 0.2719104928938611], [0.3535611056928575, 0.22156274569095835], [0.2563826616676603, 0.03397868763229492]]
1.0425, [[0.8706073763201665, 0.8961304503116052], [0.9499675359491004, 0.8529768460501937], [0.8346054377285257, 0.833675850850598], [0.833095207557564, 0.7113195601734735], [0.7565227593806239, 0.8203578442356341], [0.38275323696886276, 0.8332999098029307], [0.40021638692861694, 0.82876750353714], [0.787447282712683, 0.6118568872679047], [0.34743597100548146, 0.7300048319479588], [0.33153668522122737, 0.8078699251897362]]
0.9854, [[0.866222837114148, 0.8996123036887317], [0.886927605587013, 0.8456083135421931], [0.3899209477732392, 0.8535887033013306], [0.813462215335059, 0.8293749621020717], [0.2916044336200013, 0.6164770623342174], [0.6032703225188556, 0.5823141551724142], [0.6002280905216024, 0.60353125862069], [0.2737636405162046, 0.6758848872425014], [0.34078954825960467, 0.586816802387268], [0.5363412185792271, 0.3651726074188526]]
1.1069, [[0.9814875011301443, 0.9227851691089777], [0.9335498724776758, 0.9235776657402729], [0.9573725354970427, 0.8570346340744485], [0.9464111874819965, 0.9078680512043118], [0.9455342796407932, 0.9085614307731178], [0.9471906611186223, 0.8699518159845039], [0.8058623473779603, 0.9149376196732355], [0.9290678990670793, 0.8871838158160689], [0.9297986556014157, 0.8452439557015328], [0.9259012874182883, 0.8569589766717196]]
0.9875, [[0.8799123428573832, 0.8597713500084216], [0.8780123758681087, 0.8845456304530909], [0.8772816193337722, 0.8929384703553983], [0.7807730396990767, 0.9095418979282466], [0.8645664556363185, 0.855379408455449], [0.7781423161754659, 0.8640590426983326], [0.7813576449265462, 0.44912717156104986], [0.39539447238749004, 0.8490851817416203], [0.7764859346976368, 0.8398784382684856], [0.7029034204289901, 0.7782874445247558]]
0.9945, [[0.8920429013273679, 0.9024437379989894], [0.8363105363086439, 0.7955265547524396], [0.5481298675685918, 0.4812902225656872], [0.21430046102695205, 0.10982579981856623], [0.0, 0.0], [0.0, 0.0], [0.0, 0.0], [0.0, 0.03810970668279387], [0.0, 0.0], [0.0, 0.0]]
0.9329, [[0.7127906744200698, 0.8609198469765876], [0.87094839603619, 0.8490392887822134], [0.3784526104862367, 0.8645854188142158], [0.4553417916522873, 0.8549502433046993], [0.8528256339846472, 0.8405587684015495], [0.8588665546684946, 0.7775302529815686], [0.37180618774036106, 0.8597678310594575], [0.8458590883573066, 0.779915980484279], [0.8329003391484074, 0.8333826051035876], [0.6344532004907317, 0.8267505592892033]]
1.0649, [[0.944900957311035, 0.9191103600303185], [0.871435567059081, 0.8524638126157993], [0.8012829397627855, 0.8282019791140307], [0.7825268553814844, 0.850061543456291], [0.817505734825054, 0.6424225598120711], [0.7724911323099308, 0.7335949060354179], [0.4427925846636059, 0.8410176979956206], [0.7751218558335421, 0.6041613076923078], [0.7695193890702963, 0.5939679840848809], [0.6253265044989618, 0.6612179316949762]]
0.2359, [[0.27378203308641474, 0.5312414281298313], [0.0, 0.0], [0.0, 0.0016002419110974215], [0.0, 0.0], [0.0, 0.0], [0.0, 0.0], [0.0, 0.0], [0.0, 0.0], [0.0, 0.0], [0.0, 0.0]]
0.4542, [[0.5629607485552166, 0.5851115397877984], [0.2519684448172364, 0.18680200786211043], [0.242496271159035, 0.10217816752343509], [0.0, 0.0], [0.0, 0.0], [0.0, 0.0], [0.0, 0.0], [0.0, 0.0], [0.0, 0.0], [0.0, 0.0]]
0.8405, [[0.7873498485081044, 0.8459596219471113], [0.7886164931676211, 0.733179497650886], [0.34613275085923123, 0.6961838348391762], [0.5492707045675636, 0.26353524039915327], [0.28330938445524645, 0.5828319429708226], [0.23600369387486975, 0.07464703961294211], [0.253366280153204, 0.07139430299364986], [0.23421961456449011, 0.0], [0.0, 0.008368285455095421], [0.0, 0.000304807983066286]]
1.0546, [[0.9464111874819965, 0.9078680512043118], [0.7807243225967879, 0.8839309873673573], [0.6728613794560858, 0.8330480117062491], [0.34365663258135504, 0.8274565484251306], [0.329581855001852, 0.7379219078424292], [0.32058963599272566, 0.37970791808346416], [0.29278155811344786, 0.6292099854111408], [0.29331494264954067, 0.6269910928381963], [0.28958125089689035, 0.6327261193633953], [0.28570041858255946, 0.6651707282255154]]
0.9245, [[0.8167749782907175, 0.8492395756274213], [0.7796038292441387, 0.8810184706080513], [0.8475641869374249, 0.7557756873870622], [0.3768887463107366, 0.8353587881926898], [0.5428059615733953, 0.7264134069389228], [0.39539447238749004, 0.7418530896277562], [0.7759987636747459, 0.24836494708194667], [0.5568762845607034, 0.6843457090711963], [0.4869049486238183, 0.7208577419588003], [0.5074400146052944, 0.6051597400530507]]
1.1362, [[0.9910360531788068, 0.9413901455280445], [0.94300099032176, 0.8997388392285667], [0.9461188848682622, 0.8531300669530065], [0.4591445816488572, 0.8632238788108472], [0.9274115175892499, 0.8584948512716861], [0.7992855385689325, 0.8625878287855818], [0.936131878898998, 0.787596645103], [0.8510718183022395, 0.81100811601012], [0.799041953057487, 0.8436028058783898], [0.6093547865133688, 0.8501325089270676]]
1.1708, [[0.9737901989684677, 0.9903668772107126], [0.9437804639583857, 0.9047534881253159], [0.8825430663809946, 0.8586590688900118], [0.8734816853552229, 0.8599871788782214], [0.7913446508958105, 0.8823329446690248], [0.8049854395367568, 0.8514226435910393], [0.8049854395367568, 0.8514226435910393], [0.8472718843236902, 0.851075147380832], [0.7314243454032645, 0.849001166835102], [0.6093547865133688, 0.8501325089270676]]
0.3980, [[0.33101539716272776, 0.823356890133719], [0.2794653372813355, 0.19861418808587822], [0.2890110812203774, 0.14635529482915036], [0.0, 0.0], [0.0, 0.0012057332930143422], [0.0, 0.0], [0.0, 0.0], [0.0, 0.0], [0.0, 0.0], [0.0, 0.0]]
1.1377, [[0.9985872040336164, 0.9355793344281623], [0.9381292800928506, 0.7461294318756777], [0.885953263541231, 0.9059829209196565], [0.8178467545410775, 0.9024801004716189], [0.8690971461492044, 0.8926013843692102], [0.860669087453191, 0.8922340940710797], [0.3916151339633648, 0.8576731766885634], [0.8049854395367568, 0.8514226435910393], [0.8344105693193695, 0.7450919241055297], [0.8329490562506967, 0.8423430221492336]]
1.1561, [[0.9812439156186987, 0.9545760871652349], [0.9783696065836425, 0.9693159380158329], [0.9526469765750006, 0.9383185429509853], [0.9061221438889159, 0.8560425837123126], [0.7740013624808929, 0.849515813121105], [0.87202017228655, 0.8494573105945765], [0.7976291570911035, 0.8470458041940373], [0.8436181016520081, 0.8447540886811521], [0.8420591543787572, 0.7870211525117459], [0.6835091914464821, 0.801944107697868]]
0.4304, [[0.2943633191515163, 0.6269910928381963], [0.7276215554066946, 0.23179035984275773], [0.0, 0.0], [0.0, 0.0], [0.0, 0.0], [0.0, 0.0], [0.0, 0.0], [0.0, 0.0], [0.0, 0.0], [0.0, 0.0]]
0.9486, [[0.8788405666070231, 0.8690744247094492], [0.0, 0.0], [0.0, 0.0], [0.0, 0.0], [0.0, 0.0], [0.0, 0.0], [0.0, 0.0], [0.0, 0.0], [0.0, 0.0], [0.0, 0.0]]
1.1486, [[0.9791003631179789, 0.9644004061815733], [0.9596135222023412, 0.9372380789961259], [0.790760045668341, 0.8912917488630621], [0.8825430663809946, 0.8885903690416035], [0.8166775440861395, 0.8309062913929594], [0.7892498154973794, 0.8843314144348997], [0.8569665876792201, 0.7857289960245757], [0.8037187948772403, 0.8363476128516086], [0.8295388590904601, 0.706365730755331], [0.7928548810667722, 0.8352181768569984]]
1.1591, [[0.9925462833497689, 0.9609376137780025], [0.9492854965170534, 0.9246073981808994], [0.8528256339846472, 0.7921573563426101], [0.8515589893251305, 0.9201208848745157], [0.7794089608349825, 0.8492649413845377], [0.8317311286934693, 0.8492178754421426], [0.7975317228865254, 0.8266379529223514], [0.3712848996818603, 0.8456291339902309], [0.7992368214666437, 0.7131203386338998], [0.7695193890702963, 0.3078779953632116]]
1.1008, [[0.9517700687337969, 0.9466256084722924], [0.8716791525705264, 0.9130611401381168], [0.8679279356942663, 0.9017282183762844], [0.7952907361812269, 0.8523132309247095], [0.833095207557564, 0.7113195601734735], [0.7773628425388401, 0.8528934176351692], [0.8170672809044518, 0.809035770509577], [0.5443270775720219, 0.8331459557857503], [0.7992368214666437, 0.6915055934224794], [0.5831155355370379, 0.7847462005782438]]
1.1780, [[0.9793926657317136, 0.9913095156644769], [0.972426120104373, 0.9163764299309416], [0.9646801008404068, 0.949597800741115], [0.9592237853840284, 0.8648151768569986], [0.9490906281078968, 0.917258073269328], [0.8679279356942663, 0.9181171366851947], [0.877720073254374, 0.9098253199427322], [0.8630075083630676, 0.855521046151255], [0.8571614560883764, 0.8617532513895906], [0.8698766197858301, 0.8488571831733198]]
1.0563, [[0.9487496083918732, 0.9072432911403066], [0.81394938635795, 0.8703425659423951], [0.8285157999423889, 0.8654875893548931], [0.8535076734166943, 0.8095018384531986], [0.8475154698351356, 0.8323486205996294], [0.41731389168658817, 0.8503420330133065], [0.8246184317592614, 0.8334587023749369], [0.8167749782907175, 0.8492395756274213], [0.8370900099452696, 0.7888219309721721], [0.4907077386203882, 0.7968862573183954]]
1.0854, [[0.9506982924834368, 0.9167484121610242], [0.9688697716372691, 0.8379263013306384], [0.9519162200406642, 0.9136489512379992], [0.861984449214997, 0.8906532062489474], [0.7961189269201414, 0.9056358645780697], [0.8601819164303001, 0.8570783276907529], [0.3634655788043587, 0.8602914213407445], [0.8570640218837983, 0.8425440421088092], [0.7913446508958105, 0.8455143282802763], [0.6336926424914149, 0.846676461175678]]
1.0189, [[0.8583793836456037, 0.8736078573353546], [0.947482963732357, 0.8629139180562573], [0.8131211956190355, 0.7982283979038668], [0.6382559904873016, 0.8401831205996295], [0.7764372175953476, 0.7210394409107332], [0.7432129943926292, 0.33950187635239276], [0.7371285303981194, 0.6778714174195885], [0.7443538313916008, 0.2803911218627154], [0.7097484424228133, 0.5953688938992043], [0.29520937738118097, 0.6684480639681967]]
0.9272, [[0.8619357321127077, 0.8638666734882937], [0.3482179030932309, 0.577991403183024], [0.0, 0.103180114907771], [0.0, 0.05467035984275731], [0.0, 0.0], [0.0, 0.03987410946477137], [0.0, 0.0], [0.0, 0.0], [0.0, 0.0], [0.0, 0.0]]
1.1249, [[0.97150049516088, 0.91123451237999], [0.9666287849319706, 0.9499914831564764], [0.9528418449841574, 0.9413529033181741], [0.8679279356942663, 0.8712720083375443], [0.8837122768359326, 0.8511604818932121], [0.8607665216577696, 0.8534615812700018], [0.8617895808058402, 0.8258871662450307], [0.8500000420518796, 0.8500122781707933], [0.8585255349524711, 0.7855425688471275], [0.8358233652857531, 0.8298636561394646]]
0.6776, [[0.8077135972649458, 0.6464753245392125], [0.314594823319974, 0.5812805198938996], [0.3341431255137279, 0.20813203507710892], [0.2976529614187206, 0.6220208289124671], [0.20507286414807427, 0.12537710311460512], [0.1551902755715102, 0.15706319927426643], [0.2359485161642396, 0.04327663743574193], [0.0, 0.13995650438463808], [0.2318469730073873, 0.0], [0.21937681040493964, 0.04101060780163287]]
0.6420, [[0.7565227593806239, 0.2090351375869367], [0.47169378863753864, 0.827483673656729], [0.4008679970017421, 0.8749537086912582], [0.40021638692861694, 0.82876750353714], [0.3875751515099885, 0.8607103228903488], [0.34913015719560586, 0.8294067792656225], [0.2952645550918113, 0.6469866483556203], [0.2920274627348337, 0.2801873359540362], [0.26453057027073457, 0.12861459933474387], [0.26291202409224573, 0.20467115814937953]]
0.8642, [[0.8046444198207329, 0.8437440037055752], [0.8172621493136085, 0.7315827083483923], [0.35421271576598257, 0.829186405086744], [0.6127772975102804, 0.6958001731116739], [0.28016425494931935, 0.7946727723165892], [0.387705473524614, 0.6800146544994585], [0.27861927905167105, 0.6340641074270559], [0.28349331015734747, 0.6270088328912466], [0.24102486554222702, 0.6154575636604777], [0.2804217509322607, 0.25346046567886293]]
1.1460, [[0.9688697716372691, 0.8379263013306384], [0.9581032920313791, 0.9735052467576217], [0.9640954956129377, 0.8458071341586659], [0.874602178707872, 0.920656791477177], [0.8260312277256454, 0.9419813289540172], [0.8731893827414885, 0.8868713624726293], [0.8726047775140191, 0.9096231270001686], [0.8705586592178772, 0.8536032189658077], [0.8473206014259794, 0.8540210941552971], [0.8019649791948327, 0.8674318086575711]]
0.4782, [[0.4009983190163664, 0.8545311951322216], [0.2914572930583205, 0.5901741074270558], [0.29447367457277696, 0.5850721790450932], [0.29830457149184575, 0.20114191714544905], [0.24762779824765294, 0.6887037820744486], [0.29331494264954067, 0.5786325397877987], [0.23892811253827573, 0.6451743870617995], [0.2931310169474397, 0.28257136982159015], [0.25744943073984616, 0.23560350771091584], [0.23214125413074882, 0.2636306017538552]]
1.0547, [[0.9316011883861122, 0.9036571889001179], [0.9388113195248982, 0.9016817389253831], [0.8721663235934174, 0.9160947673909381], [0.883371257119909, 0.8723102449048341], [0.839379713752857, 0.8361740113693785], [0.2562906988166098, 0.0799419897187781], [0.24457463159277631, 0.6496770086736542], [0.22864666579082984, 0.24010769882068295], [0.22627402423372706, 0.1050712307227092], [0.2186227150263255, 0.19314244934986388]]
1.1037, [[0.9706235873196767, 0.9225318047835608], [0.949139345210186, 0.9252424218460503], [0.935644707876107, 0.9311615872494525], [0.9616109233961943, 0.9073189485430353], [0.9595160879977631, 0.8750686610240862], [0.7964112295338761, 0.9066723416708776], [0.9482624373689822, 0.9011132820448038], [0.9412958917416416, 0.8936598548930437], [0.8948197761578461, 0.8949608396496547], [0.9152322420169763, 0.8899049897254506]]
1.1065, [[0.9785157578905098, 0.9259507569479535], [0.9470445098117548, 0.8762357790971871], [0.7732706059465565, 0.7670646635345139], [0.8277363263057637, 0.7536479859053131], [0.8024521502177236, 0.7333118879653052], [0.29331494264954067, 0.6269910928381963], [0.28803627499924206, 0.6063452745358093], [0.293020661526179, 0.3985833245749585], [0.2431216185461785, 0.5967318289124671], [0.26079687851808425, 0.23972973692168062]]
0.9618, [[0.8308542208522656, 0.8984072102913929], [0.8640305675111387, 0.8760077805288867], [0.7874959998149719, 0.7264856812432245], [0.6618332884660344, 0.8309702189658076], [0.7940240915217107, 0.7224464257318397], [0.5070597356056395, 0.8295547217449891], [0.3538217497221073, 0.6361208448275864], [0.33831342998172964, 0.6316021206896554], [0.2790239155962932, 0.6285203408488067], [0.3123793490713488, 0.2137265678863015]]
0.2699, [[0.2905192719776055, 0.5912432228116711], [0.0, 0.0], [0.0, 0.04386143332325341], [0.0, 0.0], [0.0, 0.0], [0.0, 0.0], [0.0, 0.0], [0.0, 0.0], [0.0, 0.0], [0.0, 0.0]]
0.8364, [[0.7607058283768522, 0.8553691448543035], [0.7759013294701673, 0.8306187639380158], [0.3796255086178626, 0.8381933015832912], [0.7017625834300185, 0.5939571737400531], [0.3861416093491139, 0.79344613552584], [0.36437783290673487, 0.8289768810005053], [0.29388511232605385, 0.7280581539573544], [0.2587553032247633, 0.25282777139401197], [0.25051543177063856, 0.5993191047745359], [0.2224115844896061, 0.11858598125188952]]
0.9517, [[0.9000325061027791, 0.8482058843692101], [0.9038324400813285, 0.8199735070473444], [0.4728346256365103, 0.5926033859416449], [0.292450491849666, 0.5770971936339524], [0.0, 0.0854947202902934], [0.0, 0.0], [0.0, 0.0], [0.0, 0.0], [0.0, 0.032661481705473394], [0.0, 0.0]]
1.1053, [[0.964631383738118, 0.938203150749537], [0.8845891846771363, 0.903742523412498], [0.8810815533123216, 0.8943541141990905], [0.3918757779926146, 0.8435344796193365], [0.836164385001777, 0.8397472107966986], [0.8340695496033459, 0.6631362403324904], [0.8293927077835928, 0.8269311986693616], [0.7978240255002597, 0.7929753393567045], [0.3742823060182361, 0.792672057462957], [0.7791166582212478, 0.6265855663129976]]
0.9603, [[0.8718253038773938, 0.888185836533603], [0.789103664190512, 0.8318722428836113], [0.8083469195947042, 0.6658380834839176], [0.7837935000410009, 0.8618198181741622], [0.7763397833907695, 0.8493680172646118], [0.6812275174485389, 0.7444677983375503], [0.7105090004221299, 0.7409351384170582], [0.7690322180474054, 0.3222528918083421], [0.7760474807770348, 0.24190388872089472], [0.7036639784283034, 0.6373238421750667]]
1.1263, [[0.9714030609563019, 0.9042546771096515], [0.948067568959826, 0.9523026995115379], [0.8493180026198325, 0.8177782594868086], [0.8367977073315349, 0.6595340079508495], [0.7599452703775389, 0.8067256946151063], [0.3767584242961123, 0.7325438890495121], [0.6085942285140555, 0.6535143014094685], [0.5268342435878024, 0.26213094647716945], [0.31511611137847484, 0.6548057824358515], [0.3235870423291015, 0.6141966339522547]]
0.9527, [[0.8799610599596724, 0.8722057027960249], [0.7835499145295555, 0.6498884279002536], [0.2683194397340152, 0.8454282606535286], [0.28950768061605003, 0.1431931297248259], [0.28174601598738797, 0.5904008474801063], [0.2680803363212838, 0.6063153381962866], [0.25772531929299763, 0.19747856062896849], [0.22226444392792527, 0.114582546114303], [0.22169427425141228, 0.058117302691260406], [0.2167834580053155, 0.11258605382521901]]
0.8847, [[0.8503897788701924, 0.8309187543372073], [0.0, 0.0], [0.0, 0.0], [0.0, 0.0], [0.0, 0.0], [0.0, 0.0], [0.0, 0.0], [0.0, 0.0], [0.0, 0.0], [0.0, 0.0]]
1.1543, [[0.9701851333990745, 0.9665930046319691], [0.9603929958389669, 0.9786948167424625], [0.7993342556712217, 0.9225401622873506], [0.879132869220758, 0.90729739498063], [0.7825268553814844, 0.9185216691931952], [0.8712894157522136, 0.8877308657571162], [0.8763559943902797, 0.8826242843186795], [0.8161416559609592, 0.8308845912076807], [0.6641149624639743, 0.8408115462354726], [0.500214713611813, 0.8477237883611253]]
1.1507, [[0.9794900999362917, 0.9659647256189996], [0.8981325391135047, 0.8956687348829374], [0.88171487564208, 0.9109377476840155], [0.880302079675696, 0.9002001147886137], [0.850243627563325, 0.8449977758969178], [0.24325036653764917, 0.7342352428623057], [0.7746346848106512, 0.6920128644741594], [0.23938792679352822, 0.48946243585780735], [0.2390200753893262, 0.5928983143236076], [0.13579149112507563, 0.05940010885999402]]
0.8968, [[0.7978240255002597, 0.8988199536803099], [0.27096796984426946, 0.21382062292107623], [0.26644339757258484, 0.26011747202902924], [0.22662348306771887, 0.13090675536740204], [0.21643399917132367, 0.09971749622013892], [0.2263843796549877, 0.09398449349863908], [0.22182302224288294, 0.08824844269730851], [0.0, 0.0], [0.21619489575859235, 0.0], [0.0, 0.033204910795282275]]
1.1649, [[0.9742773699913587, 0.978846424793667], [0.9800747051637607, 0.9218088073943068], [0.9653134231701651, 0.9330217916456123], [0.9463624703797078, 0.8993243363651677], [0.9419779311736892, 0.9029962129863569], [0.9097759265605979, 0.8987022155128853], [0.9407600036164618, 0.8650590106956375], [0.8869763226893018, 0.8680631667508845], [0.8680740870011336, 0.8915835283813375], [0.7964599466361654, 0.8881544592386729]]
1.1324, [[0.9628775680557105, 0.9653760347818763], [0.8835174084267764, 0.9061851138622201], [0.893650565702908, 0.8827254541013981], [0.8784995468909996, 0.9042639143506821], [0.8912147105884534, 0.8104089822912907], [0.8711919815476356, 0.9042639143506821], [0.8766482970040139, 0.8751415325922184], [0.8744560274010047, 0.903758212059963], [0.8744560274010047, 0.903758212059963], [0.7930984665782177, 0.8939107266296109]]
1.1640, [[0.9784670407882206, 0.9792654729661446], [0.9318934909998469, 0.878073990062321], [0.9487496083918732, 0.862045030907866], [0.9407600036164618, 0.8650590106956375], [0.8512179696091069, 0.8321421755937343], [0.23951667478499888, 0.6347579098143235], [0.2692022831040998, 0.11249809495010571], [0.23782455832566973, 0.15524218929543357], [0.23116644790961366, 0.2847807922588447], [0.22925362060776316, 0.10869191412155996]]
0.8103, [[0.8102468865839787, 0.7902228366461875], [0.2943633191515163, 0.6109332957559682], [0.2651191325174577, 0.053138046567886295], [0.0, 0.0], [0.0, 0.0], [0.0, 0.0], [0.0, 0.0], [0.0, 0.0], [0.0, 0.0], [0.0, 0.0]]
1.1008, [[0.9517700687337969, 0.9466256084722924], [0.8852712241091835, 0.9100276595081691], [0.8398181676734591, 0.8595901241367695], [0.8178467545410775, 0.9024801004716189], [0.8302208985225072, 0.8640213606198418], [0.8391848453437007, 0.6622358511022767], [0.8308055037499767, 0.8501520097692438], [0.8375771809681606, 0.751847207444887], [0.7980676110117052, 0.8782709045814385], [0.8280773460217873, 0.7324837730393934]]
1.0526, [[0.9775901329470167, 0.8768320943237327], [0.7913933679980993, 0.8582433930436247], [0.6835091914464821, 0.8321729663971703], [0.23743831435125756, 0.6546808221900979], [0.29267120269218716, 0.6350198527851462], [0.27920784129839415, 0.6115067984084883], [0.2888639406586966, 0.587228981432361], [0.28788913443756126, 0.32790303709427554], [0.2871350390589471, 0.2582655458119139], [0.28321742160419594, 0.26757481705473196]]
0.0353, [[0.2273959710165432, 0.007970293317205383], [0.0, 0.0], [0.0, 0.0], [0.0, 0.0], [0.0, 0.0], [0.0, 0.0], [0.0, 0.0], [0.0, 0.0], [0.0, 0.0], [0.0, 0.0]]
1.1295, [[0.9896232572124233, 0.8666834455112009], [0.9731081595364202, 0.9309677518106788], [0.972426120104373, 0.937650235893549], [0.7742449479923383, 0.6930267311167334], [0.6591713354684361, 0.8585498348492506], [0.775024421628964, 0.6211133143236074], [0.26160615160732875, 0.851843744483746], [0.2945840299940375, 0.27958686422739576], [0.2674733815043505, 0.5293877527047948], [0.29314940951764984, 0.32895909737248386]]
0.8983, [[0.8528256339846472, 0.8405587684015495], [0.790760045668341, 0.8429186635506147], [0.34522049675685507, 0.7691518373689918], [0.5926225105284626, 0.6231706061007958], [0.30469035020847274, 0.6394829544633174], [0.34665403891773083, 0.6197132360742705], [0.2738923885076753, 0.27683575446023584], [0.26931263852536047, 0.17202840036286662], [0.2635005863389689, 0.16809420018143295], [0.23039395996078932, 0.0]]
1.0080, [[0.9390549050363436, 0.8700985854808826], [0.3986525227531157, 0.8623860757116389], [0.43937007366669434, 0.853484014569648], [0.8225723134631195, 0.8479472416203471], [0.8017701107856765, 0.6331676803713527], [0.7862293551554557, 0.81561881134803], [0.4690318356399404, 0.8448960196227051], [0.37975583063248697, 0.8358183042782551], [0.2856452408719291, 0.6567855580050601], [0.2845416866593231, 0.08970150589658285]]
0.9320, [[0.8475641869374249, 0.7545490505963142], [0.8413283978444208, 0.8843531146201786], [0.8444462923909231, 0.7640055016263101], [0.7835986316318443, 0.7243782435851105], [0.7496777373867973, 0.7502159696422119], [0.26513752508766786, 0.579394530503979], [0.22300014673632926, 0.13788990625944952], [0.24941187755803257, 0.08565104324160859], [0.22397495295746458, 0.07558367100090685], [0.2362427972876011, 0.0]]
0.9385, [[0.8630075083630676, 0.8745760081691091], [0.8226210305654088, 0.777064185037947], [0.8107340576068696, 0.8741329138453766], [0.7947061309537579, 0.8698022606535288], [0.5633410275548715, 0.8585109797877717], [0.789590835213403, 0.7629045005421031], [0.6534671504735813, 0.8131655377665341], [0.39044223583174004, 0.8437440037055752], [0.5602987955576184, 0.7784117293097221], [0.6698191474588291, 0.7378996176364297]]
0.4440, [[0.36450815492135913, 0.8557880464039078], [0.0, 0.0], [0.0, 0.0], [0.0, 0.05247095252494664], [0.0, 0.0], [0.0, 0.0], [0.0, 0.0], [0.0, 0.0], [0.0, 0.0], [0.0, 0.0]]
1.1168, [[0.9608314497595686, 0.9527685203806636], [0.8846866188817145, 0.868265359693448], [0.8498051736427233, 0.8409093436921005], [0.8595485941005422, 0.765014640043369], [0.8112699457320498, 0.8673014609230252], [0.7774115596411294, 0.6255375172413795], [0.3106851628812232, 0.6525429887965302], [0.27979640354511737, 0.6044335066312999], [0.23464264367932244, 0.33425276661514625], [0.23872579426596455, 0.12196804354399768]]
1.1597, [[0.9886489151666414, 0.9652314646286004], [0.9819746721530351, 0.8622374001179048], [0.8626664886470441, 0.8832835007579585], [0.9063657294003613, 0.8773914605861547], [0.8270542868737161, 0.8791289416371905], [0.8270542868737161, 0.8791289416371905], [0.5226511745915741, 0.6600351998554397], [0.33179732925047833, 0.8054369154318765], [0.8207210635761338, 0.6331976167108755], [0.48082048462930504, 0.6455614260932422]]
1.0552, [[0.7712732047527034, 0.9076995815226545], [0.9541572067459627, 0.869136152939195], [0.5819746985380662, 0.8539029161192522], [0.23228839469242962, 0.27608331418203735], [0.3454811407861061, 0.1975861143029932], [0.229768612573646, 0.15515161778046505], [0.2311480553394035, 0.0], [0.23889132739785554, 0.0], [0.22875702121209052, 0.11726833988509172], [0.22941915373965419, 0.0]]
0.0140, [[0.0, 0.0], [0.0, 0.0], [0.0, 0.04045455095252492], [0.0, 0.0], [0.0, 0.0], [0.0, 0.0], [0.0, 0.0], [0.0, 0.0], [0.0, 0.0], [0.0, 0.0]]
0.0302, [[0.17458906001795316, 0.010104820078621124], [0.0, 0.0], [0.0, 0.0], [0.0, 0.0], [0.0, 0.0], [0.0, 0.0], [0.0, 0.0], [0.0, 0.0], [0.0, 0.0], [0.0, 0.0]]
1.1728, [[0.9927898688612145, 0.9731910339397002], [0.9335498724776758, 0.9235776657402729], [0.8723124749002847, 0.8656463819268991], [0.9191783273023931, 0.8368805869967997], [0.7945112625446017, 0.8693650312447363], [0.8675381988759534, 0.8618679104766718], [0.794803565158336, 0.7937257762920134], [0.8339233982964785, 0.6023371312997352], [0.6892133764413371, 0.8352608441131885], [0.7894934010088248, 0.760647786049874]]
1.0254, [[0.9067554662186742, 0.8806019150244232], [0.8690971461492044, 0.8926013843692102], [0.9339396092959887, 0.8761038185110326], [0.8646151727386078, 0.8843434375105272], [0.9095810581514417, 0.8310725617315142], [0.8551153377922345, 0.8697197119757455], [0.8566255679631966, 0.8499797278928752], [0.863153659669935, 0.8331770398349334], [0.4336658886718395, 0.8548454079501432], [0.6093547865133688, 0.8501325089270676]]
0.2614, [[0.2620107881519509, 0.6221699562334218], [0.0, 0.0], [0.0, 0.0], [0.0, 0.0], [0.0, 0.0], [0.0, 0.0], [0.0, 0.0], [0.0, 0.0], [0.0, 0.0], [0.0, 0.0]]
0.9308, [[0.8095161300496423, 0.894269219555331], [0.8407437926169518, 0.7477944427177455], [0.8047418540253114, 0.8849504562068384], [0.8069828407306094, 0.8076848489338639], [0.8355797797743075, 0.6915055934224794], [0.7877883024287066, 0.8499130144854303], [0.3582526982193577, 0.8636427803604515], [0.8006496174330272, 0.7446420672208165], [0.77361162566258, 0.8442966253158162], [0.514285036599121, 0.8288924262253664]]
1.1576, [[0.9849951324949594, 0.9669072174498905], [0.9776875671515952, 0.9075283260064004], [0.9608314497595686, 0.9527685203806636], [0.9531341475978916, 0.938593900707428], [0.8749919155261849, 0.9125555844702713], [0.8673433304667972, 0.9215852075122116], [0.938860036627187, 0.911421749789456], [0.9481650031644041, 0.8908159576385379], [0.8649074753523426, 0.9146791235472462], [0.9452419770270585, 0.8742333505137274]]
