1.1141, [[0.9817893302768492, 0.9291272294919231], [0.983171165003384, 0.5071375432686321], [0.9144757284472749, 0.8779675992198598], [0.8740253413329135, 0.8040427586751145], [0.9133407119989384, 0.6310650429979033], [0.6600508067514789, 0.7791315418818068], [0.6536529696595458, 0.7775207332416407], [0.9333868753965808, 0.5628203651791349], [0.64737690282073, 0.7698981183513339], [0.9060925977729636, 0.49658062006328973]]
0.8006, [[0.9798512853459231, 0.6318549333047733], [0.9350485533821995, 0.6416324194042974], [0.9612043382437032, 0.6386129257513925], [0.9467463492433051, 0.6334335156817207], [0.9440591586933399, 0.6318341218236343], [0.9697056635864474, 0.625010730874163], [0.9622402797493822, 0.6228227504904061], [0.8958113997761672, 0.6116567033312392], [0.9309030492025953, 0.5557972181018237], [0.9660120801979111, 0.0509473182789468]]
1.1332, [[0.9820448393394917, 0.04095242457716139], [0.9653011740304229, 0.9614476229582167], [0.9694310347980288, 0.05076154413096246], [0.9542186857079257, 0.9461524916523782], [0.9609436147103947, 0.9273551287789913], [0.9308057124168272, 0.9504395415576211], [0.9652386003824294, 0.10242784886458307], [0.9424635306694918, 0.9436310578467649], [0.9372125587086597, 0.8955416337399384], [0.9221827160918724, 0.9408696933489762]]
1.1519, [[0.9682699459963621, 0.08607853935025914], [0.958480646399074, 0.9699442676653733], [0.94652212700466, 0.9867440093854349], [0.9573195575974074, 0.03145276302922759], [0.9542186857079257, 0.9461524916523782], [0.9557986703197747, 0.05772303103835437], [0.915828014506701, 0.9454372928436063], [0.9220488780114405, 0.9445583575489576], [0.9522145908152277, 0.9016376027434349], [0.9062577226773922, 0.9064000108293476]]
1.1459, [[0.94652212700466, 0.9867440093854349], [0.9402317372243717, 0.9566924199981954], [0.9472782252512545, 0.948217750925007], [0.9548965668945276, 0.9235744190957497], [0.9508640429126903, 0.08015493462750356], [0.9261404993274943, 0.6296762865549819], [0.9182457907389149, 0.9192184701741719], [0.9356117162141462, 0.05188994440621493], [0.902744907605283, 0.9165974255031137], [0.9350242191857575, 0.04288711980732337]]
1.1259, [[0.9737016862736214, 0.9486446546340584], [0.9642339457007472, 0.8901173419088633], [0.9611886948317048, 0.9368686869416116], [0.9451733172590109, 0.9464020592004331], [0.940951334176303, 0.9446843571879793], [0.9155499094045054, 0.9184621120837468], [0.9430440750703253, 0.903056922479921], [0.9340543276418503, 0.8919189855245653], [0.9236010521130704, 0.8689479032941759], [0.9081418847447679, 0.8638963892358686]]
1.2027, [[0.9933897893521862, 0.9999963974370546], [0.9600901796780317, 0.9355838328670697], [0.9185725642339946, 0.936726205577114], [0.9524596709365378, 0.9330755484162078], [0.9563201173863916, 0.8850446379788506], [0.9410695288447364, 0.9312565243209099], [0.9528594470209442, 0.027678017275723606], [0.9245066318520947, 0.9028393276780075], [0.9372125587086597, 0.8955416337399384], [0.9098331113974957, 0.9220745820774302]]
1.1242, [[0.9846173115348017, 0.08659883687660719], [0.9611886948317048, 0.9368686869416116], [0.937601905851734, 0.9557219796047289], [0.9609922831032788, 0.5877509553739781], [0.9512672953108737, 0.6435834642285404], [0.9196032912690076, 0.9468899362873388], [0.9597164759469562, 0.09622535366339514], [0.9472208660739269, 0.6492070417577958], [0.9536694281310891, 0.09684583626091058], [0.9460041562518208, 0.6392162695091429]]
1.1418, [[1.0, 0.017738603636231955], [0.9390654339520385, 0.9606079555996749], [0.9839637645446417, 0.6386791441004713], [0.939251416739132, 0.9547350574857865], [0.9652785779908697, 0.027546920792437993], [0.9647797269638061, 0.5414016587052197], [0.9308057124168272, 0.9504395415576211], [0.9255721220248821, 0.9489732083746955], [0.9542186857079257, 0.9461524916523782], [0.9435707366076086, 0.9168550087537228]]
1.0947, [[0.9364495078345104, 0.9293625669163436], [0.9448048279986019, 0.9209872385163798], [0.9642339457007472, 0.8901173419088633], [0.9369570496460177, 0.909780745961556], [0.9521676605792325, 0.8610658386056683], [0.8721863713446448, 0.883634691664224], [0.9416970034815649, 0.04687721379160477], [0.9077021310519212, 0.8366527729927173], [0.9406210843674455, 0.008446839484263712], [0.6704026779245125, 0.7224304723230591]]
1.1191, [[0.9483889075031484, 0.9115321319375511], [0.9390654339520385, 0.9606079555996749], [0.9560020346757551, 0.9080115272989805], [0.9281428560633034, 0.9255153899467555], [0.9460962785669229, 0.8849601938175011], [0.8822711576130152, 0.9163728957675302], [0.9413980404967048, 0.6323103263511534], [0.913983830047766, 0.9161175641187617], [0.9410173841380747, 0.5404214827152737], [0.9022999394417703, 0.8952814271606051]]
1.1706, [[0.9641609431114211, 0.9906350475588848], [0.9367901865847001, 0.956584523237975], [0.9737016862736214, 0.9486446546340584], [0.9366198472096054, 0.9443123925638481], [0.9536468320915354, 0.9374958931504378], [0.9072536865746308, 0.9425583947297177], [0.9353423018963941, 0.9343483339048824], [0.947990869575631, 0.9126936882952802], [0.9218072742039081, 0.9299188926992152], [0.9375758334984032, 0.01968300405635439]]
0.7855, [[0.9734235811714257, 0.050460645032777016], [0.9350485533821995, 0.6416324194042974], [0.9413980404967048, 0.6323103263511534], [0.9564018107601613, 0.6086566203645489], [0.9658417408228159, 0.04177671616384772], [0.9483002615018239, 0.5602353060967953], [0.9525274590551979, 0.03969315707507876], [0.9396894322750899, 0.0511473445365977], [0.9467168005761972, 0.042096911013726486], [0.926860096279426, 0.03821804461989806]]
1.1026, [[0.9629529240737587, 0.8978477350454332], [0.9618491944494195, 0.9215886864001448], [0.9536468320915354, 0.9374958931504378], [0.9490094295124227, 0.9034940034292935], [0.9435707366076086, 0.9168550087537228], [0.946565580926878, 0.879795667110099], [0.929733269616485, 0.9007480398880966], [0.9375410703606287, 0.8848666052174697], [0.9372229876499921, 0.0997486432943394], [0.9377183623632781, 0.023030950708051126]]
1.2027, [[0.9933897893521862, 0.9999963974370546], [0.9536468320915354, 0.9374958931504378], [0.9366198472096054, 0.9443123925638481], [0.965064784693557, 0.9057342571970037], [0.9072536865746308, 0.9425583947297177], [0.9334720450841281, 0.9101516298168035], [0.9623445691627056, 0.6666078995287593], [0.9008138153019123, 0.8984228887060043], [0.8967726005356313, 0.9016689450410617], [0.944189520459994, 0.028604977545181362]]
1.1018, [[0.9950688489066928, 0.05394198073231688], [0.9700515568073032, 0.9260588365670972], [0.9379147740917042, 0.6227471985073616], [0.9660120801979111, 0.0509473182789468], [0.9360114922985525, 0.5364095851665619], [0.9620751548449535, 0.042736078012386464], [0.9425000319641552, 0.5173969685545566], [0.9514011333913056, 0.5152485107766678], [0.9272181565985026, 0.5096538279719938], [0.8618860536220724, 0.47723070395933553]]
1.0818, [[0.93742982831975, 0.6408557727672434], [0.946379598139785, 0.6308955870893554], [0.9221827160918724, 0.9408696933489762], [0.937249060003323, 0.6343766541678879], [0.9396303349408734, 0.6282032751459947], [0.9396303349408734, 0.6282032751459947], [0.8926792410626887, 0.8814102596559267], [0.9361227343394307, 0.5186634093140312], [0.916438107574643, 0.6206364097991028], [0.935397922916833, 0.04076974539132961]]
1.1199, [[0.939251416739132, 0.9547350574857865], [0.9765922411795674, 0.03136476675962498], [0.9597529772416196, 0.9296815738651746], [0.9598972442633833, 0.9171852737117591], [0.9308057124168272, 0.9504395415576211], [0.9710788075285385, 0.036927712868059875], [0.9542186857079257, 0.9461524916523782], [0.9630485227026384, 0.019128356271051413], [0.9245118463227612, 0.9454444979694971], [0.9587239883634953, 0.010033370576944185]]
1.1438, [[0.9972676173709273, 0.05475633787258704], [0.9763037071360394, 0.9594938630087537], [0.9846173115348017, 0.08659883687660719], [0.9527325615680675, 0.9296896796318022], [0.9703609487334957, 0.6295858512096681], [0.9062577226773922, 0.9064000108293476], [0.9536694281310891, 0.09684583626091058], [0.9009858928338957, 0.9062188919772582], [0.9496282133648082, 0.03999443826735726], [0.9151883727716512, 0.8796597618317512]]
1.1183, [[0.9544707184567904, 0.9412131076617632], [0.9833658385749211, 0.6059474883720946], [0.9517418121414954, 0.938159755437235], [0.9524596709365378, 0.9330755484162078], [0.926816642357208, 0.922740425773847], [0.926816642357208, 0.922740425773847], [0.947990869575631, 0.9126936882952802], [0.9490094295124227, 0.9034940034292935], [0.9245066318520947, 0.9028393276780075], [0.90680524209734, 0.027396643185686926]]
0.2024, [[0.9556943809064513, 0.08973861866647372], [0.9634830619248191, 0.08922645974430496], [0.9670254256640363, 0.08033929502734435], [0.9353058006017309, 0.08558319256817937], [0.9402317372243717, 0.07832134149433213], [0.9185238958411105, 0.0780117306508278], [0.9370509101180087, 0.07176621165477526], [0.9222226937003128, 0.05208469776538335], [0.9202151224938377, 0.036074114664445385], [0.9114374302057867, 0.0]]
0.6368, [[0.934900810046658, 0.5128586730620691], [0.9516896674348337, 0.04993664119372736], [0.9304320086857517, 0.3396573137567594], [0.9250941288804834, 0.5091357998654477], [0.9341186394467328, 0.00951437217051181], [0.8786975070498007, 0.500854507537438], [0.9165198009484126, 0.479244831261057], [0.8953716460833205, 0.4074484592480003], [0.9017124424133817, 0.34883670126828353], [0.6789783829917345, 0.3587800609473506]]
1.1192, [[0.9700515568073032, 0.9260588365670972], [0.9524596709365378, 0.9330755484162078], [0.9451733172590109, 0.9464020592004331], [0.9588734698559256, 0.02138336097932002], [0.9159079697235825, 0.9343297807057127], [0.9126367584590056, 0.9305196200703911], [0.947990869575631, 0.9126936882952802], [0.9136518420820198, 0.8979381073256523], [0.9096592957086234, 0.8574530285450161], [0.9235141442686343, 0.6285510160763005]]
1.0970, [[0.9126367584590056, 0.9305196200703911], [0.9143071272290685, 0.9296108735673675], [0.965064784693557, 0.9057342571970037], [0.9185795168615494, 0.8942810255687584], [0.9357751029616861, 0.8934654677684835], [0.9096592957086234, 0.8574530285450161], [0.8890360642239252, 0.8401554713986157], [0.8908489618588631, 0.4827795380609472], [0.9029673916870399, 0.4772811167866848], [0.9694310347980288, 0.05076154413096246]]
0.7755, [[0.9697056635864474, 0.625010730874163], [0.9041754107247024, 0.5579306517913273], [0.9331696057854905, 0.5208816774474877], [0.9594939918651999, 0.02967079080801125], [0.9510795743668918, 0.5198757029626497], [0.9580217729804513, 0.04707487106587975], [0.9472764870943657, 0.49765899815613096], [0.934900810046658, 0.5128586730620691], [0.9201004041391819, 0.514184136246979], [0.9273311367962696, 0.04682918456412314]]
1.2027, [[0.9933897893521862, 0.9999963974370546], [0.9524596709365378, 0.9330755484162078], [0.965064784693557, 0.9057342571970037], [0.9285687045010405, 0.9216418242035918], [0.9218072742039081, 0.9299188926992152], [0.9473633949388018, 0.021864799536416797], [0.9008138153019123, 0.8984228887060043], [0.9455574499314188, 0.08772039766759629], [0.8935326760950513, 0.885606674099795], [0.9395451652533261, 0.07012981728296709]]
1.1240, [[0.965064784693557, 0.9057342571970037], [0.9535946873848737, 0.9103969643533978], [0.9367901865847001, 0.956584523237975], [0.9623445691627056, 0.6666078995287593], [0.9375410703606287, 0.8848666052174697], [0.9008138153019123, 0.8984228887060043], [0.9622402797493822, 0.6228227504904061], [0.9091865170348905, 0.8730278365087598], [0.9560298451859747, 0.4881021368200735], [0.9574551338347275, 0.011276475498895516]]
1.0977, [[0.9031620652585766, 0.9407821510693981], [0.9560020346757551, 0.9080115272989805], [0.926816642357208, 0.922740425773847], [0.9388864037925002, 0.0], [0.913983830047766, 0.9161175641187617], [0.9377183623632781, 0.023030950708051126], [0.8974921974875625, 0.909269902535872], [0.9348521416537741, 0.025776029299916733], [0.9299470629137976, 0.9057864943597146], [0.9267175674145505, 0.8991620116119141]]
1.1308, [[0.9653011740304229, 0.9614476229582167], [0.939251416739132, 0.9547350574857865], [0.9505390075744989, 0.0734553350114085], [0.9185725642339946, 0.936726205577114], [0.9158471342324772, 0.8375474144213207], [0.6943424297557137, 0.0], [0.6935796161011297, 0.6971886683051114], [0.6786606606071649, 0.80217672559807], [0.6771280350075879, 0.7791003877251923], [0.6772106148344144, 0.761251326328606]]
1.1456, [[0.9643834271931774, 0.9438975574406642], [0.9505650799278298, 0.9518852500676835], [0.9472156516032604, 0.9597065042866169], [0.9817893302768492, 0.9291272294919231], [0.9534869216577732, 0.9437045501308549], [0.9761212006627235, 0.8925380324908119], [0.9744995002855451, 0.9280491625304577], [0.9611834803610383, 0.9237185216135727], [0.9277604615477844, 0.9243802223626028], [0.9277604615477844, 0.9243802223626028]]
1.1451, [[0.965064784693557, 0.9057342571970037], [0.95046948129895, 0.9745641943867884], [0.9766513385137839, 0.03981313462026011], [0.9609922831032788, 0.5877509553739781], [0.9299713971102401, 0.9204376675390306], [0.947990869575631, 0.9126936882952802], [0.9602327085429072, 0.0333011049943865], [0.9560298451859747, 0.4881021368200735], [0.65831523073004, 0.7653137274469575], [0.94065584750522, 0.48921962115964446]]
1.1230, [[0.9402317372243717, 0.9566924199981954], [0.9722381581733164, 0.643260129489752], [0.9366198472096054, 0.9443123925638481], [0.9631163108212984, 0.6408019151766589], [0.9217586058110241, 0.9312453563757785], [0.9512672953108737, 0.6435834642285404], [0.9562210424437342, 0.605462363293527], [0.9609922831032788, 0.5877509553739781], [0.9190679389472807, 0.6317127215169895], [0.899127803119851, 0.8758421794097091]]
0.7850, [[0.9607263450993044, 0.6380897377285744], [0.9727769868088205, 0.076685749520119], [0.9197840595854347, 0.42827455836842493], [0.8979667143181838, 0.5198778812946954], [0.895449863143313, 0.5099334843146537], [0.9508640429126903, 0.08015493462750356], [0.949767265915906, 0.08623615316359419], [0.9439096772009096, 0.08245976440549067], [0.931945943335829, 0.083051322480171], [0.9217881544781321, 0.08328290970989838]]
1.1005, [[0.939251416739132, 0.9547350574857865], [0.9459676549571575, 0.544798154619737], [0.9396303349408734, 0.6282032751459947], [0.6568735829057804, 0.7699317951117224], [0.8958113997761672, 0.6116567033312392], [0.9269730764771931, 0.5330869126335644], [0.9250941288804834, 0.5091357998654477], [0.8787114123049108, 0.5070911759150826], [0.919438166364579, 0.014781577451015871], [0.9008190297725782, 0.4793158863777943]]
1.1289, [[0.970234063280619, 0.9523362909484702], [0.9777863549621204, 0.04066894896961372], [0.9288711437996782, 0.937230654453569], [0.9609436147103947, 0.9273551287789913], [0.9766513385137839, 0.03981313462026011], [0.9563201173863916, 0.8850446379788506], [0.9348921192622145, 0.9205653783954516], [0.9732358602274434, 0.5619437900691416], [0.8917945192063284, 0.8987979368221689], [0.9633944159234942, 0.03243184093296163]]
1.0220, [[0.9545002671238985, 0.6337945633469372], [0.9236010521130704, 0.8689479032941759], [0.9714785836129448, 0.3431534329604073], [0.9377044571081685, 0.504855481125259], [0.9077351560328069, 0.795172527023066], [0.9516896674348337, 0.04993664119372736], [0.9165198009484126, 0.479244831261057], [0.8896774441158639, 0.8676321131654305], [0.8963397994703389, 0.8524083255168993], [0.9076725823848126, 0.5007359440360801]]
1.1506, [[0.9964941375554456, 0.9493443624221639], [0.9611886948317048, 0.9368686869416116], [0.9642339457007472, 0.8901173419088633], [0.975246907747696, 0.8865428754255824], [0.9076447718745935, 0.9123221739915174], [0.9245066318520947, 0.9028393276780075], [0.943021479030772, 0.8840401371558705], [0.8847636745914439, 0.8874122277513473], [0.9467168005761972, 0.042096911013726486], [0.9046951196344304, 0.4012015215907115]]
1.0746, [[0.9537094057395294, 0.9198472975363233], [0.9435707366076086, 0.9168550087537228], [0.9519104133597013, 0.9050299561411428], [0.9166310429892913, 0.9076708149084021], [0.9430440750703253, 0.903056922479921], [0.9531810060453578, 0.8972698695858042], [0.9333903517103579, 0.8758242058578163], [0.9084182516900753, 0.8967729166422405], [0.9337849133240983, 0.33350840104153684], [0.9185795168615494, 0.8942810255687584]]
1.1296, [[0.9367901865847001, 0.956584523237975], [0.9664535720476466, 0.9543914630448519], [0.9229075275144696, 0.92445092266041], [0.9218959202052331, 0.49233608820671254], [0.9547470854020973, 0.632598975288043], [0.9472208660739269, 0.6492070417577958], [0.9239643269028135, 0.5060922550768695], [0.9703609487334957, 0.6295858512096681], [0.9184039630157887, 0.5165314446216335], [0.9697056635864474, 0.625010730874163]]
1.1012, [[0.9366198472096054, 0.9443123925638481], [0.915828014506701, 0.9454372928436063], [0.9652386003824294, 0.10242784886458307], [0.9574360141089515, 0.6633497675587926], [0.9046916433206528, 0.8861195825122321], [0.9161443590604489, 0.4986881044526948], [0.9534799690302184, 0.08944226648799411], [0.8958113997761672, 0.6116567033312392], [0.9503634537287378, 0.07868203831806173], [0.9436958839035964, 0.09351829343377659]]
1.1637, [[0.9641609431114211, 0.9906350475588848], [0.9671123335084725, 0.9350598400866349], [0.937601905851734, 0.9557219796047289], [0.9562975213468379, 0.9535237857594078], [0.9611834803610383, 0.9237185216135727], [0.9544707184567904, 0.9412131076617632], [0.9560020346757551, 0.9080115272989805], [0.9383858146085476, 0.9270679144481548], [0.9124890151234641, 0.9313158765454382], [0.9441252086551111, 0.8984647008635658]]
1.0272, [[0.9453662526736593, 0.035476252037231544], [0.9340543276418503, 0.8919189855245653], [0.9328793335850735, 0.638414522964533], [0.9137178920437915, 0.4951313031420533], [0.9262743374079262, 0.03328501883307387], [0.9176078871607534, 0.3895816760770443], [0.9058544702792088, 0.4664941202252515], [0.8811622135180102, 0.47992104776617794], [0.9220975464043251, 0.0394188899351709], [0.9157480592898197, 0.31788000964293733]]
1.1620, [[0.9307865926910511, 0.972937817345005], [0.9844973787094798, 0.9371886845952533], [0.9817893302768492, 0.9291272294919231], [0.9505650799278298, 0.9518852500676835], [0.9445892965444004, 0.950830869957585], [0.9407132066825481, 0.9380846419998198], [0.9277604615477844, 0.9243802223626028], [0.9269869817323027, 0.9376267562494359], [0.9031620652585766, 0.9407821510693981], [0.9229231709264685, 0.9424094287519177]]
1.1415, [[0.9390654339520385, 0.9606079555996749], [0.9763037071360394, 0.9594938630087537], [0.9737016862736214, 0.9486446546340584], [0.9405567725625631, 0.944561059471167], [0.9643834271931774, 0.9438975574406642], [0.9551503378002808, 0.9324923835393921], [0.9531810060453578, 0.8972698695858042], [0.9399953478875053, 0.5917330754242616], [0.9429206659312264, 0.039062778240556345], [0.9284452953619411, 0.925933827632885]]
1.1477, [[0.9653011740304229, 0.9614476229582167], [0.9817893302768492, 0.9291272294919231], [0.9744995002855451, 0.9280491625304577], [0.9281428560633034, 0.9255153899467555], [0.9611834803610383, 0.9237185216135727], [0.946565580926878, 0.879795667110099], [0.9521676605792325, 0.8610658386056683], [0.9435707366076086, 0.9168550087537228], [0.9473633949388018, 0.021864799536416797], [0.9370352667060102, 0.9156442774117859]]
1.0922, [[0.9383753856672157, 0.9486840126342387], [0.9598190272033907, 0.053964868168483664], [0.915828014506701, 0.9454372928436063], [0.9479404630258581, 0.005926967150773308], [0.9124890151234641, 0.9313158765454382], [0.9426217029463657, 0.0], [0.903255925730568, 0.9141091352766], [0.8949631792144705, 0.8863362111113615], [0.9046916433206528, 0.8861195825122321], [0.886873797054354, 0.8822669358977251]]
1.1051, [[0.9671123335084725, 0.9350598400866349], [0.9600901796780317, 0.9355838328670697], [0.9483889075031484, 0.9115321319375511], [0.9563201173863916, 0.8850446379788506], [0.929733269616485, 0.9007480398880966], [0.9460962785669229, 0.8849601938175011], [0.9483350246395984, 0.04200425319618991], [0.9319233472962758, 0.8960706868165317], [0.9448795687448168, 0.03547483828908773], [0.9353770650341686, 0.042219448589330535]]
1.0940, [[0.9631163108212984, 0.6408019151766589], [0.9607263450993044, 0.6380897377285744], [0.9562210424437342, 0.605462363293527], [0.9560298451859747, 0.4881021368200735], [0.9315948356443073, 0.9378543481635232], [0.9413980404967048, 0.6323103263511534], [0.9217586058110241, 0.9312453563757785], [0.9185725642339946, 0.936726205577114], [0.907797729680801, 0.9044061723671152], [0.9137752512211191, 0.9032013852540383]]
1.1245, [[0.9664535720476466, 0.9543914630448519], [0.899873472425113, 0.8839848290681158], [0.960646389882423, 0.0459505974068306], [0.9085712094962827, 0.8793007322495546], [0.8931537578933099, 0.8716490443507474], [0.9573491062645153, 0.0], [0.9146617112343679, 0.8451229196861402], [0.9491693399461854, 0.031291442903190914], [0.8885319987261956, 0.8406738034091676], [0.8816975658397367, 0.8293435916213843]]
1.0574, [[0.9281428560633034, 0.9255153899467555], [0.9531584100058046, 0.004243193111441221], [0.9207452603448982, 0.8841141755766502], [0.9490685268466392, 0.012907329506356282], [0.8986445955047857, 0.8836113575793108], [0.9195528847192342, 0.8344335123221576], [0.9453227987514412, 0.015439123175545993], [0.9026701668590682, 0.8801584805979572], [0.9394478284675575, 0.0285446830973163], [0.9099895455174807, 0.8694142696669749]]
1.2060, [[0.9933897893521862, 0.9999963974370546], [0.9964941375554456, 0.9493443624221639], [0.9505650799278298, 0.9518852500676835], [0.9700515568073032, 0.9260588365670972], [0.9511925545646589, 0.9375176886562586], [0.9255721220248821, 0.9489732083746955], [0.9351580572661894, 0.931660281563036], [0.94580079189584, 0.911395144481545], [0.9140342365975388, 0.9324863492464581], [0.9435707366076086, 0.9168550087537228]]
1.1441, [[0.9839637645446417, 0.6386791441004713], [0.9700515568073032, 0.9260588365670972], [0.9647797269638061, 0.5414016587052197], [0.9622402797493822, 0.6228227504904061], [0.9390654339520385, 0.9606079555996749], [0.9367901865847001, 0.956584523237975], [0.9334720450841281, 0.9101516298168035], [0.916438107574643, 0.6206364097991028], [0.9143071272290685, 0.9296108735673675], [0.9072536865746308, 0.9425583947297177]]
1.1221, [[0.9634761092972638, 0.9551552964533887], [0.952772539176508, 0.9424907566104143], [0.9545002671238985, 0.6337945633469372], [0.9282193349664071, 0.9179041651475499], [0.9387004210054066, 0.09333851816305111], [0.9137752512211191, 0.9032013852540383], [0.9165198009484126, 0.479244831261057], [0.9304320086857517, 0.3396573137567594], [0.9076725823848126, 0.5007359440360801], [0.9256329575159875, 0.4224816473475698]]
1.1003, [[0.9598972442633833, 0.9171852737117591], [0.9185725642339946, 0.936726205577114], [0.9238826335290433, 0.9259632785849656], [0.9636169000052505, 0.5047193872374361], [0.9217586058110241, 0.9312453563757785], [0.9560298451859747, 0.4881021368200735], [0.9098331113974957, 0.9220745820774302], [0.9385578921405316, 0.5068536339919767], [0.9361227343394307, 0.5186634093140312], [0.8935326760950513, 0.885606674099795]]
1.1126, [[0.9611886948317048, 0.9368686869416116], [0.9383753856672157, 0.9486840126342387], [0.9527325615680675, 0.9296896796318022], [0.9537094057395294, 0.9198472975363233], [0.915828014506701, 0.9454372928436063], [0.9490094295124227, 0.9034940034292935], [0.9370804587851171, 0.9134635559967516], [0.9185725642339946, 0.936726205577114], [0.943021479030772, 0.8840401371558705], [0.9098331113974957, 0.9220745820774302]]
1.1210, [[0.975246907747696, 0.8865428754255824], [0.9642339457007472, 0.8901173419088633], [0.9366198472096054, 0.9443123925638481], [0.94580079189584, 0.911395144481545], [0.9364703657171752, 0.9054456919050629], [0.9299470629137976, 0.9057864943597146], [0.8974921974875625, 0.909269902535872], [0.9355334991541537, 0.014011161131433227], [0.9118893509968548, 0.9052759211262522], [0.9236010521130704, 0.8689479032941759]]
1.1046, [[0.9744995002855451, 0.9280491625304577], [0.963783763066568, 0.036896342943029924], [0.9435707366076086, 0.9168550087537228], [0.9525465787809739, 0.038626426786425694], [0.9185795168615494, 0.8942810255687584], [0.9506693693411532, 0.03301973090434982], [0.9022999394417703, 0.8952814271606051], [0.9236010521130704, 0.8689479032941759], [0.943989632417791, 0.029294963058201395], [0.8936404418221523, 0.8858432312687428]]
1.1522, [[0.9307865926910511, 0.972937817345005], [0.958480646399074, 0.9699442676653733], [0.970234063280619, 0.9523362909484702], [0.9634761092972638, 0.9551552964533887], [0.9972676173709273, 0.05475633787258704], [0.940951334176303, 0.9446843571879793], [0.9551503378002808, 0.9324923835393921], [0.9765922411795674, 0.03136476675962498], [0.9220488780114405, 0.9445583575489576], [0.9293387080027447, 0.9277487988448697]]
1.1722, [[0.9972676173709273, 0.05475633787258704], [0.94652212700466, 0.9867440093854349], [0.9504051694940671, 0.9778610798664382], [0.9763037071360394, 0.9594938630087537], [0.9405567725625631, 0.944561059471167], [0.9384396974720982, 0.9379305423698225], [0.9284452953619411, 0.925933827632885], [0.9282193349664071, 0.9179041651475499], [0.9598972442633833, 0.9171852737117591], [0.9339065843063088, 0.052464078990257484]]
1.1095, [[0.950332166904741, 0.9483803165779263], [0.9727769868088205, 0.076685749520119], [0.9551503378002808, 0.9324923835393921], [0.9424635306694918, 0.9436310578467649], [0.972090414837775, 0.0396770709137664], [0.9391419128551421, 0.9113389444995937], [0.9271555829505089, 0.9249433930150711], [0.9652386003824294, 0.10242784886458307], [0.9245066318520947, 0.9028393276780075], [0.9436958839035964, 0.09351829343377659]]
1.1142, [[0.9562975213468379, 0.9535237857594078], [0.9544707184567904, 0.9412131076617632], [0.9451733172590109, 0.9464020592004331], [0.9531810060453578, 0.8972698695858042], [0.940951334176303, 0.9446843571879793], [0.9441252086551111, 0.8984647008635658], [0.9666343403640737, 0.0338062333852451], [0.9080636676847753, 0.9162652691995308], [0.9418916770531021, 0.8801847156772115], [0.9524996485449783, 0.042740472094455244]]
1.1529, [[0.958480646399074, 0.9699442676653733], [0.9839637645446417, 0.6386791441004713], [0.9242858859272272, 0.9561169105676384], [0.9634761092972638, 0.9551552964533887], [0.9551503378002808, 0.9324923835393921], [0.9694310347980288, 0.05076154413096246], [0.9694310347980288, 0.05076154413096246], [0.9670254256640363, 0.08033929502734435], [0.9601805638362455, 0.038293546412661784], [0.9462318548042435, 0.9090587923472615]]
1.1224, [[0.9817893302768492, 0.9291272294919231], [0.9642339457007472, 0.8901173419088633], [0.9676233516337569, 0.8840399479605874], [0.9384396974720982, 0.9379305423698225], [0.9182457907389149, 0.9192184701741719], [0.9373429204753139, 0.9185832482627921], [0.9288937398392318, 0.9082057955058207], [0.8724053791126235, 0.9047223873296634], [0.9418673428566601, 0.8989438694505199], [0.9343741485093753, 0.8805120865820386]]
1.1689, [[0.9766513385137839, 0.03981313462026011], [0.94652212700466, 0.9867440093854349], [0.9763037071360394, 0.9594938630087537], [0.970234063280619, 0.9523362909484702], [0.9563201173863916, 0.8850446379788506], [0.9424635306694918, 0.9436310578467649], [0.9467950176361897, 0.03160132121256018], [0.943021479030772, 0.8840401371558705], [0.937989514837919, 0.9387892132479017], [0.9402751911465898, 0.032281716163847896]]
1.0930, [[0.9304580810390826, 0.9033916906416388], [0.9629529240737587, 0.8978477350454332], [0.9143071272290685, 0.9296108735673675], [0.929733269616485, 0.9007480398880966], [0.9460962785669229, 0.8849601938175011], [0.946565580926878, 0.879795667110099], [0.9022999394417703, 0.8952814271606051], [0.9042953435500242, 0.8811354850397963], [0.9075561258732685, 0.874728197582918], [0.8975339132528918, 0.8728667051926676]]
1.1044, [[0.9618491944494195, 0.9215886864001448], [0.9885003540242087, 0.6367987321819125], [0.9304580810390826, 0.9033916906416388], [0.9353058006017309, 0.08558319256817937], [0.9245066318520947, 0.9028393276780075], [0.8976747039608785, 0.8430019144325948], [0.8975339132528918, 0.8728667051926676], [0.923816583567272, 0.637564216297265], [0.9118024431524185, 0.6275533893486055], [0.888095721347126, 0.8441778261820478]]
1.1318, [[0.9245118463227612, 0.9454444979694971], [0.9817893302768492, 0.9291272294919231], [0.937989514837919, 0.9387892132479017], [0.9839637645446417, 0.6386791441004713], [0.9407132066825481, 0.9380846419998198], [0.983171165003384, 0.5071375432686321], [0.9351580572661894, 0.931660281563036], [0.9703609487334957, 0.6295858512096681], [0.9697056635864474, 0.625010730874163], [0.9647797269638061, 0.5414016587052197]]
1.1398, [[0.9874696269891962, 0.6347831087010438], [0.9634761092972638, 0.9551552964533887], [0.9220488780114405, 0.9445583575489576], [0.9600901796780317, 0.9355838328670697], [0.9424635306694918, 0.9436310578467649], [0.9524596709365378, 0.9330755484162078], [0.9315948356443073, 0.9378543481635232], [0.9468923544219583, 0.8695129665396497], [0.9410695288447364, 0.9312565243209099], [0.93342859116191, 0.9311040458442378]]
1.1126, [[0.9847946035374511, 0.020771399080076948], [0.9221827160918724, 0.9408696933489762], [0.9671123335084725, 0.9350598400866349], [0.9563201173863916, 0.8850446379788506], [0.9647797269638061, 0.5414016587052197], [0.9217586058110241, 0.9312453563757785], [0.9310334109692495, 0.9112459983755982], [0.9562053990317358, 0.49761823222784307], [0.9218072742039081, 0.9299188926992152], [0.9267175674145505, 0.8991620116119141]]
1.1262, [[0.9671123335084725, 0.9350598400866349], [0.9505650799278298, 0.9518852500676835], [0.937601905851734, 0.9557219796047289], [0.9560020346757551, 0.9080115272989805], [0.9531810060453578, 0.8972698695858042], [0.9383858146085476, 0.9270679144481548], [0.9231300115962264, 0.9113188602111723], [0.9231300115962264, 0.9113188602111723], [0.913983830047766, 0.9161175641187617], [0.8974452672515668, 0.8858930526932876]]
1.0904, [[0.9370804587851171, 0.9134635559967516], [0.9574360141089515, 0.6633497675587926], [0.9722381581733164, 0.643260129489752], [0.9284452953619411, 0.925933827632885], [0.9472208660739269, 0.6492070417577958], [0.9599076732047158, 0.6328892639173864], [0.7053227474074779, 0.7720424576897926], [0.9410034788829645, 0.6342780203603078], [0.949767265915906, 0.08623615316359419], [0.9483002615018239, 0.5602353060967953]]
1.1310, [[0.9390654339520385, 0.9606079555996749], [0.9542186857079257, 0.9461524916523782], [0.9732358602274434, 0.5619437900691416], [0.9622402797493822, 0.6228227504904061], [0.9734235811714257, 0.050460645032777016], [0.9383858146085476, 0.9270679144481548], [0.9524996485449783, 0.042740472094455244], [0.9448048279986019, 0.9209872385163798], [0.9470887661503837, 0.6435689592568378], [0.8935257234674965, 0.8924519486370093]]
1.0844, [[0.9548965668945276, 0.9235744190957497], [0.9182457907389149, 0.9192184701741719], [0.9127375715585518, 0.902407920765274], [0.8725548606050538, 0.8611722924849496], [0.9612043382437032, 0.6386129257513925], [0.9245274897347595, 0.6355449981060179], [0.9283427441055065, 0.6229537366913936], [0.8837590199097622, 0.5912671816467625], [0.9365364156789465, 0.5882422840980536], [0.9061482187934029, 0.5583636662476439]]
1.1506, [[0.9964941375554456, 0.9493443624221639], [0.9483889075031484, 0.9115321319375511], [0.9625392427342423, 0.02959689381043788], [0.9448048279986019, 0.9209872385163798], [0.9322692405171316, 0.6325100535049941], [0.9426356082014753, 0.019191287168157576], [0.68151736275213, 0.7908849835178463], [0.9365729169736098, 0.6289356500868075], [0.9368823088998023, 0.03934518398464378], [0.930904787359484, 0.5154813848453895]]
1.2060, [[0.9933897893521862, 0.9999963974370546], [0.9964941375554456, 0.9493443624221639], [0.9308057124168272, 0.9504395415576211], [0.9765922411795674, 0.03136476675962498], [0.9597529772416196, 0.9296815738651746], [0.9410695288447364, 0.9312565243209099], [0.9196032912690076, 0.9468899362873388], [0.9630485227026384, 0.019128356271051413], [0.9159079697235825, 0.9343297807057127], [0.9570849064174297, 0.08689060392597175]]
1.1491, [[0.958480646399074, 0.9699442676653733], [0.9600901796780317, 0.9355838328670697], [0.975246907747696, 0.8865428754255824], [0.9384396974720982, 0.9379305423698225], [0.9563201173863916, 0.8850446379788506], [0.9315948356443073, 0.9378543481635232], [0.9315948356443073, 0.9378543481635232], [0.9416970034815649, 0.04687721379160477], [0.9293387080027447, 0.9277487988448697], [0.9313636607781068, 0.8958804194268448]]
1.1332, [[0.9700515568073032, 0.9260588365670972], [0.9472156516032604, 0.9597065042866169], [0.9631163108212984, 0.6408019151766589], [0.9402317372243717, 0.9566924199981954], [0.9570849064174297, 0.08689060392597175], [0.9072536865746308, 0.9425583947297177], [0.9277604615477844, 0.9243802223626028], [0.9264325096848001, 0.9361089064163886], [0.9385996079058609, 0.0794581096302199], [0.9362409290078636, 0.10094203777480008]]
1.1264, [[0.9798512853459231, 0.6318549333047733], [0.9255721220248821, 0.9489732083746955], [0.9031620652585766, 0.9407821510693981], [0.9611886948317048, 0.9368686869416116], [0.9353423018963941, 0.9343483339048824], [0.9155499094045054, 0.9184621120837468], [0.9155499094045054, 0.9184621120837468], [0.9080636676847753, 0.9162652691995308], [0.9527429905093995, 0.9148916119483804], [0.94580079189584, 0.911395144481545]]
1.1296, [[0.9611886948317048, 0.9368686869416116], [0.9390654339520385, 0.9606079555996749], [0.9734235811714257, 0.050460645032777016], [0.9551503378002808, 0.9324923835393921], [0.9242858859272272, 0.9561169105676384], [0.9659373394516957, 0.6441305539221214], [0.9383753856672157, 0.9486840126342387], [0.9648683729651311, 0.4965225312087311], [0.9282193349664071, 0.9179041651475499], [0.9607889187472984, 0.03210327822244756]]
1.1507, [[0.9536468320915354, 0.9374958931504378], [0.94652212700466, 0.9867440093854349], [0.9551503378002808, 0.9324923835393921], [0.9560020346757551, 0.9080115272989805], [0.9599076732047158, 0.6328892639173864], [0.9609922831032788, 0.5877509553739781], [0.9367901865847001, 0.956584523237975], [0.9527325615680675, 0.9296896796318022], [0.9229231709264685, 0.9424094287519177], [0.9264325096848001, 0.9361089064163886]]
1.1403, [[0.9763037071360394, 0.9594938630087537], [0.9634761092972638, 0.9551552964533887], [0.9669107073093806, 0.0719321551193367], [0.9609436147103947, 0.9273551287789913], [0.9652212188135421, 0.053586442178841905], [0.9600901796780317, 0.9355838328670697], [0.952772539176508, 0.9424907566104143], [0.9424635306694918, 0.9436310578467649], [0.9708007024263429, 0.09060486418456415], [0.9217586058110241, 0.9312453563757785]]
1.1279, [[0.970234063280619, 0.9523362909484702], [0.9820448393394917, 0.04095242457716139], [0.9676233516337569, 0.8840399479605874], [0.9597529772416196, 0.9296815738651746], [0.9524596709365378, 0.9330755484162078], [0.9072536865746308, 0.9425583947297177], [0.9673521991591161, 0.040603114157401254], [0.9140342365975388, 0.9324863492464581], [0.9397850309039697, 0.07927531581616026], [0.9372229876499921, 0.0997486432943394]]
1.1492, [[0.9598972442633833, 0.9171852737117591], [0.9664535720476466, 0.9543914630448519], [0.958480646399074, 0.9699442676653733], [0.9562975213468379, 0.9535237857594078], [0.9548965668945276, 0.9235744190957497], [0.9536468320915354, 0.9374958931504378], [0.9531810060453578, 0.8972698695858042], [0.9505650799278298, 0.9518852500676835], [0.95046948129895, 0.9745641943867884], [0.9504051694940671, 0.9778610798664382]]
0.6541, [[1.0, 0.017738603636231955], [0.9543073317092501, 0.4910216204121301], [0.930904787359484, 0.5154813848453895], [0.9660120801979111, 0.0509473182789468], [0.9630485227026384, 0.019128356271051413], [0.9556491888273444, 0.024856443446452717], [0.9286677794436979, 0.07089465502879286], [0.9048532919113044, 0.07746793433776417], [0.902023572496463, 0.07268484227300719], [0.9198796582143145, 0.06700142189707003]]
1.1586, [[0.95046948129895, 0.9745641943867884], [0.9839637645446417, 0.6386791441004713], [0.9634761092972638, 0.9551552964533887], [0.9664535720476466, 0.9543914630448519], [0.9245118463227612, 0.9454444979694971], [0.9410695288447364, 0.9312565243209099], [0.9308648097510437, 0.9144522793971661], [0.947990869575631, 0.9126936882952802], [0.9535946873848737, 0.9103969643533978], [0.9357751029616861, 0.8934654677684835]]
1.1023, [[0.9245118463227612, 0.9454444979694971], [0.9544707184567904, 0.9412131076617632], [0.9500836104696533, 0.8729597892719445], [0.9075561258732685, 0.874728197582918], [0.9042953435500242, 0.8811354850397963], [0.926324743957699, 0.8597192096457803], [0.9075700311283781, 0.8391139513652456], [0.9223600080945218, 0.40931933528517694], [0.9050444891690639, 0.3883292388807215], [0.9326985652686464, 0.0]]
1.0740, [[0.9522145908152277, 0.9016376027434349], [0.903255925730568, 0.9141091352766], [0.9123916783376955, 0.5196731180823767], [0.9648683729651311, 0.4965225312087311], [0.8949631792144705, 0.8863362111113615], [0.9067165960960151, 0.5067922257743007], [0.9264151281159129, 0.03899434518851198], [0.9221270950714331, 0.46726908778312115], [0.8923646346658297, 0.5163119517354798], [0.8979823577301821, 0.4891342512894631]]
1.1301, [[0.9700515568073032, 0.9260588365670972], [0.9402317372243717, 0.9566924199981954], [0.9622402797493822, 0.6228227504904061], [0.9505650799278298, 0.9518852500676835], [0.9472782252512545, 0.948217750925007], [0.9229075275144696, 0.92445092266041], [0.9277604615477844, 0.9243802223626028], [0.9373429204753139, 0.9185832482627921], [0.9164832996537499, 0.914862881508889], [0.9423018820788408, 0.9100775971482719]]
1.1492, [[0.9664535720476466, 0.9543914630448519], [0.9504051694940671, 0.9778610798664382], [0.9673521991591161, 0.040603114157401254], [0.9462318548042435, 0.9090587923472615], [0.9245118463227612, 0.9454444979694971], [0.9384396974720982, 0.9379305423698225], [0.9607576319233012, 0.041884008185143644], [0.9220488780114405, 0.9445583575489576], [0.9542690922576985, 0.07989442287494135], [0.9508640429126903, 0.08015493462750356]]
1.1269, [[0.9700515568073032, 0.9260588365670972], [0.963783763066568, 0.036896342943029924], [0.9423018820788408, 0.9100775971482719], [0.9524596709365378, 0.9330755484162078], [0.9562975213468379, 0.9535237857594078], [0.9074848614408308, 0.9095953940980059], [0.9468923544219583, 0.8695129665396497], [0.0, 0.46421122824109884], [0.9164832996537499, 0.914862881508889], [0.9396894322750899, 0.0511473445365977]]
1.0934, [[0.9221827160918724, 0.9408696933489762], [0.9647797269638061, 0.5414016587052197], [0.9400492307510557, 0.6408596828030937], [0.9032698309856776, 0.9274614043858859], [0.9514011333913056, 0.5152485107766678], [0.9328793335850735, 0.638414522964533], [0.8811065924975708, 0.8894989886586547], [0.9459676549571575, 0.544798154619737], [0.9438505798666931, 0.6293962144709252], [0.9360114922985525, 0.5364095851665619]]
1.1367, [[0.95046948129895, 0.9745641943867884], [0.9612043382437032, 0.6386129257513925], [0.937989514837919, 0.9387892132479017], [0.9255721220248821, 0.9489732083746955], [0.9564018107601613, 0.6086566203645489], [0.9245118463227612, 0.9454444979694971], [0.9556491888273444, 0.024856443446452717], [0.9524996485449783, 0.042740472094455244], [0.9309030492025953, 0.5557972181018237], [0.9266932332181085, 0.6276481131203357]]
1.0409, [[0.9214978822777157, 0.8966718863610743], [0.9681343697590414, 0.06894215421390033], [0.9562053990317358, 0.49761823222784307], [0.9160313788626819, 0.8852148506685305], [0.9542690922576985, 0.07989442287494135], [0.94065584750522, 0.48921962115964446], [0.6866485092800286, 0.7769749679150415], [0.6576853845932276, 0.7471093573087417], [0.9521155158725708, 0.0], [0.9079524256438972, 0.5026220683975782]]
1.0737, [[0.9430440750703253, 0.903056922479921], [0.9218072742039081, 0.9299188926992152], [0.9385578921405316, 0.5068536339919767], [0.9304580810390826, 0.9033916906416388], [0.9337849133240983, 0.33350840104153684], [0.9245066318520947, 0.9028393276780075], [0.9333920898672468, 0.4091412307078965], [0.9022999394417703, 0.8952814271606051], [0.9236010521130704, 0.8689479032941759], [0.8875169151031814, 0.8654858818741403]]
0.8120, [[0.983171165003384, 0.5071375432686321], [0.9472208660739269, 0.6492070417577958], [0.9722381581733164, 0.643260129489752], [0.9972676173709273, 0.05475633787258704], [0.9547470854020973, 0.632598975288043], [0.9460041562518208, 0.6392162695091429], [0.9634830619248191, 0.08922645974430496], [0.9245274897347595, 0.6355449981060179], [0.9133407119989384, 0.6310650429979033], [0.9177278199860751, 0.6222919946562651]]
1.1597, [[0.9245118463227612, 0.9454444979694971], [0.940951334176303, 0.9446843571879793], [0.9472782252512545, 0.948217750925007], [0.9763037071360394, 0.9594938630087537], [0.9220488780114405, 0.9445583575489576], [0.9504051694940671, 0.9778610798664382], [0.9653011740304229, 0.9614476229582167], [0.9548965668945276, 0.9235744190957497], [0.9764653557266909, 0.055529314222592656], [0.9342281433307226, 0.03621270019195259]]
1.1398, [[0.9634761092972638, 0.9551552964533887], [0.9542186857079257, 0.9461524916523782], [0.939251416739132, 0.9547350574857865], [0.9874696269891962, 0.6347831087010438], [0.9563201173863916, 0.8850446379788506], [0.9839637645446417, 0.6386791441004713], [0.9514011333913056, 0.5152485107766678], [0.9652785779908697, 0.027546920792437993], [0.9308057124168272, 0.9504395415576211], [0.9410695288447364, 0.9312565243209099]]
1.1113, [[0.9307865926910511, 0.972937817345005], [0.9350485533821995, 0.6416324194042974], [0.9159514236458005, 0.5675804223758646], [0.9141385260108621, 0.5103026597313933], [0.9049158655592985, 0.5080186267161689], [0.9385578921405316, 0.5068536339919767], [0.9171055598199125, 0.5022327693419386], [0.9221270950714331, 0.46726908778312115], [0.9291648923138722, 0.35115195704283325], [0.9337849133240983, 0.33350840104153684]]
1.1144, [[0.9611956474592596, 0.9346843629636318], [0.9308057124168272, 0.9504395415576211], [0.952772539176508, 0.9424907566104143], [0.9611834803610383, 0.9237185216135727], [0.9269869817323027, 0.9376267562494359], [0.9522145908152277, 0.9016376027434349], [0.9448048279986019, 0.9209872385163798], [0.9229231709264685, 0.9424094287519177], [0.9310334109692495, 0.9112459983755982], [0.902744907605283, 0.9165974255031137]]
1.0805, [[0.94580079189584, 0.911395144481545], [0.983171165003384, 0.5071375432686321], [0.9460041562518208, 0.6392162695091429], [0.9514011333913056, 0.5152485107766678], [0.9322692405171316, 0.6325100535049941], [0.9364929617567285, 0.6286204507451918], [0.9498785079567842, 0.05263002245481893], [0.9177278199860751, 0.6222919946562651], [0.9341777367809497, 0.5600057712130765], [0.9467168005761972, 0.042096911013726486]]
