mean:0.244889,,,,,,,,,,,,,,,,,,,,,,,,,,,,,,
0.2184, [[0.20950564438571703,0.3935053855589768, 0.6075451424846599], [0.9431248285744344,0.9217389421565648, 0.0], [0.2096028045332902,0.4438354655341067, 0.6043293871270892], [0.976773470805363,0.9182333015509871, 0.0], [0.20819515774690997,0.3807505022776085, 0.6002032144963053], [0.9421652383588639,0.9087585972115882, 0.0], [0.20451485345500212,0.4076391751410338, 0.5990467972507324], [0.9402905177060507,0.9086638501681944, 0.0], [0.20081161891828453,0.4779633964761466, 0.598859265188229], [0.19832368735646522,0.3614458140679696, 0.5940060426762979]]
0.2373, [[0.0,0.0, 0.9346639005110481], [0.21191847755683213,0.5382905471312679, 0.4702428082582037], [0.9988699806341739,0.9560373718651888, 0.0], [0.20947714042140786,0.4376303871810086, 0.616940009213363], [0.0,0.0, 0.8757979306974515], [0.95011242373492,0.9218336891999588, 0.0], [0.0,0.0, 0.5601237467062227], [0.0,0.0, 0.8707399326891159], [0.6803331191932764,0.770120066400522, 0.0], [0.6605005130239459,0.7426728277227356, 0.0]]
0.2464, [[0.9965877120133577,0.9530054664765814, 0.0], [0.0,0.3590327280417646, 0.9920890670612891], [0.20948138860839624,0.492786639208548, 0.6199404612670217], [0.0,0.3528276496886666, 0.9946128603992793], [0.961712720896893,0.9503525492615494, 0.0], [0.20951085184073506,0.492786639208548, 0.6160180121247858], [0.0,0.2680249121963245, 0.9939727670134931], [0.8780468280474287,0.8819451839310892, 0.0], [0.20946713662624164,0.4148784332196485, 0.6094933143691611], [0.0,0.2638881932942594, 0.9881524927387038]]
0.2485, [[0.0,0.3104262809424958, 0.9917647578955108], [0.20952852978013836,0.4996811707119905, 0.6161945332049605], [0.9894963773701075,0.9891988370530852, 0.0], [0.20926141413054702,0.3983315576113868, 0.6139239548821611], [0.1698328581807908,0.311460460668012, 0.6012220960400966], [0.0,0.0, 0.8672536525836315], [0.9847947558119652,0.9747972864571988, 0.0], [0.1717131382551612,0.2466518645356533, 0.5789213422487977], [0.9782221185825369,0.9729023455893192, 0.0], [0.18041516616032693,0.3124946403935282, 0.5745744624002652]]
0.1934, [[0.683055241608675,0.7768614934441889, 0.0], [0.013643495661590557,0.3835083148789853, 0.9948370616566784], [0.6575251699187429,0.7545184780994644, 0.0], [0.20952250009538065,0.4035024562389687, 0.6144957946064973], [0.5620428826703193,0.7216780977867444, 0.0], [0.2095885525511356,0.4459038249851394, 0.6110016564244782], [0.3949624692899482,0.6772610337455447, 0.0], [0.20962267508533267,0.4121206206182717, 0.6057613024010022], [0.22194170278561778,0.6682110850144298, 0.0], [0.0,0.0, 0.5591635768578747]]
0.2659, [[0.9959838000244079,0.980197867930656, 0.0], [0.0,0.3328335083286837, 0.9922828771278357], [0.9965877120133577,0.9530054664765814, 0.0], [0.21187092527022017,0.515193866594736, 0.4706227682450731], [0.2095885525511356,0.4459038249851394, 0.6110016564244782], [0.2150718656468264,0.6738409949808791, 0.2566128219272538], [0.2120050857560793,0.5682817591712427, 0.47043017061561365], [0.0,0.0218901375234298, 0.940305512151182], [0.9941164893346494,0.9524369842162173, 0.0], [0.21193793699400473,0.4352173011548036, 0.4702291975919434]]
0.2655, [[0.994272098558796,0.9758395039345328, 0.0], [0.0,0.3469672979107404, 0.9852090986800986], [0.9757953556821561,0.9981050591321202, 0.0], [0.20952852978013836,0.4996811707119905, 0.6161945332049605], [0.20953195573738706,0.4727924978485648, 0.6183019173929867], [0.9968211258495776,0.9590692772537964, 0.0], [0.0,0.0, 0.8807136230313872], [0.2095015332370186,0.4252202304748121, 0.6160336347177948], [0.9758546353865929,0.94656266752579, 0.0], [0.21464951363720655,0.6706840361211879, 0.2452919544906048]]
0.2416, [[0.9815825368277971,0.9610589651650704, 0.0], [0.010502052122703361,0.3676508924210677, 0.9982998753630647], [0.851574735034878,0.8787237844556935, 0.0], [0.9707010060821202,0.9545214191708852, 0.0], [0.0,0.3528276496886666, 0.9946128603992793], [0.9818381805531806,0.9488365965672456, 0.0], [0.20957937098570908,0.4576245285409915, 0.6096119770034459], [0.9758546353865929,0.94656266752579, 0.0], [0.20956388565894496,0.3824741351534692, 0.6087715871399878], [0.9960134398766264,0.9421095564862726, 0.0]]
0.2564, [[0.9847317711260012,0.9748920335005928, 0.0], [0.2093385947102704,0.5203647652223178, 0.6060890518067406], [0.007142771258126946,0.4355620277299758, 0.9979400696716791], [0.20683080818075097,0.4386645669065248, 0.6105484590189609], [0.209295809497761,0.442111832658246, 0.6090326205568557], [0.9513054277867103,0.9539529369105212, 0.0], [0.0,0.4045366359644848, 0.9932284236552816], [0.0,0.2831928815038979, 0.9933879172028383], [0.20953181869909712,0.4183256989713697, 0.6139633059389338], [0.2094796071106269,0.4152231597948207, 0.614908482973705]]
0.2468, [[0.20947453669389884,0.4645190600444339, 0.6170494079953566], [0.0,0.3386938601066095, 0.9945117410566564], [0.977640436482751,0.9668385348121036, 0.0], [0.20734673868896236,0.4745161307244254, 0.6097739725257513], [0.0,0.3283520628514459, 0.9944106217140335], [0.9707010060821202,0.9545214191708852, 0.0], [0.9758546353865929,0.94656266752579, 0.0], [0.0,0.2680249121963245, 0.9939727670134931], [0.22757299796242922,0.6850817795496957, 0.0], [0.21157040030036411,0.5089887882416375, 0.4695096931896784]]
0.1853, [[0.2093195463879676,0.4321147619782546, 0.6138770667876688], [0.6279616543840683,0.744502643634588, 0.0], [0.013987449333731495,0.3617905406431418, 0.9895038411338651], [0.5105813595444602,0.7466213778483117, 0.0], [0.0,0.3528276496886666, 0.9946128603992793], [0.011602703873554405,0.4224624178734353, 0.9909830155520424], [0.0,0.1921850656584578, 0.996888659693371], [0.5641771713415288,0.7247598930067064, 0.0], [0.5146757155956667,0.7418060728171211, 0.0], [0.0,0.3328335083286837, 0.9922828771278357]]
0.2393, [[0.20945918840542466,0.4983022644113021, 0.6085117117046563], [0.21190189592374842,0.5472534380857432, 0.47057939083437866], [0.9988699806341739,0.9560373718651888, 0.0], [0.9955095623889136,0.980387362017444, 0.0], [0.20959787115485207,0.3197338984721429, 0.605377563572205], [0.21194615929140162,0.5348432813795466, 0.4701963792161506], [0.20947494780876869,0.3717876113231333, 0.6067822967532108], [0.21185900293899468,0.5034731630388839, 0.4703209183089675], [0.9838092307257037,0.963617135336708, 0.0], [0.9653991775165554,0.9325401051034796, 0.0]]
0.2633, [[0.20973641686598954,0.4734819509989092, 0.6165146236801857], [0.2146177207539386,0.6809441524151845, 0.28604376831580774], [0.9772884632376576,0.9525317312596114, 0.0], [0.9712678682557969,0.9680702463762256, 0.0], [0.20975779483922144,0.4417671060830738, 0.6054140298328695], [0.969771055718768,0.94466772665791, 0.0], [0.9675702966915526,0.9623854237725862, 0.0], [0.0,0.4110864408927551, 0.9873669454759365], [0.0,0.3590327280417646, 0.9920890670612891], [0.0,0.2680249121963245, 0.9939727670134931]]
0.2666, [[0.9630279893390841,0.9878723784455694, 0.0], [0.0,0.4110864408927551, 0.9873669454759365], [0.20953195573738706,0.4727924978485648, 0.6183019173929867], [0.21489864924833207,0.6822069359590609, 0.2739962668505431], [0.009023051332497367,0.3331782349038555, 0.9967331396374868], [0.21471227717400274,0.6830487916549786, 0.2723872915014653], [0.977640436482751,0.9668385348121036, 0.0], [0.20947714042140786,0.4376303871810086, 0.616940009213363], [0.0,0.0274057627261838, 0.9366017121953012], [0.9616608511555108,0.964754099857436, 0.0]]
0.2233, [[0.9848799703870932,0.9962101182642404, 0.0], [0.2093377724805307,0.4317700354030824, 0.6124549841990823], [0.0,0.0, 0.9436614509724622], [0.21155395570557034,0.3897133932320837, 0.25231939682813287], [0.9846095067356002,0.9857879434909016, 0.0], [0.0,0.0, 0.9408026320820619], [0.8779245636570278,0.8801449901066034, 0.0], [0.6818886177163612,0.776283656840446, 0.0], [0.13683623590007,0.0505024432627157, 0.46514106752875245], [0.0,0.0, 0.5634415872781884]]
0.2489, [[0.9947426312127627,0.9524369842162173, 0.0], [0.9947685660834539,0.94514146187488, 0.0], [0.0,0.3814399554279525, 0.9932722043089821], [0.994272098558796,0.9758395039345328, 0.0], [0.9924047878690372,0.983324520362658, 0.0], [0.20944891053367856,0.472447771273393, 0.619018443862979], [0.20973641686598954,0.4734819509989092, 0.6165146236801857], [0.9757953556821561,0.9981050591321202, 0.0], [0.9847577059966922,0.9596377595141606, 0.0], [0.0,0.4024682765134521, 0.9925278609507702]]
0.2641, [[0.008197562519359032,0.3897133932320837, 0.9877724342806722], [0.9995887470504699,0.9693967049837416, 0.0], [0.2146177207539386,0.6809441524151845, 0.28604376831580774], [0.9619794795668585,0.9730918396761068, 0.0], [0.0,0.4110864408927551, 0.9873669454759365], [0.9621647286432233,0.9693967049837416, 0.0], [0.9778479154482798,0.9440992443975462, 0.0], [0.21458825752159977,0.6703683402352187, 0.23465242320289617], [0.2093377724805307,0.4317700354030824, 0.6124549841990823], [0.2095885525511356,0.4459038249851394, 0.6110016564244782]]
0.2367, [[0.9756138115873185,0.9945994185265424, 0.0], [0.0,0.0, 0.9462597532997536], [0.9712678682557969,0.9680702463762256, 0.0], [0.0,0.0046538087648237, 0.9359031964410456], [0.9947426312127627,0.9524369842162173, 0.0], [0.2097254538027937,0.4717583181230486, 0.6126159030017138], [0.9947685660834539,0.94514146187488, 0.0], [0.20965350870057098,0.3531723762638388, 0.6097121119331478], [0.970204538557462,0.9416358212693028, 0.0], [0.20945918840542466,0.4983022644113021, 0.6085117117046563]]
0.269, [[0.010502052122703361,0.3676508924210677, 0.9982998753630647], [0.9847947558119652,0.9747972864571988, 0.0], [0.007142771258126946,0.4355620277299758, 0.9979400696716791], [0.20952852978013836,0.4996811707119905, 0.6161945332049605], [0.9738909951771245,0.9784924211495644, 0.0], [0.010123703083348411,0.362824720368658, 0.993732912607081], [0.20968708308160824,0.4538325362140981, 0.6146590090567359], [0.20968708308160824,0.4538325362140981, 0.6146590090567359], [0.22780945013559917,0.6776819615935036, 0.0], [0.21460209838888453,0.6743145388098328, 0.26043131977245276]]
0.2667, [[0.9847725259228014,1.0, 0.0], [0.9848799703870932,0.9962101182642404, 0.0], [0.9924047878690372,0.983324520362658, 0.0], [0.0,0.1921850656584578, 0.996888659693371], [0.0,0.4028130030886242, 0.9841734863414094], [0.21497621292044267,0.6728939073229718, 0.2482137677986555], [0.20944891053367856,0.472447771273393, 0.619018443862979], [0.21460223542717446,0.6687898608053732, 0.2747418472677125], [0.2082066228693147,0.4576245285409915, 0.6097552213510475], [0.20941232131026244,0.4024682765134521, 0.6175876865706019]]
0.265, [[0.20944891053367856,0.472447771273393, 0.619018443862979], [0.21154367783382425,0.5017495301630234, 0.4700042006166688], [0.0,0.2669907324708084, 0.9965279388948124], [0.2150718656468264,0.6738409949808791, 0.2566128219272538], [0.9838092307257037,0.963617135336708, 0.0], [0.0,0.3328335083286837, 0.9922828771278357], [0.21487137862863243,0.6718415877030748, 0.28086373228753636], [0.2093385947102704,0.5203647652223178, 0.6060890518067406], [0.2146137466435301,0.673209603208941, 0.2590435635235304], [0.9778479154482798,0.9440992443975462, 0.0]]
0.2738, [[0.9955095623889136,0.980387362017444, 0.0], [0.007142771258126946,0.4355620277299758, 0.9979400696716791], [0.21474105521489184,0.6795235209283235, 0.280000404068264], [0.21485726368476776,0.6685793968813938, 0.2703074583692466], [0.21495373864089118,0.6698947964062651, 0.25792932908119276], [0.2146448543353483,0.6732622191899358, 0.24170188071022242], [0.21476585914537244,0.6739988429238638, 0.2522105885192209], [0.00881667912921268,0.4162573395203369, 0.9965941637560203], [0.20951085184073506,0.492786639208548, 0.6160180121247858], [0.2093385947102704,0.5203647652223178, 0.6060890518067406]]
0.2684, [[0.009023051332497367,0.3331782349038555, 0.9967331396374868], [0.9965877120133577,0.9530054664765814, 0.0], [0.9894963773701075,0.9891988370530852, 0.0], [0.9975398922658735,0.9485523554370638, 0.0], [0.008656167415546949,0.4286674962265333, 0.9957736738483032], [0.9855728019326979,0.998199806175514, 0.0], [0.21465321367103515,0.6711049639691468, 0.2838949543182207], [0.20931899823480782,0.4621059740182293, 0.6109079005509592], [0.9847947558119652,0.9747972864571988, 0.0], [0.19316438227435112,0.436596207455492, 0.6105172138329433]]
0.2626, [[0.2146570507431537,0.6728412913419769, 0.26885545785209425], [0.2093377724805307,0.4317700354030824, 0.6124549841990823], [0.9848799703870932,0.9962101182642404, 0.0], [0.005503258754255014,0.3259389768252412, 0.9958241251516599], [0.21458551675580081,0.6807336884912051, 0.26627734804344083], [0.0,0.3604116343424534, 0.9949579280488253], [0.21490111593755115,0.6549038914285027, 0.2657160279262195], [0.013643495661590557,0.3835083148789853, 0.9948370616566784], [0.0,0.0, 0.9382494108239272], [0.977640436482751,0.9668385348121036, 0.0]]
0.2605, [[0.013643495661590557,0.3835083148789853, 0.9948370616566784], [0.21190189592374842,0.5472534380857432, 0.47057939083437866], [1.0,0.9796293856702922, 0.0], [0.20947220704296973,0.351104016812806, 0.6058133912546758], [0.20945918840542466,0.4983022644113021, 0.6085117117046563], [0.0,0.0, 0.8742229580828386], [0.21186146962821373,0.4731372244237369, 0.4703597488540042], [0.21183693977431303,0.48175538880304, 0.47045939860721947], [0.9892444386262512,0.9551846484746432, 0.0], [0.9779887047463172,0.9419200623994846, 0.0]]
0.2456, [[0.9782221185825369,0.9729023455893192, 0.0], [0.20961883801321413,0.4717583181230486, 0.6068986231089574], [0.9838092307257037,0.963617135336708, 0.0], [0.20951139999389487,0.4283227696513612, 0.6152679041902375], [0.9757953556821561,0.9981050591321202, 0.0], [0.0,0.3766137833755429, 0.9892564972976949], [0.0,0.0, 0.9496818929004743], [0.9762362484839047,0.9714811399384092, 0.0], [0.9755100721045541,0.9772607095854424, 0.0], [0.20957539687530058,0.3900581198072556, 0.6102642862868304]]
0.2273, [[0.9488527300156384,0.9171910840736534, 0.0], [0.0,0.0, 0.8757607434164422], [0.20959787115485207,0.3197338984721429, 0.605377563572205], [0.20420529515007516,0.3728217910486495, 0.5907999574803295], [0.2032192946232711,0.387645033781051, 0.5984216903757211], [0.21465321367103515,0.6711049639691468, 0.2838949543182207], [0.21458551675580081,0.6807336884912051, 0.26627734804344083], [0.9463740973738753,0.9137801905114696, 0.0], [0.0,0.0, 0.8732495133791907], [0.5596282425211121,0.7324643810566114, 0.0]]
0.2666, [[0.9969322752953965,0.963711882380102, 0.0], [0.0,0.3104262809424958, 0.9917647578955108], [0.0,0.433493668278943, 0.9915385337696238], [0.9848799703870932,0.9962101182642404, 0.0], [0.2082066228693147,0.4576245285409915, 0.6097552213510475], [0.9847947558119652,0.9747972864571988, 0.0], [0.976351102911251,0.9560373718651888, 0.0], [0.21483328198402687,0.6751563945057505, 0.2560980005171521], [0.214951546028252,0.6751037785247557, 0.259077920530943], [0.2146177207539386,0.6809441524151845, 0.28604376831580774]]
0.2593, [[0.9894963773701075,0.9891988370530852, 0.0], [0.0,0.3386938601066095, 0.9945117410566564], [0.21190189592374842,0.5472534380857432, 0.47057939083437866], [0.0,0.4045366359644848, 0.9932284236552816], [0.20947453669389884,0.4645190600444339, 0.6170494079953566], [0.9855728019326979,0.998199806175514, 0.0], [0.0,0.4028130030886242, 0.9841734863414094], [0.0,0.2897426864321685, 0.9936443880289716], [0.20498492347359457,0.3597221811921091, 0.5876438686450829], [0.9871733539524912,0.9768817214118664, 0.0]]
0.2531, [[0.9995887470504699,0.9693967049837416, 0.0], [0.21185900293899468,0.5034731630388839, 0.4703209183089675], [0.20947453669389884,0.4645190600444339, 0.6170494079953566], [0.9757953556821561,0.9981050591321202, 0.0], [0.0,0.2669907324708084, 0.9965279388948124], [0.20965350870057098,0.3531723762638388, 0.6097121119331478], [0.9721311289516574,0.973660321936471, 0.0], [0.0,0.3152524529949054, 0.9936881686826721], [0.20953702615411515,0.3924712058334606, 0.6074409444618474], [0.0,0.3814399554279525, 0.9932722043089821]]
0.2176, [[0.0,0.1184135785716238, 0.5966629195765539], [0.04536748935538986,0.1577124081412456, 0.590864580976248], [0.21196753726463352,0.5489770709616038, 0.47034948782489416], [0.9846095067356002,0.9857879434909016, 0.0], [0.0,0.0, 0.5570582445318691], [0.21158355597619913,0.4769292167506304, 0.4700248423977396], [0.55403025655722,0.7253377296104493, 0.0], [0.0,0.0, 0.5539810000184267], [0.49893297880303356,0.720907648981754, 0.0], [0.48944377974818554,0.7222559343904873, 0.0]]
0.2369, [[0.0,0.3697192518721005, 0.9940603524026619], [0.9995887470504699,0.9693967049837416, 0.0], [0.9981438042548233,0.9872091491418116, 0.0], [0.9894963773701075,0.9891988370530852, 0.0], [0.0,0.3590327280417646, 0.9920890670612891], [0.9988699806341739,0.9560373718651888, 0.0], [0.9846095067356002,0.9857879434909016, 0.0], [0.9871733539524912,0.9768817214118664, 0.0], [0.2118336508553543,0.5307065624774815, 0.4703703690516665], [0.974876520263386,0.9606799769914944, 0.0]]
0.2457, [[0.9778479154482798,0.9440992443975462, 0.0], [0.0,0.399365737336903, 0.9911267596235154], [0.9761917887055772,0.9543319250840973, 0.0], [0.20967666817157218,0.4162573395203369, 0.6008740108533417], [0.9756138115873185,0.9945994185265424, 0.0], [0.21200275610515015,0.4951997252347527, 0.47028325506172547], [0.0,0.3590327280417646, 0.9901853551601161], [0.9755100721045541,0.9772607095854424, 0.0], [0.0,0.0108588871179217, 0.9425277776756498], [0.0,0.0367133802558308, 0.9386916002426557]]
0.2564, [[0.005503258754255014,0.3259389768252412, 0.9958241251516599], [0.962531521814426,0.9168120959000774, 0.0], [0.21471392163348213,0.6839261063422101, 0.27022893759696603], [0.008197562519359032,0.3897133932320837, 0.9877724342806722], [0.8536235898194743,0.8763551083708438, 0.0], [0.852282386506592,0.8833663895819991, 0.0], [0.20944891053367856,0.472447771273393, 0.619018443862979], [0.8508078038587271,0.8731337088954483, 0.0], [0.0,0.064980959419945, 0.5901250370837863], [0.21157574479367208,0.3848872211796738, 0.2573082344423374]]
0.1938, [[0.2149731980780638,0.6788395131753903, 0.2732113926909152], [0.0,0.0201665046475691, 0.9413532617007978], [0.21471227717400274,0.6830487916549786, 0.2723872915014653], [0.2146530766327452,0.6758404022586837, 0.2760368729529389], [0.21487137862863243,0.6718415877030748, 0.28086373228753636], [0.22617295220023853,0.6741566908668483, 0.0], [0.0,0.0, 0.9258750138310035], [0.9847947558119652,0.9747972864571988, 0.0], [0.48839841224574987,0.7302493407422637, 0.0], [0.22194170278561778,0.6682110850144298, 0.0]]
0.2337, [[1.0,0.9796293856702922, 0.0], [0.20960266749500026,0.4262544102003283, 0.6116765158746245], [0.20957937098570908,0.4576245285409915, 0.6096119770034459], [0.2095708746117323,0.4066049954155177, 0.6083415493651991], [0.2095780006028096,0.3817846820031247, 0.608343276179771], [0.209711475897219,0.4648637866196061, 0.5988957111334279], [0.21187092527022017,0.515193866594736, 0.4706227682450731], [0.21198137813191828,0.493476092358892, 0.4703238801481881], [0.9968211258495776,0.9590692772537964, 0.0], [0.21189805885162985,0.4951997252347527, 0.4703897550441399]]
0.2411, [[0.00881667912921268,0.4162573395203369, 0.9965941637560203], [0.0,0.3697192518721005, 0.9940603524026619], [0.0,0.3128393669687004, 0.9907326855766756], [0.0,0.2697485450721852, 0.989617194014486], [0.9955095623889136,0.980387362017444, 0.0], [0.2093195463879676,0.4321147619782546, 0.6138770667876688], [0.9947685660834539,0.94514146187488, 0.0], [0.2060855752244456,0.4331489417037708, 0.6116511215426854], [0.970204538557462,0.9416358212693028, 0.0], [0.9519500945724603,0.937182710229785, 0.0]]
0.2549, [[0.013643495661590557,0.3835083148789853, 0.9948370616566784], [1.0,0.9796293856702922, 0.0], [0.21190970710627544,0.509678241391982, 0.46929687280912574], [0.20094920038714098,0.4910630063326875, 0.5999687943393096], [0.0,0.0218901375234298, 0.940305512151182], [0.9995887470504699,0.9693967049837416, 0.0], [0.21185146583304754,0.5082993350912935, 0.47060975489173124], [0.20960266749500026,0.4262544102003283, 0.6116765158746245], [0.20957937098570908,0.4576245285409915, 0.6096119770034459], [0.20959430815931343,0.3297309691521343, 0.6082142120271242]]
0.2619, [[0.0,0.399365737336903, 0.9911267596235154], [0.0,0.3766137833755429, 0.9892564972976949], [0.20941232131026244,0.4024682765134521, 0.6175876865706019], [0.2095551152083883,0.4183256989713697, 0.6159340889365936], [0.20961883801321413,0.4717583181230486, 0.6068986231089574], [0.9783814327882108,0.9396461333580288, 0.0], [0.21476873694946133,0.6797339848523029, 0.2579947074642301], [0.9749691448015685,0.9801031208872624, 0.0], [0.2094796071106269,0.4152231597948207, 0.614908482973705], [0.9621647286432233,0.9693967049837416, 0.0]]
0.2569, [[0.9847725259228014,1.0, 0.0], [0.9848799703870932,0.9962101182642404, 0.0], [0.0,0.3207680781976594, 0.9919815901319902], [0.21184091388472154,0.5341538282292028, 0.4702907637666037], [0.0,0.4110864408927551, 0.9873669454759365], [0.20947714042140786,0.4376303871810086, 0.616940009213363], [0.9841463840446878,0.9942204303529668, 0.0], [0.0,0.2697485450721852, 0.989617194014486], [0.20931899823480782,0.4621059740182293, 0.6109079005509592], [0.9474485420167921,0.9166226018132894, 0.0]]
0.2379, [[0.9796003717106923,0.9664595466385276, 0.0], [0.9809786248388472,0.9518685019558536, 0.0], [0.20961760466860457,0.3679956189962399, 0.6157245552248983], [0.20963144553588933,0.4479721844361722, 0.6107203684884557], [0.2096307603444396,0.4145337066444763, 0.6089701098693544], [0.2095337372351564,0.3862661274803626, 0.6054383474451344], [0.2120050857560793,0.5682817591712427, 0.47043017061561365], [0.21196507057541444,0.5638003136940053, 0.4706566029637619], [0.21195164082299955,0.5107124211174981, 0.4704353759569504], [0.9758546353865929,0.94656266752579, 0.0]]
0.2449, [[0.20955305963403906,0.5103676945423263, 0.616107136072159], [0.9794781073202912,0.9347192871015412, 0.0], [0.22528314533804628,0.6694738685583063, 0.0], [0.21187092527022017,0.515193866594736, 0.4706227682450731], [0.21193793699400473,0.4352173011548036, 0.4702291975919434], [0.22473557188438953,0.6715785077981005, 0.0], [0.9760435894444852,0.9396461333580288, 0.0], [0.2146570507431537,0.6728412913419769, 0.26885545785209425], [0.215995914835946,0.6682637009954246, 0.0], [0.21489864924833207,0.6822069359590609, 0.2739962668505431]]
0.2409, [[0.9760435894444852,0.9396461333580288, 0.0], [0.209711475897219,0.4648637866196061, 0.5988957111334279], [0.20968708308160824,0.4538325362140981, 0.6146590090567359], [0.2296139535624227,0.6817860081111021, 0.0], [0.0,0.2487202239866857, 0.9905356485532558], [0.21187092527022017,0.515193866594736, 0.4706227682450731], [0.2119575334694673,0.4110864408927551, 0.47059934420905775], [0.20081161891828453,0.4779633964761466, 0.598859265188229], [0.6837244677174438,0.7717572701111267, 0.0], [0.0,0.0, 0.9323720782465976]]
0.2677, [[0.9848799703870932,0.9962101182642404, 0.0], [0.008656167415546949,0.4286674962265333, 0.9957736738483032], [0.20961883801321413,0.4717583181230486, 0.6068986231089574], [0.20081161891828453,0.4779633964761466, 0.598859265188229], [0.22528314533804628,0.6694738685583063, 0.0], [0.0,0.3528276496886666, 0.9946128603992793], [0.012611634645167742,0.4148784332196485, 0.9945886100591932], [0.2057530866747094,0.4272885899258449, 0.5958588131345706], [0.21485726368476776,0.6685793968813938, 0.2703074583692466], [0.20451485345500212,0.4076391751410338, 0.5990467972507324]]
0.2301, [[0.9707010060821202,0.9545214191708852, 0.0], [0.9783814327882108,0.9396461333580288, 0.0], [0.20952852978013836,0.4996811707119905, 0.6161945332049605], [0.2158366763430264,0.6405422085141053, 0.0], [0.968307588015485,0.9433412680503944, 0.0], [0.9760435894444852,0.9396461333580288, 0.0], [0.20961760466860457,0.3679956189962399, 0.6157245552248983], [0.21157040030036411,0.5089887882416375, 0.4695096931896784], [0.2118718845382498,0.4727924978485648, 0.4702606378536173], [0.21169743479514594,0.4772739433258026, 0.47000683321804987]]
0.2587, [[0.0,0.433493668278943, 0.9915385337696238], [0.21487137862863243,0.6718415877030748, 0.28086373228753636], [0.2093925877965099,0.4496958173120329, 0.5932074010945475], [0.9636244913649792,0.9635223882933142, 0.0], [0.014331403005872434,0.4090180814417222, 0.9914684558255817], [0.21474914047399876,0.6718942036840696, 0.2523556885019826], [0.8520415627073176,0.8709545268973864, 0.0], [0.21127357536433666,0.3548960091396994, 0.2516357924495775], [0.2117064793222825,0.4517641767630657, 0.24471722513359748], [0.8492702365248981,0.8374140735359142, 0.0]]
0.2669, [[0.2146177207539386,0.6809441524151845, 0.28604376831580774], [0.21190189592374842,0.5472534380857432, 0.47057939083437866], [0.21476585914537244,0.6739988429238638, 0.2522105885192209], [0.21198137813191828,0.493476092358892, 0.4703238801481881], [0.013643495661590557,0.3835083148789853, 0.9948370616566784], [0.9818381805531806,0.9488365965672456, 0.0], [0.20953620392437544,0.4562456222403031, 0.6161401487036798], [0.2146570507431537,0.6728412913419769, 0.26885545785209425], [0.006707096606748298,0.0853198273551001, 0.5875803828152354], [0.17498069814050016,0.2645776464446033, 0.5773861228325563]]
0.2599, [[0.9619794795668585,0.9730918396761068, 0.0], [0.01091479652927253,0.3548960091396994, 0.9999998795911614], [0.21460209838888453,0.6743145388098328, 0.26043131977245276], [0.2116163081274967,0.4951997252347527, 0.4700047094387845], [0.2146448543353483,0.6732622191899358, 0.24170188071022242], [0.2095015332370186,0.4252202304748121, 0.6160336347177948], [0.9472818178480636,0.9352877693619052, 0.0], [0.010502052122703361,0.3676508924210677, 0.9982998753630647], [0.8511783020114569,0.8600586169070776, 0.0], [0.0,0.3152524529949054, 0.9936881686826721]]
0.2661, [[0.01091479652927253,0.3548960091396994, 0.9999998795911614], [1.0,0.9796293856702922, 0.0], [1.0,0.9796293856702922, 0.0], [0.9894963773701075,0.9891988370530852, 0.0], [0.209711475897219,0.4648637866196061, 0.5988957111334279], [0.008656167415546949,0.4286674962265333, 0.9957736738483032], [0.9782221185825369,0.9729023455893192, 0.0], [0.9847577059966922,0.9596377595141606, 0.0], [0.20967666817157218,0.4162573395203369, 0.6008740108533417], [0.21460209838888453,0.6743145388098328, 0.26043131977245276]]
0.1283, [[0.14948226591245195,0.0601547873675353, 0.4651988897616563], [0.0,0.1125532267936976, 0.595628679540806], [0.14416244911667195,0.0829067413288954, 0.4653849807144448], [0.21205743438283944,0.1849458075798432, 0.0], [0.14252293661280022,0.0325766613537656, 0.4653701884357011], [0.15011284764471033,0.104624515564739, 0.4653131470039978], [0.0,0.0201665046475691, 0.9413532617007978], [0.8811330776596688,0.8909461530535182, 0.0], [0.8490923974115877,0.8629957752522913, 0.0], [0.0,0.0, 0.9412420280157358]]
0.2513, [[0.0,0.0, 0.8619005093958618], [0.984420552677708,0.999621011826424, 0.0], [0.9924047878690372,0.983324520362658, 0.0], [0.20973641686598954,0.4734819509989092, 0.6165146236801857], [0.21474845528254902,0.6748933146007763, 0.25727888088260653], [0.0,0.0, 0.8669674578615425], [0.0,0.0, 0.8593513443735475], [0.9712678682557969,0.9680702463762256, 0.0], [0.2095780006028096,0.3817846820031247, 0.608343276179771], [0.21472543284983775,0.7023205715613581, 0.2419194973280469]]
0.2695, [[0.9757953556821561,0.9981050591321202, 0.0], [0.976847570435909,0.9902410545304192, 0.0], [0.9782221185825369,0.9729023455893192, 0.0], [0.007819213480004084,0.3783374162514035, 0.9934225949483437], [0.0,0.399365737336903, 0.9911267596235154], [0.21474105521489184,0.6795235209283235, 0.280000404068264], [0.20948138860839624,0.492786639208548, 0.6199404612670217], [0.20951085184073506,0.492786639208548, 0.6160180121247858], [0.2095885525511356,0.4459038249851394, 0.6110016564244782], [0.0,0.0, 0.933438216261572]]
0.2626, [[0.9947426312127627,0.9524369842162173, 0.0], [0.2096241825065221,0.4076391751410338, 0.6082686168438702], [0.01091479652927253,0.3548960091396994, 0.9999998795911614], [0.010123703083348411,0.362824720368658, 0.993732912607081], [0.21472543284983775,0.7023205715613581, 0.2419194973280469], [0.21185900293899468,0.5034731630388839, 0.4703209183089675], [0.21485726368476776,0.6685793968813938, 0.2703074583692466], [0.0,0.3469672979107404, 0.9852090986800986], [0.0,0.3528276496886666, 0.9946128603992793], [0.21171059047098095,0.4331489417037708, 0.2636191163592482]]
0.2425, [[0.984420552677708,0.999621011826424, 0.0], [0.9855728019326979,0.998199806175514, 0.0], [0.0,0.3514487433879781, 0.9967531275046876], [0.9894963773701075,0.9891988370530852, 0.0], [0.0,0.0049985353399959, 0.9413448330820986], [0.9755100721045541,0.9772607095854424, 0.0], [0.9871733539524912,0.9768817214118664, 0.0], [0.0,0.0, 0.9382494108239272], [0.9847947558119652,0.9747972864571988, 0.0], [0.20968708308160824,0.4538325362140981, 0.6146590090567359]]
0.2329, [[0.9499049447693914,0.9510157785653076, 0.0], [0.20963144553588933,0.4479721844361722, 0.6107203684884557], [0.9818381805531806,0.9488365965672456, 0.0], [0.20957937098570908,0.4576245285409915, 0.6096119770034459], [0.9779887047463172,0.9419200623994846, 0.0], [0.2096307603444396,0.4145337066444763, 0.6089701098693544], [0.9653991775165554,0.9325401051034796, 0.0], [0.20956388565894496,0.3824741351534692, 0.6087715871399878], [0.21198137813191828,0.493476092358892, 0.4703238801481881], [0.21190189592374842,0.5472534380857432, 0.47057939083437866]]
0.2457, [[0.9432100431495621,0.9189912778981392, 0.0], [0.19316438227435112,0.436596207455492, 0.6105172138329433], [0.9434397520042548,0.911222020339832, 0.0], [0.008656167415546949,0.4286674962265333, 0.9957736738483032], [0.879562165492094,0.9044002332154648, 0.0], [0.0,0.0, 0.9496818929004743], [0.0,0.0, 0.9432431988308393], [0.8793065217667104,0.8913251412270942, 0.0], [0.0,0.0, 0.9375311721019153], [0.21196753726463352,0.5489770709616038, 0.47034948782489416]]
0.1988, [[0.852282386506592,0.8833663895819991, 0.0], [0.007589911031910123,0.410396987742411, 0.9955290271701165], [0.5122614144590889,0.7395910325027735, 0.0], [0.0,0.0, 0.8742229580828386], [0.5112098245310435,0.7216780977867444, 0.0], [0.0,0.0, 0.873741084811714], [0.2116297378799116,0.4207387849975748, 0.47002983822408756], [0.0,0.0, 0.871121547643197], [0.0,0.0, 0.8707399326891159], [0.0,0.0, 0.8705394160550289]]
0.2581, [[0.9757953556821561,0.9981050591321202, 0.0], [0.9762362484839047,0.9714811399384092, 0.0], [0.0,0.399365737336903, 0.9911267596235154], [0.20947714042140786,0.4376303871810086, 0.616940009213363], [0.2146448543353483,0.6732622191899358, 0.24170188071022242], [0.9755100721045541,0.9772607095854424, 0.0], [0.0,0.3514487433879781, 0.9902510502224346], [0.0,0.2762983500004554, 0.9908859178646275], [0.0,0.2762983500004554, 0.9908859178646275], [0.8791212726903455,0.8808082194103615, 0.0]]
0.2355, [[0.0,0.0, 0.8672536525836315], [0.9855728019326979,0.998199806175514, 0.0], [0.20948138860839624,0.492786639208548, 0.6199404612670217], [0.20953181869909712,0.4183256989713697, 0.6139633059389338], [0.2060855752244456,0.4331489417037708, 0.6116511215426854], [0.2082066228693147,0.4576245285409915, 0.6097552213510475], [0.2095885525511356,0.4459038249851394, 0.6110016564244782], [0.0,0.0, 0.5427389292690118], [0.006007724140061683,0.0460209977854783, 0.5874173715196521], [0.0,0.0, 0.5425238291197554]]
0.2605, [[0.0,0.3528276496886666, 0.9946128603992793], [1.0,0.9796293856702922, 0.0], [0.9981438042548233,0.9872091491418116, 0.0], [0.010123703083348411,0.362824720368658, 0.993732912607081], [0.9968211258495776,0.9590692772537964, 0.0], [0.0,0.0046538087648237, 0.9484144453840214], [0.962531521814426,0.9168120959000774, 0.0], [0.2120050857560793,0.5682817591712427, 0.47043017061561365], [0.20956388565894496,0.3824741351534692, 0.6087715871399878], [0.2096028045332902,0.4438354655341067, 0.6043293871270892]]
0.2674, [[0.9971842140392528,0.9665542936819218, 0.0], [0.20962171581730302,0.441422379507902, 0.6054383474451344], [0.21489864924833207,0.6822069359590609, 0.2739962668505431], [0.21465321367103515,0.6711049639691468, 0.2838949543182207], [0.9848799703870932,0.9962101182642404, 0.0], [0.005503258754255014,0.3259389768252412, 0.9958241251516599], [0.2150718656468264,0.6738409949808791, 0.2566128219272538], [0.20956388565894496,0.3824741351534692, 0.6087715871399878], [0.2057530866747094,0.4879604671561385, 0.6145177962556891], [0.21490111593755115,0.6549038914285027, 0.2657160279262195]]
0.2228, [[0.20953195573738706,0.4727924978485648, 0.6183019173929867], [0.6772763837234936,0.7708905152055124, 0.0], [0.20946014767345428,0.4272885899258449, 0.6145334188486982], [0.2093385947102704,0.5203647652223178, 0.6060890518067406], [0.007142771258126946,0.4355620277299758, 0.9979400696716791], [0.6764805472698225,0.7464287656470642, 0.0], [0.0,0.2831928815038979, 0.9933879172028383], [0.22848769452706053,0.6697895644442754, 0.0], [0.21471392163348213,0.6839261063422101, 0.27022893759696603], [0.22624139888194578,0.6766822579546012, 0.0]]
0.2563, [[0.9773662678497308,0.9700599342874996, 0.0], [0.007142771258126946,0.4355620277299758, 0.9979400696716791], [0.012611634645167742,0.4148784332196485, 0.9945886100591932], [0.009023051332497367,0.3331782349038555, 0.9967331396374868], [0.014331403005872434,0.4090180814417222, 0.9914684558255817], [0.20965350870057098,0.3531723762638388, 0.6097121119331478], [0.19185735832021542,0.3397280398321261, 0.6102777960714219], [0.2146530766327452,0.6758404022586837, 0.2760368729529389], [0.9636244913649792,0.9635223882933142, 0.0], [0.0,0.3528276496886666, 0.9946128603992793]]
0.2636, [[0.0,0.3514487433879781, 0.9967531275046876], [0.21471227717400274,0.6830487916549786, 0.2723872915014653], [0.9619794795668585,0.9730918396761068, 0.0], [0.20973641686598954,0.4734819509989092, 0.6165146236801857], [0.976773470805363,0.9182333015509871, 0.0], [0.21153709999590672,0.481065935652696, 0.47009762738431593], [0.21150626638066844,0.4583139816913359, 0.47010202459641015], [0.21494332373085515,0.6745250027338123, 0.2716024173418374], [0.8520415627073176,0.8709545268973864, 0.0], [0.0,0.4045366359644848, 0.9932284236552816]]
0.253, [[0.20953181869909712,0.4183256989713697, 0.6139633059389338], [0.994272098558796,0.9758395039345328, 0.0], [0.01070842432598784,0.4128100737686156, 0.9978049227912792], [0.9841463840446878,0.9942204303529668, 0.0], [0.2094347955898139,0.4862368342802778, 0.6116736310785162], [0.00881667912921268,0.4162573395203369, 0.9965941637560203], [0.974876520263386,0.9606799769914944, 0.0], [0.0,0.0, 0.866471026352672], [0.9612421882429261,0.9567006011689468, 0.0], [0.9628316253181373,0.9493103317842158, 0.0]]
0.2508, [[0.9981438042548233,0.9872091491418116, 0.0], [0.2057530866747094,0.4879604671561385, 0.6145177962556891], [0.21489864924833207,0.6822069359590609, 0.2739962668505431], [0.9988699806341739,0.9560373718651888, 0.0], [0.2150718656468264,0.6738409949808791, 0.2566128219272538], [0.9894963773701075,0.9891988370530852, 0.0], [0.9971842140392528,0.9665542936819218, 0.0], [0.2093377724805307,0.4317700354030824, 0.6124549841990823], [0.9975398922658735,0.9485523554370638, 0.0], [0.21195164082299955,0.5107124211174981, 0.4704353759569504]]
0.1558, [[0.0,0.0049985353399959, 0.9413448330820986], [0.22661474441852994,0.6729465233039666, 0.0], [0.22208481857464168,0.674261922828838, 0.0], [0.20957388945411115,0.3914370261079444, 0.6069935369640127], [0.20935216150097524,0.4465932781354839, 0.605141436916103], [0.20969941652770357,0.4259096836251566, 0.6046100859146106], [0.0,0.0, 0.8805082683122488], [0.21897982819538334,0.6693160206153217, 0.0], [0.21460703176732265,0.6722625155510336, 0.2752912925357695], [0.21185146583304754,0.5082993350912935, 0.47060975489173124]]
0.2367, [[0.976895735195764,0.9479838731766996, 0.0], [0.0,0.3604116343424534, 0.9949579280488253], [0.976351102911251,0.9560373718651888, 0.0], [0.0,0.3283520628514459, 0.9944106217140335], [0.9686447413344692,0.9213599539829888, 0.0], [0.9671738636681315,0.9354772634486932, 0.0], [0.0,0.0, 0.943699500165447], [0.0,0.0, 0.943699500165447], [0.0,0.0, 0.9338986260281044], [0.20957937098570908,0.4576245285409915, 0.6096119770034459]]
0.2463, [[0.9764066776341604,0.9583113009066446, 0.0], [0.9630279893390841,0.9878723784455694, 0.0], [0.0,0.3328335083286837, 0.9922828771278357], [0.2097254538027937,0.4717583181230486, 0.6126159030017138], [0.20968708308160824,0.4538325362140981, 0.6146590090567359], [0.20966474584034672,0.3686850721465842, 0.6171460689804492], [0.9676369863590439,0.9244866064149904, 0.0], [0.0,0.433493668278943, 0.9915385337696238], [0.209711475897219,0.4648637866196061, 0.5988957111334279], [0.20965350870057098,0.3531723762638388, 0.6097121119331478]]
0.2531, [[0.2057530866747094,0.4879604671561385, 0.6145177962556891], [0.0,0.0201665046475691, 0.9413532617007978], [0.2150718656468264,0.6738409949808791, 0.2566128219272538], [0.9981438042548233,0.9872091491418116, 0.0], [0.2119612335032959,0.4931313657837203, 0.4699984864532164], [0.20956607827158413,0.4114311674679272, 0.6136044535554368], [0.9847725259228014,1.0, 0.0], [0.20934928369688632,0.4559008956651308, 0.6100970087434815], [0.9848799703870932,0.9962101182642404, 0.0], [0.2094796071106269,0.4152231597948207, 0.614908482973705]]
0.2614, [[0.986291568348994,0.9770712154986544, 0.0], [0.007819213480004084,0.3783374162514035, 0.9934225949483437], [0.974876520263386,0.9606799769914944, 0.0], [0.0,0.3766137833755429, 0.9892564972976949], [0.20975779483922144,0.4417671060830738, 0.6054140298328695], [0.19316438227435112,0.436596207455492, 0.6105172138329433], [0.2145649610123086,0.6751037785247557, 0.266261870711946], [0.21465321367103515,0.6711049639691468, 0.2838949543182207], [0.21489864924833207,0.6822069359590609, 0.2739962668505431], [0.21458551675580081,0.6807336884912051, 0.26627734804344083]]
0.2503, [[0.9763177580775053,0.9421095564862726, 0.0], [0.9794781073202912,0.9347192871015412, 0.0], [0.21196507057541444,0.5638003136940053, 0.4706566029637619], [0.0,0.2487202239866857, 0.9905356485532558], [0.9429025296827964,0.9047792213890408, 0.0], [0.0,0.0, 0.926301974836794], [0.20948138860839624,0.492786639208548, 0.6199404612670217], [0.20951277037679433,0.4889946468816546, 0.6155648147192689], [0.20953181869909712,0.4183256989713697, 0.6139633059389338], [0.2095885525511356,0.4459038249851394, 0.6110016564244782]]
0.2677, [[0.0,0.4028130030886242, 0.9841734863414094], [0.0,0.3604116343424534, 0.9949579280488253], [0.9847725259228014,1.0, 0.0], [0.2150718656468264,0.6738409949808791, 0.2566128219272538], [0.2057530866747094,0.4879604671561385, 0.6145177962556891], [0.008197562519359032,0.3897133932320837, 0.9877724342806722], [0.21474845528254902,0.6748933146007763, 0.25727888088260653], [0.0,0.3328335083286837, 0.9922828771278357], [0.962531521814426,0.9168120959000774, 0.0], [0.20960266749500026,0.4262544102003283, 0.6116765158746245]]
0.2333, [[0.9630279893390841,0.9878723784455694, 0.0], [0.9762362484839047,0.9714811399384092, 0.0], [0.005503258754255014,0.3259389768252412, 0.9958241251516599], [0.9619794795668585,0.9730918396761068, 0.0], [0.008656167415546949,0.4286674962265333, 0.9957736738483032], [0.9608939199793599,0.946657414569184, 0.0], [0.0,0.3604116343424534, 0.9949579280488253], [0.20966474584034672,0.3686850721465842, 0.6171460689804492], [0.012611634645167742,0.4148784332196485, 0.9945886100591932], [0.007819213480004084,0.3783374162514035, 0.9934225949483437]]
0.2514, [[0.976773470805363,0.9182333015509871, 0.0], [0.2095780006028096,0.3817846820031247, 0.608343276179771], [0.00881667912921268,0.4162573395203369, 0.9965941637560203], [0.9442474379772059,0.9072426445172844, 0.0], [0.008656167415546949,0.4286674962265333, 0.9957736738483032], [0.8508078038587271,0.8731337088954483, 0.0], [0.0,0.433493668278943, 0.9915385337696238], [0.22365909225390515,0.6692107886533321, 0.0], [0.21483328198402687,0.6751563945057505, 0.2560980005171521], [0.2146850065543031,0.677839809536488, 0.27901932804688856]]
0.2594, [[0.9621647286432233,0.9693967049837416, 0.0], [0.2148664452501943,0.6805232245672256, 0.2664235821410103], [0.0,0.3514487433879781, 0.9967531275046876], [0.2094347955898139,0.4862368342802778, 0.6116736310785162], [0.5008557083164422,0.7194630574723968, 0.0], [0.0,0.3590327280417646, 0.9920890670612891], [0.49752671061523324,0.7281306065285399, 0.0], [0.49752671061523324,0.7281306065285399, 0.0], [0.0,0.0, 0.8705183923763508], [0.0,0.0, 0.8672536525836315]]
0.2488, [[0.9924047878690372,0.983324520362658, 0.0], [0.9924047878690372,0.983324520362658, 0.0], [0.9848799703870932,0.9962101182642404, 0.0], [0.2146171726007788,0.6590072294040447, 0.2782201773832096], [0.2057530866747094,0.4879604671561385, 0.6145177962556891], [0.9841463840446878,0.9942204303529668, 0.0], [0.2146530766327452,0.6758404022586837, 0.2760368729529389], [0.2093377724805307,0.4317700354030824, 0.6124549841990823], [0.21492304206394283,0.6727886753609821, 0.27028244113083955], [0.17078446334038067,0.3835083148789853, 0.6036024591387349]]
0.2486, [[0.9847725259228014,1.0, 0.0], [0.0,0.3128393669687004, 0.9907326855766756], [0.0,0.3152524529949054, 0.9936881686826721], [0.9924047878690372,0.983324520362658, 0.0], [0.0,0.3997104639120752, 0.9904547338137433], [0.0,0.3469672979107404, 0.9852090986800986], [0.0,0.1921850656584578, 0.996888659693371], [0.0,0.3514487433879781, 0.9902510502224346], [0.0,0.2669907324708084, 0.9965279388948124], [0.20944891053367856,0.472447771273393, 0.619018443862979]]
0.2315, [[0.0,0.0, 0.9449035644692818], [0.9941164893346494,0.9524369842162173, 0.0], [0.9757953556821561,0.9981050591321202, 0.0], [0.0,0.0, 0.9436741420640463], [0.975235903471534,0.9547109132576732, 0.0], [0.0,0.0108588871179217, 0.9425277776756498], [0.21186146962821373,0.4731372244237369, 0.4703597488540042], [0.0,0.0, 0.9412420280157358], [0.0,0.0, 0.9386442795691016], [0.2094479512656489,0.4348725745796314, 0.6134864003851185]]
0.2591, [[0.9894963773701075,0.9891988370530852, 0.0], [0.0,0.3328335083286837, 0.9922828771278357], [0.21196507057541444,0.5638003136940053, 0.4706566029637619], [0.9965877120133577,0.9530054664765814, 0.0], [0.9855728019326979,0.998199806175514, 0.0], [0.20961760466860457,0.3679956189962399, 0.6157245552248983], [0.20960266749500026,0.4262544102003283, 0.6116765158746245], [0.20957937098570908,0.4576245285409915, 0.6096119770034459], [0.9847577059966922,0.9596377595141606, 0.0], [0.9838092307257037,0.963617135336708, 0.0]]
0.2246, [[0.209711475897219,0.4648637866196061, 0.5988957111334279], [0.22607961581609248,0.6697895644442754, 0.0], [0.9981438042548233,0.9872091491418116, 0.0], [0.19832368735646522,0.3614458140679696, 0.5940060426762979], [0.21605689687497287,0.6710523479881519, 0.0], [0.9763177580775053,0.9421095564862726, 0.0], [0.9755100721045541,0.9772607095854424, 0.0], [0.9485674464380364,0.9032632686947368, 0.0], [0.21161397847656757,0.4276333165010171, 0.4695473876689684], [0.9485674464380364,0.9032632686947368, 0.0]]
0.2717, [[0.21185146583304754,0.5431167191836779, 0.4699073929798234], [0.008656167415546949,0.4286674962265333, 0.9957736738483032], [0.21471392163348213,0.6839261063422101, 0.27022893759696603], [0.9619794795668585,0.9730918396761068, 0.0], [0.20951277037679433,0.4889946468816546, 0.6155648147192689], [0.9794781073202912,0.9347192871015412, 0.0], [0.012611634645167742,0.4148784332196485, 0.9945886100591932], [0.21180322835498583,0.5017495301630234, 0.4702492108280479], [0.962209188421551,0.954995154387855, 0.0], [0.2095337372351564,0.3862661274803626, 0.6054383474451344]]
0.2584, [[0.9637801005891258,0.972523357415743, 0.0], [0.0,0.2504438568625463, 0.986787851207765], [0.9713827226831431,0.9598272536009484, 0.0], [0.20948138860839624,0.492786639208548, 0.6199404612670217], [0.9646804111002594,0.9572690834293108, 0.0], [0.20965350870057098,0.3531723762638388, 0.6097121119331478], [0.20186641017951684,0.444524918684451, 0.6005469928043634], [0.852282386506592,0.8543737943034383, 0.0], [0.21494332373085515,0.6745250027338123, 0.2716024173418374], [0.2148664452501943,0.6805232245672256, 0.2664235821410103]]
0.2688, [[0.9762362484839047,0.9714811399384092, 0.0], [0.01091479652927253,0.3548960091396994, 0.9999998795911614], [0.21137375035428868,0.5024389833133673, 0.46987316916186966], [0.2145649610123086,0.6751037785247557, 0.266261870711946], [0.008656167415546949,0.4286674962265333, 0.9957736738483032], [0.20953620392437544,0.4562456222403031, 0.6161401487036798], [0.01070842432598784,0.4128100737686156, 0.9978049227912792], [0.0,0.433493668278943, 0.9915385337696238], [0.9756138115873185,0.9945994185265424, 0.0], [0.010502052122703361,0.3676508924210677, 0.9982998753630647]]
0.2585, [[0.986291568348994,0.9770712154986544, 0.0], [0.00881667912921268,0.4162573395203369, 0.9965941637560203], [0.9756138115873185,0.9945994185265424, 0.0], [0.2093385947102704,0.5203647652223178, 0.6060890518067406], [0.9841463840446878,0.9942204303529668, 0.0], [0.20947453669389884,0.4645190600444339, 0.6170494079953566], [0.9847317711260012,0.9748920335005928, 0.0], [0.9755100721045541,0.9772607095854424, 0.0], [0.0,0.3997104639120752, 0.9904547338137433], [0.2094970109734503,0.4383198403313526, 0.6166274760913228]]
0.238, [[0.9848429205718202,0.9729023455893192, 0.0], [0.9847725259228014,1.0, 0.0], [0.2149731980780638,0.6788395131753903, 0.2732113926909152], [0.0,0.0, 0.9403012978418324], [0.21465321367103515,0.6711049639691468, 0.2838949543182207], [0.20319636437846184,0.3721323378983055, 0.5971402517551456], [0.2088028092343591,0.3679956189962399, 0.5943499225616835], [0.19832368735646522,0.3614458140679696, 0.5940060426762979], [0.21459154644055853,0.6694212525773114, 0.25305730529219067], [0.9841463840446878,0.9942204303529668, 0.0]]
0.2412, [[0.0,0.3128393669687004, 0.9907326855766756], [0.20963185665075917,0.3759243302251989, 0.6069854310932578], [0.20969941652770357,0.4259096836251566, 0.6046100859146106], [0.21168427911931093,0.3593774546169369, 0.2330570572315116], [0.9841463840446878,0.9942204303529668, 0.0], [0.0,0.0, 0.9412420280157358], [0.21158355597619913,0.4769292167506304, 0.4700248423977396], [0.9724571673260598,0.928560729280932, 0.0], [0.9712678682557969,0.9680702463762256, 0.0], [0.9707010060821202,0.9545214191708852, 0.0]]
0.2578, [[0.01091479652927253,0.3548960091396994, 0.9999998795911614], [0.9762362484839047,0.9714811399384092, 0.0], [0.9619794795668585,0.9730918396761068, 0.0], [0.0,0.4028130030886242, 0.9841734863414094], [0.21494332373085515,0.6745250027338123, 0.2716024173418374], [0.20946713662624164,0.4148784332196485, 0.6094933143691611], [0.2148664452501943,0.6805232245672256, 0.2664235821410103], [0.9695598717717121,0.945804691178638, 0.0], [0.0,0.0, 0.9323720782465976], [0.2114556992516776,0.4069497219906898, 0.4696437047023928]]
0.2425, [[0.9686447413344692,0.9213599539829888, 0.0], [0.0,0.3604116343424534, 0.9949579280488253], [0.9676406913405712,0.9392671451844528, 0.0], [0.21185146583304754,0.5082993350912935, 0.47060975489173124], [0.20968708308160824,0.4538325362140981, 0.6146590090567359], [0.0,0.3469672979107404, 0.9852090986800986], [0.0,0.0, 0.943699500165447], [0.9487156456991284,0.9181385545075932, 0.0], [0.21162014519961525,0.4441801921092789, 0.47038730202703494], [0.21173484624830174,0.4652085131947783, 0.46959938122091044]]
0.1797, [[0.22153102269537528,0.6747354666577917, 0.0], [0.01091479652927253,0.3548960091396994, 0.9999998795911614], [0.21476873694946133,0.6797339848523029, 0.2579947074642301], [0.008656167415546949,0.4286674962265333, 0.9957736738483032], [0.21472543284983775,0.7023205715613581, 0.2419194973280469], [0.01070842432598784,0.4128100737686156, 0.9978049227912792], [0.22473557188438953,0.6715785077981005, 0.0], [0.20948138860839624,0.492786639208548, 0.6199404612670217], [0.20948138860839624,0.492786639208548, 0.6199404612670217], [0.22365909225390515,0.6692107886533321, 0.0]]
0.2321, [[0.0,0.3152524529949054, 0.9936881686826721], [0.984420552677708,0.999621011826424, 0.0], [0.0,0.0, 0.8672536525836315], [0.0,0.3104262809424958, 0.9917647578955108], [0.0,0.0, 0.937011511636457], [0.9848799703870932,0.9962101182642404, 0.0], [0.20941232131026244,0.4024682765134521, 0.6175876865706019], [0.962283288052097,0.973660321936471, 0.0], [0.9738020756204694,0.966080558464952, 0.0], [0.9960134398766264,0.9421095564862726, 0.0]]
0.1918, [[0.2117064793222825,0.4517641767630657, 0.24471722513359748], [0.0,0.3814399554279525, 0.9932722043089821], [0.976351102911251,0.9560373718651888, 0.0], [0.0,0.3283520628514459, 0.9944106217140335], [0.9472818178480636,0.9352877693619052, 0.0], [0.0,0.0, 0.9386442795691016], [0.0,0.0274057627261838, 0.9366017121953012], [0.0,0.2697485450721852, 0.989617194014486], [0.0,0.0108588871179217, 0.9425277776756498], [0.879562165492094,0.9044002332154648, 0.0]]
0.2417, [[0.20968708308160824,0.4538325362140981, 0.6146590090567359], [1.0,0.9796293856702922, 0.0], [0.20970366471469196,0.4469380047106557, 0.6066179040059704], [0.9773736778127855,0.9707231635912572, 0.0], [0.9971842140392528,0.9665542936819218, 0.0], [0.0,0.0218901375234298, 0.940305512151182], [0.0,0.3604116343424534, 0.9949579280488253], [0.20963185665075917,0.3759243302251989, 0.6069854310932578], [0.0,0.0, 0.944757123239825], [0.0,0.0, 0.9436614509724622]]
0.2565, [[0.008656167415546949,0.4286674962265333, 0.9957736738483032], [0.9855728019326979,0.998199806175514, 0.0], [0.20951085184073506,0.492786639208548, 0.6160180121247858], [0.0,0.3386938601066095, 0.9945117410566564], [0.9981438042548233,0.9872091491418116, 0.0], [0.0,0.399365737336903, 0.9911267596235154], [1.0,0.9796293856702922, 0.0], [0.013987449333731495,0.3617905406431418, 0.9895038411338651], [0.986291568348994,0.9770712154986544, 0.0], [0.9621647286432233,0.9693967049837416, 0.0]]
0.2346, [[0.01091479652927253,0.3548960091396994, 0.9999998795911614], [0.9959838000244079,0.980197867930656, 0.0], [0.20961760466860457,0.3679956189962399, 0.6157245552248983], [0.20970558325075123,0.4079839017162061, 0.6111556070224253], [0.0,0.0, 0.8710148238852211], [0.9619794795668585,0.9730918396761068, 0.0], [0.9676406913405712,0.9392671451844528, 0.0], [0.19819757101001348,0.3769585099507151, 0.591139997742726], [0.0,0.0, 0.8707851907756425], [0.964873070139679,0.929413452671478, 0.0]]
0.2328, [[0.9756138115873185,0.9945994185265424, 0.0], [0.9782221185825369,0.9729023455893192, 0.0], [0.20953195573738706,0.4727924978485648, 0.6183019173929867], [0.2095194852530018,0.4352173011548036, 0.613198144244412], [0.20946014767345428,0.4272885899258449, 0.6145334188486982], [0.19316438227435112,0.436596207455492, 0.6105172138329433], [0.19598480238590665,0.4386645669065248, 0.6091763931065617], [0.20952852978013836,0.4996811707119905, 0.6161945332049605], [0.20953140758422728,0.4148784332196485, 0.611548609703514], [0.19160512562731216,0.3948842918596656, 0.6032542723746522]]
0.2649, [[0.0,0.3386938601066095, 0.9945117410566564], [0.9871733539524912,0.9768817214118664, 0.0], [0.21487137862863243,0.6718415877030748, 0.28086373228753636], [0.9846095067356002,0.9857879434909016, 0.0], [0.9756138115873185,0.9945994185265424, 0.0], [0.2146530766327452,0.6758404022586837, 0.2760368729529389], [0.0,0.399365737336903, 0.9911267596235154], [0.974876520263386,0.9606799769914944, 0.0], [0.2142360691164333,0.6705261881782034, 0.2334014278572657], [0.20952017044445154,0.466932146070639, 0.6129550696990916]]
0.2531, [[0.986291568348994,0.9770712154986544, 0.0], [0.9871733539524912,0.9768817214118664, 0.0], [0.0,0.2276919029011866, 0.979560190264348], [0.9847725259228014,1.0, 0.0], [0.0,0.2669907324708084, 0.9965279388948124], [0.21471392163348213,0.6839261063422101, 0.27022893759696603], [0.2149731980780638,0.6788395131753903, 0.2732113926909152], [0.21465321367103515,0.6711049639691468, 0.2838949543182207], [0.20957388945411115,0.3914370261079444, 0.6069935369640127], [0.962283288052097,0.973660321936471, 0.0]]
0.2541, [[0.21190189592374842,0.5472534380857432, 0.47057939083437866], [0.9841463840446878,0.9942204303529668, 0.0], [0.0,0.3514487433879781, 0.9967531275046876], [0.0,0.3814399554279525, 0.9932722043089821], [0.21200275610515015,0.4951997252347527, 0.47028325506172547], [0.21192574058619937,0.4941655455092365, 0.4702925583080296], [0.975235903471534,0.9547109132576732, 0.0], [0.9637801005891258,0.972523357415743, 0.0], [0.20967666817157218,0.4162573395203369, 0.6008740108533417], [0.20962267508533267,0.4121206206182717, 0.6057613024010022]]
0.2455, [[0.962283288052097,0.973660321936471, 0.0], [0.20953195573738706,0.4727924978485648, 0.6183019173929867], [0.20944891053367856,0.472447771273393, 0.619018443862979], [0.0,0.3283520628514459, 0.9944106217140335], [0.0,0.0, 0.9258750138310035], [0.21154367783382425,0.5017495301630234, 0.4700042006166688], [0.21150845899330759,0.4424565592334182, 0.4700167650093204], [0.2094970109734503,0.4383198403313526, 0.6166274760913228], [0.21193793699400473,0.4352173011548036, 0.4702291975919434], [0.20951277037679433,0.4889946468816546, 0.6155648147192689]]
