0.5810, [[0.0, 1.0], [0.9975950968571835, 0.0], [0.3731689821135019, 0.985457923950108], [0.9974337372796998, 0.0], [0.3769260072258314, 0.9149539371574087], [0.9965436778502997, 0.0], [0.37555675576733866, 0.9141105187966707], [0.996167064596453, 0.0], [0.37696739934972784, 0.841978128188527], [0.9940534154909944, 0.0]]
0.5576, [[0.37365133833064124, 0.9357403409728537], [0.9973937201044838, 0.0], [0.9967629655161001, 0.0], [0.9966803494124286, 0.0], [0.9955384076825764, 0.0], [0.9944961861716095, 0.0], [0.3773186805078619, 0.9091635669213187], [0.37753833471200543, 0.9072173652725619], [0.37885543209438877, 0.8461806117657212], [0.0, 0.27021618648757084]]
0.5629, [[0.0, 1.0], [0.9990829935211605, 0.0], [0.37365133833064124, 0.9357403409728537], [0.0, 0.9356477303293202], [0.0, 0.9202873179679754], [0.3773186805078619, 0.9091635669213187], [0.0, 0.9902659598601595], [0.9986011738227942, 0.0], [0.9971156975524793, 0.0], [0.9969564356495031, 0.0]]
0.5900, [[0.4006682535453114, 0.27682932510573566], [0.0, 0.9985375235875551], [0.9995504522171306, 0.0], [0.9995504522171306, 0.0], [0.3731689821135019, 0.985457923950108], [0.3773186805078619, 0.9091635669213187], [0.38160359317361675, 0.7506243433898729], [0.37365133833064124, 0.9357403409728537], [0.37934496294633674, 0.8414723527989979], [0.532335972909749, 0.0]]
0.2476, [[0.9990829935211605, 0.0], [0.3974173161344885, 0.27687754478510174], [0.9986407069192778, 0.0], [0.0, 0.27674852349587925], [0.9968388045175174, 0.0], [0.0, 0.2727407117721794], [0.0, 0.2722284455106237], [0.0, 0.27074456741169195], [0.0, 0.27398208822447717], [0.9949899464787095, 0.0]]
0.1660, [[0.5250586075247322, 0.0], [0.0, 0.9985375235875551], [0.5237311740097418, 0.0], [0.0, 0.9202873179679754], [0.5232048320272397, 0.0], [0.004936645453878265, 0.7322336887219989], [0.5230844632603889, 0.0], [0.0, 0.3344448766578191], [0.5228393837671614, 0.0], [0.0, 0.27752149898861567]]
0.5892, [[0.9984193215789701, 0.0], [0.3769260072258314, 0.9149539371574087], [0.38160359317361675, 0.7506243433898729], [0.3731689821135019, 0.985457923950108], [0.37934496294633674, 0.8414723527989979], [0.40244507945043734, 0.2766940381985657], [0.4014312483624683, 0.276895178638894], [1.0, 0.0], [0.9603050598602842, 0.0], [0.9590498437070387, 0.0]]
0.5831, [[0.3731689821135019, 0.985457923950108], [0.9981054772007643, 0.0], [0.0, 0.9426503077387909], [0.9971084363714926, 0.0], [0.3769260072258314, 0.9149539371574087], [0.9963290696122464, 0.0], [0.3770173458458961, 0.8555524781388927], [0.9962277357975868, 0.0], [0.38160359317361675, 0.7506243433898729], [0.9956960559897781, 0.0]]
0.5532, [[0.0, 0.9202873179679754], [0.37753833471200543, 0.9072173652725619], [0.37941174223955626, 0.7907525903578048], [0.9997415019568712, 0.0], [0.39623212165358834, 0.27669238035573984], [0.37555675576733866, 0.9141105187966707], [0.47093752935694816, 0.0], [0.39533832772491884, 0.2768074324963641], [0.9974337372796998, 0.0], [0.3754554830375388, 0.8757757761664313]]
0.2486, [[0.4016837403182363, 0.2766934620772664], [0.9974337372796998, 0.0], [0.0, 0.27698941750112843], [0.006375435680516967, 0.2768933175997593], [0.9962277357975868, 0.0], [0.0, 0.27688358449656464], [0.996167064596453, 0.0], [0.0, 0.2764741272003879], [0.9944159904616001, 0.0], [0.0, 0.27575970690750434]]
0.5706, [[0.0, 0.9985375235875551], [1.0, 0.0], [0.37365133833064124, 0.9357403409728537], [0.37555675576733866, 0.9141105187966707], [0.37934496294633674, 0.8414723527989979], [0.37941174223955626, 0.7907525903578048], [0.4016837403182363, 0.2766934620772664], [0.9997415019568712, 0.0], [0.0, 0.8891378933920346], [0.0, 0.027293658514111623]]
0.5822, [[0.37941174223955626, 0.7907525903578048], [0.0, 0.9902659598601595], [0.37885543209438877, 0.8461806117657212], [0.37365133833064124, 0.9357403409728537], [0.3731689821135019, 0.985457923950108], [0.3773186805078619, 0.9091635669213187], [0.37934496294633674, 0.8414723527989979], [0.9986407069192778, 0.0], [0.37696739934972784, 0.841978128188527], [0.9981054772007643, 0.0]]
0.5654, [[0.37941174223955626, 0.7907525903578048], [0.9997415019568712, 0.0], [0.37934496294633674, 0.8414723527989979], [0.3987316540419453, 0.27684046145873387], [0.0, 0.8814652669515306], [0.009421068156813761, 0.2766029883231081], [0.37753833471200543, 0.9072173652725619], [0.40244507945043734, 0.2766940381985657], [0.37365133833064124, 0.9357403409728537], [0.0, 0.9426503077387909]]
0.5622, [[0.9597480465988104, 0.0], [0.0, 0.953613092666926], [0.37934496294633674, 0.8414723527989979], [0.40244507945043734, 0.2766940381985657], [0.37365133833064124, 0.9357403409728537], [0.9585038028968339, 0.0], [0.0, 0.9202873179679754], [0.9575913144861637, 0.0], [0.0013054523981937593, 0.8015577166904053], [0.9569226403970714, 0.0]]
0.5528, [[0.9976412456963437, 0.0], [0.0, 1.0], [0.0, 1.0], [0.0, 0.9902659598601595], [0.995183900690845, 0.0], [0.0, 0.9094893579351735], [0.9944159904616001, 0.0], [0.3773186805078619, 0.9091635669213187], [0.9943635485989178, 0.0], [0.9939057714775967, 0.0]]
0.2128, [[0.0, 1.0], [0.9965806291935435, 0.0], [0.0, 0.9094893579351735], [0.9948147099775622, 0.0], [0.0, 0.8113873993698475], [0.9939496612826723, 0.0], [0.0, 0.7454601975052886], [0.5435871961406592, 0.0], [0.011388021884370497, 0.27597339053645165], [0.5434518717354422, 0.0]]
0.2524, [[0.9958453135989505, 0.0], [0.9949699378911017, 0.0], [0.993957245182814, 0.0], [0.0, 0.31919008753315503], [0.9938183145866004, 0.0], [0.0, 0.28430753978779627], [0.5081073563164961, 0.0], [0.0, 0.2779878130025577], [0.0, 0.2779567191862118], [0.4006682535453114, 0.27682932510573566]]
0.5483, [[0.9997415019568712, 0.0], [0.3769260072258314, 0.9149539371574087], [0.37684625840045766, 0.8794057826405961], [0.3767074568116584, 0.8755177893737314], [0.3770173458458961, 0.8555524781388927], [0.37941174223955626, 0.7907525903578048], [0.37555675576733866, 0.9141105187966707], [0.9990829935211605, 0.0], [0.0, 0.2736997780303917], [0.9986011738227942, 0.0]]
0.5827, [[0.3731689821135019, 0.985457923950108], [0.9962277357975868, 0.0], [0.0, 0.9094893579351735], [0.961636437734102, 0.0], [0.37684625840045766, 0.8794057826405961], [0.9614697532905613, 0.0], [0.3767074568116584, 0.8755177893737314], [0.9612599858398325, 0.0], [0.38160359317361675, 0.7506243433898729], [0.9586688737445999, 0.0]]
0.5867, [[0.3731689821135019, 0.985457923950108], [0.9986407069192778, 0.0], [0.3987316540419453, 0.27684046145873387], [0.3769260072258314, 0.9149539371574087], [0.9949139461177147, 0.0], [0.39533832772491884, 0.2768074324963641], [0.3767074568116584, 0.8755177893737314], [0.993957245182814, 0.0], [0.37885543209438877, 0.8461806117657212], [0.993863172549141, 0.0]]
0.5865, [[0.9979304020591945, 0.0], [0.0, 0.9985375235875551], [0.9963290696122464, 0.0], [0.3731689821135019, 0.985457923950108], [0.9939496612826723, 0.0], [0.3769260072258314, 0.9149539371574087], [0.9586688737445999, 0.0], [0.0012229440978936267, 0.5863567656782782], [0.5191766996872751, 0.0], [0.3974173161344885, 0.27687754478510174]]
0.5877, [[0.9986407069192778, 0.0], [0.3731689821135019, 0.985457923950108], [0.3974173161344885, 0.27687754478510174], [0.38160359317361675, 0.7506243433898729], [0.9949699378911017, 0.0], [0.37365133833064124, 0.9357403409728537], [0.3949409633355135, 0.27678279195573313], [0.3769260072258314, 0.9149539371574087], [0.3770173458458961, 0.8555524781388927], [0.37885543209438877, 0.8461806117657212]]
0.5482, [[0.9981054772007643, 0.0], [0.0, 0.9356477303293202], [0.997821484344393, 0.0], [0.0, 0.9314752900858934], [0.9963290696122464, 0.0], [0.3769260072258314, 0.9149539371574087], [0.9956960559897781, 0.0], [0.0, 0.8891378933920346], [0.5219408393653189, 0.0], [0.37684625840045766, 0.8794057826405961]]
0.5884, [[0.3731689821135019, 0.985457923950108], [0.9986407069192778, 0.0], [0.0, 0.953613092666926], [0.9981054772007643, 0.0], [0.3769260072258314, 0.9149539371574087], [0.3759301127248841, 0.8584876291596534], [0.3770173458458961, 0.8555524781388927], [0.38160359317361675, 0.7506243433898729], [0.4006682535453114, 0.27682932510573566], [0.0, 0.2738719833163376]]
0.5545, [[0.9971084363714926, 0.0], [0.0, 0.9985375235875551], [0.9956960559897781, 0.0], [0.995132588345205, 0.0], [0.9969052846634407, 0.0], [0.9590501664261937, 0.0], [0.3769260072258314, 0.9149539371574087], [0.37684625840045766, 0.8794057826405961], [0.0, 0.8763744378264084], [0.3770173458458961, 0.8555524781388927]]
0.5599, [[0.9995504522171306, 0.0], [0.37885543209438877, 0.8461806117657212], [0.3992780300773777, 0.27678761607516006], [0.0, 0.9871169223531451], [0.3773186805078619, 0.9091635669213187], [0.37934496294633674, 0.8414723527989979], [0.40244507945043734, 0.2766940381985657], [1.0, 0.0], [0.9934074931023271, 0.0], [0.5196670998937035, 0.0]]
0.5553, [[0.3769260072258314, 0.9149539371574087], [1.0, 0.0], [0.0, 0.8891378933920346], [0.9986011738227942, 0.0], [0.37684625840045766, 0.8794057826405961], [0.9971156975524793, 0.0], [0.3767074568116584, 0.8755177893737314], [0.37885543209438877, 0.8461806117657212], [0.38160359317361675, 0.7506243433898729], [0.4006682535453114, 0.27682932510573566]]
0.5665, [[0.0, 0.953613092666926], [1.0, 0.0], [0.37365133833064124, 0.9357403409728537], [0.37753833471200543, 0.9072173652725619], [0.40244507945043734, 0.2766940381985657], [0.3987316540419453, 0.27684046145873387], [0.3773186805078619, 0.9091635669213187], [0.9936877746884163, 0.0], [0.37941174223955626, 0.7907525903578048], [0.37934496294633674, 0.8414723527989979]]
0.5548, [[0.0, 1.0], [0.996167064596453, 0.0], [0.9967681290225797, 0.0], [0.9974337372796998, 0.0], [0.0, 0.9902659598601595], [0.5083842768462451, 0.0], [0.0, 0.9426503077387909], [0.37555675576733866, 0.9141105187966707], [0.0, 0.9094893579351735], [0.37753833471200543, 0.9072173652725619]]
0.5552, [[0.9986407069192778, 0.0], [0.37555675576733866, 0.9141105187966707], [0.37885543209438877, 0.8461806117657212], [0.38160359317361675, 0.7506243433898729], [0.40244507945043734, 0.2766940381985657], [0.40017154805855465, 0.27681040513883554], [0.9956960559897781, 0.0], [0.9984193215789701, 0.0], [0.468980994150681, 0.0], [0.3992780300773777, 0.27678761607516006]]
0.2062, [[0.9629834674869358, 0.0], [0.0, 0.9985375235875551], [0.1297372103714233, 0.0], [0.0, 0.2779267298015681], [0.0, 0.31919008753315503], [0.0, 0.2825952957559664], [0.0, 0.27776744062923153], [0.0, 0.2893209416445638], [0.0, 0.2779511336782628], [0.0, 0.2779878130025577]]
0.5864, [[0.9990829935211605, 0.0], [0.3731689821135019, 0.985457923950108], [0.0, 0.9871169223531451], [0.3769260072258314, 0.9149539371574087], [0.0, 0.953613092666926], [0.37684625840045766, 0.8794057826405961], [0.3770173458458961, 0.8555524781388927], [0.007239703227473703, 0.27709460864441066], [0.4006682535453114, 0.27682932510573566], [0.008077203867644111, 0.27686223454086495]]
0.5646, [[0.0, 0.9985375235875551], [1.0, 0.0], [0.37365133833064124, 0.9357403409728537], [0.37555675576733866, 0.9141105187966707], [0.37753833471200543, 0.9072173652725619], [0.37934496294633674, 0.8414723527989979], [0.0011710659692768025, 0.6242019949069878], [0.9997415019568712, 0.0], [0.9978645673515812, 0.0], [0.9969052846634407, 0.0]]
0.5830, [[0.3759301127248841, 0.8584876291596534], [0.37885543209438877, 0.8461806117657212], [0.9979420199487734, 0.0], [0.3770173458458961, 0.8555524781388927], [0.38160359317361675, 0.7506243433898729], [0.0, 0.9314752900858934], [0.0, 0.9202873179679754], [0.3731689821135019, 0.985457923950108], [0.9934336333538796, 0.0], [0.0003962054099362652, 0.6717798861409652]]
0.5552, [[0.0, 0.9426503077387909], [0.9995504522171306, 0.0], [0.0, 0.9314752900858934], [0.3769260072258314, 0.9149539371574087], [0.37753833471200543, 0.9072173652725619], [0.9971294131165654, 0.0], [0.39771230400412344, 0.2765846600160484], [0.9962277357975868, 0.0], [0.008746928432287828, 0.2764511158160451], [0.9956960559897781, 0.0]]
0.5171, [[0.37885543209438877, 0.8461806117657212], [0.9981054772007643, 0.0], [0.9946649682896574, 0.0], [0.38160359317361675, 0.7506243433898729], [0.538301825298036, 0.0], [0.0005225893615666017, 0.7283377022745917], [0.5349085839287155, 0.0], [0.002145712513290594, 0.6713937328326649], [0.001169134336828312, 0.6569800989252876], [0.002947615926910118, 0.6399416699037488]]
0.5793, [[0.3731689821135019, 0.985457923950108], [0.9986407069192778, 0.0], [0.3767074568116584, 0.8755177893737314], [0.9981054772007643, 0.0], [0.0, 0.2716942101422625], [0.9979304020591945, 0.0], [0.0, 0.2705660427205403], [0.9603050598602842, 0.0], [0.0, 0.27048731490830674], [0.0, 0.2702747381016065]]
0.5637, [[1.0, 0.0], [0.37365133833064124, 0.9357403409728537], [0.9976412456963437, 0.0], [0.37555675576733866, 0.9141105187966707], [0.3773186805078619, 0.9091635669213187], [0.37934496294633674, 0.8414723527989979], [0.37934496294633674, 0.8414723527989979], [0.37941174223955626, 0.7907525903578048], [0.9971156975524793, 0.0], [0.3987316540419453, 0.27684046145873387]]
0.0649, [[0.277342076080956, 0.0], [0.0, 0.2695304706614955], [0.0, 0.2714271313044351], [0.0, 0.27074456741169195], [0.0, 0.0], [0.04003192351566166, 0.0], [0.0, 0.26827091531118874], [0.0, 0.27040123736605426], [0.0, 0.0], [0.0, 0.0]]
0.1936, [[0.9997415019568712, 0.0], [0.0013054523981937593, 0.8015577166904053], [0.007239703227473703, 0.27709460864441066], [0.010154260644765285, 0.27673348218793364], [0.010225455097867054, 0.276418121516575], [0.9978645673515812, 0.0], [0.006733063630981843, 0.27683043073271035], [0.006767833015054792, 0.2766877917049767], [0.9976412456963437, 0.0], [0.0, 0.2762434372356609]]
0.4953, [[0.0, 0.9902659598601595], [0.9979420199487734, 0.0], [0.0, 0.9094893579351735], [0.38160359317361675, 0.7506243433898729], [0.002145712513290594, 0.6713937328326649], [0.002947615926910118, 0.6399416699037488], [0.011388021884370497, 0.27597339053645165], [0.006767833015054792, 0.2766877917049767], [0.996447346182542, 0.0], [0.9963290696122464, 0.0]]
0.5847, [[0.0, 0.9985375235875551], [0.9997415019568712, 0.0], [0.3731689821135019, 0.985457923950108], [0.37555675576733866, 0.9141105187966707], [0.37885543209438877, 0.8461806117657212], [0.37941174223955626, 0.7907525903578048], [0.38160359317361675, 0.7506243433898729], [0.37684625840045766, 0.8794057826405961], [0.3767074568116584, 0.8755177893737314], [0.9995504522171306, 0.0]]
0.5857, [[0.0, 0.9871169223531451], [0.3731689821135019, 0.985457923950108], [0.3769260072258314, 0.9149539371574087], [0.37753833471200543, 0.9072173652725619], [0.9974337372796998, 0.0], [0.0, 0.9356477303293202], [0.37555675576733866, 0.9141105187966707], [0.008974033218732688, 0.27647052584463133], [0.3974173161344885, 0.27687754478510174], [0.008073064655254472, 0.27652355051906585]]
0.1375, [[0.0, 0.2773044267623999], [0.9979420199487734, 0.0], [0.0, 0.2772008731423127], [0.5233406388724041, 0.0], [0.0, 0.2770460602651332], [0.13745766932057898, 0.0], [0.0, 0.275178712482656], [0.0, 0.275178712482656], [0.1371221171695256, 0.0], [0.130743590877091, 0.0]]
0.1444, [[0.9986011738227942, 0.0], [0.0, 0.2779267298015681], [0.0, 0.2773044267623999], [0.2764637352118744, 0.0], [0.0, 0.31919008753315503], [0.009409478362122779, 0.2764956361273174], [0.09981042884683647, 0.0], [0.045874283829891636, 0.0], [0.0, 0.2779878130025577], [0.0, 0.28430753978779627]]
0.5552, [[0.9986407069192778, 0.0], [0.3769260072258314, 0.9149539371574087], [0.37684625840045766, 0.8794057826405961], [0.0, 0.8786533211618961], [0.9971084363714926, 0.0], [0.38160359317361675, 0.7506243433898729], [0.9969406224109096, 0.0], [0.4014312483624683, 0.276895178638894], [0.9965436778502997, 0.0], [0.4006682535453114, 0.27682932510573566]]
0.5884, [[0.9979420199487734, 0.0], [0.3974173161344885, 0.27687754478510174], [0.3731689821135019, 0.985457923950108], [0.3769260072258314, 0.9149539371574087], [0.3976088236943824, 0.276742683394908], [0.0, 1.0], [0.3773186805078619, 0.9091635669213187], [0.3990754846177781, 0.2767293764272221], [0.37941174223955626, 0.7907525903578048], [0.9963290696122464, 0.0]]
0.5579, [[0.37365133833064124, 0.9357403409728537], [0.9984193215789701, 0.0], [0.3770173458458961, 0.8555524781388927], [0.37941174223955626, 0.7907525903578048], [0.37684625840045766, 0.8794057826405961], [0.0, 0.9202873179679754], [0.997821484344393, 0.0], [0.3759301127248841, 0.8584876291596534], [0.0, 0.8891378933920346], [0.9976044557126774, 0.0]]
0.5519, [[0.3773186805078619, 0.9091635669213187], [0.9978645673515812, 0.0], [0.37753833471200543, 0.9072173652725619], [0.9976044557126774, 0.0], [0.3754554830375388, 0.8757757761664313], [0.9951605035521098, 0.0], [0.37934496294633674, 0.8414723527989979], [0.9670515037948766, 0.0], [0.4014312483624683, 0.276895178638894], [0.40244507945043734, 0.2766940381985657]]
0.1647, [[0.5306360957554445, 0.0], [0.008077203867644111, 0.27686223454086495], [0.006555077498227341, 0.2769893410036945], [0.0, 0.9871169223531451], [0.0, 0.9426503077387909], [0.0013054523981937593, 0.8015577166904053], [0.5298856604174225, 0.0], [0.0, 0.9094893579351735], [0.0, 0.8891378933920346], [0.0, 0.27610099901369134]]
0.5887, [[1.0, 0.0], [0.3731689821135019, 0.985457923950108], [0.3769260072258314, 0.9149539371574087], [0.3767074568116584, 0.8755177893737314], [0.3770173458458961, 0.8555524781388927], [0.3974173161344885, 0.27687754478510174], [0.38160359317361675, 0.7506243433898729], [0.37885543209438877, 0.8461806117657212], [0.37934496294633674, 0.8414723527989979], [0.4006682535453114, 0.27682932510573566]]
0.5405, [[0.9984193215789701, 0.0], [0.0, 0.9985375235875551], [0.9969406224109096, 0.0], [0.3759301127248841, 0.8584876291596534], [0.9965806291935435, 0.0], [0.37885543209438877, 0.8461806117657212], [0.9956883107300588, 0.0], [0.0, 0.8113873993698475], [5.1822939118284324e-05, 0.7715728158314978], [0.3990754846177781, 0.2767293764272221]]
0.5873, [[0.0, 1.0], [0.9971084363714926, 0.0], [0.3731689821135019, 0.985457923950108], [0.3731689821135019, 0.985457923950108], [0.46770831756970893, 0.0], [0.4006682535453114, 0.27682932510573566], [0.3770173458458961, 0.8555524781388927], [0.9965806291935435, 0.0], [0.4674198184812248, 0.0], [0.3949409633355135, 0.27678279195573313]]
0.5562, [[0.0, 0.9985375235875551], [0.9990829935211605, 0.0], [0.3773186805078619, 0.9091635669213187], [0.0, 0.9202873179679754], [0.37684625840045766, 0.8794057826405961], [0.3767074568116584, 0.8755177893737314], [0.3759301127248841, 0.8584876291596534], [0.3770173458458961, 0.8555524781388927], [0.37885543209438877, 0.8461806117657212], [0.38160359317361675, 0.7506243433898729]]
0.5645, [[0.4006682535453114, 0.27682932510573566], [0.9986407069192778, 0.0], [0.37365133833064124, 0.9357403409728537], [0.3987316540419453, 0.27684046145873387], [0.3974173161344885, 0.27687754478510174], [0.3769260072258314, 0.9149539371574087], [0.37753833471200543, 0.9072173652725619], [0.40244507945043734, 0.2766940381985657], [0.37941174223955626, 0.7907525903578048], [0.9618915472261036, 0.0]]
0.5557, [[0.0, 0.953613092666926], [0.9971156975524793, 0.0], [0.3769260072258314, 0.9149539371574087], [0.9936684115391183, 0.0], [0.0, 0.9426503077387909], [0.37555675576733866, 0.9141105187966707], [0.9622537994775544, 0.0], [0.39782516652861427, 0.27676852996539564], [0.0, 0.9094893579351735], [0.5150197558813819, 0.0]]
0.2486, [[0.9995504522171306, 0.0], [0.4006682535453114, 0.27682932510573566], [0.007239703227473703, 0.27709460864441066], [0.9990829935211605, 0.0], [0.40017154805855465, 0.27681040513883554], [0.006375435680516967, 0.2768933175997593], [0.9986407069192778, 0.0], [0.39533832772491884, 0.2768074324963641], [0.39782516652861427, 0.27676852996539564], [0.3990754846177781, 0.2767293764272221]]
0.5595, [[0.0, 0.9985375235875551], [1.0, 0.0], [0.0, 0.9871169223531451], [0.9971294131165654, 0.0], [0.0, 0.953613092666926], [0.37365133833064124, 0.9357403409728537], [0.5351869517783066, 0.0], [0.5340763750196265, 0.0], [0.5434518717354422, 0.0], [0.5327689627624489, 0.0]]
0.5812, [[0.9995504522171306, 0.0], [0.3731689821135019, 0.985457923950108], [0.3767074568116584, 0.8755177893737314], [0.3759301127248841, 0.8584876291596534], [0.3770173458458961, 0.8555524781388927], [0.37885543209438877, 0.8461806117657212], [0.9986011738227942, 0.0], [0.9979304020591945, 0.0], [0.997821484344393, 0.0], [0.9971084363714926, 0.0]]
0.5889, [[0.9997415019568712, 0.0], [0.3759301127248841, 0.8584876291596534], [0.40244507945043734, 0.2766940381985657], [0.3992780300773777, 0.27678761607516006], [0.3767074568116584, 0.8755177893737314], [0.37365133833064124, 0.9357403409728537], [0.37941174223955626, 0.7907525903578048], [0.39623212165358834, 0.27669238035573984], [0.38160359317361675, 0.7506243433898729], [0.3731689821135019, 0.985457923950108]]
0.5337, [[0.3754554830375388, 0.8757757761664313], [0.9986407069192778, 0.0], [0.9975950968571835, 0.0], [0.9955384076825764, 0.0], [0.0083553589402279, 0.2769518082549023], [0.3987316540419453, 0.27684046145873387], [0.4006682535453114, 0.27682932510573566], [0.39533832772491884, 0.2768074324963641], [0.3949409633355135, 0.27678279195573313], [0.40244507945043734, 0.2766940381985657]]
0.5457, [[0.9976412456963437, 0.0], [0.37696739934972784, 0.841978128188527], [0.37555675576733866, 0.9141105187966707], [0.9971156975524793, 0.0], [0.0, 0.2779511336782628], [0.9965436778502997, 0.0], [0.0, 0.2772008731423127], [0.9959008212936049, 0.0], [0.0, 0.2771609880974273], [0.0, 0.2770895251508718]]
0.5825, [[0.0, 0.9985375235875551], [0.9995504522171306, 0.0], [0.3731689821135019, 0.985457923950108], [0.9971084363714926, 0.0], [0.37684625840045766, 0.8794057826405961], [0.9963290696122464, 0.0], [0.3767074568116584, 0.8755177893737314], [0.9956960559897781, 0.0], [0.37885543209438877, 0.8461806117657212], [0.9951656670585891, 0.0]]
0.5834, [[0.3731689821135019, 0.985457923950108], [0.9986407069192778, 0.0], [0.3992780300773777, 0.27678761607516006], [0.3976088236943824, 0.276742683394908], [0.9979420199487734, 0.0], [0.0, 0.2727407117721794], [0.0, 0.0614777903571498], [0.9949139461177147, 0.0], [0.0, 0.0], [0.9942159045855203, 0.0]]
0.5523, [[0.0, 1.0], [0.9981054772007643, 0.0], [0.37753833471200543, 0.9072173652725619], [0.0, 0.8113873993698475], [0.37696739934972784, 0.841978128188527], [0.9974337372796998, 0.0], [0.0, 0.7454601975052886], [0.996769258539622, 0.0], [0.996769258539622, 0.0], [0.0003962054099362652, 0.6717798861409652]]
0.5856, [[0.3731689821135019, 0.985457923950108], [0.9981054772007643, 0.0], [0.37365133833064124, 0.9357403409728537], [0.3759301127248841, 0.8584876291596534], [0.37696739934972784, 0.841978128188527], [0.3992780300773777, 0.27678761607516006], [0.9966803494124286, 0.0], [0.0, 0.9314752900858934], [0.3974173161344885, 0.27687754478510174], [0.9962737232771697, 0.0]]
0.5608, [[0.0, 1.0], [0.9990829935211605, 0.0], [0.3769260072258314, 0.9149539371574087], [0.3773186805078619, 0.9091635669213187], [0.3976088236943824, 0.276742683394908], [0.0, 0.9902659598601595], [0.9986011738227942, 0.0], [0.3767074568116584, 0.8755177893737314], [0.0, 0.9356477303293202], [0.9979304020591945, 0.0]]
0.5878, [[0.9979420199487734, 0.0], [0.3731689821135019, 0.985457923950108], [0.37941174223955626, 0.7907525903578048], [0.3767074568116584, 0.8755177893737314], [0.37684625840045766, 0.8794057826405961], [0.37696739934972784, 0.841978128188527], [0.3990754846177781, 0.2767293764272221], [0.3759301127248841, 0.8584876291596534], [0.40244507945043734, 0.2766940381985657], [0.37885543209438877, 0.8461806117657212]]
0.5556, [[0.0, 0.9356477303293202], [1.0, 0.0], [0.0, 0.9314752900858934], [0.37555675576733866, 0.9141105187966707], [0.37753833471200543, 0.9072173652725619], [0.3990754846177781, 0.2767293764272221], [0.40244507945043734, 0.2766940381985657], [0.39627351377748476, 0.27667182645146193], [0.002947615926910118, 0.6399416699037488], [0.3754554830375388, 0.8757757761664313]]
0.5835, [[0.3773186805078619, 0.9091635669213187], [0.37753833471200543, 0.9072173652725619], [0.37365133833064124, 0.9357403409728537], [0.3731689821135019, 0.985457923950108], [0.38160359317361675, 0.7506243433898729], [0.37934496294633674, 0.8414723527989979], [0.37885543209438877, 0.8461806117657212], [0.3769260072258314, 0.9149539371574087], [1.0, 0.0], [0.3770173458458961, 0.8555524781388927]]
0.5643, [[0.3773186805078619, 0.9091635669213187], [0.37365133833064124, 0.9357403409728537], [0.39533832772491884, 0.2768074324963641], [0.37941174223955626, 0.7907525903578048], [0.37555675576733866, 0.9141105187966707], [0.40244507945043734, 0.2766940381985657], [0.3754554830375388, 0.8757757761664313], [0.39782516652861427, 0.27676852996539564], [0.9973937201044838, 0.0], [0.9971156975524793, 0.0]]
0.5547, [[0.0, 0.9985375235875551], [0.9978645673515812, 0.0], [0.0, 0.9426503077387909], [0.9972375240334795, 0.0], [0.0, 0.9356477303293202], [0.9971294131165654, 0.0], [0.37555675576733866, 0.9141105187966707], [0.9967681290225797, 0.0], [0.37753833471200543, 0.9072173652725619], [0.9966043490514338, 0.0]]
0.5893, [[0.9943635485989178, 0.0], [0.3769260072258314, 0.9149539371574087], [0.38160359317361675, 0.7506243433898729], [1.0, 0.0], [0.37934496294633674, 0.8414723527989979], [0.3773186805078619, 0.9091635669213187], [0.3731689821135019, 0.985457923950108], [0.40244507945043734, 0.2766940381985657], [0.37753833471200543, 0.9072173652725619], [0.3731689821135019, 0.985457923950108]]
0.5581, [[0.9975950968571835, 0.0], [0.37555675576733866, 0.9141105187966707], [0.0, 0.953613092666926], [0.37934496294633674, 0.8414723527989979], [0.40244507945043734, 0.2766940381985657], [0.3773186805078619, 0.9091635669213187], [0.39623212165358834, 0.27669238035573984], [0.3767074568116584, 0.8755177893737314], [0.39771230400412344, 0.2765846600160484], [0.00781422590715571, 0.27667148460355406]]
0.1374, [[0.9967629655161001, 0.0], [0.0, 0.27752149898861567], [0.9966803494124286, 0.0], [0.0, 0.27715231759140074], [0.9958453135989505, 0.0], [0.0, 0.27698941750112843], [0.9943635485989178, 0.0], [0.0, 0.27688358449656464], [0.9940864942043786, 0.0], [0.0, 0.276148140557348]]
0.5885, [[0.9995504522171306, 0.0], [0.3731689821135019, 0.985457923950108], [0.0, 0.8786533211618961], [0.3767074568116584, 0.8755177893737314], [0.3759301127248841, 0.8584876291596534], [0.3770173458458961, 0.8555524781388927], [0.37885543209438877, 0.8461806117657212], [0.0013054523981937593, 0.8015577166904053], [0.38160359317361675, 0.7506243433898729], [0.4006682535453114, 0.27682932510573566]]
0.5827, [[0.37885543209438877, 0.8461806117657212], [0.9995504522171306, 0.0], [0.3731689821135019, 0.985457923950108], [0.3773186805078619, 0.9091635669213187], [0.0, 0.9871169223531451], [0.37684625840045766, 0.8794057826405961], [0.0, 0.9356477303293202], [0.3769260072258314, 0.9149539371574087], [0.0, 0.9985375235875551], [0.37365133833064124, 0.9357403409728537]]
0.5710, [[0.40244507945043734, 0.2766940381985657], [0.37365133833064124, 0.9357403409728537], [0.37934496294633674, 0.8414723527989979], [0.37753833471200543, 0.9072173652725619], [0.3773186805078619, 0.9091635669213187], [0.9990829935211605, 0.0], [0.0, 1.0], [0.37555675576733866, 0.9141105187966707], [0.4014312483624683, 0.276895178638894], [0.9986407069192778, 0.0]]
0.5896, [[0.9995504522171306, 0.0], [0.0, 1.0], [0.4014312483624683, 0.276895178638894], [0.37941174223955626, 0.7907525903578048], [0.37934496294633674, 0.8414723527989979], [0.3731689821135019, 0.985457923950108], [0.37365133833064124, 0.9357403409728537], [0.3769260072258314, 0.9149539371574087], [0.3773186805078619, 0.9091635669213187], [0.40244507945043734, 0.2766940381985657]]
0.5694, [[0.9962737232771697, 0.0], [0.0, 0.9985375235875551], [0.37365133833064124, 0.9357403409728537], [0.3759301127248841, 0.8584876291596534], [0.37885543209438877, 0.8461806117657212], [0.37934496294633674, 0.8414723527989979], [0.3987316540419453, 0.27684046145873387], [0.37941174223955626, 0.7907525903578048], [0.9962277357975868, 0.0], [0.0, 0.8763744378264084]]
0.5629, [[0.9997415019568712, 0.0], [0.37365133833064124, 0.9357403409728537], [0.4014312483624683, 0.276895178638894], [0.37555675576733866, 0.9141105187966707], [0.37696739934972784, 0.841978128188527], [0.9978645673515812, 0.0], [0.3987316540419453, 0.27684046145873387], [0.3754554830375388, 0.8757757761664313], [0.0, 0.8891378933920346], [0.9976412456963437, 0.0]]
0.5464, [[0.0, 0.9314752900858934], [0.9990829935211605, 0.0], [0.37555675576733866, 0.9141105187966707], [0.9976044557126774, 0.0], [0.0, 0.9094893579351735], [0.9973937201044838, 0.0], [0.0002731328282176725, 0.7803879158358136], [0.9972375240334795, 0.0], [0.0, 0.27671339802571093], [0.9969564356495031, 0.0]]
0.1372, [[0.9975950968571835, 0.0], [0.0, 0.27407251536301175], [0.9974337372796998, 0.0], [0.9940534154909944, 0.0], [0.9944961861716095, 0.0], [0.0, 0.27268010787542424], [0.0, 0.2726278362226049], [0.0, 0.2724699311757134], [0.0, 0.27215241781875327], [0.0, 0.2697062043915813]]
0.5898, [[0.9979304020591945, 0.0], [0.3731689821135019, 0.985457923950108], [0.0, 1.0], [0.3769260072258314, 0.9149539371574087], [0.38160359317361675, 0.7506243433898729], [0.9963290696122464, 0.0], [0.3773186805078619, 0.9091635669213187], [0.4006682535453114, 0.27682932510573566], [0.37684625840045766, 0.8794057826405961], [0.3767074568116584, 0.8755177893737314]]
0.5552, [[0.3769260072258314, 0.9149539371574087], [0.9986011738227942, 0.0], [0.9971084363714926, 0.0], [0.3773186805078619, 0.9091635669213187], [0.37684625840045766, 0.8794057826405961], [0.3770173458458961, 0.8555524781388927], [0.37885543209438877, 0.8461806117657212], [0.38160359317361675, 0.7506243433898729], [0.3974173161344885, 0.27687754478510174], [0.4006682535453114, 0.27682932510573566]]
0.5527, [[0.997821484344393, 0.0], [0.3769260072258314, 0.9149539371574087], [0.9956960559897781, 0.0], [0.0, 0.31919008753315503], [0.3974173161344885, 0.27687754478510174], [0.9946649682896574, 0.0], [0.0, 0.2893209416445638], [0.4006682535453114, 0.27682932510573566], [0.993957245182814, 0.0], [0.46490341171611843, 0.0]]
0.5815, [[0.3731689821135019, 0.985457923950108], [0.9974337372796998, 0.0], [0.3773186805078619, 0.9091635669213187], [0.37684625840045766, 0.8794057826405961], [0.37696739934972784, 0.841978128188527], [0.37934496294633674, 0.8414723527989979], [0.3759301127248841, 0.8584876291596534], [0.9966043490514338, 0.0], [0.996167064596453, 0.0], [0.996167064596453, 0.0]]
0.5641, [[0.37365133833064124, 0.9357403409728537], [0.3773186805078619, 0.9091635669213187], [0.37696739934972784, 0.841978128188527], [0.37941174223955626, 0.7907525903578048], [0.4014312483624683, 0.276895178638894], [0.37555675576733866, 0.9141105187966707], [0.9978645673515812, 0.0], [0.9976412456963437, 0.0], [0.9976044557126774, 0.0], [0.9974337372796998, 0.0]]
0.5644, [[1.0, 0.0], [0.4016837403182363, 0.2766934620772664], [0.37934496294633674, 0.8414723527989979], [0.37365133833064124, 0.9357403409728537], [0.37753833471200543, 0.9072173652725619], [0.9593109235034074, 0.0], [0.9971294131165654, 0.0], [0.46874797565613613, 0.0], [0.39533832772491884, 0.2768074324963641], [0.37696739934972784, 0.841978128188527]]
0.5698, [[0.0, 0.9985375235875551], [0.37365133833064124, 0.9357403409728537], [0.3773186805078619, 0.9091635669213187], [0.4014312483624683, 0.276895178638894], [0.9997415019568712, 0.0], [0.40244507945043734, 0.2766940381985657], [0.9975950968571835, 0.0], [0.9973937201044838, 0.0], [0.9966043490514338, 0.0], [0.4016837403182363, 0.2766934620772664]]
0.5690, [[0.9997415019568712, 0.0], [0.37365133833064124, 0.9357403409728537], [0.37365133833064124, 0.9357403409728537], [0.0, 1.0], [0.9940864942043786, 0.0], [0.37753833471200543, 0.9072173652725619], [0.0, 0.9902659598601595], [0.37684625840045766, 0.8794057826405961], [0.3987316540419453, 0.27684046145873387], [0.39782516652861427, 0.27676852996539564]]
0.5830, [[0.9995504522171306, 0.0], [0.37941174223955626, 0.7907525903578048], [0.37941174223955626, 0.7907525903578048], [0.37885543209438877, 0.8461806117657212], [0.3770173458458961, 0.8555524781388927], [0.37684625840045766, 0.8794057826405961], [0.37555675576733866, 0.9141105187966707], [0.3731689821135019, 0.985457923950108], [0.0, 0.9871169223531451], [0.0, 0.9985375235875551]]
0.5537, [[0.9972375240334795, 0.0], [0.3770173458458961, 0.8555524781388927], [0.3769260072258314, 0.9149539371574087], [0.37684625840045766, 0.8794057826405961], [0.0, 0.9314752900858934], [0.0, 0.953613092666926], [0.0, 0.8891378933920346], [0.38160359317361675, 0.7506243433898729], [0.37885543209438877, 0.8461806117657212], [0.37753833471200543, 0.9072173652725619]]
0.5290, [[0.9981054772007643, 0.0], [0.3767074568116584, 0.8755177893737314], [0.37885543209438877, 0.8461806117657212], [0.9979304020591945, 0.0], [0.0011710659692768025, 0.6242019949069878], [0.9963290696122464, 0.0], [0.0, 0.27752149898861567], [0.9962737232771697, 0.0], [0.0, 0.27056861375148367], [0.5248861352435732, 0.0]]
0.2471, [[0.9976044557126774, 0.0], [0.39623212165358834, 0.27669238035573984], [0.0, 0.27113741281198284], [0.0, 0.2709687813905281], [0.09659343297760863, 0.0], [0.0, 0.2694955591450877], [0.9969406224109096, 0.0], [0.996769258539622, 0.0], [0.9967629655161001, 0.0], [0.9951995525698607, 0.0]]
0.5661, [[0.0, 1.0], [0.9971294131165654, 0.0], [0.3773186805078619, 0.9091635669213187], [0.37934496294633674, 0.8414723527989979], [0.38160359317361675, 0.7506243433898729], [0.37885543209438877, 0.8461806117657212], [0.37941174223955626, 0.7907525903578048], [0.37365133833064124, 0.9357403409728537], [0.9971156975524793, 0.0], [0.995183900690845, 0.0]]
0.5878, [[0.9990829935211605, 0.0], [0.38160359317361675, 0.7506243433898729], [0.3731689821135019, 0.985457923950108], [0.3769260072258314, 0.9149539371574087], [0.3759301127248841, 0.8584876291596534], [0.0, 0.9871169223531451], [0.37684625840045766, 0.8794057826405961], [0.39771230400412344, 0.2765846600160484], [0.9946649682896574, 0.0], [0.10112752622921983, 0.0]]
0.5482, [[0.9979420199487734, 0.0], [0.0, 0.9314752900858934], [0.9979304020591945, 0.0], [0.3769260072258314, 0.9149539371574087], [0.9971084363714926, 0.0], [0.3773186805078619, 0.9091635669213187], [0.9968388045175174, 0.0], [0.37684625840045766, 0.8794057826405961], [0.996447346182542, 0.0], [0.9963290696122464, 0.0]]
0.5197, [[0.37934496294633674, 0.8414723527989979], [1.0, 0.0], [0.9997415019568712, 0.0], [0.9976044557126774, 0.0], [0.9975950968571835, 0.0], [0.9973937201044838, 0.0], [0.9971294131165654, 0.0], [0.40244507945043734, 0.2766940381985657], [0.4016837403182363, 0.2766934620772664], [0.39623212165358834, 0.27669238035573984]]
0.5583, [[1.0, 0.0], [0.37365133833064124, 0.9357403409728537], [0.37555675576733866, 0.9141105187966707], [0.3773186805078619, 0.9091635669213187], [0.0, 0.9094893579351735], [0.9976044557126774, 0.0], [0.37934496294633674, 0.8414723527989979], [0.9969564356495031, 0.0], [0.37941174223955626, 0.7907525903578048], [0.9941424859777652, 0.0]]
