mean:0.772714,,,,,,,,,,,,,,,,,,,,
0.7752, [[0.9836551201371505, 0.5919359615686297], [0.9187587005831739, 0.6156048964705849], [0.9867147528208362, 0.31926252863864996], [0.9266493322411016, 0.42392520071393774], [0.9768112049236418, 0.2929423442754203], [0.9638480243427604, 0.2949196637309848], [0.9480667610269048, 0.37143189485640116], [0.9223014331642839, 0.37205207853318206], [0.7527333691684107, 0.28783452429017975], [0.2514592290117938, 0.26430910035165406]]
0.5835, [[0.9317218811640553, 0.4498141364705895], [0.9623987246504878, 0.42840941554437784], [0.9268908821898139, 0.4331782521499271], [0.9386463130271342, 0.42123452344637335], [0.938485279727993, 0.3308068966412461], [0.9112706521730995, 0.32126328865812104], [0.9325270476597622, 0.3165738296284276], [0.893073889370124, 0.319148284277138], [0.9237507328565564, 0.30394661301314324], [0.9107875522756759, 0.30685020022716236]]
0.5403, [[0.9858290696755589, 0.31778749050786953], [0.9591780586676601, 0.3025746915463249], [0.9380826964801394, 0.2949032922337871], [0.93228549771105, 0.40173805549245506], [0.9208521334720121, 0.3665035612526366], [0.927776565335091, 0.29528917534027227], [0.9158601011986287, 0.34008269803667046], [0.9113511688226705, 0.3098371215317218], [0.9112706521730995, 0.32126328865812104], [0.8132013729959986, 0.2927016717373899]]
0.4304, [[0.8088534739191817, 0.3007727463897454], [0.9730269223938188, 0.293475417133707], [0.9370359800357204, 0.2941687654123299], [0.9768112049236418, 0.2929423442754203], [0.8273723033204404, 0.29359658927141713], [0.9500796772661722, 0.29280022738190553], [0.7489490866385884, 0.28833577070851785], [0.5851947427198438, 0.2828526820135452], [0.5747378771382194, 0.2824534061604585], [0.44326655805288767, 0.27780961513414953]]
0.5573, [[0.9110291022243873, 0.40878881194223604], [0.9748788053339448, 0.4036752639948076], [0.9976650171624503, 0.3709818413110497], [0.9217378166172892, 0.37560156676943046], [0.9913847184959363, 0.3398947635891612], [0.9603858084112205, 0.364212739250365], [0.9085330860876963, 0.36350526496835966], [0.9661024905307398, 0.36197359922115846], [0.9536224098472829, 0.36173423008275174], [0.9643311242401849, 0.343883177673211]]
0.5875, [[0.9880835358635385, 0.43441466298880405], [0.9665855904281635, 0.44006679149764716], [0.9695647064622797, 0.37860530326139874], [0.9531393099498584, 0.427879242576667], [0.9326075643093323, 0.4158685004056467], [0.9686790233170017, 0.2955784819855885], [0.9381632131297104, 0.38875302158039904], [0.9455707448902138, 0.37971065455135483], [0.9113511688226705, 0.3678557001460328], [0.8042640248936525, 0.3458077747850072]]
0.588, [[0.9338153140528928, 0.44748525653091], [0.9737515722399555, 0.4098630056790525], [0.9340568640016049, 0.42046102482557174], [0.9574066923771052, 0.4008550108713288], [0.9573261757275342, 0.353388704202499], [0.9681959234195774, 0.31564528508843087], [0.9665050737785933, 0.37680484179782564], [0.9603858084112205, 0.364212739250365], [0.9771332715219243, 0.34085199286061996], [0.9774553381202067, 0.3152236689923739]]
0.4894, [[0.9487108942234704, 0.36311876294012646], [0.9579703089240998, 0.29872871199091344], [0.6522485905041892, 0.3610804160311535], [0.9407397459159724, 0.320701958137271], [0.6496720577179272, 0.3577834028882038], [0.7264044247587952, 0.2911799103282626], [0.669962253409741, 0.3095908284926173], [0.682442334093198, 0.2955795196156926], [0.7141658940240496, 0.29415187510008006], [0.6938756983322358, 0.29300181585268215]]
1.0138, [[0.9975039838633091, 0.31072807918221673], [0.9867147528208362, 0.7805385882352973], [0.9601442584625084, 0.8300061427450955], [0.9802734208551809, 0.4480151822164528], [0.9640895742914726, 0.5455547184313697], [0.975200871932228, 0.4238168911244523], [0.9842992533337154, 0.2936148823058447], [0.9828499536414436, 0.2925208550840673], [0.9762475883766464, 0.33511430472172643], [0.9512069103601621, 0.44367859484017524]]
0.5307, [[0.9065201698484291, 0.40262134739574895], [0.9614325248556397, 0.30962841538211916], [0.9329296309076156, 0.3959207424955377], [0.9260051990445359, 0.28989293500911695], [0.9231871163095619, 0.36718136167450915], [0.9142497682072148, 0.29456195036028826], [0.9109485855748171, 0.2907446812320917], [0.9106265189765339, 0.2900528259312321], [0.9005619377801976, 0.2862752275983329], [0.9168263009934776, 0.290703666319354]]
0.8548, [[0.9560379093344036, 0.7094235678431381], [0.6717336197002961, 0.2925178574859888], [0.7613486506724745, 0.28798373404532435], [0.6234098332999618, 0.29021919087001824], [0.7390455387413934, 0.28371184357905704], [0.6485448246239371, 0.289805199596249], [0.6809930344009254, 0.286658904337067], [0.5134226198641494, 0.2830278454675697], [0.4991632577073889, 0.2816745262438135], [0.49441013698846875, 0.2863194699140401]]
0.5694, [[0.9636869910436192, 0.4262897128022066], [0.9514484603088744, 0.4220505546000326], [0.9780994713167724, 0.37674771961706965], [0.9844602866328573, 0.32840257212396573], [0.9507238104627378, 0.42328696543890953], [0.9504017438644552, 0.4204382748661368], [0.9475836611294811, 0.4185178815511927], [0.9466979779842032, 0.39239375693655676], [0.945731778189355, 0.39518013240305067], [0.9195638670788807, 0.3913413240305046]]
1.0165, [[0.972463305846824, 0.6846897905882312], [0.9622376913513466, 0.8423773599999967], [0.9866342361712659, 0.3992367963654064], [0.9802734208551809, 0.4480151822164528], [0.9505627771635965, 0.8300104713725511], [0.9735905389408142, 0.42982238585104654], [0.9727048557955362, 0.4236403316566606], [0.927857081984662, 0.3915482992049328], [0.8260840369273091, 0.30281925361025497], [0.8235880207906181, 0.29347028662930347]]
0.5989, [[0.9455707448902138, 0.4473086970631187], [1.0, 0.3532885549245498], [0.9744762220860913, 0.40569234463735193], [0.9748788053339448, 0.4036752639948076], [0.9507238104627378, 0.42328696543890953], [0.9661024905307398, 0.42222736134999195], [0.9636869910436192, 0.4262897128022066], [0.9844602866328573, 0.32840257212396573], [0.95450809299256, 0.3846676728865813], [0.9561989426335448, 0.3671185520038942]]
0.5726, [[0.9158601011986287, 0.43322078468278424], [0.9642506075906139, 0.42522986143112096], [0.9648142241376085, 0.41421616096057134], [0.6820397508453445, 0.37078871393801716], [0.9260051990445359, 0.3691994314457243], [0.9534613765481417, 0.31824916631510647], [0.6504772242136342, 0.3510976349180594], [0.8203673548077905, 0.33658588090215796], [0.9774553381202067, 0.3152236689923739], [0.9739931221886676, 0.2909340304243395]]
0.5179, [[0.93228549771105, 0.40173805549245506], [0.9231871163095619, 0.3572472951484668], [0.9223819498138549, 0.32780637481745906], [0.3185016139155853, 0.2670507407528002], [0.9272934654376672, 0.3086635203634594], [0.9249584826001169, 0.30734352815187416], [0.9128809851645133, 0.3285682511763751], [0.30918282930888896, 0.2705019871711383], [0.9269713988393842, 0.2949608230584468], [0.9128809851645133, 0.3106254570825898]]
0.5712, [[0.9748788053339448, 0.4036752639948076], [0.978663087863767, 0.36784234690897283], [0.9735905389408142, 0.42982238585104654], [0.9738320888895257, 0.37261118351452205], [0.9710140061545516, 0.42415294759045935], [0.9661024905307398, 0.42222736134999195], [0.9666661070777345, 0.40244478792795724], [0.9651362907358918, 0.40810829141651783], [0.9063591365492878, 0.41916353529125433], [0.9656193906333155, 0.38610908064254446]]
0.7983, [[0.9479862443773346, 0.6475891247058787], [0.9693231565135675, 0.4292924601655037], [0.9748788053339448, 0.4036752639948076], [0.9768112049236418, 0.2929423442754203], [0.9296284482752171, 0.6197603788235303], [0.9569235924796807, 0.4110994165179294], [0.9063591365492878, 0.41916353529125433], [0.9285817318307978, 0.41688853934772035], [0.9270519154889552, 0.3931318942073666], [0.9738320888895257, 0.37261118351452205]]
0.7266, [[0.9216572999677191, 0.5795690729411763], [0.9886471524105331, 0.2905126155899974], [0.9695647064622797, 0.37860530326139874], [0.9661024905307398, 0.42222736134999195], [0.9690010899152843, 0.3292628667856566], [0.9554742927874089, 0.40245047541781576], [0.9557158427361203, 0.3912372182378713], [0.9060370699510046, 0.38920084958624035], [0.95450809299256, 0.3846676728865813], [0.9548301595908433, 0.3798587765698522]]
0.5382, [[0.9554742927874089, 0.40245047541781576], [0.9477446944286223, 0.40996562777867934], [0.9060370699510046, 0.38920084958624035], [0.8081288240730458, 0.3278884724971606], [0.8116715566541558, 0.29378668694955967], [0.6377555935814649, 0.34679319422359234], [0.793957893748604, 0.31049340840499773], [0.7811557464668646, 0.2938678526821457], [0.7758416475951987, 0.2857102976035426], [0.3860009623766396, 0.27949220630372495]]
0.5316, [[0.9690010899152843, 0.36160317053383095], [0.9141692515576447, 0.3991861035210126], [0.8165830722779682, 0.35517482330034095], [0.8153753225344078, 0.32805909719292575], [0.9114316854722407, 0.32424625344799596], [0.9308361980187774, 0.321297413597274], [0.9113511688226705, 0.3098371215317218], [0.9272934654376672, 0.3086635203634594], [0.8231854375427647, 0.3012843731948729], [0.9143302848567859, 0.29568349399519617]]
0.7498, [[0.9836551201371505, 0.5919359615686297], [0.9632844077957656, 0.5641072156862738], [0.9579703089240998, 0.29872871199091344], [0.9424305955569565, 0.2891492875748893], [0.8058743578850662, 0.29146923618895115], [0.8068405576799145, 0.2918113082465973], [0.8058743578850662, 0.2953918238590873], [0.7879191450308022, 0.33300449326626624], [0.7669848161424228, 0.29323999039231385], [0.7937163437998918, 0.29460995036028825]]
1.1687, [[0.9848628698807108, 0.386137765374006], [0.9828499536414436, 0.9784174635294092], [0.975200871932228, 0.4238168911244523], [0.9670686903255881, 0.34775759467791645], [0.9648142241376085, 0.41421616096057134], [0.9644116408897551, 0.4446593159175727], [0.9610299416077862, 0.6568653733333307], [0.9554742927874089, 0.44766181599870175], [0.9480667610269048, 0.37143189485640116], [0.9471005612320567, 0.358070497484991]]
0.5767, [[0.9867147528208362, 0.31926252863864996], [0.9812396206500298, 0.42099070322894694], [0.9799513542568985, 0.4243752542592891], [0.9642506075906139, 0.427879242576667], [0.956359975932686, 0.43141191562550696], [0.956359975932686, 0.43141191562550696], [0.9809175540517465, 0.34126792146681795], [0.9657804239324567, 0.41962892033100774], [0.9475836611294811, 0.4185178815511927], [0.961915624753064, 0.4054017880902158]]
0.5253, [[0.9380021798305685, 0.37586467499594334], [0.9380021798305685, 0.37586467499594334], [0.9371970133348616, 0.3967127872789227], [0.9312387812666308, 0.40619284374492953], [0.9325270476597622, 0.3165738296284276], [0.9302725814717827, 0.3781552497160474], [0.7843764124496921, 0.3826315515171185], [0.9107070356261049, 0.3233726055492456], [0.915296484651634, 0.29191297678142514], [0.9143302848567859, 0.29568349399519617]]
1.0881, [[0.9256026157966826, 0.9227643003921602], [0.9632844077957656, 0.5641072156862738], [0.9802734208551809, 0.36772266233976947], [0.951045877061021, 0.7681716996078438], [0.9799513542568985, 0.4243752542592891], [0.908372052788555, 0.5390531199999957], [0.9763281050262174, 0.40002884114879134], [0.9338153140528928, 0.44748525653091], [0.9642506075906139, 0.427879242576667], [0.9572456590779639, 0.43759396981989285]]
0.7641, [[0.9828499536414436, 0.2925208550840673], [0.9684374733682896, 0.4349445886743468], [0.9741541554878088, 0.34423085640110357], [0.962720791248771, 0.6104841301960784], [0.9216572999677191, 0.5795690729411763], [0.9415449124116793, 0.4821186831372543], [0.9455707448902138, 0.4473086970631187], [0.9345399638990295, 0.44369689372059057], [0.9508848437618789, 0.3943025279896153], [0.9400150960698358, 0.41056973811455466]]
0.8688, [[0.9758450051287929, 0.39399490897290274], [0.9844602866328573, 0.32840257212396573], [0.9737515722399555, 0.4098630056790525], [0.9710140061545516, 0.42415294759045935], [0.9720607225989706, 0.3735854752555573], [0.9624792413000588, 0.4229335992211585], [0.9619961414026343, 0.3934649832873599], [0.9560379093344036, 0.7094235678431381], [0.9514484603088744, 0.4220505546000326], [0.9504017438644552, 0.4204382748661368]]
0.6659, [[0.9675517902230124, 0.429115900697712], [0.9231065996599908, 0.523911581176472], [0.9583728921719532, 0.42522986143112096], [0.9583728921719532, 0.42522986143112096], [0.975200871932228, 0.4238168911244523], [0.9744762220860913, 0.35038991335388603], [0.9065201698484291, 0.40262134739574895], [0.9643311242401849, 0.343883177673211], [0.9231871163095619, 0.3572472951484668], [0.8236685374401884, 0.2940003618895116]]
0.7298, [[0.9880835358635385, 0.43441466298880405], [0.9848628698807108, 0.386137765374006], [0.9737515722399555, 0.4098630056790525], [0.9158601011986287, 0.43322078468278424], [0.9216572999677191, 0.5795690729411763], [0.9809175540517465, 0.34126792146681795], [0.976972238222783, 0.2908720483849961], [0.9723827891972538, 0.3011671614473472], [0.93228549771105, 0.40173805549245506], [0.9270519154889552, 0.3931318942073666]]
0.575, [[0.9851849364789933, 0.380781880902158], [0.9158601011986287, 0.43322078468278424], [0.9686790233170017, 0.2955784819855885], [0.9294674149760758, 0.34661243095894845], [0.9599027085137968, 0.29443220816653326], [0.719802059493998, 0.29649402304072703], [0.9374385632835738, 0.29072331889815056], [0.7068388789131173, 0.2959262631835148], [0.7657770663988623, 0.2926423346677342], [0.7509620028778556, 0.2866332964313623]]
0.9178, [[0.9659414572315985, 0.743437922352937], [0.9344594472494585, 0.7558048109803904], [0.978663087863767, 0.36784234690897283], [0.9572456590779639, 0.43759396981989285], [0.9743151887869501, 0.3518031309427227], [0.9338153140528928, 0.44748525653091], [0.9559573926848326, 0.3926843134836929], [0.9345399638990295, 0.44369689372059057], [0.9386463130271342, 0.42123452344637335], [0.9340568640016049, 0.42046102482557174]]
0.5953, [[0.9338153140528928, 0.44748525653091], [0.9880835358635385, 0.43441466298880405], [0.9644116408897551, 0.4446593159175727], [0.975200871932228, 0.4238168911244523], [0.9735905389408142, 0.42982238585104654], [0.9512069103601621, 0.44367859484017524], [0.9665855904281635, 0.44006679149764716], [0.9698867730605621, 0.4361809995132242], [0.9675517902230124, 0.429115900697712], [0.9514484603088744, 0.4220505546000326]]
1.0135, [[0.9174704341900426, 0.8702017772549051], [0.9344594472494585, 0.7558048109803904], [0.9141692515576447, 0.3991861035210126], [0.9561989426335448, 0.29703062534479957], [0.9569235924796807, 0.4110994165179294], [0.4406048104502922, 0.26989759833289917], [0.9479057277277636, 0.41224482751906544], [0.9347009971981707, 0.31340589777705674], [0.9536224098472829, 0.42701326042511767], [0.7920254941589078, 0.2858458293175306]]
1.008, [[0.9976650171624503, 0.3709818413110497], [0.9601442584625084, 0.8300061427450955], [0.972463305846824, 0.6846897905882312], [0.9851849364789933, 0.380781880902158], [0.9370359800357204, 0.8021817254901951], [0.9659414572315985, 0.743437922352937], [0.9665855904281635, 0.44006679149764716], [0.9848628698807108, 0.386137765374006], [0.983977186735433, 0.3815452409540809], [0.9762475883766464, 0.33511430472172643]]
0.5992, [[0.9812396206500298, 0.42099070322894694], [0.9975039838633091, 0.31072807918221673], [0.9802734208551809, 0.4480151822164528], [0.9842992533337154, 0.2936148823058447], [0.9685179900178605, 0.44624884569203305], [0.9780994713167724, 0.37674771961706965], [0.9780994713167724, 0.37674771961706965], [0.9657804239324567, 0.41962892033100774], [0.9345399638990295, 0.42399369787441166], [0.9762475883766464, 0.33511430472172643]]
0.6002, [[0.9802734208551809, 0.4480151822164528], [0.9976650171624503, 0.3709818413110497], [0.9665855904281635, 0.44006679149764716], [0.9797098043081862, 0.42322440305046216], [0.9512069103601621, 0.44367859484017524], [0.9851849364789933, 0.380781880902158], [0.9453291949415017, 0.422580480285575], [0.9741541554878088, 0.34423085640110357], [0.9670686903255881, 0.34775759467791645], [0.9573261757275342, 0.353388704202499]]
1.0115, [[0.9622376913513466, 0.8423773599999967], [0.9858290696755589, 0.31778749050786953], [0.9704503896075568, 0.3892826999837743], [0.9666661070777345, 0.40244478792795724], [0.9266493322411016, 0.42392520071393774], [0.9694036731631377, 0.3494042466331333], [0.93228549771105, 0.40173805549245506], [0.9371970133348616, 0.3967127872789227], [0.9443629951466535, 0.33845335583319813], [0.9318023978136255, 0.2968597533668668]]
0.576, [[0.9665855904281635, 0.44006679149764716], [0.9141692515576447, 0.3991861035210126], [0.9371970133348616, 0.3967127872789227], [0.9380021798305685, 0.37586467499594334], [0.9225429831129961, 0.3760659626805126], [0.9204495502241586, 0.386359082914165], [0.9202885169250167, 0.38961158526691547], [0.8812379418832319, 0.28792969425631676], [0.4016292205551469, 0.2686576032169836], [0.9057955200022925, 0.2938118398718975]]
1.0008, [[0.9601442584625084, 0.8300061427450955], [0.987680952615685, 0.41374904494564346], [0.9799513542568985, 0.4243752542592891], [0.9344594472494585, 0.7558048109803904], [0.9858290696755589, 0.31778749050786953], [0.9710140061545516, 0.42415294759045935], [0.962720791248771, 0.6104841301960784], [0.9216572999677191, 0.5795690729411763], [0.9848628698807108, 0.386137765374006], [0.9666661070777345, 0.4206603342527989]]
0.564, [[0.9642506075906139, 0.427879242576667], [0.9690010899152843, 0.36160317053383095], [0.9204495502241586, 0.386359082914165], [0.9272934654376672, 0.361126163232192], [0.9374385632835738, 0.29072331889815056], [0.9208521334720121, 0.3665035612526366], [0.9070837863954238, 0.31899348564011043], [0.9094992858825445, 0.29351029303442755], [0.8856663576096199, 0.2941063730984788], [0.6429891758035599, 0.3227974272269999]]
0.5421, [[0.9345399638990295, 0.42399369787441166], [0.9125589185662308, 0.3997098471523608], [0.9329296309076156, 0.3959207424955377], [0.9204495502241586, 0.386359082914165], [0.9076474029424184, 0.33336082687003105], [0.9308361980187774, 0.3003068667856563], [0.7891268947743626, 0.33095823332792473], [0.9057955200022925, 0.31053618822002294], [0.9043462203100205, 0.2985523998052897], [0.8057938412354952, 0.29443768454763813]]
0.5885, [[0.9763281050262174, 0.40002884114879134], [0.9554742927874089, 0.44766181599870175], [0.9477446944286223, 0.40996562777867934], [0.9352646137451653, 0.3999717189680349], [0.9231871163095619, 0.36718136167450915], [0.9600637418129381, 0.3608682479312024], [0.9197249003780219, 0.2981574901833523], [0.9165042343951944, 0.3468943326302128], [0.915296484651634, 0.30104376764562735], [0.9132030517627965, 0.29387042754203363]]
1.012, [[0.9640895742914726, 0.5455547184313697], [0.9698867730605621, 0.4361809995132242], [0.9761670717270761, 0.4208141437611552], [0.9842992533337154, 0.2936148823058447], [0.9622376913513466, 0.8423773599999967], [0.978663087863767, 0.36784234690897283], [0.9425916288560985, 0.455891529411762], [0.9583728921719532, 0.42522986143112096], [0.9743151887869501, 0.3518031309427227], [0.9569235924796807, 0.4110994165179294]]
0.5659, [[0.956359975932686, 0.4238623910433228], [0.9858290696755589, 0.31778749050786953], [0.961593558154781, 0.35531305403212715], [0.9223014331642839, 0.37205207853318206], [0.9851044198294223, 0.29207455884707767], [0.8942011224641133, 0.35261668927470385], [0.9106265189765339, 0.2900528259312321], [0.9272129487880963, 0.32469877981502504], [0.9186781839336029, 0.3215986032776244], [0.9197249003780219, 0.2981574901833523]]
0.8761, [[0.9848628698807108, 0.386137765374006], [0.9566820425309692, 0.7156091764705887], [0.9560379093344036, 0.7094235678431381], [0.9512069103601621, 0.44367859484017524], [0.9684374733682896, 0.4349445886743468], [0.9523341434541515, 0.4340615440532205], [0.9453291949415017, 0.422580480285575], [0.9654583573341742, 0.41958910790199583], [0.9559573926848326, 0.3926843134836929], [0.97077245620584, 0.3885136524419924]]
0.5838, [[0.9574872090266762, 0.44395258348207056], [0.9744762220860913, 0.40569234463735193], [0.93228549771105, 0.40173805549245506], [0.9125589185662308, 0.3997098471523608], [0.9329296309076156, 0.3959207424955377], [0.9455707448902138, 0.3869011254259289], [0.9308361980187774, 0.3003068667856563], [0.9208521334720121, 0.3665035612526366], [0.9217378166172892, 0.37560156676943046], [0.28349934978311553, 0.2690165173222193]]
0.5766, [[0.9705309062571278, 0.4386538211909785], [0.9656193906333155, 0.38610908064254446], [0.9569235924796807, 0.4110994165179294], [0.9553937761378379, 0.4309959870193085], [0.9561989426335448, 0.29703062534479957], [0.9492745107704652, 0.396439293201363], [0.9544275763429897, 0.37447445464871015], [0.9331711808563271, 0.427879242576667], [0.9220598832155724, 0.380719071231543], [0.9381632131297104, 0.38875302158039904]]
1.0245, [[0.9593390919668014, 0.40509416907350326], [0.9913847184959363, 0.3398947635891612], [0.9741541554878088, 0.34423085640110357], [0.9174704341900426, 0.8702017772549051], [0.9455707448902138, 0.4473086970631187], [0.9386463130271342, 0.42123452344637335], [0.9415449124116793, 0.4821186831372543], [0.9851044198294223, 0.29207455884707767], [0.976972238222783, 0.2908720483849961], [0.9723827891972538, 0.3011671614473472]]
0.5688, [[0.9735905389408142, 0.42982238585104654], [0.9332516975058981, 0.3737793444750931], [0.9599027085137968, 0.29443220816653326], [0.9231871163095619, 0.3572472951484668], [0.9374385632835738, 0.29072331889815056], [0.9032995038656015, 0.36938439850722027], [0.9357477136425898, 0.32539388998864205], [0.8936375059171187, 0.363531229595976], [0.8946842223615377, 0.3466796917085836], [0.9006424544297685, 0.2923899791833467]]
1.0392, [[0.9174704341900426, 0.8702017772549051], [0.9976650171624503, 0.3709818413110497], [0.951045877061021, 0.7681716996078438], [0.9780994713167724, 0.37674771961706965], [0.9513679436593034, 0.4335316183676782], [0.9762475883766464, 0.33511430472172643], [0.9623987246504878, 0.42840941554437784], [0.9642506075906139, 0.42522986143112096], [0.9414643957621084, 0.3943596501703717], [0.9690010899152843, 0.4030202135323705]]
0.9629, [[0.9867147528208362, 0.7805385882352973], [0.9231065996599908, 0.523911581176472], [0.9797098043081862, 0.42322440305046216], [0.9705309062571278, 0.4386538211909785], [0.9665855904281635, 0.44006679149764716], [0.9744762220860913, 0.40569234463735193], [0.9866342361712659, 0.3992367963654064], [1.0, 0.3532885549245498], [0.9809175540517465, 0.34126792146681795], [0.9656193906333155, 0.3948495161447346]]
0.7678, [[0.9913847184959363, 0.3398947635891612], [0.962720791248771, 0.6104841301960784], [0.9415449124116793, 0.4821186831372543], [0.956359975932686, 0.4238623910433228], [0.9331711808563271, 0.427879242576667], [0.9398540627706946, 0.42575978711666385], [0.9648142241376085, 0.41421616096057134], [0.9582923755223831, 0.32643667889015077], [0.9653778406846032, 0.3103405880253123], [0.9400150960698358, 0.41056973811455466]]
0.563, [[0.9623987246504878, 0.42840941554437784], [0.9656193906333155, 0.3948495161447346], [0.9507238104627378, 0.42328696543890953], [0.9065201698484291, 0.40262134739574895], [0.9455707448902138, 0.37971065455135483], [0.9416254290612496, 0.3946242420898911], [0.9407397459159724, 0.320701958137271], [0.9195638670788807, 0.3913413240305046], [0.9391294129245586, 0.3612327418465034], [0.9391294129245586, 0.3612327418465034]]
1.0878, [[0.9797098043081862, 0.42322440305046216], [0.9632844077957656, 0.5641072156862738], [0.951045877061021, 0.7681716996078438], [0.9256026157966826, 0.9227643003921602], [0.9789046378124793, 0.36509034366379994], [0.9554742927874089, 0.44766181599870175], [0.9690010899152843, 0.4030202135323705], [0.9271324321385254, 0.4334158903131589], [0.9714971060519759, 0.3602413876358917], [0.9551522261891257, 0.3430115080318027]]
0.9085, [[0.9659414572315985, 0.743437922352937], [0.9851849364789933, 0.380781880902158], [0.9768112049236418, 0.3962340490021093], [0.9592585753172311, 0.4978965301960804], [0.9809175540517465, 0.34126792146681795], [0.9758450051287929, 0.39399490897290274], [0.9247169326514046, 0.6166697388235289], [0.908372052788555, 0.5390531199999957], [0.9587754754198068, 0.3675003556709397], [0.9665855904281635, 0.2941125412329864]]
0.5836, [[0.9581313422232411, 0.41905349472659403], [0.9128004685149431, 0.4397257893882848], [0.9848628698807108, 0.386137765374006], [0.9858290696755589, 0.31778749050786953], [0.9352646137451653, 0.3999717189680349], [0.964492157539326, 0.35474306863540483], [0.9618351081034932, 0.30713284374492944], [0.9614325248556397, 0.30962841538211916], [0.9555548094369791, 0.3632043225701769], [0.9223014331642839, 0.37205207853318206]]
0.9998, [[0.9601442584625084, 0.8300061427450955], [0.9866342361712659, 0.3992367963654064], [0.9344594472494585, 0.7558048109803904], [0.9479862443773346, 0.6475891247058787], [0.9522536268045813, 0.47444402666666596], [0.9425916288560985, 0.455891529411762], [0.9812396206500298, 0.42970838877170214], [0.9799513542568985, 0.4243752542592891], [0.9761670717270761, 0.4208141437611552], [0.9507238104627378, 0.42328696543890953]]
0.7147, [[0.9797098043081862, 0.42322440305046216], [0.9632844077957656, 0.5641072156862738], [0.9642506075906139, 0.427879242576667], [0.9744762220860913, 0.40569234463735193], [0.942189045608245, 0.4377707765698522], [0.9654583573341742, 0.4045926808372544], [0.9593390919668014, 0.40509416907350326], [0.9553937761378379, 0.4309959870193085], [0.9559573926848326, 0.3850381015739089], [0.4649407885311638, 0.28187840974212036]]
0.5961, [[0.9644116408897551, 0.4446593159175727], [0.9690010899152843, 0.4030202135323705], [1.0, 0.3532885549245498], [0.9642506075906139, 0.42522986143112096], [0.9867147528208362, 0.31926252863864996], [0.9561184259839739, 0.3587599201687491], [0.9580508255736708, 0.3481678357942559], [0.9492745107704652, 0.396439293201363], [0.9323660143606202, 0.3796992795716373], [0.9323660143606202, 0.3796992795716373]]
0.608, [[0.9976650171624503, 0.3709818413110497], [0.9799513542568985, 0.4243752542592891], [0.9425916288560985, 0.455891529411762], [0.9851849364789933, 0.380781880902158], [0.9644116408897551, 0.4446593159175727], [0.9848628698807108, 0.386137765374006], [0.9512069103601621, 0.44367859484017524], [0.9737515722399555, 0.4098630056790525], [0.956359975932686, 0.44253961317540147], [0.9499186439670309, 0.4063305799123802]]
0.755, [[0.962720791248771, 0.6104841301960784], [0.9196443837284518, 0.32558850105468107], [0.9125589185662308, 0.3997098471523608], [0.9141692515576447, 0.3991861035210126], [0.9144913181559271, 0.3240931857861433], [0.901125554327193, 0.3173211163394453], [0.9318023978136255, 0.2968597533668668], [0.9289843150786514, 0.292444320256205], [0.9427526621552397, 0.29260822738190556], [0.27145311602323907, 0.27061976816879396]]
0.5273, [[0.9557158427361203, 0.3912372182378713], [0.9548301595908433, 0.3798587765698522], [0.8149727392865544, 0.3735931410027583], [0.9544275763429897, 0.3385957903618369], [0.9756034551800814, 0.3348066857050138], [0.9756034551800814, 0.3348066857050138], [0.9681959234195774, 0.31564528508843087], [0.815214289235266, 0.3345396209638164], [0.9260051990445359, 0.2954004899919936], [0.7742313146037849, 0.3311345455135489]]
0.7572, [[1.0, 0.3532885549245498], [0.9836551201371505, 0.5919359615686297], [0.9761670717270761, 0.4208141437611552], [0.9768112049236418, 0.3962340490021093], [0.9632844077957656, 0.5641072156862738], [0.978663087863767, 0.36784234690897283], [0.9744762220860913, 0.40569234463735193], [0.9684374733682896, 0.4349445886743468], [0.9654583573341742, 0.41958910790199583], [0.9661024905307398, 0.42222736134999195]]
0.5947, [[0.9867147528208362, 0.31926252863864996], [0.9802734208551809, 0.4480151822164528], [0.9797098043081862, 0.42322440305046216], [0.9554742927874089, 0.44766181599870175], [0.9780994713167724, 0.37674771961706965], [0.9271324321385254, 0.4334158903131589], [0.9475836611294811, 0.4185178815511927], [0.9519315602062981, 0.40456424338796043], [0.9264882989419604, 0.3883321473308453], [0.9082915361389841, 0.3754141268862568]]
0.623, [[0.9522536268045813, 0.47444402666666596], [0.987680952615685, 0.41374904494564346], [0.9799513542568985, 0.4243752542592891], [0.9761670717270761, 0.4208141437611552], [0.9340568640016049, 0.42046102482557174], [0.9730269223938188, 0.293475417133707], [0.9690010899152843, 0.4030202135323705], [0.9714971060519759, 0.3602413876358917], [0.9702088396588446, 0.2919381873498799], [0.9567625591805395, 0.3558427324355024]]
0.5406, [[0.9479057277277636, 0.41224482751906544], [0.9110291022243873, 0.40878881194223604], [0.9554742927874089, 0.40245047541781576], [0.93228549771105, 0.40173805549245506], [0.9414643957621084, 0.3943596501703717], [0.9455707448902138, 0.3869011254259289], [0.9208521334720121, 0.3665035612526366], [0.915296484651634, 0.32319258413110497], [0.9144913181559271, 0.3128542112607497], [0.7747949311507796, 0.29180187349879905]]
0.8789, [[0.9566820425309692, 0.7156091764705887], [0.9934781513847746, 0.3476836573097516], [0.9704503896075568, 0.3892826999837743], [0.9455707448902138, 0.4473086970631187], [0.9858290696755589, 0.31778749050786953], [0.9128004685149431, 0.4397257893882848], [0.9828499536414436, 0.2925208550840673], [0.9523341434541515, 0.4340615440532205], [0.9523341434541515, 0.4340615440532205], [0.975200871932228, 0.29204975180144116]]
1.1729, [[0.9273739820872375, 1.0], [0.972463305846824, 0.6846897905882312], [0.9735905389408142, 0.42982238585104654], [0.9812396206500298, 0.42099070322894694], [0.9370359800357204, 0.8021817254901951], [0.9659414572315985, 0.743437922352937], [0.9560379093344036, 0.7094235678431381], [0.9685179900178605, 0.44624884569203305], [0.9559573926848326, 0.3150698594840176], [0.6789801181616582, 0.28444327298775723]]
1.0149, [[0.9505627771635965, 0.8300104713725511], [1.0, 0.3532885549245498], [0.9867147528208362, 0.7805385882352973], [0.9975039838633091, 0.31072807918221673], [0.9812396206500298, 0.42099070322894694], [0.9640895742914726, 0.5455547184313697], [0.9744762220860913, 0.35038991335388603], [0.9651362907358918, 0.40810829141651783], [0.9762475883766464, 0.29338243394715774], [0.956359975932686, 0.4238623910433228]]
0.973, [[1.0, 0.3532885549245498], [0.9370359800357204, 0.8021817254901951], [0.962720791248771, 0.6104841301960784], [0.9768112049236418, 0.3962340490021093], [0.9737515722399555, 0.4098630056790525], [0.9665855904281635, 0.44006679149764716], [0.9705309062571278, 0.4386538211909785], [0.9610299416077862, 0.6568653733333307], [0.9818032371970244, 0.3835964465357782], [0.9797098043081862, 0.306300986532533]]
0.9066, [[0.9659414572315985, 0.743437922352937], [0.9802734208551809, 0.36772266233976947], [0.9799513542568985, 0.4243752542592891], [0.9632844077957656, 0.5641072156862738], [0.9640895742914726, 0.5455547184313697], [0.9698867730605621, 0.4361809995132242], [0.9642506075906139, 0.427879242576667], [0.9636869910436192, 0.4262897128022066], [0.9536224098472829, 0.42701326042511767], [0.9583728921719532, 0.42522986143112096]]
0.7944, [[0.9479862443773346, 0.6475891247058787], [0.9684374733682896, 0.4349445886743468], [0.9415449124116793, 0.4821186831372543], [0.9558768760352623, 0.41027349407755953], [0.9479057277277636, 0.41224482751906544], [0.9675517902230124, 0.3815224909946454], [0.9285817318307978, 0.41688853934772035], [0.9533003432489997, 0.3462820619828004], [0.9514484603088744, 0.3489769430472174], [0.9480667610269048, 0.37143189485640116]]
0.7143, [[0.9216572999677191, 0.5795690729411763], [0.9631233744966246, 0.32367330066526034], [0.9477446944286223, 0.40996562777867934], [0.9400150960698358, 0.41056973811455466], [0.953783443146424, 0.3619394742820055], [0.9450876449927894, 0.3937100399156256], [0.9352646137451653, 0.3999717189680349], [0.9386463130271342, 0.3768105292876846], [0.9218183332668601, 0.3418913198117802], [0.9179535340874669, 0.2911011849479584]]
0.5632, [[0.9513679436593034, 0.4335316183676782], [0.9345399638990295, 0.42399369787441166], [0.9175509508396135, 0.4167028304397208], [0.9559573926848326, 0.3926843134836929], [0.9225429831129961, 0.3760659626805126], [0.9089356693355498, 0.3624651961706962], [0.917067850942189, 0.35472402790848634], [0.9365528801382967, 0.32332018172967736], [0.9327685976084736, 0.3157592821677757], [0.3948797891342808, 0.26852180255274816]]
0.7996, [[0.9789046378124793, 0.36509034366379994], [0.9710140061545516, 0.42415294759045935], [0.9738320888895257, 0.37261118351452205], [0.9705309062571278, 0.4386538211909785], [0.956359975932686, 0.4238623910433228], [0.9690816065648553, 0.3083521921142303], [0.9479862443773346, 0.6475891247058787], [0.939531996172412, 0.43496165114392327], [0.9327685976084736, 0.3157592821677757], [0.9323660143606202, 0.3796992795716373]]
1.031, [[0.9174704341900426, 0.8702017772549051], [0.9802734208551809, 0.4480151822164528], [0.9976650171624503, 0.3709818413110497], [0.9247169326514046, 0.6166697388235289], [0.956359975932686, 0.44253961317540147], [0.978663087863767, 0.36784234690897283], [0.9216572999677191, 0.5795690729411763], [0.9761670717270761, 0.4208141437611552], [0.9661024905307398, 0.42222736134999195], [0.9623987246504878, 0.42840941554437784]]
1.0217, [[1.0, 0.3532885549245498], [0.9622376913513466, 0.8423773599999967], [0.9975039838633091, 0.31072807918221673], [0.9505627771635965, 0.8300104713725511], [0.9886471524105331, 0.2905126155899974], [0.972463305846824, 0.6846897905882312], [0.9554742927874089, 0.40245047541781576], [0.9519315602062981, 0.40456424338796043], [0.9583728921719532, 0.42522986143112096], [0.9748788053339448, 0.4036752639948076]]
0.5424, [[0.9326075643093323, 0.4158685004056467], [0.9559573926848326, 0.3150698594840176], [0.9302725814717827, 0.3781552497160474], [0.9308361980187774, 0.3003068667856563], [0.9237507328565564, 0.30394661301314324], [0.9057955200022925, 0.31053618822002294], [0.7813167797660058, 0.3737635184163559], [0.8164220389788263, 0.307253270160636], [0.8032978250988043, 0.34204315106279404], [0.8880818570967406, 0.2869729613831727]]
1.019, [[0.9644116408897551, 0.4446593159175727], [0.9174704341900426, 0.8702017772549051], [0.9656193906333155, 0.38610908064254446], [0.9391294129245586, 0.3612327418465034], [0.9204495502241586, 0.386359082914165], [0.9797098043081862, 0.306300986532533], [0.972463305846824, 0.3082950699334739], [0.9417059457108206, 0.2933231160928743], [0.9374385632835738, 0.29072331889815056], [0.6791411514607995, 0.3361692104494563]]
0.5736, [[0.9345399638990295, 0.44369689372059057], [0.9453291949415017, 0.422580480285575], [0.9573261757275342, 0.353388704202499], [0.9455707448902138, 0.37971065455135483], [0.9302725814717827, 0.3781552497160474], [0.9333322141554691, 0.2937707381905525], [0.6467734583333821, 0.3793975953269513], [0.6670636540251959, 0.3616301242901185], [0.9264882989419604, 0.2928064147317854], [0.9264882989419604, 0.2928064147317854]]
0.7709, [[0.9858290696755589, 0.31778749050786953], [0.9685179900178605, 0.44624884569203305], [0.9296284482752171, 0.6197603788235303], [0.9797098043081862, 0.42322440305046216], [0.9809175540517465, 0.34126792146681795], [0.9642506075906139, 0.42522986143112096], [0.9425916288560985, 0.455891529411762], [0.9780994713167724, 0.37674771961706965], [0.9340568640016049, 0.42046102482557174], [0.9705309062571278, 0.29495774859887913]]
0.9266, [[0.951045877061021, 0.7681716996078438], [0.9735905389408142, 0.42982238585104654], [0.9654583573341742, 0.41958910790199583], [0.9690010899152843, 0.4030202135323705], [0.9519315602062981, 0.40456424338796043], [0.9666661070777345, 0.40244478792795724], [0.9780994713167724, 0.37674771961706965], [0.9712555561032638, 0.37242324906701285], [0.97077245620584, 0.3885136524419924], [0.9356671969930188, 0.39839356417329197]]
1.1646, [[0.9273739820872375, 1.0], [0.9812396206500298, 0.42970838877170214], [0.9370359800357204, 0.8021817254901951], [0.9799513542568985, 0.4243752542592891], [0.9344594472494585, 0.7558048109803904], [0.9761670717270761, 0.4208141437611552], [0.9479862443773346, 0.6475891247058787], [0.9739931221886676, 0.2909340304243395], [0.9236702162069863, 0.44607228622424133], [0.7013637467423102, 0.28677416872883565]]
0.5401, [[0.9065201698484291, 0.40262134739574895], [0.9758450051287929, 0.39399490897290274], [0.9195638670788807, 0.3913413240305046], [0.9391294129245586, 0.3612327418465034], [0.9094992858825445, 0.35985142365730954], [0.9272934654376672, 0.3086635203634594], [0.8231854375427647, 0.3012843731948729], [0.9219793665660014, 0.29900838812266767], [0.8294657362092787, 0.28951117934357906], [0.2570975856616275, 0.2725223990622558]]
1.1671, [[0.9975039838633091, 0.31072807918221673], [0.9880835358635385, 0.43441466298880405], [0.9273739820872375, 1.0], [0.9802734208551809, 0.4480151822164528], [0.9867147528208362, 0.31926252863864996], [0.9735905389408142, 0.42982238585104654], [0.9693231565135675, 0.4292924601655037], [0.9675517902230124, 0.429115900697712], [0.9812396206500298, 0.42099070322894694], [0.9797098043081862, 0.42322440305046216]]
0.9753, [[0.9836551201371505, 0.5919359615686297], [1.0, 0.3532885549245498], [0.9975039838633091, 0.31072807918221673], [0.9370359800357204, 0.8021817254901951], [0.9644116408897551, 0.4446593159175727], [0.9842992533337154, 0.2936148823058447], [0.9425916288560985, 0.455891529411762], [0.9812396206500298, 0.42970838877170214], [0.9744762220860913, 0.40569234463735193], [0.9666661070777345, 0.4206603342527989]]
0.6253, [[0.978663087863767, 0.36784234690897283], [0.9415449124116793, 0.4821186831372543], [0.9741541554878088, 0.34423085640110357], [0.9720607225989706, 0.3735854752555573], [0.9710140061545516, 0.42415294759045935], [0.9653778406846032, 0.3103405880253123], [0.9371970133348616, 0.3967127872789227], [0.9535418931977119, 0.39579982151549553], [0.9455707448902138, 0.3869011254259289], [0.9380021798305685, 0.37586467499594334]]
1.0099, [[0.9684374733682896, 0.4349445886743468], [0.9802734208551809, 0.36772266233976947], [0.9675517902230124, 0.429115900697712], [0.9723827891972538, 0.3011671614473472], [0.9622376913513466, 0.8423773599999967], [0.9425916288560985, 0.455891529411762], [0.9219793665660014, 0.42906446600681497], [0.9268908821898139, 0.4331782521499271], [0.9690816065648553, 0.3083521921142303], [0.9398540627706946, 0.42575978711666385]]
0.8747, [[0.9566820425309692, 0.7156091764705887], [0.9818032371970244, 0.3835964465357782], [0.975200871932228, 0.4238168911244523], [0.9455707448902138, 0.4473086970631187], [0.9744762220860913, 0.40569234463735193], [0.9737515722399555, 0.4098630056790525], [0.9624792413000588, 0.4229335992211585], [0.9690010899152843, 0.36160317053383095], [0.9654583573341742, 0.4045926808372544], [0.9559573926848326, 0.3926843134836929]]
1.039, [[0.987680952615685, 0.41374904494564346], [0.9174704341900426, 0.8702017772549051], [0.9976650171624503, 0.3709818413110497], [0.962720791248771, 0.6104841301960784], [0.9684374733682896, 0.4349445886743468], [0.9610299416077862, 0.6568653733333307], [0.9851849364789933, 0.380781880902158], [0.9818032371970244, 0.3835964465357782], [0.9642506075906139, 0.42522986143112096], [0.9737515722399555, 0.4098630056790525]]
0.5794, [[0.9710140061545516, 0.42415294759045935], [0.9768112049236418, 0.3962340490021093], [0.9851849364789933, 0.380781880902158], [0.983977186735433, 0.3815452409540809], [0.9581313422232411, 0.41905349472659403], [0.9758450051287929, 0.39399490897290274], [0.9307556813692064, 0.4349445886743468], [0.9665050737785933, 0.37680484179782564], [0.961593558154781, 0.35531305403212715], [0.9653778406846032, 0.3103405880253123]]
1.0001, [[0.9601442584625084, 0.8300061427450955], [0.987680952615685, 0.41374904494564346], [0.9505627771635965, 0.8300104713725511], [0.983977186735433, 0.3815452409540809], [0.9748788053339448, 0.4036752639948076], [0.9675517902230124, 0.3815224909946454], [0.9661024905307398, 0.29545540752602084], [0.9587754754198068, 0.3675003556709397], [0.939531996172412, 0.43496165114392327], [0.6163752146359602, 0.2752308048971086]]
1.175, [[0.9880835358635385, 0.43441466298880405], [0.972463305846824, 0.6846897905882312], [0.9273739820872375, 1.0], [0.9370359800357204, 0.8021817254901951], [0.9665855904281635, 0.44006679149764716], [0.9693231565135675, 0.4292924601655037], [0.9535418931977119, 0.39579982151549553], [0.6399295431198734, 0.29143560928742995], [0.927857081984662, 0.3915482992049328], [0.797661659628856, 0.3819495472983938]]
1.0693, [[0.9256026157966826, 0.9227643003921602], [0.964492157539326, 0.35474306863540483], [0.956359975932686, 0.44253961317540147], [0.9629623411974825, 0.2938508662930345], [0.9553937761378379, 0.4309959870193085], [0.9219793665660014, 0.42906446600681497], [0.9531393099498584, 0.427879242576667], [0.9400150960698358, 0.41056973811455466], [0.9060370699510046, 0.38920084958624035], [0.9070837863954238, 0.3846476430309916]]
1.0874, [[0.9913847184959363, 0.3398947635891612], [0.9866342361712659, 0.3992367963654064], [0.9761670717270761, 0.4208141437611552], [0.9256026157966826, 0.9227643003921602], [0.9640895742914726, 0.5455547184313697], [0.9744762220860913, 0.40569234463735193], [0.9522536268045813, 0.47444402666666596], [0.9583728921719532, 0.42522986143112096], [0.956359975932686, 0.43141191562550696], [0.9643311242401849, 0.343883177673211]]
0.8773, [[0.9560379093344036, 0.7094235678431381], [0.9836551201371505, 0.5919359615686297], [0.9231065996599908, 0.523911581176472], [0.9685179900178605, 0.44624884569203305], [0.9705309062571278, 0.4386538211909785], [0.9812396206500298, 0.42099070322894694], [0.983977186735433, 0.3815452409540809], [0.6742296358369878, 0.3504564322570179], [0.9913847184959363, 0.3398947635891612], [0.22044109395596576, 0.2538726012633498]]
0.5928, [[0.9748788053339448, 0.4036752639948076], [0.9554742927874089, 0.44766181599870175], [0.9858290696755589, 0.31778749050786953], [0.9738320888895257, 0.37261118351452205], [0.9455707448902138, 0.4473086970631187], [0.9762475883766464, 0.29338243394715774], [0.956359975932686, 0.44253961317540147], [0.9128004685149431, 0.4397257893882848], [0.9693231565135675, 0.4292924601655037], [0.9675517902230124, 0.429115900697712]]
1.0162, [[0.9844602866328573, 0.32840257212396573], [0.9622376913513466, 0.8423773599999967], [0.9836551201371505, 0.5919359615686297], [0.978663087863767, 0.36784234690897283], [0.9661024905307398, 0.42222736134999195], [0.9802734208551809, 0.36772266233976947], [0.9656193906333155, 0.3948495161447346], [0.9663440404794521, 0.36257746227486615], [0.9508848437618789, 0.3943025279896153], [0.9559573926848326, 0.3926843134836929]]
0.8168, [[0.9866342361712659, 0.3992367963654064], [0.9610299416077862, 0.6568653733333307], [0.9886471524105331, 0.2905126155899974], [0.9514484603088744, 0.4220505546000326], [0.9737515722399555, 0.4098630056790525], [0.9065201698484291, 0.40262134739574895], [0.976972238222783, 0.2908720483849961], [0.29287495624717, 0.27243754525918207], [0.7200436094427102, 0.2799991967309195], [0.4530579867338634, 0.27957170031258144]]
