0.5971, [[0.3668, 0.6464976610978522], [0.9028633675222216, 0.13841379068360343], [0.3053360207304306, 0.5568247392601416], [0.8573560026049021, 0.23144091954022822], [0.5166629559893174, 0.0], [0.6268865300455421, 0.5203788824582324], [0.6124359071597615, 0.0], [0.6238292445339384, 0.1998861391409554], [0.6141808327035545, 0.15623694252873496], [0.5156511924387146, 0.0]]
0.9552, [[0.6118200510854821, 0.9999760478408121], [0.8041870948587437, 0.5033755223746998], [0.20291692517620774, 0.6131619301909298], [0.8754284457370421, 0.4902659725536984], [0.753650238668139, 0.5694530680190929], [0.8853994488444297, 0.37154317967332046], [0.791972616052194, 0.4688390056682561], [0.8642990466804137, 0.30142420931639446], [0.5680136219923637, 0.5673299958233878], [0.5430274612644392, 0.5576706002386617]]
0.6535, [[0.7939814799135354, 0.5184442831145587], [0.5722073085934118, 0.6109773290572784], [0.9005099175240809, 0.21272604476708887], [0.7345513687455325, 0.34647543859649194], [0.7283781447628702, 0.3715944367816102], [0.6073037732074297, 0.6095135880071593], [0.7549479353960855, 0.0], [0.6965809091182087, 0.5400020799522671], [0.3668, 0.5991611822792359], [0.7429314103276969, 0.0]]
0.5913, [[0.06394756192381991, 0.7231904411764705], [0.827508977862126, 0.0], [0.6078756395621183, 0.6223277989260129], [0.08405561623674976, 0.7075455882352928], [0.7692739207430235, 0.13084658318209175], [0.5862033710434141, 0.33072367695099775], [0.24505033199168302, 0.6920308823529393], [0.6257354657162331, 0.5472884015513126], [0.6033593616840663, 0.06156883242589144], [0.6003387342721221, 0.0]]
0.5768, [[0.7633133137383863, 0.11732827465214589], [0.6680535759631755, 0.44867999999999664], [0.7387230604867847, 0.0], [0.6233453576184329, 0.47426844868735046], [0.6519386753528532, 0.0798653587416816], [0.6006759887889901, 0.44915199999999866], [0.4856648669172328, 0.6726947398568006], [0.4726145834384461, 0.29606331881427755], [0.3668, 0.5921054322792356], [0.19664755636014697, 0.5632082046539382]]
0.6226, [[0.05613800171357741, 0.6908132352941154], [0.8226407822273429, 0.11563000604960536], [0.20564846119580377, 0.6858213235294112], [0.3668, 0.6442554170644377], [0.7762316280583992, 0.036599836660614726], [0.09631132724515418, 0.6244165444510729], [0.7680422085944636, 0.23786841016333835], [0.7264279338609843, 0.555919292362768], [0.6541821510520154, 0.25291463278886933], [0.6485074772247226, 0.35265644283121567]]
0.5986, [[0.7138688689176347, 0.5168898678400947], [0.6340715175788068, 0.5258892846062055], [0.8115773677501017, 0.0], [0.22576638853049105, 0.6750775289379474], [0.797097418384594, 0.21069837386569923], [0.013032388720000362, 0.6714473215990435], [0.28265299536546323, 0.6804817127088288], [0.0, 0.7150080882352944], [0.17612154412614625, 0.6640139782219556], [0.02713435479707146, 0.578453132458233]]
0.5476, [[0.4210806269371022, 0.6622089134844868], [0.334479930739424, 0.6782465930787582], [0.2604775760968604, 0.6934426470588231], [0.0, 0.7222301470588236], [0.8563882287738906, 0.07948922202056745], [0.5508063100121879, 0.516515512828161], [0.402810230066801, 0.665725130369928], [0.21494555668418788, 0.6848397058823515], [0.8519232722353618, 0.0], [0.3668, 0.5415506661694505]]
0.6750, [[0.0, 0.7594911764705874], [0.23063378825697609, 0.644484693317422], [0.3668, 0.6400992992243428], [0.8050595576306402, 0.5917867771479699], [0.13429942396105432, 0.7436661764705865], [0.2177067117690567, 0.6125582989260141], [0.6137409355076404, 0.5479496757159892], [0.5231880977287108, 0.5852841399164663], [0.8052355165090059, 0.009317486993344332], [0.5541348654612718, 0.5711396085918841]]
0.6648, [[0.2011364902525916, 0.6937397058823522], [0.744808305030264, 0.6050459394391403], [0.7937248732159188, 0.5620074188544144], [0.699799490268314, 0.6200402177804283], [0.3668, 0.6356892935560848], [0.5006213715783142, 0.5975387613365155], [0.6177439999904591, 0.5615993848448673], [0.6527304903054989, 0.55695556921241], [0.41701157787489623, 0.5912595713007156], [0.6879149343586993, 0.5449107938544149]]
0.5655, [[0.5083342357466761, 0.5912628096658695], [0.7886074025034505, 0.367300900181489], [0.031225076811960555, 0.5923191643794732], [0.6164756297422402, 0.4946902270286399], [0.51312911518214, 0.5187234301909304], [0.6530164234828427, 0.2954836612220197], [0.3668, 0.583387753281621], [0.6403987055800384, 0.3557394071385368], [0.3668, 0.5344715999403322], [0.3668, 0.5147525468377084]]
0.7033, [[0.15979485714636807, 0.6527470581742243], [0.5662686964485707, 0.640686090990453], [0.6973800556907861, 0.62467367064439], [0.8597607739425658, 0.5877180951670637], [0.8597607739425658, 0.5877180951670637], [0.2296464860812185, 0.6074300238663481], [0.7008919016381671, 0.2826739068360545], [0.4944408159757206, 0.5600307207637222], [0.1139412530969326, 0.5883430996420046], [0.6948286519544837, 0.39498133333333546]]
0.6939, [[0.0734059167675778, 0.7721977941176468], [0.8617329797042477, 0.0], [0.699799490268314, 0.6200402177804283], [0.1520906091682063, 0.7014698529411755], [0.17401200847727755, 0.6780192598448668], [0.3668, 0.6660062204653925], [0.8017456654214203, 0.577263357100239], [0.7657254166959824, 0.5425305954653926], [0.7940621277327862, 0.3471485650332719], [0.558401868261639, 0.2023291433756795]]
0.5931, [[0.5744434526726422, 0.575777595167063], [0.45906574980429027, 0.5885186190334114], [0.6944180812382974, 0.17997878281911472], [0.0, 0.758838235294117], [0.6680535759631755, 0.44867999999999664], [0.6306623143104719, 0.33689940471869173], [0.7538335291664365, 0.5307973508353216], [0.7464212614152825, 0.1019126993345432], [0.0, 0.7473080882352928], [0.44462245853844207, 0.32336074410163207]]
0.7677, [[0.984266343626137, 0.4916772520883057], [0.2443038524382067, 0.659736097852027], [0.7264792552005073, 0.6102972723747012], [0.892371819399669, 0.4180133333333356], [0.20191645897144, 0.6558416399164665], [0.6639625320411735, 0.6100129439140807], [0.8913014028896113, 0.49766952297136063], [0.3668, 0.6442295101431976], [0.7282095175044367, 0.5265512064439136], [0.7980945186953327, 0.580832035501192]]
0.7005, [[0.03358802001927361, 0.6726811387231489], [0.6899384614599049, 0.6207222174821004], [0.6689187071151397, 0.6282974012529816], [0.8315633636844683, 0.5552204531622903], [0.015754051717838963, 0.6678294200477325], [0.8765575152065547, 0.3618374954627952], [0.8183884426668395, 0.0], [0.5109296292025692, 0.6404432136038171], [0.5728378279075554, 0.612104280131265], [0.4807453499429262, 0.5798339713603808]]
0.7362, [[0.02520253353983918, 0.7116058823529393], [0.5699125115547261, 0.621788287291168], [0.14803608823309516, 0.7082661764705884], [0.8152505093359849, 0.5840283019093063], [0.035727174733415086, 0.7024066176470569], [0.9169107513117469, 0.5054778690334116], [0.3967543120030495, 0.6274191566229115], [0.8492692258200132, 0.418365333333328], [0.3668, 0.6023555056682575], [0.834063446081247, 0.5034797977326965]]
0.5650, [[0.6414178007505729, 0.5526841655727913], [0.0, 0.7594911764705874], [0.6315421087023003, 0.5173076169451057], [0.0, 0.7567169117647058], [0.542001034473973, 0.616317393198089], [0.03143241026886951, 0.7443169117647044], [0.4341309104158889, 0.557845471957039], [0.0, 0.7134867647058808], [0.3817904757220363, 0.0], [0.36004003333269996, 0.6828709785202856]]
0.6950, [[0.9184650547373107, 0.5824350262529823], [0.8668504504167159, 0.0], [0.3668, 0.5781726900357981], [0.8209838361227326, 0.5266911038186142], [0.41756144936978895, 0.5664012326968964], [0.8332276414090101, 0.23798599999999936], [0.6479062843903067, 0.2570845493042949], [0.6403180577607875, 0.2599707767695094], [0.2605572005825641, 0.28827374591651567], [0.6014678037416352, 0.26354897519661036]]
0.5442, [[0.7773093761883887, 0.4191306666666617], [0.8814770321808618, 0.0], [0.7080255678319085, 0.3285595716878406], [0.6550839403036396, 0.47386106235083497], [0.5271251776321423, 0.530232579952266], [0.4201495112057508, 0.5007323687350822], [0.0, 0.5466051065035794], [0.5935716490749763, 0.38577866666666394], [0.5125499172075202, 0.33996427828191145], [0.5193976502239168, 0.3306663895946759]]
0.7109, [[0.880443273770463, 0.4636666666666641], [0.20701752021285427, 0.7171779411764705], [0.85704074294783, 0.0], [0.4886488362295175, 0.6437929785202859], [0.7024242102039349, 0.6025336157517887], [0.6367915485735425, 0.5793825432577562], [0.6371068082306139, 0.42646933333333087], [0.6405380063587446, 0.0], [0.7488260327529468, 0.0], [0.3733884392800754, 0.6337831918257756]]
0.5711, [[0.6408532660158166, 0.598434493138423], [0.012963277567697377, 0.696334558823529], [0.6887140809312768, 0.4138133333333289], [0.6738968770489017, 0.5157933573985676], [0.6130884213337009, 0.601992161097851], [0.6322459442157629, 0.5401244901551303], [0.14861530550953958, 0.6944926470588236], [0.5461287364956343, 0.5753974110978509], [0.5511802226287148, 0.31165754022988545], [0.1358988534857816, 0.6902080882352941]]
0.6114, [[0.3668, 0.5492378973747015], [0.0, 0.8052823590177813], [0.798805685828727, 0.0], [0.3668, 0.6399069403341282], [0.0, 0.7594911764705874], [0.7660260131131904, 0.49890010173030996], [0.22761264359915798, 0.5938930098448671], [0.09049282642268952, 0.6969816176470575], [0.2642398330463806, 0.5573895101431972], [0.47933767891600115, 0.5163425841288787]]
0.6140, [[0.7185757689139166, 0.6268938937947477], [0.7058627399519972, 0.44605066666666054], [0.6720786353057896, 0.6158167419451065], [0.7050122720398967, 0.5377876858591877], [0.2376353017604849, 0.6705846211217179], [0.4236393622933363, 0.6491084310859175], [0.22875133210853169, 0.6616175880071595], [0.2976323517385548, 0.6040401032219558], [0.31995706691785364, 0.6504691921241035], [0.6948433151943474, 0.3691107283726558]]
0.5386, [[0.613029768374246, 0.5207895071599041], [0.7914227445573012, 0.0], [0.7798241218250315, 0.4681686640811451], [0.4511476002778354, 0.47929633442720765], [0.7438551944391166, 0.3629463073200235], [0.17012532891204515, 0.370725327283726], [0.7345513687455325, 0.34647543859649194], [0.7418609938176393, 0.19781927162734272], [0.6829734225245974, 0.3403532292800973], [0.7241991214016856, 0.0]]
0.6228, [[0.6458387675695105, 0.6073918111575175], [0.914124735737624, 0.019675191772533376], [0.8894245081870438, 0.004649321234118919], [0.8830240039864932, 0.06361911675740993], [0.8791235821827206, 0.15236250816696786], [0.8452221716176032, 0.0], [0.7557397503487313, 0.40740799999999566], [0.8110641543548686, 0.22382396249243677], [0.8104629615204522, 0.18059085299455585], [0.809135938312778, 0.17572745795523112]]
0.7955, [[0.24734948901638998, 0.7177073529411746], [0.7522718941209411, 0.6203854275059657], [0.9682394224549974, 0.5142570769689726], [0.3668, 0.6752446285799514], [0.7246243553577363, 0.5762944382458217], [0.571884717316408, 0.6391375047732697], [0.45518732286031366, 0.6564647013723146], [0.6436026234902801, 0.5952647813245804], [0.37320514878177785, 0.6231723645584718], [0.828879990789392, 0.555376542362767]]
0.5612, [[0.22851767059360242, 0.6749991605011931], [0.4694179971481366, 0.5518182267303096], [0.7181945246774573, 0.4233919999999985], [0.3668, 0.620122472255368], [0.21167429547517763, 0.6547969433174219], [0.24707080331642517, 0.672041885441527], [0.1737388548753181, 0.6056029382458226], [0.3668, 0.6587244325775641], [0.19732879486141963, 0.6515242514916461], [0.0377675992299808, 0.7067323529411751]]
0.5944, [[0.19826673192838934, 0.7065088235294105], [0.6712648254933485, 0.535027951073985], [0.6689187071151397, 0.6282974012529816], [0.3945181679238192, 0.6622782144988065], [0.6753925275150099, 0.5280026417064422], [0.21107533215521812, 0.6854536764705884], [0.5846124095181909, 0.5563843215990443], [0.624159167430874, 0.0], [0.5657628146732694, 0.5304411306682568], [0.571811401117089, 0.5267798350238663]]
0.7053, [[0.06573786986919375, 0.7119036764705868], [0.6040925236772566, 0.5012336676610964], [0.406952595328326, 0.6343103976730299], [0.9120498872968958, 0.47351844331742193], [0.6019516906571407, 0.6298492258353211], [0.05442667794226423, 0.6937970588235276], [0.8062766065393359, 0.36760844283121685], [0.5720020232353183, 0.4789083782816222], [0.5239872443012883, 0.5582418478520272], [0.7248223090958974, 0.0]]
0.5396, [[0.8007485651106812, 0.1516411397459155], [0.5089647550608196, 0.5576790199880667], [0.3668, 0.6627678553102618], [0.48466043498656236, 0.5654996718377083], [0.642546870220086, 0.13080060254083437], [0.03143241026886951, 0.7443169117647044], [0.3668, 0.6331484722553686], [0.00719743286127307, 0.6291737028639612], [0.47486539075754053, 0.5546168218973746], [0.5947960296036038, 0.2090611615245002]]
0.7310, [[0.5937842660530015, 0.6205777863961803], [0.030264102694223013, 0.7518566176470572], [0.8759709856120025, 0.5863547434367533], [0.3668, 0.6669686625894974], [0.6903783586558191, 0.49502442631264787], [0.6436026234902801, 0.5952647813245804], [0.571884717316408, 0.6391375047732697], [0.6628921155311158, 0.5026773308472537], [0.6412931632117308, 0.6044176965990434], [0.6164976246020357, 0.00483249001814879]]
0.5316, [[0.6738528873293104, 0.0], [0.2744019080343715, 0.6698786575178983], [0.5536436469258346, 0.474644746718377], [0.696991479834395, 0.1575515366001193], [0.5310915840153015, 0.6536117016706426], [0.5607626498797119, 0.04385724016938883], [0.493275088406548, 0.564511322792361], [0.44045809841712114, 0.5707056676610968], [0.5272571467909168, 0.6171710262529824], [0.5129531563037748, 0.6086845665274447]]
0.7435, [[0.8857147085015012, 0.6028056384248209], [0.17345253724434823, 0.7203676470588238], [0.44939534311411056, 0.6453856065035783], [0.7454754824440675, 0.5392948210023865], [0.3668, 0.6805199254176595], [0.4542415438890981, 0.6184547142004775], [0.6198335116710514, 0.553660208830548], [0.3668, 0.6779460727923615], [0.597112821502085, 0.4473279999999995], [0.17570358620507565, 0.6724719403341287]]
0.7124, [[0.5650003262003513, 0.6251937520883049], [0.9074529615995925, 0.5719122825178987], [0.4875124351400726, 0.6142700987470159], [0.7913640915978458, 0.1955579286146385], [0.5489514101694168, 0.5714783415871115], [0.7718399877191893, 0.5050711303699278], [0.7704029902125366, 0.5425046885441526], [0.7835265898906423, 0.0], [0.1457850392723678, 0.5495351792959421], [0.7380192249733222, 0.04590450937688997]]
0.6370, [[0.8249869006055518, 0.20357062068965556], [0.8031606680682772, 0.5319262449284011], [0.6096938813052304, 0.5773507929594254], [0.20036310354824813, 0.6686292962410484], [0.6386464484163135, 0.5109014829952253], [0.7443830710742139, 0.26133813551119084], [0.7741494479977387, 0.15239944343617584], [0.6697911698870362, 0.46225066666666753], [0.05617749380060762, 0.6672685352028624], [0.07879987765446689, 0.5758468961813827]]
0.6596, [[0.0, 0.7647735294117657], [0.2875399481755548, 0.6371718171241046], [0.22168883054461236, 0.6743741560262524], [0.3668, 0.565195265513126], [0.3782273084351312, 0.54690886515513], [0.8539981206760905, 0.5154785883054874], [0.0, 0.6905897058823508], [0.21078243250974332, 0.6360040626491628], [0.7917526674542369, 0.21592886025408334], [0.09138798039537632, 0.6472340653341291]]
0.6647, [[0.9019322517908702, 0.21168130429521945], [0.7962909401920847, 0.591142342482099], [0.8809931452653558, 0.3253062528735641], [0.7460840068984151, 0.5228892631264913], [0.8586610309527805, 0.2276750296430727], [0.8203606484285209, 0.4355946666666653], [0.8540274471558181, 0.22139829522080914], [0.5265093215578625, 0.39318133333333255], [0.8469011125820085, 0.1972893635813673], [0.8173180261567812, 0.2962012607380524]]
0.4726, [[0.6590650099266624, 0.5118580960620519], [0.661308485625825, 0.3045561693889903], [0.46669796615340087, 0.5010231739260128], [0.3760351540754927, 0.4968851909307869], [0.43765741960313453, 0.47556120405727775], [0.3668, 0.4983223773866343], [0.5011639114532751, 0.46135733333333484], [0.3668, 0.5274016011336509], [0.4338523088584769, 0.45622400000000174], [0.3668, 0.4897834561455849]]
0.5316, [[0.7385544332283513, 0.13100336963097306], [0.689747839341675, 0.19918060012099217], [0.6118713724250052, 0.5338822174821], [0.6102290895602589, 0.5163322213603808], [0.58665059985926, 0.6005089898568018], [0.5511875542486472, 0.2736918523895939], [0.558621816859596, 0.0], [0.5235986684448972, 0.0], [0.515416580600894, 0.5529782091288781], [0.44899210401785594, 0.06265578463399854]]
0.6501, [[0.8168488024811399, 0.4888378535202855], [0.04813098106818316, 0.7664742647058813], [0.7623088818077159, 0.5444004275059662], [0.08751775586640656, 0.6992602941176475], [0.7212664734289247, 0.48051266437947354], [0.3668, 0.6278971393198077], [0.610243752800123, 0.0], [0.5568329015962122, 0.4741466861575166], [0.5454029061223759, 0.5198063394988057], [0.0734059167675778, 0.20319297640653405]]
0.4912, [[0.6531777191213449, 0.16191743617664653], [0.5463193586138637, 0.33509183787053726], [0.4373274967061989, 0.48153210173030986], [0.8410358166364863, 0.13927988505747035], [0.3919154428479938, 0.42629066666666054], [0.6887580706508681, 0.02715646823956234], [0.38907077431441534, 0.6007868415871124], [0.502674225159247, 0.0], [0.38448118023704436, 0.5610333186157506], [0.44760642785072624, 0.0]]
0.4411, [[0.4326572548095766, 0.40834666666666086], [0.46364801226172947, 0.30918212341197804], [0.0, 0.7269676470588217], [0.3668, 0.5441445966587102], [0.18174916652796458, 0.7004323529411748], [0.5700811388131601, 0.2862136624319401], [0.3668, 0.5792076715393789], [0.5087594697027262, 0.0], [0.3668, 0.3505737459165139], [0.4353186328448575, 0.2557646787658809]]
0.5926, [[0.17722403155574223, 0.7092830882352921], [0.7556151128098886, 0.17459377132486434], [0.6450836107165243, 0.6029818054892594], [0.24505033199168302, 0.6920308823529393], [0.7267725199977835, 0.03004420326678685], [0.6531190661618895, 0.5446912326968968], [0.5743701364733231, 0.5898580068615745], [0.7066032335651193, 0.0], [0.45906574980429027, 0.5885186190334114], [0.6524518887480864, 0.5094966801909303]]
0.6534, [[0.3668, 0.544471023866347], [0.9341107316719905, 0.5214326464797139], [0.7549479353960855, 0.0], [0.3569353952473274, 0.5135277971360375], [0.5878969752476836, 0.4908650701073969], [0.86020067113848, 0.1382524815486974], [0.5853675663711772, 0.4865554537589498], [0.471038285153087, 0.48769600596658597], [0.663705925343557, 0.0], [0.6510882074407527, 0.012043912885660151]]
0.6813, [[0.8520625730140681, 0.4992103371121706], [0.3668, 0.6660062204653925], [0.7709601933273611, 0.5805366965990442], [0.8136228897111026, 0.0], [0.7936222305368721, 0.1768551143375686], [0.3668, 0.66172510173031], [0.7773606975279117, 0.5197985674224346], [0.7361569935106188, 0.5458110593675418], [0.3668, 0.6361271205250576], [0.3668, 0.6232649818019094]]
0.6405, [[0.09985245104887142, 0.6410617413484478], [0.8806045694089653, 0.5094319128878279], [0.1837204798722273, 0.6312760495226729], [0.12625291122862986, 0.6212338791766102], [0.8990802516373599, 0.13875525347852197], [0.6640358482404927, 0.5135582377684947], [0.08098839747739622, 0.5341976342482095], [0.8645409901381667, 0.08985069570477887], [0.5536436469258346, 0.474644746718377], [0.7860193406674892, 0.23595606775559466]]
0.5879, [[0.5110469351214801, 0.629978760441526], [0.7149979383871479, 0.5011488224940321], [0.769735812798733, 0.19333804355716688], [0.6509709015218423, 0.5238491145584718], [0.3668, 0.5904052905727906], [0.6411245359532969, 0.07216699334543217], [0.3668, 0.5182117684964183], [0.6180079383080075, 0.2486972280701737], [0.3668, 0.5126061584128877], [0.5625222386633686, 0.4630906666666594]]
0.4949, [[0.0, 0.6648326369331722], [0.522550246794635, 0.4958385513126495], [0.3668, 0.5501154943317422], [0.7436059193614324, 0.2762238027828181], [0.007121739694464892, 0.6055375232696885], [0.40434253863256875, 0.4986481569212395], [0.7267725199977835, 0.03004420326678685], [0.18996022962301531, 0.569200475536993], [0.40219437399252106, 0.4846519427207628], [0.6465499347029048, 0.0]]
0.7536, [[0.8864478704946914, 0.6069675853221941], [0.8223695122898622, 0.5907964850835321], [0.9352617960012996, 0.5802335856205252], [0.9169107513117469, 0.5054778690334116], [0.8639178024439549, 0.4738124868735087], [0.8115773677501017, 0.0], [0.8817409704984102, 0.5170537291169448], [0.3690334570405257, 0.6560560196897357], [0.9239784329261013, 0.5196152759546522], [0.7918259836535559, 0.5048165948687351]]
0.5530, [[0.6883988212742054, 0.5214579057279223], [0.0, 0.7324926470588221], [0.6282575429728077, 0.21148833635813516], [0.1142078246843871, 0.7117992647058807], [0.5853895612309731, 0.4784860954653939], [0.1362970653633371, 0.7104786764705875], [0.3668, 0.5705029460023865], [0.014394865722545901, 0.698397058823528], [0.2509425439337892, 0.6112525900954644], [0.16768011052341875, 0.5092816527446296]]
0.6469, [[0.8547312826692808, 0.0], [0.5310915840153015, 0.6536117016706426], [0.8189603090215275, 0.4825716169451056], [0.3668, 0.5086566482696887], [0.6394529266088228, 0.47730603520286363], [0.3668, 0.4931759674820994], [0.7065959019451875, 0.47213436605011805], [0.694872641674075, 0.4583626666666594], [0.6445630657013592, 0.3381499274047172], [0.6388957234939983, 0.3453100931639442]]
0.7141, [[0.75488928243663, 0.5908722628281619], [0.8917193052257296, 0.29879879007864546], [0.3668, 0.6720684400357988], [0.6045984054525579, 0.6218569406324582], [0.8621655452802302, 0.5189559448090685], [0.2262633306256226, 0.6559646977923614], [0.7647356480051756, 0.5170245838305486], [0.47525396661393104, 0.5937142520883042], [0.7529683980144718, 0.03768754264972684], [0.3668, 0.574795722852028]]
0.5440, [[0.694058831861634, 0.23696914942528582], [0.3790484498675046, 0.6343026255966588], [0.6509709015218423, 0.5238491145584718], [0.4617491226993665, 0.6209521414081141], [0.4945654535145627, 0.49839556443913957], [0.5431960885228733, 0.2964198572292802], [0.5397355639150149, 0.17021505747126264], [0.3961017978291101, 0.6198174182577563], [0.49243928373431095, 0.02846653962492197], [0.4496666130515908, 0.5476685856205248]]
0.6042, [[0.6896305334227646, 0.5849978684367529], [0.5176967143997157, 0.6395338806682579], [0.6232573781792503, 0.5059448412887829], [0.5817604093646812, 0.5359100817422431], [0.6674963728483505, 0.40759733333333414], [0.0, 0.755391176470589], [0.3778753906784002, 0.6873242647058803], [0.5603300843037295, 0.2530412679975797], [0.4937663069419852, 0.3447590792498472], [0.3668, 0.5941041512529824]]
0.7018, [[0.3668, 0.6595048785799522], [0.7379092506743437, 0.47536495912887755], [0.9351444900823892, 0.4397626666666675], [0.3668, 0.5922284901551306], [0.6790290110012336, 0.5619543096658709], [0.6841904714332931, 0.5266392899761341], [0.9033105963380675, 0.3805146666666625], [0.15201162499414564, 0.5754025924820999], [0.3668, 0.5613869480906909], [0.5819436998629788, 0.49944738544152595]]
0.7544, [[0.4856648669172328, 0.6726947398568006], [0.1847571471567728, 0.7282610294117627], [0.8864478704946914, 0.6069675853221941], [0.5003940913604253, 0.6391906139618132], [0.3799722339789242, 0.6479762986276842], [0.22581575363927894, 0.7200227941176456], [0.8775546155172939, 0.22718959467634461], [0.6222089565289879, 0.6004604143794732], [0.3668, 0.6749875023866343], [0.7612531285375219, 0.13699969751965957]]
0.6557, [[0.04186819426662757, 0.6803664269093073], [0.753650238668139, 0.5694530680190929], [0.6325612038728343, 0.6311516963007145], [0.7395002121995669, 0.528983218675416], [0.5924792377051227, 0.601457830847255], [0.6308016150891778, 0.4992640939737458], [0.8101770283431085, 0.14106182335148126], [0.7696698282193463, 0.0], [0.859086264908831, 0.203822383545069], [0.8065478764768166, 0.10901557773744563]]
0.6624, [[0.8470257501208511, 0.36468226497277706], [0.7958217165164428, 0.5165938812649151], [0.565887452212112, 0.6015439713603803], [0.512535253967656, 0.6352870886038182], [0.7934975929980299, 0.5528104618138424], [0.8200820468711089, 0.3140432571082878], [0.6066805855132179, 0.5705139564439138], [0.7971927294437084, 0.33842882637628424], [0.7808505486154979, 0.36539609558378733], [0.7716933553205514, 0.2182648275862059]]
0.7620, [[0.9980937788177053, 0.49158916855608537], [0.8297011322217649, 0.5302241602028632], [0.48941865632236725, 0.635816885143197], [0.5321839953851552, 0.5676680811455835], [0.8604719410759607, 0.3995919999999952], [0.7581151952066673, 0.5275823019093067], [0.1839574323944093, 0.6803340432577549], [0.1266478320989329, 0.6540398135441516], [0.8545846502706427, 0.10123505021173583], [0.07879987765446689, 0.5758468961813827]]
0.7059, [[0.20701752021285427, 0.7171779411764705], [0.8945639737593081, 0.5032330343078749], [0.5800668051604113, 0.5774764415274447], [0.04719304400121343, 0.6926499999999998], [0.1524131278789539, 0.6660185262529831], [0.7116473880782686, 0.48005929325775626], [0.34696227701417737, 0.656964057279236], [0.680253391529861, 0.048489978221413606], [0.3668, 0.6484989707637212], [0.48241695928740025, 0.32301098971566916]]
0.7281, [[0.11157830988961931, 0.7056610294117645], [0.22576638853049105, 0.6750775289379474], [0.8857147085015012, 0.6028056384248209], [0.14472533493705447, 0.6368045865155126], [0.7114787608198346, 0.6136703535202858], [0.8160716507683577, 0.6006281616945088], [0.7682914836721484, 0.5819253075775652], [0.7588043674802663, 0.5522787222553686], [0.7152765399445604, 0.5401238424820987], [0.6986557575589367, 0.6049967162887824]]
0.5894, [[0.2011364902525916, 0.6937397058823522], [0.6869105024280289, 0.5019597091288777], [0.6731197253361201, 0.483779527147971], [0.7641197919308956, 0.257649131276466], [0.6717340491689904, 0.5075426506563243], [0.3668, 0.6560119779236266], [0.3668, 0.6406601840692107], [0.5081582768683104, 0.5001565874105016], [0.5208493109704337, 0.5276496599045335], [0.5062373924461515, 0.48389286992839975]]
0.6898, [[0.3668, 0.6406601840692107], [0.8882514489979394, 0.5136022795346061], [0.7143380925932766, 0.5752898973747005], [0.827208381444918, 0.5367021858591878], [0.827208381444918, 0.5367021858591878], [0.3668, 0.5860095337112159], [0.6280449259947823, 0.5409366721360369], [0.8551345217655353, 0.4871131002386637], [0.6721592831250409, 0.5267234874701665], [0.6795495560163984, 0.5240485978520282]]
0.7467, [[0.9169107513117469, 0.5054778690334116], [0.9342133743510372, 0.0], [0.8919392538236867, 0.5115096479713606], [0.08480925689757811, 0.6946919117647044], [0.7522718941209411, 0.6203854275059657], [0.8642697202006859, 0.5170874081145583], [0.8621655452802302, 0.5189559448090685], [0.3668, 0.6769305214797131], [0.7524331897594427, 0.375690666666668], [0.7885560811639274, 0.33882230006049485]]
0.5426, [[0.3668, 0.6391608210023852], [0.5638639251109064, 0.5235123245823371], [0.4214618711735615, 0.5720664286992827], [0.9135235429032081, 0.0], [0.5577493540877, 0.3813973333333365], [0.390903679297391, 0.4833119072195703], [0.907511614559048, 0.0], [0.8871883641078135, 0.1146636588021766], [0.7995755059215768, 0.0], [0.8065478764768166, 0.10901557773744563]]
0.5058, [[0.7365529009869417, 0.46746529116945007], [0.8124278356622023, 0.15345247549909233], [0.5859687592055929, 0.47983196002386475], [0.694894636533871, 0.3024139237749544], [0.7745746819537888, 0.241129266787657], [0.43356637568113265, 0.3657481113127653], [0.6531850507412766, 0.2150650272232288], [0.497043541051546, 0.31453019963702317], [0.6528624594642729, 0.25371665577737473], [0.5789304040709664, 0.1898608517846328]]
0.4685, [[0.8124278356622023, 0.15345247549909233], [0.07690096646975984, 0.5651505760739852], [0.5198448790397633, 0.48510272315035796], [0.5983078755509853, 0.2614775849969757], [0.27414312845583316, 0.5176476452863943], [0.4738609588268695, 0.27612581125226865], [0.3648458429717015, 0.5138438615751787], [0.4357365351809757, 0.2789306303690251], [0.3668, 0.49270510918854254], [0.5842018388020045, 0.14359377374470544]]
0.5576, [[0.3668, 0.5864123863365142], [0.009079889009717472, 0.7738245512277718], [0.7779105690228044, 0.0], [0.6509709015218423, 0.5238491145584718], [0.32067368728919066, 0.6466356154534599], [0.4039099730565864, 0.5628383833532217], [0.17325836781644918, 0.6819946769093059], [0.6713601365524635, 0.037704125831820985], [0.6007126468886496, 0.5106275173031026], [0.6164756297422402, 0.4946902270286399]]
0.6289, [[0.7321172709281405, 0.5558558204057267], [0.18804486340204568, 0.7162389705882338], [0.7578439252691871, 0.5400590751789962], [0.18389819426386372, 0.6902654411764695], [0.7415017444409759, 0.48705545733890065], [0.4603341200525091, 0.5011792631264917], [0.7087074084855757, 0.10099610163339419], [0.3668, 0.6707070313245811], [0.5132097630013914, 0.3313787126436789], [0.714550709571302, 0.2963557858439187]]
0.6828, [[0.17567725814705532, 0.6578319391408105], [0.7704029902125366, 0.5425046885441526], [0.6553112205215285, 0.6490080417661088], [0.9342133743510372, 0.0], [0.6994402408916507, 0.5168374063245805], [0.5937842660530015, 0.6205777863961803], [0.512535253967656, 0.6352870886038182], [0.8775546155172939, 0.22718959467634461], [0.40382932523733556, 0.6233958117541755], [0.6243131314494439, 0.4909408478520289]]
0.7139, [[0.6571881152240955, 0.6992073529411746], [0.8297011322217649, 0.5302241602028632], [0.18350656440081317, 0.6898830882352944], [0.3668, 0.6805199254176595], [0.5353585868156692, 0.5338543675417649], [0.48441849152880934, 0.5535760113365155], [0.7827127800782008, 0.0], [0.3668, 0.5836260969570397], [0.4709942954334957, 0.5311645814439137], [0.6550839403036396, 0.47386106235083497]]
0.6300, [[0.0, 0.803648821761218], [0.7957484003171238, 0.170930395644283], [0.7221242729609576, 0.6038205420644377], [0.026930312347414984, 0.6646040083532219], [0.7903963177668349, 0.008106160919539192], [0.07847735894371931, 0.6312805832338901], [0.24453277283460567, 0.6490494928400957], [0.6131544059130882, 0.5092285435560859], [0.607978282241165, 0.5496180814439136], [0.5574194311907644, 0.16670922202056765]]
0.7841, [[0.28924192155748135, 0.6662490978520285], [0.8244516923505227, 0.5734984337708812], [1.0, 0.5403038955847249], [0.3668, 0.6362281575178981], [0.9284433894646301, 0.4711201100835307], [0.6738968770489017, 0.5157933573985676], [0.8673123424724255, 0.5110621059069216], [0.5110469351214801, 0.629978760441526], [0.925364109093231, 0.19490063157894766], [0.6550839403036396, 0.47386106235083497]]
0.7085, [[0.8921518708017119, 0.37399199999999844], [0.19797712329016726, 0.6871404411764702], [0.4668152720723112, 0.6504976897374704], [0.7879402250896475, 0.5341736703460622], [0.21327043399265241, 0.6577904880668259], [0.6947333408953689, 0.4692826616945095], [0.6689187071151397, 0.6282974012529816], [0.6423562481018567, 0.5075050856205252], [0.3875677922283753, 0.21161421778584327], [0.3938729853698116, 0.5365195420644393]]
0.5660, [[0.3668, 0.6736992807279218], [0.6085061588762618, 0.5587036387231497], [0.7703003475334897, 0.012900961887474994], [0.5781239258784571, 0.6139346041169446], [0.6403840423401748, 0.39854133333332853], [0.6530457499625704, 0.280632667876588], [0.6467112303414064, 0.18391653478523837], [0.6309629107276798, 0.29521305384149976], [0.6246870440659713, 0.32692462068965394], [0.5668112363235316, 0.5787348702267292]]
0.6355, [[0.7834166155916638, 0.35511603024803395], [0.7074756963370159, 0.544869342780428], [0.7953011715012779, 0.2259285190562597], [0.7587823726204708, 0.22854187779794194], [0.6693879307907815, 0.5215084242243436], [0.7240378257631841, 0.314191751966122], [0.664153154159403, 0.6448175972553689], [0.6611325267474593, 0.609466307875894], [0.6164976246020357, 0.5304106900357995], [0.5483062276154091, 0.5252157046539361]]
0.6870, [[0.6499004850117841, 0.514650214498807], [0.9414423516038932, 0.012760758620687823], [0.8594455142854943, 0.46827553013126383], [0.6373194252086392, 0.6193802389618128], [0.8592035708277412, 0.0], [0.619122344537657, 0.5696434838902148], [0.8421502228661358, 0.10093504537204999], [0.8092165861320287, 0.0], [0.5340388952279267, 0.5485571930190927], [0.5267732598754113, 0.652188116348447]]
0.6536, [[0.9226880678180865, 0.3142249183303076], [0.9027680564631066, 0.5435688153341273], [0.8643650312598008, 0.514687779534606], [0.7430193897668801, 0.12108511917725201], [0.7623162134276478, 0.06269573502722119], [0.7928524104440222, 0.2847189147005432], [0.7538775188860278, 0.514197491050119], [0.85704074294783, 0.0], [0.763122691620157, 0.33986025650332724], [0.7628001003431532, 0.18611229885057373]]
0.6712, [[0.8050595576306402, 0.5917867771479699], [0.7555198017507742, 0.0], [0.7415017444409759, 0.48705545733890065], [0.7373960372791104, 0.4999694099045336], [0.7326231527034419, 0.5811519859785188], [0.7373740424193151, 0.03253771082879573], [0.632165296396512, 0.6322967822195703], [0.7120579587944551, 0.5582405525059662], [0.5135690123780542, 0.6351607923627671], [0.3668, 0.6645010283412888]]
0.7353, [[0.8857147085015012, 0.6028056384248209], [0.09466253261163904, 0.7210830882352932], [0.9074529615995925, 0.5719122825178987], [0.043609137103213284, 0.7026073529411745], [0.827208381444918, 0.5367021858591878], [0.8744753351458947, 0.04271149304294989], [0.8603399719171863, 0.3334146751361156], [0.1617003503455803, 0.6762128997613346], [0.7294778877526557, 0.5638804892601419], [0.8504276217692541, 0.22898660859043968]]
0.7287, [[0.20209746437032888, 0.6646389826968965], [0.6879955821779506, 0.6184041957040561], [0.9074529615995925, 0.5719122825178987], [0.22875133210853169, 0.6616175880071595], [0.87314831193822, 0.1443648917120376], [0.5395449417967855, 0.609626930787588], [0.821064483941984, 0.5092654609188533], [0.6300904479557834, 0.6062285903937927], [0.7415017444409759, 0.48705545733890065], [0.7150712545864669, 0.37282008469449446]]
0.6129, [[0.3668, 0.5699051437947491], [0.6640358482404927, 0.5135582377684947], [0.22245234422719815, 0.5966533923031014], [0.1888017950701265, 0.7244514705882357], [0.8762349239295514, 0.17668626739261784], [0.3211812933855544, 0.5443395462410493], [0.22133998377584446, 0.5767186640811451], [0.17522968116071194, 0.5815211596062035], [0.12553547164757925, 0.6963470588235288], [0.8698490829688638, 0.2424159709618881]]
0.5952, [[0.07079614801632533, 0.7310213235294104], [0.47139020290981853, 0.658065749105012], [0.7138688689176347, 0.5168898678400947], [0.3668, 0.6160194636038167], [0.09035131311083083, 0.6031638016109785], [0.6868005281290503, 0.10834395886267302], [0.6621442902980614, 0.1685258342407742], [0.6567408864082495, 0.2503480084694495], [0.6721299566453132, 0.16709289655172385], [0.5837399467462949, 0.22853283242589256]]
0.6931, [[0.0, 0.8052823590177813], [0.8765575152065547, 0.3618374954627952], [0.8019729456393092, 0.5307215730906919], [0.1636486266390752, 0.6818308156324581], [0.48065737050374363, 0.6178588550119329], [0.3668, 0.6417618758949867], [0.6085208221161259, 0.570121466587111], [0.6706123113194091, 0.5320266342482098], [0.0, 0.7635102941176477], [0.19331047500608622, 0.5909428591885426]]
0.5132, [[0.0, 0.7582375000000009], [0.5940555359904818, 0.3945733333333329], [0.3668, 0.6554031652744621], [0.777294712948525, 0.0], [0.39598449191019974, 0.35034158136721194], [0.08232783742917396, 0.6120149012529813], [0.23152236021515793, 0.5716525656324571], [0.6745273963630452, 0.19709714942528536], [0.19870772690022778, 0.475323508054893], [0.6248556713244047, 0.31637997822141534]]
0.5761, [[0.8774153147385876, 0.19525340108892794], [0.16100594781529748, 0.630375784009546], [0.6220623241303499, 0.48717462917661003], [0.44348605744899716, 0.5212972828162283], [0.6251929258412721, 0.4311679999999958], [0.4428628697547854, 0.6241011276849633], [0.19107259007436897, 0.6253906446897367], [0.532337959403725, 0.14868028796128271], [0.3668, 0.6044157535799506], [0.12286975577303372, 0.6103931279832927]]
0.6329, [[0.8740720960496401, 0.49814167661097863], [0.5600148246466575, 0.5672108239856783], [0.5853895612309731, 0.4784860954653939], [0.5728378279075554, 0.4806681059069209], [0.7428727573682421, 0.13923239685420294], [0.5012592225123901, 0.5747108776849638], [0.5354685611146478, 0.5723319746420049], [0.6579945934166047, 0.0], [0.4719180795449153, 0.5451232306085912], [0.5097272435337377, 0.21127652389594706]]
0.7524, [[0.07998793127262847, 0.7311544117647055], [0.6833839932407838, 0.5276289343675401], [0.619122344537657, 0.5696434838902148], [0.2257598065159861, 0.677258244033411], [0.2278693421648548, 0.6059753502386636], [0.9682394224549974, 0.5142570769689726], [0.5891506822560388, 0.5991501718377086], [0.673105062096256, 0.0604381609195393], [0.27511852840570916, 0.5905749809069213], [0.5190017427475945, 0.542158183472554]]
0.7332, [[0.0, 0.703347794117646], [0.9102829668933069, 0.5569069937350837], [0.6686914268972508, 0.6090427297136023], [0.8510068197438739, 0.5955057156921235], [0.8765575152065547, 0.3618374954627952], [0.6492479708378451, 0.6202073174224345], [0.6854515100615801, 0.557727595465393], [0.8534335859413342, 0.009045372050814383], [0.23928750983884567, 0.6440300268496413], [0.22731974395368318, 0.6148394033412887]]
0.6707, [[0.016932232314242894, 0.6656474096062032], [0.8162549412666553, 0.5961637514916462], [0.3668, 0.6565333547136026], [0.8160716507683577, 0.6006281616945088], [0.6883914896542731, 0.2744139745916513], [0.7454168294846121, 0.38988799999999607], [0.4082429604363408, 0.6386115942720765], [0.6904516748551381, 0.4298026666666611], [0.6495412356351213, 0.0], [0.7050415985196243, 0.00828405323653935]]
0.6485, [[0.8540714368754094, 0.3414228445251053], [0.5620090252681353, 0.5318258556085901], [0.44900676725771954, 0.6737485038782798], [0.6767562088223438, 0.5008599603221944], [0.6871671091256455, 0.0], [0.3668, 0.6796138308472542], [0.37378434675639827, 0.5922097076372299], [0.643903219907488, 0.0], [0.3668, 0.5715100775656322], [0.18659023819642956, 0.6879735294117638]]
0.5241, [[0.5695312673182673, 0.21506728856624385], [0.6228761339427911, 0.2103795245009069], [0.3668, 0.6695787849045333], [0.7237592242057715, 0.19995925589836636], [0.7904036493867667, 0.0], [0.4352233217857425, 0.6475585495226731], [0.5495232765241049, 0.3431995063520865], [0.3668, 0.6765296118735076], [0.7060900201698861, 0.0], [0.5274184424294184, 0.1924161693889882]]
0.6357, [[0.7741861060973982, 0.3993199999999998], [0.7205039849560066, 0.5963988568019088], [0.7212957999086524, 0.011670791288566037], [0.6946233665963903, 0.5768164627088294], [0.6943814231386378, 0.6143134928400955], [0.664153154159403, 0.6448175972553689], [0.6698424912265593, 0.31200804839685337], [0.6925265232958662, 0.026333339382938113], [0.6697911698870362, 0.46225066666666753], [0.6630754060294135, 0.5632949928400951]]
0.7269, [[0.9147772499115635, 0.6017946208233874], [0.7438478628191849, 0.5481238997613348], [0.8031606680682772, 0.5319262449284011], [0.637180124429933, 0.6217442455250589], [0.8189603090215275, 0.4825716169451056], [0.6263806482702408, 0.5410254033412889], [0.6964416083395024, 0.4123253333333341], [0.6085061588762618, 0.5587036387231497], [0.523034133710141, 0.5772225536992838], [0.5717674113974978, 0.4017439999999999]]
0.7146, [[0.8520625730140681, 0.4992103371121706], [0.5711735501830137, 0.5536466076968962], [0.5925892120041012, 0.5222869272076367], [0.11073252102572038, 0.7055235294117642], [0.9432166036274139, 0.44323999999999425], [0.3668, 0.6442554170644377], [0.8421502228661358, 0.10093504537204999], [0.3954052939355793, 0.6360733636634848], [0.7876029705727801, 0.17553072111312717], [0.08652058066889129, 0.5962285187947487]]
0.6514, [[0.7728810777495193, 0.589867074284009], [0.8594455142854943, 0.46827553013126383], [0.5165236552106112, 0.5188056846658701], [0.6953491969696488, 0.47209809636038014], [0.7490679762106999, 0.46637866666666655], [0.6570268195855937, 0.47000222643198075], [0.758885015299517, 0.3866533333333297], [0.758885015299517, 0.3866533333333297], [0.5176233982003966, 0.4538026666666616], [0.7613631028365004, 0.2754866049606766]]
0.6973, [[0.09745659776903311, 0.7098095588235278], [0.8813890527416787, 0.5331160202863953], [0.4659648041602106, 0.6014092553699264], [0.3668, 0.6605398600835307], [0.697827284506632, 0.4469759999999977], [0.8067091721153183, 0.0], [0.27914951799448134, 0.6514465307279236], [0.3668, 0.6452742067422423], [0.6233380259985011, 0.3563039891107079], [0.19327756493356096, 0.5958347335918849]]
0.6808, [[0.8394815132109231, 0.5101488869331746], [0.8160716507683577, 0.6006281616945088], [0.5396695793356276, 0.6365299731503582], [0.7762682861580588, 0.6018742846062051], [0.6078756395621183, 0.6223277989260129], [0.8310794767689628, 0.20542492196007245], [0.8050595576306402, 0.5917867771479699], [0.819810776933628, 0.0], [0.7020136394877484, 0.5825198714200465], [0.7682914836721484, 0.5819253075775652]]
0.8018, [[0.7043230997662977, 0.6099973997613362], [0.8343420476386595, 0.6029209242243425], [0.585690157648181, 0.6237902446300709], [1.0, 0.5403038955847249], [0.16541918854093393, 0.7002544117647042], [0.3668, 0.6362281575178981], [0.7202327150185265, 0.6026055074582328], [0.9432166036274139, 0.44323999999999425], [0.20209746437032888, 0.6646389826968965], [0.8738888055513425, 0.4938670346062038]]
