mean:0.713049,,,,,,,,,,,,,,,,,,,,
0.5703, [[0.4434855378854925, 0.9382276172362339], [0.5041677820361978, 0.0], [0.40309954609314463, 0.8808896838963772], [0.5037209122211276, 0.0], [0.032453410062388915, 0.775977373881076], [0.5036921192554399, 0.0], [0.3054677222122359, 0.729450243208553], [0.052244194948649354, 0.7769162019089874], [0.0, 0.7432945605359706], [0.0, 0.7626103373261564]]
0.678, [[0.9987775992776841, 0.0], [0.5203360966012642, 0.9145677468871549], [0.9971571637522681, 0.0], [0.40229470698921627, 0.9160781655373175], [0.42618643109692605, 0.8996146170527657], [0.9968051285964825, 0.0], [0.0, 0.78053091097575], [0.9956227780402822, 0.0], [0.0, 0.7805251255569117], [0.0, 0.7751931239951478]]
0.7422, [[0.5171901943489075, 0.9923878344015264], [0.9978457073690048, 0.0], [0.46608376325711737, 0.988319567259473], [0.5175265977664365, 0.9812710209031532], [0.4662164125620755, 0.9803433163604784], [0.46604514856642854, 0.9938666009687128], [0.46583653960880006, 0.9886849600895327], [0.9978372910297486, 0.0], [0.5200185523895358, 0.9137034451919077], [0.5439397738793031, 0.6882217963808627]]
0.7421, [[0.9956478819487533, 0.0], [0.5175175602856369, 0.9858107634604565], [0.5178232287994553, 0.9776792866019227], [0.40721012894616165, 0.9244595038895276], [0.5200185523895358, 0.9137034451919077], [0.519808561668314, 0.9117074890163656], [0.4089678255308433, 0.8527894432349127], [0.40908502838594324, 0.8604100707698328], [0.5167470216850734, 0.9942483502531865], [0.5435318789388589, 0.6905174787974789]]
0.74, [[0.5169911830465082, 0.9888811388610291], [0.5172025555313232, 0.9870710245725189], [0.5178232287994553, 0.9776792866019227], [0.4431287356929357, 0.9393259173781159], [0.5172730628195443, 0.9916953618239194], [0.46616902180532105, 0.9729457089581447], [0.9966987634813996, 0.0], [0.5434245731037808, 0.6909371875971465], [0.5433132842542696, 0.6899541819807321], [0.9966076348425565, 0.0]]
0.1933, [[0.9978372910297486, 0.0], [0.0, 0.7981178841327017], [0.0, 0.7922175330103463], [0.0, 0.7942020076530139], [0.0, 0.7950442094173248], [0.0, 0.8051521455515057], [0.0, 0.8350811513001786], [0.0, 0.8305694589520292], [0.0, 0.7929909121702582], [0.0, 0.8156063376183371]]
0.7415, [[0.9956478819487533, 0.0], [0.5167470216850734, 0.9942483502531865], [0.9946522870584624, 0.0], [0.9946522870584624, 0.0], [0.9943202769857347, 0.0], [0.9634086590999408, 0.0], [0.9946820344644542, 0.0], [0.9978787922888397, 0.0], [0.42541673553743675, 0.8904575189583895], [0.5436545814802672, 0.6896741644526222]]
0.7286, [[0.46582903327144176, 0.99884688229898], [0.9976921817322277, 0.0], [0.5170048886475553, 0.992312343073461], [0.9965530737466888, 0.0], [0.517243336229807, 0.9918695592969498], [0.9949783476499918, 0.0], [0.9949311871282976, 0.0], [0.5201412305896449, 0.915188107977201], [0.4432435148553157, 0.9378071848137186], [0.4434986950745436, 0.9388693922062672]]
0.727, [[0.5166817426915298, 0.9986983913500822], [0.9995957254971068, 0.0], [0.5171901943489075, 0.9923878344015264], [0.5171794016548947, 0.9892060476161353], [0.5171606171390181, 0.9888580473959734], [0.5172025555313232, 0.9870710245725189], [0.5178232287994553, 0.9776792866019227], [0.9987775992776841, 0.0], [0.9987420474997915, 0.0], [0.9982962717378072, 0.0]]
0.7416, [[0.5171901943489075, 0.9923878344015264], [0.9985785093214854, 0.0], [0.46604514856642854, 0.9938666009687128], [0.5171606171390181, 0.9888580473959734], [0.5172025555313232, 0.9870710245725189], [0.4673485624295057, 0.909423975023851], [0.46733773239053106, 0.9120270196311067], [0.5178232287994553, 0.9776792866019227], [0.9982962717378072, 0.0], [0.5435366756874235, 0.6902857472650584]]
0.7267, [[0.5433520651098527, 0.690043432649397], [0.4661165521337371, 0.9891386975097237], [0.9966987634813996, 0.0], [0.4659759110069149, 0.995848075637858], [0.99664899099235, 0.0], [0.4659170553468321, 0.9942400610093203], [0.995652525446274, 0.0], [0.40895328337452364, 0.8757360438856138], [0.9658878514480853, 0.0], [0.29441327940973455, 0.7848891277715744]]
0.7201, [[0.5169911830465082, 0.9888811388610291], [0.998138828149997, 0.0], [0.5171957960932047, 0.9858560335869273], [0.9975157288264422, 0.0], [0.07241167120170543, 0.8742967005675285], [0.9969249888762348, 0.0], [0.07956880717082151, 0.8682245087208591], [0.9962248365156964, 0.0], [0.0, 0.8561914130604957], [0.9956829983987534, 0.0]]
0.7272, [[0.4660148244572996, 0.9998690990239489], [0.9987775992776841, 0.0], [0.5166817426915298, 0.9986983913500822], [0.46589998869920657, 0.9928652060348835], [0.5171901943489075, 0.9923878344015264], [0.9985785093214854, 0.0], [0.5170554163811163, 0.9873337393282615], [0.9966987634813996, 0.0], [0.5174513103230818, 0.9862321826977177], [0.99664899099235, 0.0]]
0.7295, [[0.9987775992776841, 0.0], [0.9981492760194186, 0.0], [0.46568237960574055, 1.0], [0.5171794016548947, 0.9892060476161353], [0.5204033175328309, 0.9149582541524989], [0.9945404077900739, 0.0], [0.5174513103230818, 0.9862321826977177], [0.46586772265205456, 0.9991287412607942], [0.5202151736143682, 0.914097381638494], [0.4661864619025664, 0.9795543086303481]]
0.7293, [[0.9982962717378072, 0.0], [0.5166817426915298, 0.9986983913500822], [0.5167470216850734, 0.9942483502531865], [0.5171901943489075, 0.9923878344015264], [0.517243336229807, 0.9918695592969498], [0.5172025555313232, 0.9870710245725189], [0.5170554163811163, 0.9873337393282615], [0.5169911830465082, 0.9888811388610291], [0.9978787922888397, 0.0], [0.5205065763527096, 0.9163174681132121]]
0.7266, [[0.9954945014212738, 0.0], [0.46582903327144176, 0.99884688229898], [0.5166817426915298, 0.9986983913500822], [0.4659759110069149, 0.995848075637858], [0.5171901943489075, 0.9923878344015264], [0.5171794016548947, 0.9892060476161353], [0.5178232287994553, 0.9776792866019227], [0.4659170553468321, 0.9942400610093203], [0.5170554163811163, 0.9873337393282615], [0.5493391139823915, 0.0]]
0.5723, [[0.4997832967747637, 0.0], [0.44385324669528897, 0.9401219314929428], [0.4434855378854925, 0.9382276172362339], [0.4432435148553157, 0.9378071848137186], [0.4447437806489581, 0.9247643309645541], [0.4434986950745436, 0.9388693922062672], [0.4443540854837736, 0.9216248045206585], [0.44501713856358555, 0.9220103777122729], [0.4996162527598206, 0.0], [0.49952770785496253, 0.0]]
0.7424, [[0.5167470216850734, 0.9942483502531865], [0.5171957960932047, 0.9858560335869273], [0.5200185523895358, 0.9137034451919077], [0.5205407469929226, 0.9121540473592797], [0.5169911830465082, 0.9888811388610291], [0.46722737802787584, 0.9165698213141223], [0.5436752674584523, 0.6886889933745599], [0.9634086590999408, 0.0], [0.997262948430161, 0.0], [0.9962248365156964, 0.0]]
0.7376, [[0.9995957254971068, 0.0], [0.5172025555313232, 0.9870710245725189], [0.9973996413884256, 0.0], [0.5174513103230818, 0.9862321826977177], [0.9968051285964825, 0.0], [0.9968051285964825, 0.0], [0.5178232287994553, 0.9776792866019227], [0.9956227780402822, 0.0], [0.4432435148553157, 0.9378071848137186], [0.5436412833514339, 0.6887557970523098]]
0.5732, [[0.5041157231591957, 0.0], [0.4447437806489581, 0.9247643309645541], [0.4445812201158136, 0.922867426319137], [0.5041746908541644, 0.0], [0.44501713856358555, 0.9220103777122729], [0.44501713856358555, 0.9220103777122729], [0.4446869969909481, 0.92131289704983], [0.4436583125522424, 0.9409583310012477], [0.44385324669528897, 0.9401219314929428], [0.44451976219327227, 0.9218037633748379]]
0.729, [[0.9980796235566086, 0.0], [0.46586772265205456, 0.9991287412607942], [0.5169911830465082, 0.9888811388610291], [0.4659920440304909, 0.9948668363952153], [0.5175175602856369, 0.9858107634604565], [0.4659157109282007, 0.9918987196726927], [0.5205065763527096, 0.9163174681132121], [0.46684754241956233, 0.9760332055945596], [0.5205407469929226, 0.9121540473592797], [0.5482415151233295, 0.0]]
0.7234, [[0.5171794016548947, 0.9892060476161353], [0.9995957254971068, 0.0], [0.5171606171390181, 0.9888580473959734], [0.9991753438621889, 0.0], [0.5172025555313232, 0.9870710245725189], [0.9987775992776841, 0.0], [0.46684754241956233, 0.9760332055945596], [0.9982962717378072, 0.0], [0.5199892739393424, 0.9131699731402433], [0.5203360966012642, 0.9145677468871549]]
0.7402, [[0.9980796235566086, 0.0], [0.517243336229807, 0.9918695592969498], [0.9970146664221027, 0.0], [0.4028931859701327, 0.8657265845544165], [0.9956689227968938, 0.0], [0.4038801482698737, 0.8319489272854033], [0.9949311871282976, 0.0], [0.14541735571258832, 0.829318597250422], [0.9943060562745777, 0.0], [0.5435318789388589, 0.6905174787974789]]
0.7448, [[0.46582903327144176, 0.99884688229898], [0.9991753438621889, 0.0], [0.5166817426915298, 0.9986983913500822], [0.9987420474997915, 0.0], [0.5171901943489075, 0.9923878344015264], [0.995652525446274, 0.0], [0.5174513103230818, 0.9862321826977177], [0.5178232287994553, 0.9776792866019227], [0.5435622868985098, 0.6894706490482886], [0.5436412833514339, 0.6887557970523098]]
0.7457, [[0.9980796235566086, 0.0], [0.4660148244572996, 0.9998690990239489], [0.517243336229807, 0.9918695592969498], [0.5172730628195443, 0.9916953618239194], [0.5205065763527096, 0.9163174681132121], [0.5435150260767143, 0.6900172028846261], [0.5436545814802672, 0.6896741644526222], [0.5167470216850734, 0.9942483502531865], [0.5171901943489075, 0.9923878344015264], [0.5175175602856369, 0.9858107634604565]]
0.7452, [[1.0, 0.0], [0.4660148244572996, 0.9998690990239489], [0.9997675349053716, 0.0], [0.9962248365156964, 0.0], [0.5167470216850734, 0.9942483502531865], [0.5436406623438073, 0.6893237232895718], [0.46604514856642854, 0.9938666009687128], [0.5170048886475553, 0.992312343073461], [0.5175175602856369, 0.9858107634604565], [0.5175265977664365, 0.9812710209031532]]
0.672, [[0.4659157109282007, 0.9918987196726927], [0.9959877279235472, 0.0], [0.4661864619025664, 0.9795543086303481], [0.46614665217309414, 0.9772170625749164], [0.4668894061219435, 0.9160138005455126], [0.966906808935277, 0.0], [0.4670126071515204, 0.9107304437363927], [0.9654999742958119, 0.0], [0.5485386351516089, 0.0], [0.5483916704846481, 0.0]]
0.7449, [[0.5178232287994553, 0.9776792866019227], [1.0, 0.0], [0.5167470216850734, 0.9942483502531865], [0.5175265977664365, 0.9812710209031532], [0.5175175602856369, 0.9858107634604565], [0.517243336229807, 0.9918695592969498], [0.46582903327144176, 0.99884688229898], [0.5172730628195443, 0.9916953618239194], [0.4659759110069149, 0.995848075637858], [0.5439797110939152, 0.6882186920097787]]
0.693, [[0.9985785093214854, 0.0], [0.9985785093214854, 0.0], [0.5436412833514339, 0.6887557970523098], [0.5435622868985098, 0.6894706490482886], [0.5435366756874235, 0.6902857472650584], [0.5202151736143682, 0.914097381638494], [0.9972487277190039, 0.0], [0.5433520651098527, 0.690043432649397], [0.5201877624122738, 0.9128953179260747], [0.1717277988703108, 0.8298531301279385]]
0.5453, [[0.9949783476499918, 0.0], [0.07956880717082151, 0.8682245087208591], [0.9949311871282976, 0.0], [0.4028931859701327, 0.8657265845544165], [0.9678262214443694, 0.0], [0.0, 0.8607826426771694], [0.9638064036844456, 0.0], [0.07787369602024127, 0.8580578251302626], [0.9638017601869249, 0.0], [0.09092750069265758, 0.8249805596271923]]
0.746, [[0.9981492760194186, 0.0], [0.4660148244572996, 0.9998690990239489], [0.5433520651098527, 0.690043432649397], [0.5166817426915298, 0.9986983913500822], [0.5433542279295179, 0.6897746711800777], [0.5438726408134541, 0.6887357434663739], [0.5199633565357272, 0.9159535061645343], [0.5204033175328309, 0.9149582541524989], [0.9969249888762348, 0.0], [0.5484782475134289, 0.0]]
0.7451, [[0.9966987634813996, 0.0], [0.5171901943489075, 0.9923878344015264], [0.46582903327144176, 0.99884688229898], [0.5178232287994553, 0.9776792866019227], [0.5172025555313232, 0.9870710245725189], [0.5204033175328309, 0.9149582541524989], [0.5174513103230818, 0.9862321826977177], [0.5166817426915298, 0.9986983913500822], [0.5435366756874235, 0.6902857472650584], [0.5171794016548947, 0.9892060476161353]]
0.7437, [[1.0, 0.0], [0.517243336229807, 0.9918695592969498], [0.5175265977664365, 0.9812710209031532], [0.5205065763527096, 0.9163174681132121], [0.4659759110069149, 0.995848075637858], [0.5174513103230818, 0.9862321826977177], [0.5439397738793031, 0.6882217963808627], [0.5167470216850734, 0.9942483502531865], [0.5438726408134541, 0.6887357434663739], [0.467720630285727, 0.8972918031629933]]
0.5799, [[0.40721012894616165, 0.9244595038895276], [0.5036285954751094, 0.0], [0.40776515457902773, 0.8913189342205045], [0.48452597521227325, 0.0], [0.4796594038366203, 0.693225054813831], [0.4101711889662931, 0.7942117929345951], [0.2760133549547194, 0.7920310156658641], [0.40909160698046876, 0.7960276600659576], [0.4103160911667638, 0.792323233589423], [0.40895328337452364, 0.8757360438856138]]
0.7418, [[0.9956478819487533, 0.0], [0.4659920440304909, 0.9948668363952153], [0.5167470216850734, 0.9942483502531865], [0.5171901943489075, 0.9923878344015264], [0.517243336229807, 0.9918695592969498], [0.9946522870584624, 0.0], [0.9949783476499918, 0.0], [0.5436545814802672, 0.6896741644526222], [0.5171606171390181, 0.9888580473959734], [0.5170048886475553, 0.992312343073461]]
0.7457, [[0.9997675349053716, 0.0], [0.517243336229807, 0.9918695592969498], [0.4660148244572996, 0.9998690990239489], [0.5175265977664365, 0.9812710209031532], [0.5170048886475553, 0.992312343073461], [0.9940714145404863, 0.0], [0.5205065763527096, 0.9163174681132121], [0.9654616654412664, 0.0], [0.5206437817430295, 0.9121659384769687], [0.5436406623438073, 0.6893237232895718]]
0.7448, [[0.46568237960574055, 1.0], [0.9970946216450367, 0.0], [0.517243336229807, 0.9918695592969498], [0.5172730628195443, 0.9916953618239194], [0.5169911830465082, 0.9888811388610291], [0.5175175602856369, 0.9858107634604565], [0.5171957960932047, 0.9858560335869273], [0.5171957960932047, 0.9858560335869273], [0.9970146664221027, 0.0], [0.5435318789388589, 0.6905174787974789]]
0.7294, [[0.9969463199429704, 0.0], [0.5205065763527096, 0.9163174681132121], [0.5174513103230818, 0.9862321826977177], [0.9982962717378072, 0.0], [0.9940714145404863, 0.0], [0.4659170553468321, 0.9942400610093203], [0.46715922347225963, 0.9204336944519189], [0.5206437817430295, 0.9121659384769687], [0.5166817426915298, 0.9986983913500822], [0.517243336229807, 0.9918695592969498]]
0.7427, [[1.0, 0.0], [0.5167470216850734, 0.9942483502531865], [0.5206437817430295, 0.9121659384769687], [0.5196282228469055, 0.9139978120306269], [0.5436406623438073, 0.6893237232895718], [0.5436752674584523, 0.6886889933745599], [0.5433542279295179, 0.6897746711800777], [0.5170048886475553, 0.992312343073461], [0.519808561668314, 0.9117074890163656], [0.517243336229807, 0.9918695592969498]]
0.7453, [[0.9997675349053716, 0.0], [0.517243336229807, 0.9918695592969498], [0.5167470216850734, 0.9942483502531865], [0.517243336229807, 0.9918695592969498], [0.5169911830465082, 0.9888811388610291], [0.46589998869920657, 0.9928652060348835], [0.46598786139474896, 0.9900771336627611], [0.4660148244572996, 0.9998690990239489], [0.5439397738793031, 0.6882217963808627], [0.5436545814802672, 0.6896741644526222]]
0.5782, [[0.40236360911082597, 0.9182625539886006], [0.40403214842759555, 0.8383045816678492], [0.9978457073690048, 0.0], [0.40494899675936685, 0.7949447121531938], [0.4091077072249655, 0.7145736410873735], [0.4034322844794106, 0.8919511864282393], [0.40642900740670695, 0.7431387015695541], [0.40815779279965786, 0.7311073098190802], [0.40763946879940804, 0.7380885248008844], [0.4118888946210958, 0.6922667756216452]]
0.7414, [[0.4660148244572996, 0.9998690990239489], [0.5201412305896449, 0.915188107977201], [0.9976561946264425, 0.0], [0.4661685363208153, 0.9889347229017347], [0.4661864619025664, 0.9795543086303481], [0.46623306841511925, 0.9706222042980506], [0.46706657062158363, 0.9182609750850071], [0.5206437817430295, 0.9121659384769687], [0.519808561668314, 0.9117074890163656], [0.5433542279295179, 0.6897746711800777]]
0.7424, [[0.997262948430161, 0.0], [0.5167470216850734, 0.9942483502531865], [0.9949311871282976, 0.0], [0.517243336229807, 0.9918695592969498], [0.9940431182274697, 0.0], [0.5172730628195443, 0.9916953618239194], [0.9678262214443694, 0.0], [0.5175175602856369, 0.9858107634604565], [0.5436406623438073, 0.6893237232895718], [0.5205065763527096, 0.9163174681132121]]
0.7456, [[0.5439797110939152, 0.6882186920097787], [0.9995957254971068, 0.0], [0.5204033175328309, 0.9149582541524989], [0.5166817426915298, 0.9986983913500822], [0.5434245731037808, 0.6909371875971465], [0.5172025555313232, 0.9870710245725189], [0.5435622868985098, 0.6894706490482886], [0.5438726408134541, 0.6887357434663739], [0.5171901943489075, 0.9923878344015264], [0.5435366756874235, 0.6902857472650584]]
0.7293, [[0.5203360966012642, 0.9145677468871549], [0.5174513103230818, 0.9862321826977177], [0.5178232287994553, 0.9776792866019227], [0.5171901943489075, 0.9923878344015264], [0.5166817426915298, 0.9986983913500822], [0.9995957254971068, 0.0], [0.5171794016548947, 0.9892060476161353], [0.9987420474997915, 0.0], [0.5171606171390181, 0.9888580473959734], [0.998138828149997, 0.0]]
0.7454, [[0.9985785093214854, 0.0], [0.5166817426915298, 0.9986983913500822], [0.5439797110939152, 0.6882186920097787], [0.5438726408134541, 0.6887357434663739], [0.5438726408134541, 0.6887357434663739], [0.5435622868985098, 0.6894706490482886], [0.5171606171390181, 0.9888580473959734], [0.5170554163811163, 0.9873337393282615], [0.5199633565357272, 0.9159535061645343], [0.5201877624122738, 0.9128953179260747]]
0.7451, [[0.9978457073690048, 0.0], [0.46582903327144176, 0.99884688229898], [0.5200185523895358, 0.9137034451919077], [0.5439397738793031, 0.6882217963808627], [0.517243336229807, 0.9918695592969498], [0.5438489568674162, 0.688437072575649], [0.5167470216850734, 0.9942483502531865], [0.5170048886475553, 0.992312343073461], [0.5175175602856369, 0.9858107634604565], [0.5436545814802672, 0.6896741644526222]]
0.7429, [[0.9978457073690048, 0.0], [0.4659920440304909, 0.9948668363952153], [0.5439397738793031, 0.6882217963808627], [0.5436406623438073, 0.6893237232895718], [0.5170048886475553, 0.992312343073461], [0.517243336229807, 0.9918695592969498], [0.5172730628195443, 0.9916953618239194], [0.5175175602856369, 0.9858107634604565], [0.5175265977664365, 0.9812710209031532], [0.5206437817430295, 0.9121659384769687]]
0.7159, [[0.5175265977664365, 0.9812710209031532], [0.9997675349053716, 0.0], [0.4662501724077068, 0.9756844899337069], [0.9978787922888397, 0.0], [0.4664698354740818, 0.9705876411115734], [0.9978372910297486, 0.0], [0.4663376716536293, 0.9692975288534456], [0.9976561946264425, 0.0], [0.4663379330683632, 0.9663636792729765], [0.9975157288264422, 0.0]]
0.7262, [[0.46635612006484817, 0.982238148694929], [0.9976921817322277, 0.0], [0.46582903327144176, 0.99884688229898], [0.4659157109282007, 0.9918987196726927], [0.5170554163811163, 0.9873337393282615], [0.5175265977664365, 0.9812710209031532], [0.4659920440304909, 0.9948668363952153], [0.4659157109282007, 0.9918987196726927], [0.5170048886475553, 0.992312343073461], [0.5171957960932047, 0.9858560335869273]]
0.7427, [[0.5206437817430295, 0.9121659384769687], [1.0, 0.0], [0.5167470216850734, 0.9942483502531865], [0.5436752674584523, 0.6886889933745599], [0.9997675349053716, 0.0], [0.5170048886475553, 0.992312343073461], [0.5435150260767143, 0.6900172028846261], [0.9978787922888397, 0.0], [0.5172730628195443, 0.9916953618239194], [0.5175265977664365, 0.9812710209031532]]
0.5869, [[0.42574549214280566, 0.9042827442085178], [0.9952022512960668, 0.0], [0.4262350780722334, 0.9028228998140855], [0.9661412122815568, 0.0], [0.42796524843245287, 0.828210157587025], [0.964017973040231, 0.0], [0.4281061688520265, 0.8117936061547493], [0.3526555599681289, 0.7858532575092648], [0.3955184083860832, 0.7764574876635494], [0.9625204450898153, 0.0]]
0.6244, [[0.549552633535687, 0.0], [0.4664698354740818, 0.9705876411115734], [0.48043139889070124, 0.6912735885364306], [0.47991312550832244, 0.6921476806582408], [0.47983492515793325, 0.6926648460865017], [0.47986539864691014, 0.6920432826124859], [0.42530905433230803, 0.9116507718388415], [0.47997418452116214, 0.6918140258933771], [0.4796593291466964, 0.6928798183568463], [0.427476528107568, 0.8213765148120062]]
0.7443, [[0.5171901943489075, 0.9923878344015264], [0.9982962717378072, 0.0], [0.5166817426915298, 0.9986983913500822], [0.9966987634813996, 0.0], [0.46583653960880006, 0.9886849600895327], [0.99664899099235, 0.0], [0.0, 0.8186723463636587], [0.9961294997072252, 0.0], [0.995652525446274, 0.0], [0.5434245731037808, 0.6909371875971465]]
0.7452, [[0.4659157109282007, 0.9918987196726927], [0.998138828149997, 0.0], [0.5433520651098527, 0.690043432649397], [0.4661864619025664, 0.9795543086303481], [0.46623306841511925, 0.9706222042980506], [0.4661747729294662, 0.9831179680520561], [0.5203360966012642, 0.9145677468871549], [0.46586772265205456, 0.9991287412607942], [0.5166817426915298, 0.9986983913500822], [0.46614665217309414, 0.9772170625749164]]
0.6343, [[0.5205407469929226, 0.9121540473592797], [0.40721012894616165, 0.9244595038895276], [0.5042301107777449, 0.0], [0.5041113537986439, 0.0], [0.5040913368990217, 0.0], [0.5040811043794389, 0.0], [0.5036834178792983, 0.0], [0.40764310433848794, 0.901310433523325], [0.4840537855129796, 0.0], [0.07787369602024127, 0.8580578251302626]]
0.7266, [[0.9995957254971068, 0.0], [0.5166817426915298, 0.9986983913500822], [0.5171606171390181, 0.9888580473959734], [0.5172025555313232, 0.9870710245725189], [0.5174513103230818, 0.9862321826977177], [0.9991753438621889, 0.0], [0.5170554163811163, 0.9873337393282615], [0.9981492760194186, 0.0], [0.4436979572403043, 0.9376086376868319], [0.9973996413884256, 0.0]]
0.745, [[0.5178232287994553, 0.9776792866019227], [0.5170554163811163, 0.9873337393282615], [0.46582903327144176, 0.99884688229898], [0.5172025555313232, 0.9870710245725189], [0.5203360966012642, 0.9145677468871549], [0.5439797110939152, 0.6882186920097787], [0.5175175602856369, 0.9858107634604565], [0.5434245731037808, 0.6909371875971465], [0.9987420474997915, 0.0], [0.5436406623438073, 0.6893237232895718]]
0.7266, [[0.46586772265205456, 0.9991287412607942], [0.5166817426915298, 0.9986983913500822], [0.9995957254971068, 0.0], [0.5167470216850734, 0.9942483502531865], [0.9987775992776841, 0.0], [0.5171901943489075, 0.9923878344015264], [0.9982962717378072, 0.0], [0.5171794016548947, 0.9892060476161353], [0.9976921817322277, 0.0], [0.5170554163811163, 0.9873337393282615]]
0.7423, [[0.4659920440304909, 0.9948668363952153], [0.9969463199429704, 0.0], [0.5167470216850734, 0.9942483502531865], [0.5439397738793031, 0.6882217963808627], [0.5175175602856369, 0.9858107634604565], [0.5172730628195443, 0.9916953618239194], [0.5171901943489075, 0.9923878344015264], [0.5175265977664365, 0.9812710209031532], [0.5178232287994553, 0.9776792866019227], [0.9966987634813996, 0.0]]
0.7297, [[0.5175175602856369, 0.9858107634604565], [0.5175175602856369, 0.9858107634604565], [0.5205407469929226, 0.9121540473592797], [0.46568237960574055, 1.0], [0.517243336229807, 0.9918695592969498], [0.9982962717378072, 0.0], [0.9981492760194186, 0.0], [0.5170048886475553, 0.992312343073461], [0.9945658019171401, 0.0], [0.5205065763527096, 0.9163174681132121]]
0.7447, [[0.46586772265205456, 0.9991287412607942], [0.9982962717378072, 0.0], [0.5166817426915298, 0.9986983913500822], [0.5174513103230818, 0.9862321826977177], [0.5435366756874235, 0.6902857472650584], [0.5171606171390181, 0.9888580473959734], [0.9966987634813996, 0.0], [0.4659759110069149, 0.995848075637858], [0.5170554163811163, 0.9873337393282615], [0.4659170553468321, 0.9942400610093203]]
0.7453, [[0.5203360966012642, 0.9145677468871549], [0.5172025555313232, 0.9870710245725189], [0.5171794016548947, 0.9892060476161353], [0.46568237960574055, 1.0], [0.9973996413884256, 0.0], [0.5178232287994553, 0.9776792866019227], [0.9972487277190039, 0.0], [0.4661864619025664, 0.9795543086303481], [0.9966076348425565, 0.0], [0.5435366756874235, 0.6902857472650584]]
0.7454, [[0.9982962717378072, 0.0], [0.5175265977664365, 0.9812710209031532], [0.5170048886475553, 0.992312343073461], [0.4660148244572996, 0.9998690990239489], [0.5174513103230818, 0.9862321826977177], [0.5172730628195443, 0.9916953618239194], [0.5166817426915298, 0.9986983913500822], [0.5436412833514339, 0.6887557970523098], [0.5171794016548947, 0.9892060476161353], [0.5439797110939152, 0.6882186920097787]]
0.6167, [[0.5040914489339078, 0.0], [0.46635612006484817, 0.982238148694929], [0.4662501724077068, 0.9756844899337069], [0.5037209122211276, 0.0], [0.4446869969909481, 0.92131289704983], [0.4443828235545957, 0.923565104344529], [0.4445812201158136, 0.922867426319137], [0.42730427280354377, 0.8235630742557302], [0.44451976219327227, 0.9218037633748379], [0.4436583125522424, 0.9409583310012477]]
0.7451, [[0.5438489568674162, 0.688437072575649], [0.5175265977664365, 0.9812710209031532], [0.9997675349053716, 0.0], [0.46604514856642854, 0.9938666009687128], [0.4659759110069149, 0.995848075637858], [0.5175175602856369, 0.9858107634604565], [0.5172730628195443, 0.9916953618239194], [0.517243336229807, 0.9918695592969498], [0.4660148244572996, 0.9998690990239489], [0.46589998869920657, 0.9928652060348835]]
0.7392, [[0.5171606171390181, 0.9888580473959734], [0.9985785093214854, 0.0], [0.9985785093214854, 0.0], [0.5175265977664365, 0.9812710209031532], [0.5200185523895358, 0.9137034451919077], [0.5206437817430295, 0.9121659384769687], [0.5436545814802672, 0.6896741644526222], [0.5201877624122738, 0.9128953179260747], [0.5433542279295179, 0.6897746711800777], [0.9981492760194186, 0.0]]
0.7292, [[0.9991753438621889, 0.0], [0.5199633565357272, 0.9159535061645343], [0.5204033175328309, 0.9149582541524989], [0.5166817426915298, 0.9986983913500822], [0.5171606171390181, 0.9888580473959734], [0.5199892739393424, 0.9131699731402433], [0.5196282228469055, 0.9139978120306269], [0.46715922347225963, 0.9204336944519189], [0.4673102091535507, 0.9174863008390618], [0.4671651613212147, 0.9103141806061794]]
0.7264, [[0.46582903327144176, 0.99884688229898], [0.9995957254971068, 0.0], [0.5166817426915298, 0.9986983913500822], [0.9987420474997915, 0.0], [0.9985785093214854, 0.0], [0.5171901943489075, 0.9923878344015264], [0.9982962717378072, 0.0], [0.998138828149997, 0.0], [0.9961294997072252, 0.0], [0.5491486359534514, 0.0]]
0.745, [[0.9991753438621889, 0.0], [0.5166817426915298, 0.9986983913500822], [0.5171901943489075, 0.9923878344015264], [0.5171794016548947, 0.9892060476161353], [0.5171606171390181, 0.9888580473959734], [0.5174513103230818, 0.9862321826977177], [0.5178232287994553, 0.9776792866019227], [0.9987420474997915, 0.0], [0.5434245731037808, 0.6909371875971465], [0.5439797110939152, 0.6882186920097787]]
0.6784, [[0.4660148244572996, 0.9998690990239489], [0.5178232287994553, 0.9776792866019227], [0.4436583125522424, 0.9409583310012477], [0.5043023359342171, 0.0], [0.44385324669528897, 0.9401219314929428], [0.5042019526764109, 0.0], [0.44345524172649325, 0.9394022968394531], [0.5041485867257394, 0.0], [0.4431287356929357, 0.9393259173781159], [0.5041202418995955, 0.0]]
0.6942, [[0.9970946216450367, 0.0], [0.5205065763527096, 0.9163174681132121], [0.9970889623824333, 0.0], [0.5436752674584523, 0.6886889933745599], [0.40403214842759555, 0.8383045816678492], [0.40895328337452364, 0.8757360438856138], [0.4074249719936934, 0.7552381669677668], [0.4092451652263678, 0.7977491586581444], [0.40540690156252684, 0.7891027850775503], [0.4138262907088701, 0.7220890684022896]]
0.7411, [[1.0, 0.0], [0.5174513103230818, 0.9862321826977177], [0.5175175602856369, 0.9858107634604565], [0.5172730628195443, 0.9916953618239194], [0.5178232287994553, 0.9776792866019227], [0.5175265977664365, 0.9812710209031532], [0.5199892739393424, 0.9131699731402433], [0.5436752674584523, 0.6886889933745599], [0.5438489568674162, 0.688437072575649], [0.9968051285964825, 0.0]]
0.7448, [[0.9987775992776841, 0.0], [0.46586772265205456, 0.9991287412607942], [0.9987420474997915, 0.0], [0.9981492760194186, 0.0], [0.9973996413884256, 0.0], [0.46604514856642854, 0.9938666009687128], [0.4659157109282007, 0.9918987196726927], [0.5171794016548947, 0.9892060476161353], [0.5201877624122738, 0.9128953179260747], [0.5434245731037808, 0.6909371875971465]]
0.7293, [[0.5171901943489075, 0.9923878344015264], [0.9995957254971068, 0.0], [0.5166817426915298, 0.9986983913500822], [0.5174513103230818, 0.9862321826977177], [0.5204033175328309, 0.9149582541524989], [0.5171794016548947, 0.9892060476161353], [0.9945404077900739, 0.0], [0.4659157109282007, 0.9918987196726927], [0.5202151736143682, 0.914097381638494], [0.9631738722565519, 0.0]]
0.745, [[0.46586772265205456, 0.9991287412607942], [0.9987420474997915, 0.0], [0.5166817426915298, 0.9986983913500822], [0.5171901943489075, 0.9923878344015264], [0.5172025555313232, 0.9870710245725189], [0.9973996413884256, 0.0], [0.9943234693902803, 0.0], [0.5171794016548947, 0.9892060476161353], [0.5434245731037808, 0.6909371875971465], [0.5439797110939152, 0.6882186920097787]]
0.7298, [[1.0, 0.0], [0.5175175602856369, 0.9858107634604565], [0.5205065763527096, 0.9163174681132121], [0.5495279217149566, 0.0], [0.517243336229807, 0.9918695592969498], [0.5204033175328309, 0.9149582541524989], [0.5493780233223111, 0.0], [0.46568237960574055, 1.0], [0.4663376716536293, 0.9692975288534456], [0.46616902180532105, 0.9729457089581447]]
0.7373, [[0.9978372910297486, 0.0], [0.5175175602856369, 0.9858107634604565], [0.5205407469929226, 0.9121540473592797], [0.9959877279235472, 0.0], [0.5196819995921588, 0.914506391680325], [0.9947323873906939, 0.0], [0.4663449539212157, 0.9629762896352653], [0.4436583125522424, 0.9409583310012477], [0.46727200525744367, 0.9086470804447272], [0.5438489568674162, 0.688437072575649]]
0.7273, [[0.4660148244572996, 0.9998690990239489], [0.9637466186538668, 0.0], [0.5178232287994553, 0.9776792866019227], [0.9995957254971068, 0.0], [0.5172025555313232, 0.9870710245725189], [0.5174513103230818, 0.9862321826977177], [0.9966076348425565, 0.0], [0.5171901943489075, 0.9923878344015264], [0.9995957254971068, 0.0], [0.9987420474997915, 0.0]]
0.7448, [[0.9980796235566086, 0.0], [0.5205065763527096, 0.9163174681132121], [0.517243336229807, 0.9918695592969498], [0.5435150260767143, 0.6900172028846261], [0.5201412305896449, 0.915188107977201], [0.5171957960932047, 0.9858560335869273], [0.4663379330683632, 0.9663636792729765], [0.4659920440304909, 0.9948668363952153], [0.46589998869920657, 0.9928652060348835], [0.46582903327144176, 0.99884688229898]]
0.7446, [[0.46582903327144176, 0.99884688229898], [0.5175265977664365, 0.9812710209031532], [0.5167470216850734, 0.9942483502531865], [0.517243336229807, 0.9918695592969498], [0.5167470216850734, 0.9942483502531865], [1.0, 0.0], [0.5436752674584523, 0.6886889933745599], [0.4659920440304909, 0.9948668363952153], [0.9997675349053716, 0.0], [0.5436406623438073, 0.6893237232895718]]
0.7223, [[0.5170048886475553, 0.992312343073461], [0.9980796235566086, 0.0], [0.517243336229807, 0.9918695592969498], [0.9978457073690048, 0.0], [0.5169911830465082, 0.9888811388610291], [0.9978372910297486, 0.0], [0.09092750069265758, 0.8249805596271923], [0.13765171830480236, 0.8184270982289197], [0.0505780600570535, 0.798238004841097], [0.025325250352257224, 0.7963353021549373]]
0.7294, [[0.46586772265205456, 0.9991287412607942], [1.0, 0.0], [0.5171901943489075, 0.9923878344015264], [0.5205065763527096, 0.9163174681132121], [0.5178232287994553, 0.9776792866019227], [0.5172025555313232, 0.9870710245725189], [0.9997675349053716, 0.0], [0.5201412305896449, 0.915188107977201], [0.9991753438621889, 0.0], [0.9974185055971032, 0.0]]
0.7448, [[0.46582903327144176, 0.99884688229898], [0.9991753438621889, 0.0], [0.5166817426915298, 0.9986983913500822], [0.5438726408134541, 0.6887357434663739], [0.5171901943489075, 0.9923878344015264], [0.517243336229807, 0.9918695592969498], [0.9987775992776841, 0.0], [0.4659759110069149, 0.995848075637858], [0.5172025555313232, 0.9870710245725189], [0.5171794016548947, 0.9892060476161353]]
0.7429, [[0.5167470216850734, 0.9942483502531865], [1.0, 0.0], [0.9968051285964825, 0.0], [0.5175175602856369, 0.9858107634604565], [0.5439797110939152, 0.6882186920097787], [0.5435150260767143, 0.6900172028846261], [0.5436752674584523, 0.6886889933745599], [0.5436412833514339, 0.6887557970523098], [0.5205407469929226, 0.9121540473592797], [0.5205065763527096, 0.9163174681132121]]
0.7459, [[1.0, 0.0], [0.5205065763527096, 0.9163174681132121], [0.4660148244572996, 0.9998690990239489], [0.5167470216850734, 0.9942483502531865], [0.5171901943489075, 0.9923878344015264], [0.517243336229807, 0.9918695592969498], [0.5172730628195443, 0.9916953618239194], [0.5436752674584523, 0.6886889933745599], [0.5201412305896449, 0.915188107977201], [0.5435150260767143, 0.6900172028846261]]
0.7425, [[0.9980796235566086, 0.0], [0.5167470216850734, 0.9942483502531865], [0.517243336229807, 0.9918695592969498], [0.5436752674584523, 0.6886889933745599], [0.5436406623438073, 0.6893237232895718], [0.5175175602856369, 0.9858107634604565], [0.5435150260767143, 0.6900172028846261], [0.5205065763527096, 0.9163174681132121], [0.9978787922888397, 0.0], [0.5172025555313232, 0.9870710245725189]]
0.7429, [[0.5170048886475553, 0.992312343073461], [0.5439797110939152, 0.6882186920097787], [0.9980408793741704, 0.0], [0.5167470216850734, 0.9942483502531865], [1.0, 0.0], [0.5174513103230818, 0.9862321826977177], [0.5206437817430295, 0.9121659384769687], [0.5171794016548947, 0.9892060476161353], [0.5201877624122738, 0.9128953179260747], [0.5175265977664365, 0.9812710209031532]]
0.7454, [[0.9976921817322277, 0.0], [0.4660148244572996, 0.9998690990239489], [0.5201412305896449, 0.915188107977201], [0.5170048886475553, 0.992312343073461], [0.5175265977664365, 0.9812710209031532], [0.997406171306814, 0.0], [0.5200185523895358, 0.9137034451919077], [0.5436406623438073, 0.6893237232895718], [0.4672725654318734, 0.9156375034125103], [0.4671355094214014, 0.9171151104723698]]
0.7295, [[0.5206437817430295, 0.9121659384769687], [0.5171901943489075, 0.9923878344015264], [0.9995957254971068, 0.0], [0.517243336229807, 0.9918695592969498], [0.5205407469929226, 0.9121540473592797], [0.5166817426915298, 0.9986983913500822], [0.5205065763527096, 0.9163174681132121], [0.5175175602856369, 0.9858107634604565], [0.5172730628195443, 0.9916953618239194], [0.5201412305896449, 0.915188107977201]]
0.7463, [[0.9987420474997915, 0.0], [0.5204033175328309, 0.9149582541524989], [0.5439797110939152, 0.6882186920097787], [0.46568237960574055, 1.0], [0.5178232287994553, 0.9776792866019227], [0.5436412833514339, 0.6887557970523098], [0.5166817426915298, 0.9986983913500822], [0.5434245731037808, 0.6909371875971465], [0.5171901943489075, 0.9923878344015264], [0.5435366756874235, 0.6902857472650584]]
0.7454, [[0.4660148244572996, 0.9998690990239489], [1.0, 0.0], [0.5433542279295179, 0.6897746711800777], [0.5175265977664365, 0.9812710209031532], [0.5439397738793031, 0.6882217963808627], [0.5438489568674162, 0.688437072575649], [0.5170048886475553, 0.992312343073461], [0.5175175602856369, 0.9858107634604565], [0.5167470216850734, 0.9942483502531865], [0.517243336229807, 0.9918695592969498]]
0.7454, [[0.9991753438621889, 0.0], [0.5178232287994553, 0.9776792866019227], [0.5171901943489075, 0.9923878344015264], [0.5199892739393424, 0.9131699731402433], [0.5172025555313232, 0.9870710245725189], [0.5166817426915298, 0.9986983913500822], [0.5199633565357272, 0.9159535061645343], [0.5200032783000854, 0.9099083777122727], [0.9653500763914727, 0.0], [0.5438726408134541, 0.6887357434663739]]
0.7425, [[0.9976921817322277, 0.0], [0.517243336229807, 0.9918695592969498], [0.5171957960932047, 0.9858560335869273], [0.5167470216850734, 0.9942483502531865], [0.5175175602856369, 0.9858107634604565], [0.5436752674584523, 0.6886889933745599], [0.5205065763527096, 0.9163174681132121], [0.5435318789388589, 0.6905174787974789], [0.5206437817430295, 0.9121659384769687], [0.5206437817430295, 0.9121659384769687]]
0.7416, [[0.9987775992776841, 0.0], [0.5435318789388589, 0.6905174787974789], [0.5170048886475553, 0.992312343073461], [0.5206437817430295, 0.9121659384769687], [0.5436545814802672, 0.6896741644526222], [0.5199892739393424, 0.9131699731402433], [0.5439397738793031, 0.6882217963808627], [0.5199633565357272, 0.9159535061645343], [0.5171606171390181, 0.9888580473959734], [0.5171957960932047, 0.9858560335869273]]
0.7438, [[0.4659759110069149, 0.995848075637858], [0.5206437817430295, 0.9121659384769687], [1.0, 0.0], [0.5167470216850734, 0.9942483502531865], [0.5172730628195443, 0.9916953618239194], [0.5175265977664365, 0.9812710209031532], [0.5439397738793031, 0.6882217963808627], [0.5170048886475553, 0.992312343073461], [0.5436406623438073, 0.6893237232895718], [0.9980796235566086, 0.0]]
0.746, [[0.5206437817430295, 0.9121659384769687], [0.9995957254971068, 0.0], [0.5171901943489075, 0.9923878344015264], [0.5178232287994553, 0.9776792866019227], [0.517243336229807, 0.9918695592969498], [0.5167470216850734, 0.9942483502531865], [0.4660148244572996, 0.9998690990239489], [0.5175265977664365, 0.9812710209031532], [0.5439797110939152, 0.6882186920097787], [0.5439397738793031, 0.6882217963808627]]
0.5937, [[0.14919875751003636, 0.808102080212334], [0.0, 0.8009088668142568], [0.0, 0.7916386275026246], [0.0, 0.7916205385711159], [0.997406171306814, 0.0], [0.2820838812119251, 0.7692269678039225], [0.9970889623824333, 0.0], [0.0, 0.7680670401718311], [0.9970146664221027, 0.0], [0.5435150260767143, 0.6900172028846261]]
0.6766, [[0.994798412121066, 0.0], [0.4660148244572996, 0.9998690990239489], [0.9945401175714788, 0.0], [0.4658247012558519, 0.9893903846106804], [0.4661685363208153, 0.9889347229017347], [0.46715922347225963, 0.9204336944519189], [0.4673102091535507, 0.9174863008390618], [0.4672725654318734, 0.9156375034125103], [0.5490213079759272, 0.0], [0.549087006300018, 0.0]]
0.7266, [[0.5172730628195443, 0.9916953618239194], [1.0, 0.0], [0.5167470216850734, 0.9942483502531865], [0.5175265977664365, 0.9812710209031532], [0.5175175602856369, 0.9858107634604565], [0.517243336229807, 0.9918695592969498], [0.46582903327144176, 0.99884688229898], [0.4659759110069149, 0.995848075637858], [0.4661165521337371, 0.9891386975097237], [0.9980796235566086, 0.0]]
