0.6592, [[0.42541673553743675, 0.8904575189583895], [0.9956478819487533, 0.0], [0.5436406623438073, 0.6893237232895718], [0.5433542279295179, 0.6897746711800777], [0.9940431182274697, 0.0], [0.4035593552262988, 0.8538789360551872], [0.4094664137475165, 0.8130288021722646], [0.40552479690126103, 0.782909439938865], [0.0, 0.7318619379263782], [0.4414271302826298, 0.7059503983276885]]
0.1933, [[0.0, 0.8051521455515057], [0.9978372910297486, 0.0], [0.0, 0.8188396608038359], [0.0, 0.8350811513001786], [0.0, 0.8089697124073485], [0.0, 0.8344123869468432], [0.0, 0.7995913951172974], [0.0, 0.8156063376183371], [0.0, 0.7907024316774679], [0.0, 0.7849631442275946]]
0.5703, [[0.4434855378854925, 0.9382276172362339], [0.5041677820361978, 0.0], [0.40309954609314463, 0.8808896838963772], [0.5037209122211276, 0.0], [0.0, 0.7920885387936951], [0.5036921192554399, 0.0], [0.17485723484061266, 0.7339635537324672], [0.032453410062388915, 0.775977373881076], [0.0, 0.7798084608687266], [0.3857899121166484, 0.749544185968609]]
0.7382, [[0.9995957254971068, 0.0], [0.5170554163811163, 0.9873337393282615], [0.5174513103230818, 0.9862321826977177], [0.5202151736143682, 0.914097381638494], [0.5433132842542696, 0.6899541819807321], [0.9987420474997915, 0.0], [0.46715922347225963, 0.9204336944519189], [0.5201877624122738, 0.9128953179260747], [0.5435622868985098, 0.6894706490482886], [0.9985785093214854, 0.0]]
0.7319, [[0.5200185523895358, 0.9137034451919077], [0.9956478819487533, 0.0], [0.5436545814802672, 0.6896741644526222], [0.5178232287994553, 0.9776792866019227], [0.519808561668314, 0.9117074890163656], [0.9954945014212738, 0.0], [0.5435318789388589, 0.6905174787974789], [0.40721012894616165, 0.9244595038895276], [0.5484312008321943, 0.0], [0.4089678255308433, 0.8527894432349127]]
0.7223, [[0.5171901943489075, 0.9923878344015264], [0.9985785093214854, 0.0], [0.4025516184175298, 0.9125655244379757], [0.9982962717378072, 0.0], [0.4027399739660508, 0.8928813826781478], [0.9972487277190039, 0.0], [0.0505780600570535, 0.798238004841097], [0.0, 0.8051521455515057], [0.0, 0.8186723463636587], [0.0, 0.8186723463636587]]
0.5841, [[0.4668894061219435, 0.9160138005455126], [0.5483916704846481, 0.0], [0.4255917607759981, 0.8823532041757381], [0.5483682863353954, 0.0], [0.40309954609314463, 0.8808896838963772], [0.5482874054455351, 0.0], [0.4028931859701327, 0.8657265845544165], [0.4028931859701327, 0.8657265845544165], [0.548207252633582, 0.0], [0.404413880030986, 0.794923236635048]]
0.7267, [[1.0, 0.0], [0.5172730628195443, 0.9916953618239194], [0.4659920440304909, 0.9948668363952153], [0.46582903327144176, 0.99884688229898], [0.4659759110069149, 0.995848075637858], [0.5178232287994553, 0.9776792866019227], [0.5175175602856369, 0.9858107634604565], [0.5490820168249486, 0.0], [0.5169911830465082, 0.9888811388610291], [0.4658247012558519, 0.9893903846106804]]
0.6780, [[0.9987775992776841, 0.0], [0.5203360966012642, 0.9145677468871549], [0.9971571637522681, 0.0], [0.40229470698921627, 0.9160781655373175], [0.42618643109692605, 0.8996146170527657], [0.9968051285964825, 0.0], [0.0, 0.78053091097575], [0.9956227780402822, 0.0], [0.0, 0.7805251255569117], [0.0, 0.7751931239951478]]
0.7234, [[0.9946522870584624, 0.0], [0.5171957960932047, 0.9858560335869273], [0.9634086590999408, 0.0], [0.5170048886475553, 0.992312343073461], [0.5485948684629071, 0.0], [0.4659920440304909, 0.9948668363952153], [0.4659170553468321, 0.9942400610093203], [0.4658247012558519, 0.9893903846106804], [0.4662501724077068, 0.9756844899337069], [0.4663376716536293, 0.9692975288534456]]
0.5926, [[0.0, 0.7498716319913046], [0.9985785093214854, 0.0], [0.9985785093214854, 0.0], [0.0, 0.748159701591812], [0.0, 0.7392496518490765], [0.1717277988703108, 0.8298531301279385], [0.9972487277190039, 0.0], [0.47973995691961435, 0.692295675579726], [0.996263725807432, 0.0], [0.5436412833514339, 0.6887557970523098]]
0.7264, [[0.4659759110069149, 0.995848075637858], [0.9978457073690048, 0.0], [0.5167470216850734, 0.9942483502531865], [0.4659759110069149, 0.995848075637858], [0.46582903327144176, 0.99884688229898], [0.5175175602856369, 0.9858107634604565], [0.5171957960932047, 0.9858560335869273], [0.5172730628195443, 0.9916953618239194], [0.4661165521337371, 0.9891386975097237], [0.5175265977664365, 0.9812710209031532]]
0.7422, [[0.5171901943489075, 0.9923878344015264], [0.9978457073690048, 0.0], [0.46608376325711737, 0.988319567259473], [0.5175265977664365, 0.9812710209031532], [0.4662164125620755, 0.9803433163604784], [0.46604514856642854, 0.9938666009687128], [0.46583653960880006, 0.9886849600895327], [0.9978372910297486, 0.0], [0.5200185523895358, 0.9137034451919077], [0.5439397738793031, 0.6882217963808627]]
0.7264, [[0.5166817426915298, 0.9986983913500822], [0.9995957254971068, 0.0], [0.5171901943489075, 0.9923878344015264], [0.9987775992776841, 0.0], [0.5171794016548947, 0.9892060476161353], [0.9987420474997915, 0.0], [0.5171606171390181, 0.9888580473959734], [0.9982962717378072, 0.0], [0.5172025555313232, 0.9870710245725189], [0.9981492760194186, 0.0]]
0.7400, [[0.5178232287994553, 0.9776792866019227], [0.5172730628195443, 0.9916953618239194], [0.9966987634813996, 0.0], [0.5169911830465082, 0.9888811388610291], [0.5172025555313232, 0.9870710245725189], [0.9966076348425565, 0.0], [0.46616902180532105, 0.9729457089581447], [0.5434245731037808, 0.6909371875971465], [0.5433132842542696, 0.6899541819807321], [0.4664698354740818, 0.9705876411115734]]
0.7258, [[0.4659170553468321, 0.9942400610093203], [0.99664899099235, 0.0], [0.5433520651098527, 0.690043432649397], [0.4661165521337371, 0.9891386975097237], [0.995652525446274, 0.0], [0.40895328337452364, 0.8757360438856138], [0.9658878514480853, 0.0], [0.29441327940973455, 0.7848891277715744], [0.965803397836928, 0.0], [0.39666983554896296, 0.7647634954612397]]
0.7260, [[0.9954945014212738, 0.0], [0.46582903327144176, 0.99884688229898], [0.5493391139823915, 0.0], [0.5166817426915298, 0.9986983913500822], [0.5485948684629071, 0.0], [0.5485509268198058, 0.0], [0.5485371789957947, 0.0], [0.4659759110069149, 0.995848075637858], [0.5171901943489075, 0.9923878344015264], [0.5171794016548947, 0.9892060476161353]]
0.7447, [[0.9985785093214854, 0.0], [0.5166817426915298, 0.9986983913500822], [0.5166817426915298, 0.9986983913500822], [0.5166817426915298, 0.9986983913500822], [0.5171794016548947, 0.9892060476161353], [0.5171606171390181, 0.9888580473959734], [0.9982962717378072, 0.0], [0.9980408793741704, 0.0], [0.5438726408134541, 0.6887357434663739], [0.5435366756874235, 0.6902857472650584]]
0.7257, [[0.5167470216850734, 0.9942483502531865], [0.9974185055971032, 0.0], [0.46589998869920657, 0.9928652060348835], [0.9970946216450367, 0.0], [0.46598786139474896, 0.9900771336627611], [0.9970146664221027, 0.0], [0.519808561668314, 0.9117074890163656], [0.9968917588471025, 0.0], [0.9963136434057793, 0.0], [0.9959877279235472, 0.0]]
0.7414, [[0.9987420474997915, 0.0], [0.5436752674584523, 0.6886889933745599], [0.5172025555313232, 0.9870710245725189], [0.5206437817430295, 0.9121659384769687], [0.5205065763527096, 0.9163174681132121], [0.517243336229807, 0.9918695592969498], [0.5175175602856369, 0.9858107634604565], [0.5170048886475553, 0.992312343073461], [0.5174513103230818, 0.9862321826977177], [0.5170554163811163, 0.9873337393282615]]
0.7293, [[0.9982962717378072, 0.0], [0.5166817426915298, 0.9986983913500822], [0.5167470216850734, 0.9942483502531865], [0.5171901943489075, 0.9923878344015264], [0.517243336229807, 0.9918695592969498], [0.5172025555313232, 0.9870710245725189], [0.5170554163811163, 0.9873337393282615], [0.5169911830465082, 0.9888811388610291], [0.9978787922888397, 0.0], [0.5205065763527096, 0.9163174681132121]]
0.6619, [[0.5498291532420057, 0.0], [0.5200032783000854, 0.9099083777122727], [0.4665783599335999, 0.967772480674674], [0.4663379330683632, 0.9663636792729765], [0.4663449539212157, 0.9629762896352653], [0.549552633535687, 0.0], [0.4673939365583132, 0.9075526535507228], [0.5495279217149566, 0.0], [0.46744349332286256, 0.8999119443357226], [0.467670401311862, 0.899158289243866]]
0.7199, [[0.5169911830465082, 0.9888811388610291], [0.998138828149997, 0.0], [0.07241167120170543, 0.8742967005675285], [0.9975157288264422, 0.0], [0.07956880717082151, 0.8682245087208591], [0.9962248365156964, 0.0], [0.0, 0.8561914130604957], [0.9956829983987534, 0.0], [0.5486218501735832, 0.0], [0.5492942087067663, 0.0]]
0.5721, [[0.4997832967747637, 0.0], [0.44385324669528897, 0.9401219314929428], [0.4996162527598206, 0.0], [0.4434855378854925, 0.9382276172362339], [0.49952770785496253, 0.0], [0.4432435148553157, 0.9378071848137186], [0.4836265218029496, 0.0], [0.48406771518379865, 0.0], [0.4840319013652584, 0.0], [0.4447437806489581, 0.9247643309645541]]
0.7376, [[0.9995957254971068, 0.0], [0.5178232287994553, 0.9776792866019227], [0.5436412833514339, 0.6887557970523098], [0.9973996413884256, 0.0], [0.5174513103230818, 0.9862321826977177], [0.9968051285964825, 0.0], [0.9968051285964825, 0.0], [0.5172025555313232, 0.9870710245725189], [0.9631741624751469, 0.0], [0.4432435148553157, 0.9378071848137186]]
0.7233, [[0.9991753438621889, 0.0], [0.5171794016548947, 0.9892060476161353], [0.9987775992776841, 0.0], [0.5172025555313232, 0.9870710245725189], [0.9961294997072252, 0.0], [0.46684754241956233, 0.9760332055945596], [0.9954765078683812, 0.0], [0.46733773239053106, 0.9120270196311067], [0.5203360966012642, 0.9145677468871549], [0.5200032783000854, 0.9099083777122727]]
0.7267, [[0.9997675349053716, 0.0], [0.5175265977664365, 0.9812710209031532], [1.0, 0.0], [0.5175175602856369, 0.9858107634604565], [0.4661685363208153, 0.9889347229017347], [0.4660148244572996, 0.9998690990239489], [0.46684754241956233, 0.9760332055945596], [0.46608376325711737, 0.988319567259473], [0.4662164125620755, 0.9803433163604784], [0.4659157109282007, 0.9918987196726927]]
0.7272, [[0.4660148244572996, 0.9998690990239489], [0.9987775992776841, 0.0], [0.5166817426915298, 0.9986983913500822], [0.46589998869920657, 0.9928652060348835], [0.5171901943489075, 0.9923878344015264], [0.9985785093214854, 0.0], [0.5170554163811163, 0.9873337393282615], [0.9966987634813996, 0.0], [0.5174513103230818, 0.9862321826977177], [0.99664899099235, 0.0]]
0.7288, [[0.9966987634813996, 0.0], [0.5171901943489075, 0.9923878344015264], [0.46582903327144176, 0.99884688229898], [0.5178232287994553, 0.9776792866019227], [0.9944408628119745, 0.0], [0.5170554163811163, 0.9873337393282615], [0.4659759110069149, 0.995848075637858], [0.5492542929062104, 0.0], [0.4659170553468321, 0.9942400610093203], [0.5204033175328309, 0.9149582541524989]]
0.7290, [[0.9980796235566086, 0.0], [0.46586772265205456, 0.9991287412607942], [0.5169911830465082, 0.9888811388610291], [0.5205407469929226, 0.9121540473592797], [0.5489061645963194, 0.0], [0.4659920440304909, 0.9948668363952153], [0.5205065763527096, 0.9163174681132121], [0.4659157109282007, 0.9918987196726927], [0.5175175602856369, 0.9858107634604565], [0.46684754241956233, 0.9760332055945596]]
0.5730, [[0.4445812201158136, 0.922867426319137], [0.4436583125522424, 0.9409583310012477], [0.4443828235545957, 0.923565104344529], [0.4434855378854925, 0.9382276172362339], [0.44385324669528897, 0.9401219314929428], [0.4436979572403043, 0.9376086376868319], [0.4446869969909481, 0.92131289704983], [0.44345524172649325, 0.9394022968394531], [0.5041746908541644, 0.0], [0.4447437806489581, 0.9247643309645541]]
0.7402, [[0.9980796235566086, 0.0], [0.517243336229807, 0.9918695592969498], [0.9970146664221027, 0.0], [0.4028931859701327, 0.8657265845544165], [0.9956689227968938, 0.0], [0.4038801482698737, 0.8319489272854033], [0.9949311871282976, 0.0], [0.14541735571258832, 0.829318597250422], [0.9943060562745777, 0.0], [0.5435318789388589, 0.6905174787974789]]
0.7427, [[0.5170048886475553, 0.992312343073461], [0.9978457073690048, 0.0], [0.5439397738793031, 0.6882217963808627], [0.5172730628195443, 0.9916953618239194], [0.5175265977664365, 0.9812710209031532], [0.5198029599240168, 0.9121317206756527], [0.4659920440304909, 0.9948668363952153], [0.9978372910297486, 0.0], [0.46745443539672316, 0.9102866731451359], [0.9976921817322277, 0.0]]
0.7293, [[0.9982962717378072, 0.0], [0.5166817426915298, 0.9986983913500822], [0.5167470216850734, 0.9942483502531865], [0.5171901943489075, 0.9923878344015264], [0.5205065763527096, 0.9163174681132121], [0.5175175602856369, 0.9858107634604565], [0.5200185523895358, 0.9137034451919077], [0.5199633565357272, 0.9159535061645343], [0.5171794016548947, 0.9892060476161353], [0.5178232287994553, 0.9776792866019227]]
0.7448, [[0.9991753438621889, 0.0], [0.5172025555313232, 0.9870710245725189], [0.46582903327144176, 0.99884688229898], [0.5174513103230818, 0.9862321826977177], [0.5166817426915298, 0.9986983913500822], [0.5171794016548947, 0.9892060476161353], [0.5178232287994553, 0.9776792866019227], [0.5436412833514339, 0.6887557970523098], [0.5435622868985098, 0.6894706490482886], [0.9987420474997915, 0.0]]
0.5380, [[0.40721012894616165, 0.9244595038895276], [0.5036285954751094, 0.0], [0.40776515457902773, 0.8913189342205045], [0.48452597521227325, 0.0], [0.40909160698046876, 0.7960276600659576], [0.48406558652096576, 0.0], [0.2760133549547194, 0.7920310156658641], [0.48404777297410057, 0.0], [0.41952923967888717, 0.6845493145340491], [0.4194418136200608, 0.6846533543831403]]
0.7286, [[0.46582903327144176, 0.99884688229898], [0.9976921817322277, 0.0], [0.5170048886475553, 0.992312343073461], [0.517243336229807, 0.9918695592969498], [0.5201412305896449, 0.915188107977201], [0.997406171306814, 0.0], [0.4434986950745436, 0.9388693922062672], [0.4432435148553157, 0.9378071848137186], [0.9965530737466888, 0.0], [0.9949783476499918, 0.0]]
0.6768, [[0.4660148244572996, 0.9998690990239489], [0.997406171306814, 0.0], [0.4661685363208153, 0.9889347229017347], [0.9940431182274697, 0.0], [0.46623306841511925, 0.9706222042980506], [0.5485300909432281, 0.0], [0.46706657062158363, 0.9182609750850071], [0.5485280566078994, 0.0], [0.46722737802787584, 0.9165698213141223], [0.5485009892409988, 0.0]]
0.5774, [[0.40236360911082597, 0.9182625539886006], [0.40335784248872675, 0.8463973507179727], [0.40403214842759555, 0.8383045816678492], [0.4040182987549102, 0.8362876063382176], [0.9978457073690048, 0.0], [0.4034175692021824, 0.8436095990606425], [0.40494899675936685, 0.7949447121531938], [0.4091077072249655, 0.7145736410873735], [0.48453370561940345, 0.0], [0.4108505154115104, 0.6963267285684078]]
0.7457, [[0.9980796235566086, 0.0], [0.4660148244572996, 0.9998690990239489], [0.517243336229807, 0.9918695592969498], [0.5172730628195443, 0.9916953618239194], [0.5205065763527096, 0.9163174681132121], [0.5435150260767143, 0.6900172028846261], [0.5436545814802672, 0.6896741644526222], [0.5167470216850734, 0.9942483502531865], [0.5171901943489075, 0.9923878344015264], [0.5175175602856369, 0.9858107634604565]]
0.5285, [[0.9949783476499918, 0.0], [0.0, 0.8607826426771694], [0.484073092858324, 0.0], [0.10072147622934285, 0.8282397126886665], [0.09092750069265758, 0.8249805596271923], [0.4039379706533351, 0.8228783728442475], [0.158616041679926, 0.8210031287825045], [0.48356079466986224, 0.0], [0.0, 0.7317529593051079], [0.0, 0.7939361497475581]]
0.6818, [[0.5498291532420057, 0.0], [0.4660148244572996, 0.9998690990239489], [0.4660148244572996, 0.9998690990239489], [0.5167470216850734, 0.9942483502531865], [0.5171957960932047, 0.9858560335869273], [0.5170048886475553, 0.992312343073461], [0.5493387927715502, 0.0], [0.5483065710257377, 0.0], [0.46608376325711737, 0.988319567259473], [0.4662501724077068, 0.9756844899337069]]
0.7411, [[1.0, 0.0], [0.517243336229807, 0.9918695592969498], [0.9633571452993209, 0.0], [0.5170554163811163, 0.9873337393282615], [0.5435622868985098, 0.6894706490482886], [0.5174513103230818, 0.9862321826977177], [0.5433520651098527, 0.690043432649397], [0.5175265977664365, 0.9812710209031532], [0.5205065763527096, 0.9163174681132121], [0.5201412305896449, 0.915188107977201]]
0.7460, [[0.9981492760194186, 0.0], [0.4660148244572996, 0.9998690990239489], [0.5433520651098527, 0.690043432649397], [0.5166817426915298, 0.9986983913500822], [0.5433542279295179, 0.6897746711800777], [0.5438726408134541, 0.6887357434663739], [0.5199633565357272, 0.9159535061645343], [0.5204033175328309, 0.9149582541524989], [0.9969249888762348, 0.0], [0.5484782475134289, 0.0]]
0.7448, [[0.46568237960574055, 1.0], [0.9970146664221027, 0.0], [0.517243336229807, 0.9918695592969498], [0.5172730628195443, 0.9916953618239194], [0.5175175602856369, 0.9858107634604565], [0.5435318789388589, 0.6905174787974789], [0.46586772265205456, 0.9991287412607942], [0.9949783476499918, 0.0], [0.5169911830465082, 0.9888811388610291], [0.5435150260767143, 0.6900172028846261]]
0.7299, [[0.9997675349053716, 0.0], [0.517243336229807, 0.9918695592969498], [0.4660148244572996, 0.9998690990239489], [0.5175265977664365, 0.9812710209031532], [0.5206437817430295, 0.9121659384769687], [0.5170048886475553, 0.992312343073461], [0.5205065763527096, 0.9163174681132121], [0.9656970327218453, 0.0], [0.5201412305896449, 0.915188107977201], [0.5171957960932047, 0.9858560335869273]]
0.7419, [[0.517243336229807, 0.9918695592969498], [0.997262948430161, 0.0], [0.5175175602856369, 0.9858107634604565], [0.5439397738793031, 0.6882217963808627], [0.5436545814802672, 0.6896741644526222], [0.5435150260767143, 0.6900172028846261], [0.5172730628195443, 0.9916953618239194], [0.5167470216850734, 0.9942483502531865], [0.9626828223937411, 0.0], [0.9940431182274697, 0.0]]
0.7295, [[0.9987775992776841, 0.0], [0.46568237960574055, 1.0], [0.5199633565357272, 0.9159535061645343], [0.5171794016548947, 0.9892060476161353], [0.5204033175328309, 0.9149582541524989], [0.99664899099235, 0.0], [0.9968051285964825, 0.0], [0.46586772265205456, 0.9991287412607942], [0.5174513103230818, 0.9862321826977177], [0.5203360966012642, 0.9145677468871549]]
0.6749, [[0.46582903327144176, 0.99884688229898], [0.9952022512960668, 0.0], [0.4659920440304909, 0.9948668363952153], [0.9634086590999408, 0.0], [0.42796524843245287, 0.828210157587025], [0.5482415151233295, 0.0], [0.5482053681966459, 0.0], [0.5486141196993339, 0.0], [0.5493391139823915, 0.0], [0.5492995408067332, 0.0]]
0.7412, [[0.5172730628195443, 0.9916953618239194], [0.5175265977664365, 0.9812710209031532], [0.5203360966012642, 0.9145677468871549], [0.5206437817430295, 0.9121659384769687], [0.519808561668314, 0.9117074890163656], [1.0, 0.0], [0.5201412305896449, 0.915188107977201], [0.5438489568674162, 0.688437072575649], [0.9997675349053716, 0.0], [0.46715922347225963, 0.9204336944519189]]
0.7267, [[0.9997675349053716, 0.0], [0.5166817426915298, 0.9986983913500822], [0.9978787922888397, 0.0], [0.517243336229807, 0.9918695592969498], [0.9978372910297486, 0.0], [0.5175265977664365, 0.9812710209031532], [0.4676088194695545, 0.9014487109396023], [0.9976561946264425, 0.0], [0.4663379330683632, 0.9663636792729765], [0.4662501724077068, 0.9756844899337069]]
0.7416, [[0.4659920440304909, 0.9948668363952153], [0.9950504669708599, 0.0], [0.5167470216850734, 0.9942483502531865], [0.5170048886475553, 0.992312343073461], [0.5175175602856369, 0.9858107634604565], [0.5175265977664365, 0.9812710209031532], [0.9678262214443694, 0.0], [0.9664359292648217, 0.0], [0.5172730628195443, 0.9916953618239194], [0.5433542279295179, 0.6897746711800777]]
0.7382, [[0.5171606171390181, 0.9888580473959734], [0.9978457073690048, 0.0], [0.997262948430161, 0.0], [0.9981492760194186, 0.0], [0.9985785093214854, 0.0], [0.9985785093214854, 0.0], [0.9978372910297486, 0.0], [0.9961225344609441, 0.0], [0.5433542279295179, 0.6897746711800777], [0.9952022512960668, 0.0]]
0.7224, [[0.5171901943489075, 0.9923878344015264], [0.9991753438621889, 0.0], [0.5171794016548947, 0.9892060476161353], [0.9987420474997915, 0.0], [0.5172025555313232, 0.9870710245725189], [0.9982962717378072, 0.0], [0.9973996413884256, 0.0], [0.9971571637522681, 0.0], [0.9956227780402822, 0.0], [0.9954945014212738, 0.0]]
0.7443, [[0.5171901943489075, 0.9923878344015264], [0.9982962717378072, 0.0], [0.46583653960880006, 0.9886849600895327], [0.5166817426915298, 0.9986983913500822], [0.9966987634813996, 0.0], [0.0, 0.8186723463636587], [0.99664899099235, 0.0], [0.5434245731037808, 0.6909371875971465], [0.9961294997072252, 0.0], [0.995652525446274, 0.0]]
0.6803, [[0.46715922347225963, 0.9204336944519189], [0.9954765078683812, 0.0], [0.5199633565357272, 0.9159535061645343], [0.5204033175328309, 0.9149582541524989], [0.4673102091535507, 0.9174863008390618], [0.994798412121066, 0.0], [0.5199892739393424, 0.9131699731402433], [0.9945589817801566, 0.0], [0.9945401175714788, 0.0], [0.549087006300018, 0.0]]
0.7412, [[1.0, 0.0], [0.5175175602856369, 0.9858107634604565], [0.5203360966012642, 0.9145677468871549], [0.5205407469929226, 0.9121540473592797], [0.5205065763527096, 0.9163174681132121], [0.517243336229807, 0.9918695592969498], [0.997406171306814, 0.0], [0.5436406623438073, 0.6893237232895718], [0.997262948430161, 0.0], [0.5436412833514339, 0.6887557970523098]]
0.7449, [[0.9991753438621889, 0.0], [0.5166817426915298, 0.9986983913500822], [0.5171901943489075, 0.9923878344015264], [0.5171794016548947, 0.9892060476161353], [0.5171606171390181, 0.9888580473959734], [0.5174513103230818, 0.9862321826977177], [0.5439797110939152, 0.6882186920097787], [0.5434245731037808, 0.6909371875971465], [0.9987420474997915, 0.0], [0.9982962717378072, 0.0]]
0.7448, [[0.5178232287994553, 0.9776792866019227], [0.9973996413884256, 0.0], [0.5170554163811163, 0.9873337393282615], [0.46582903327144176, 0.99884688229898], [0.5172025555313232, 0.9870710245725189], [0.5203360966012642, 0.9145677468871549], [0.5439797110939152, 0.6882186920097787], [0.997262948430161, 0.0], [0.4661165521337371, 0.9891386975097237], [0.9950504669708599, 0.0]]
0.6244, [[0.549552633535687, 0.0], [0.4664698354740818, 0.9705876411115734], [0.5486732224941484, 0.0], [0.48043139889070124, 0.6912735885364306], [0.47991312550832244, 0.6921476806582408], [0.47983492515793325, 0.6926648460865017], [0.47986539864691014, 0.6920432826124859], [0.42530905433230803, 0.9116507718388415], [0.47997418452116214, 0.6918140258933771], [0.5485922345340077, 0.0]]
0.6281, [[0.5205407469929226, 0.9121540473592797], [0.5042301107777449, 0.0], [0.40764310433848794, 0.901310433523325], [0.5041113537986439, 0.0], [0.4089678255308433, 0.8527894432349127], [0.5040913368990217, 0.0], [0.10072147622934285, 0.8282397126886665], [0.5040811043794389, 0.0], [0.16242641973635819, 0.8281509980430048], [0.48418845144588474, 0.0]]
0.7250, [[0.46582903327144176, 0.99884688229898], [0.9970146664221027, 0.0], [0.5205065763527096, 0.9163174681132121], [0.4673102091535507, 0.9174863008390618], [0.5201412305896449, 0.915188107977201], [0.4671355094214014, 0.9171151104723698], [0.5198029599240168, 0.9121317206756527], [0.4670441636443947, 0.9135695837716186], [0.9963136434057793, 0.0], [0.9943060562745777, 0.0]]
0.7446, [[0.46586772265205456, 0.9991287412607942], [0.9982962717378072, 0.0], [0.5166817426915298, 0.9986983913500822], [0.9966987634813996, 0.0], [0.5170554163811163, 0.9873337393282615], [0.995652525446274, 0.0], [0.5435366756874235, 0.6902857472650584], [0.9952022512960668, 0.0], [0.9949783476499918, 0.0], [0.9949311871282976, 0.0]]
0.7230, [[0.9995957254971068, 0.0], [0.5201877624122738, 0.9128953179260747], [0.9991753438621889, 0.0], [0.5174513103230818, 0.9862321826977177], [0.9981492760194186, 0.0], [0.5172025555313232, 0.9870710245725189], [0.9973996413884256, 0.0], [0.5171606171390181, 0.9888580473959734], [0.9966076348425565, 0.0], [0.4436979572403043, 0.9376086376868319]]
0.7447, [[0.998138828149997, 0.0], [0.5171606171390181, 0.9888580473959734], [0.46586772265205456, 0.9991287412607942], [0.5178232287994553, 0.9776792866019227], [0.5433520651098527, 0.690043432649397], [0.5203360966012642, 0.9145677468871549], [0.9973996413884256, 0.0], [0.4659157109282007, 0.9918987196726927], [0.9966076348425565, 0.0], [0.4661747729294662, 0.9831179680520561]]
0.7453, [[0.5203360966012642, 0.9145677468871549], [0.5178232287994553, 0.9776792866019227], [0.5172025555313232, 0.9870710245725189], [0.5171794016548947, 0.9892060476161353], [0.46568237960574055, 1.0], [0.9973996413884256, 0.0], [0.4661864619025664, 0.9795543086303481], [0.9972487277190039, 0.0], [0.9966076348425565, 0.0], [0.5435366756874235, 0.6902857472650584]]
0.7265, [[0.46586772265205456, 0.9991287412607942], [0.9987775992776841, 0.0], [0.5166817426915298, 0.9986983913500822], [0.9982962717378072, 0.0], [0.5171794016548947, 0.9892060476161353], [0.9976921817322277, 0.0], [0.5170554163811163, 0.9873337393282615], [0.9976561946264425, 0.0], [0.5172025555313232, 0.9870710245725189], [0.9973996413884256, 0.0]]
0.7256, [[0.9969249888762348, 0.0], [0.46582903327144176, 0.99884688229898], [0.99664899099235, 0.0], [0.5171606171390181, 0.9888580473959734], [0.9927906798805668, 0.0], [0.46635612006484817, 0.982238148694929], [0.5492049977490862, 0.0], [0.4661864619025664, 0.9795543086303481], [0.5482212360122103, 0.0], [0.4662501724077068, 0.9756844899337069]]
0.7455, [[0.5166817426915298, 0.9986983913500822], [0.5204033175328309, 0.9149582541524989], [0.9987420474997915, 0.0], [0.5171901943489075, 0.9923878344015264], [0.5172025555313232, 0.9870710245725189], [0.4659759110069149, 0.995848075637858], [0.5200032783000854, 0.9099083777122727], [0.5439797110939152, 0.6882186920097787], [0.5171794016548947, 0.9892060476161353], [0.5434245731037808, 0.6909371875971465]]
0.7268, [[0.9982962717378072, 0.0], [0.5174513103230818, 0.9862321826977177], [0.5171606171390181, 0.9888580473959734], [0.5166817426915298, 0.9986983913500822], [0.5172025555313232, 0.9870710245725189], [0.5175175602856369, 0.9858107634604565], [0.5178232287994553, 0.9776792866019227], [0.9980408793741704, 0.0], [0.4659920440304909, 0.9948668363952153], [0.9973996413884256, 0.0]]
0.5390, [[0.9970946216450367, 0.0], [0.40403214842759555, 0.8383045816678492], [0.4101711889662931, 0.7942117929345951], [0.4103929568501676, 0.7938540684393861], [0.9949783476499918, 0.0], [0.41259574729077525, 0.7315936594798325], [0.4124840843047495, 0.7328349411723245], [0.0, 0.7904310705687269], [0.0, 0.7795901942745217], [0.4126663806214706, 0.733459603590202]]
0.7289, [[0.9991753438621889, 0.0], [0.5172025555313232, 0.9870710245725189], [0.5171901943489075, 0.9923878344015264], [0.5174513103230818, 0.9862321826977177], [0.5166817426915298, 0.9986983913500822], [0.5171794016548947, 0.9892060476161353], [0.4661685363208153, 0.9889347229017347], [0.4662164125620755, 0.9803433163604784], [0.5178232287994553, 0.9776792866019227], [0.5199892739393424, 0.9131699731402433]]
0.7445, [[0.46586772265205456, 0.9991287412607942], [0.5174513103230818, 0.9862321826977177], [0.5172025555313232, 0.9870710245725189], [0.5171901943489075, 0.9923878344015264], [0.5434245731037808, 0.6909371875971465], [0.9987420474997915, 0.0], [0.5178232287994553, 0.9776792866019227], [0.4659920440304909, 0.9948668363952153], [0.5171606171390181, 0.9888580473959734], [0.994798412121066, 0.0]]
0.7268, [[0.9997675349053716, 0.0], [0.5206437817430295, 0.9121659384769687], [0.5172730628195443, 0.9916953618239194], [0.5175265977664365, 0.9812710209031532], [0.5167470216850734, 0.9942483502531865], [0.5171901943489075, 0.9923878344015264], [0.5167470216850734, 0.9942483502531865], [0.517243336229807, 0.9918695592969498], [0.5205065763527096, 0.9163174681132121], [0.5170554163811163, 0.9873337393282615]]
0.7424, [[0.9995957254971068, 0.0], [0.5172730628195443, 0.9916953618239194], [0.5171901943489075, 0.9923878344015264], [0.46604514856642854, 0.9938666009687128], [0.5175265977664365, 0.9812710209031532], [0.5438726408134541, 0.6887357434663739], [0.5201877624122738, 0.9128953179260747], [0.9982962717378072, 0.0], [0.5170048886475553, 0.992312343073461], [0.5171794016548947, 0.9892060476161353]]
0.7294, [[0.995652525446274, 0.0], [0.5175175602856369, 0.9858107634604565], [0.5175175602856369, 0.9858107634604565], [0.5205407469929226, 0.9121540473592797], [0.46568237960574055, 1.0], [0.5205065763527096, 0.9163174681132121], [0.517243336229807, 0.9918695592969498], [0.9950504669708599, 0.0], [0.5203360966012642, 0.9145677468871549], [0.5199633565357272, 0.9159535061645343]]
0.7231, [[0.9982962717378072, 0.0], [0.5174513103230818, 0.9862321826977177], [0.42574549214280566, 0.9042827442085178], [0.4262350780722334, 0.9028228998140855], [0.4261795062605834, 0.8494561310452802], [0.42659014905570447, 0.8451004294380978], [0.42642429922529723, 0.8368478457398665], [0.46604514856642854, 0.9938666009687128], [0.9952022512960668, 0.0], [0.9661412122815568, 0.0]]
0.7267, [[0.5167470216850734, 0.9942483502531865], [0.9970146664221027, 0.0], [0.9969463199429704, 0.0], [0.9963136434057793, 0.0], [1.0, 0.0], [0.5170048886475553, 0.992312343073461], [0.517243336229807, 0.9918695592969498], [0.5169911830465082, 0.9888811388610291], [0.5175265977664365, 0.9812710209031532], [0.5205065763527096, 0.9163174681132121]]
0.7446, [[0.46582903327144176, 0.99884688229898], [0.9991753438621889, 0.0], [0.9987775992776841, 0.0], [0.9982962717378072, 0.0], [0.99664899099235, 0.0], [0.9945401175714788, 0.0], [0.9927906798805668, 0.0], [0.5166817426915298, 0.9986983913500822], [0.5438726408134541, 0.6887357434663739], [0.4659759110069149, 0.995848075637858]]
0.7247, [[1.0, 0.0], [0.5171901943489075, 0.9923878344015264], [0.9997675349053716, 0.0], [0.5175175602856369, 0.9858107634604565], [0.9945589817801566, 0.0], [0.4664698354740818, 0.9705876411115734], [0.9644251497290747, 0.0], [0.4663449539212157, 0.9629762896352653], [0.4673102091535507, 0.9174863008390618], [0.5196282228469055, 0.9139978120306269]]
0.7377, [[1.0, 0.0], [0.5436752674584523, 0.6886889933745599], [0.5170554163811163, 0.9873337393282615], [0.9997675349053716, 0.0], [0.5436406623438073, 0.6893237232895718], [0.5174513103230818, 0.9862321826977177], [0.9985785093214854, 0.0], [0.5435318789388589, 0.6905174787974789], [0.46635612006484817, 0.982238148694929], [0.9980796235566086, 0.0]]
0.6782, [[0.4668894061219435, 0.9160138005455126], [0.9997675349053716, 0.0], [0.4670906581220617, 0.9149810742434991], [0.9991753438621889, 0.0], [0.5204033175328309, 0.9149582541524989], [0.9987420474997915, 0.0], [0.5203360966012642, 0.9145677468871549], [0.9980796235566086, 0.0], [0.5202151736143682, 0.914097381638494], [0.9978787922888397, 0.0]]
0.6905, [[0.9978372910297486, 0.0], [0.44385324669528897, 0.9401219314929428], [0.4431287356929357, 0.9393259173781159], [0.4434855378854925, 0.9382276172362339], [0.4436979572403043, 0.9376086376868319], [0.5196819995921588, 0.914506391680325], [0.5198029599240168, 0.9121317206756527], [0.519808561668314, 0.9117074890163656], [0.44473581708716403, 0.9203287713740552], [0.9974185055971032, 0.0]]
0.7294, [[0.998138828149997, 0.0], [0.5171901943489075, 0.9923878344015264], [0.5167470216850734, 0.9942483502531865], [0.5205065763527096, 0.9163174681132121], [0.517243336229807, 0.9918695592969498], [0.5206437817430295, 0.9121659384769687], [0.5166817426915298, 0.9986983913500822], [0.5201412305896449, 0.915188107977201], [0.9968051285964825, 0.0], [0.994798412121066, 0.0]]
0.7262, [[0.9962248365156964, 0.0], [0.4660148244572996, 0.9998690990239489], [0.46589998869920657, 0.9928652060348835], [0.5170048886475553, 0.992312343073461], [0.46583653960880006, 0.9886849600895327], [0.46608376325711737, 0.988319567259473], [0.4664698354740818, 0.9705876411115734], [0.5498291532420057, 0.0], [0.549552633535687, 0.0], [0.5495279217149566, 0.0]]
0.7289, [[0.9987775992776841, 0.0], [0.5203360966012642, 0.9145677468871549], [0.5178232287994553, 0.9776792866019227], [0.46604514856642854, 0.9938666009687128], [0.46586772265205456, 0.9991287412607942], [0.5171794016548947, 0.9892060476161353], [0.4661685363208153, 0.9889347229017347], [0.4661747729294662, 0.9831179680520561], [0.9973996413884256, 0.0], [0.9935017154384194, 0.0]]
0.6167, [[0.5040914489339078, 0.0], [0.46635612006484817, 0.982238148694929], [0.5037209122211276, 0.0], [0.4662501724077068, 0.9756844899337069], [0.4995809244257861, 0.0], [0.49918771932108325, 0.0], [0.4436583125522424, 0.9409583310012477], [0.48387695711799733, 0.0], [0.4445812201158136, 0.922867426319137], [0.4837914745000218, 0.0]]
0.6264, [[0.5043023359342171, 0.0], [0.4660148244572996, 0.9998690990239489], [0.5042019526764109, 0.0], [0.5041677820361978, 0.0], [0.5041202418995955, 0.0], [0.5041157231591957, 0.0], [0.5036921192554399, 0.0], [0.4436583125522424, 0.9409583310012477], [0.49918771932108325, 0.0], [0.44385324669528897, 0.9401219314929428]]
0.7451, [[0.5438489568674162, 0.688437072575649], [0.5175265977664365, 0.9812710209031532], [0.9997675349053716, 0.0], [0.46604514856642854, 0.9938666009687128], [0.4659759110069149, 0.995848075637858], [0.5175175602856369, 0.9858107634604565], [0.5172730628195443, 0.9916953618239194], [0.517243336229807, 0.9918695592969498], [0.4660148244572996, 0.9998690990239489], [0.46589998869920657, 0.9928652060348835]]
0.6978, [[0.4446309058165724, 0.9226269889062843], [0.9987775992776841, 0.0], [0.5200185523895358, 0.9137034451919077], [0.5439397738793031, 0.6882217963808627], [0.5439397738793031, 0.6882217963808627], [0.5436545814802672, 0.6896741644526222], [0.4671355094214014, 0.9171151104723698], [0.9664095193726729, 0.0], [0.5199892739393424, 0.9131699731402433], [0.3795745045645213, 0.7683580912426224]]
0.7272, [[0.5171901943489075, 0.9923878344015264], [0.4660148244572996, 0.9998690990239489], [0.5178232287994553, 0.9776792866019227], [0.9987420474997915, 0.0], [0.5172025555313232, 0.9870710245725189], [0.5174513103230818, 0.9862321826977177], [0.5171794016548947, 0.9892060476161353], [0.46598786139474896, 0.9900771336627611], [0.4661685363208153, 0.9889347229017347], [0.5170554163811163, 0.9873337393282615]]
0.7221, [[0.5170048886475553, 0.992312343073461], [0.9980796235566086, 0.0], [0.5169911830465082, 0.9888811388610291], [0.9978457073690048, 0.0], [0.025325250352257224, 0.7963353021549373], [0.0, 0.8354930477751412], [0.13765171830480236, 0.8184270982289197], [0.9978372910297486, 0.0], [0.09092750069265758, 0.8249805596271923], [0.0, 0.7798371328834761]]
0.7254, [[0.5169911830465082, 0.9888811388610291], [0.9976921817322277, 0.0], [0.5201412305896449, 0.915188107977201], [0.517243336229807, 0.9918695592969498], [0.5175175602856369, 0.9858107634604565], [0.5200185523895358, 0.9137034451919077], [0.519808561668314, 0.9117074890163656], [0.5170048886475553, 0.992312343073461], [0.5206437817430295, 0.9121659384769687], [0.5175265977664365, 0.9812710209031532]]
0.7425, [[0.9980796235566086, 0.0], [0.5167470216850734, 0.9942483502531865], [0.9978787922888397, 0.0], [0.517243336229807, 0.9918695592969498], [0.5436752674584523, 0.6886889933745599], [0.5172025555313232, 0.9870710245725189], [0.5436406623438073, 0.6893237232895718], [0.5175175602856369, 0.9858107634604565], [0.5435150260767143, 0.6900172028846261], [0.5205065763527096, 0.9163174681132121]]
0.7454, [[0.9976921817322277, 0.0], [0.4660148244572996, 0.9998690990239489], [0.5201412305896449, 0.915188107977201], [0.5436406623438073, 0.6893237232895718], [0.5170048886475553, 0.992312343073461], [0.5175265977664365, 0.9812710209031532], [0.997406171306814, 0.0], [0.5200185523895358, 0.9137034451919077], [0.4672725654318734, 0.9156375034125103], [0.4671355094214014, 0.9171151104723698]]
0.7268, [[0.5170048886475553, 0.992312343073461], [0.5172730628195443, 0.9916953618239194], [1.0, 0.0], [0.5175175602856369, 0.9858107634604565], [0.5167470216850734, 0.9942483502531865], [0.517243336229807, 0.9918695592969498], [0.5175265977664365, 0.9812710209031532], [0.5169911830465082, 0.9888811388610291], [0.9997675349053716, 0.0], [0.5206437817430295, 0.9121659384769687]]
0.6315, [[0.46715922347225963, 0.9204336944519189], [0.9945401175714788, 0.0], [0.4671355094214014, 0.9171151104723698], [0.549555203222418, 0.0], [0.4668894061219435, 0.9160138005455126], [0.5491486359534514, 0.0], [0.40309954609314463, 0.8808896838963772], [0.5491117823629168, 0.0], [0.549087006300018, 0.0], [0.5482874054455351, 0.0]]
0.7460, [[0.5175265977664365, 0.9812710209031532], [0.9995957254971068, 0.0], [0.517243336229807, 0.9918695592969498], [0.4660148244572996, 0.9998690990239489], [0.5167470216850734, 0.9942483502531865], [0.5171901943489075, 0.9923878344015264], [0.5439797110939152, 0.6882186920097787], [0.5206437817430295, 0.9121659384769687], [0.998138828149997, 0.0], [0.5178232287994553, 0.9776792866019227]]
0.5937, [[0.14919875751003636, 0.808102080212334], [0.0, 0.8009088668142568], [0.0, 0.7916386275026246], [0.0, 0.7916205385711159], [0.997406171306814, 0.0], [0.2820838812119251, 0.7692269678039225], [0.9970889623824333, 0.0], [0.0, 0.7680670401718311], [0.9970146664221027, 0.0], [0.5435150260767143, 0.6900172028846261]]
0.7266, [[1.0, 0.0], [0.46582903327144176, 0.99884688229898], [0.5167470216850734, 0.9942483502531865], [0.517243336229807, 0.9918695592969498], [0.5172730628195443, 0.9916953618239194], [0.5175175602856369, 0.9858107634604565], [0.9980796235566086, 0.0], [0.4659759110069149, 0.995848075637858], [0.4659759110069149, 0.995848075637858], [0.9978787922888397, 0.0]]
