mean:0.760973,,,,,,,,,,,,,,,,,,,,
0.4326, [[0.9253610658479703, 0.3218671517118287], [0.9107875522756759, 0.31751646925198757], [0.7838933125522677, 0.3140747960408894], [0.9086941193868376, 0.2890001354519406], [0.8008823256116836, 0.29500751641313055], [0.6423450426069941, 0.31491456628265446], [0.7581279846896468, 0.30898943826058733], [0.7831686627061318, 0.30179599999999995], [0.7937163437998918, 0.2924896493194556], [0.6919432987425396, 0.2927498638911129]]
0.963, [[0.9370359800357204, 0.8021817254901951], [0.9880835358635385, 0.43441466298880405], [0.9705309062571278, 0.4386538211909785], [0.9236702162069863, 0.44607228622424133], [0.9735905389408142, 0.42982238585104654], [0.9812396206500298, 0.42099070322894694], [0.9848628698807108, 0.386137765374006], [0.9345399638990295, 0.42399369787441166], [0.9514484603088744, 0.4220505546000326], [0.9744762220860913, 0.40569234463735193]]
0.8462, [[0.972463305846824, 0.6846897905882312], [0.9842992533337154, 0.2936148823058447], [0.9690010899152843, 0.36160317053383095], [0.9685179900178605, 0.44624884569203305], [0.9665855904281635, 0.44006679149764716], [0.9665855904281635, 0.44006679149764716], [0.9326075643093323, 0.4158685004056467], [0.9559573926848326, 0.3926843134836929], [0.9599027085137968, 0.29443220816653326], [0.9425111122065275, 0.3505219620314781]]
0.5458, [[0.9670686903255881, 0.34775759467791645], [0.9499186439670309, 0.4063305799123802], [0.9479057277277636, 0.41224482751906544], [0.9554742927874089, 0.40245047541781576], [0.9533003432489997, 0.3462820619828004], [0.7966954598340071, 0.3597794645464872], [0.8942011224641133, 0.35261668927470385], [0.9076474029424184, 0.33336082687003105], [0.9357477136425898, 0.32539388998864205], [0.6434722757009842, 0.35118912932013635]]
1.0093, [[0.9601442584625084, 0.8300061427450955], [0.9867147528208362, 0.7805385882352973], [0.9866342361712659, 0.3992367963654064], [0.9836551201371505, 0.5919359615686297], [0.9610299416077862, 0.6568653733333307], [0.9610299416077862, 0.6568653733333307], [0.9187587005831739, 0.6156048964705849], [0.9675517902230124, 0.429115900697712], [0.9727048557955362, 0.4236403316566606], [0.9710140061545516, 0.42415294759045935]]
0.5344, [[0.9768112049236418, 0.3962340490021093], [0.9415449124116793, 0.37540695570339144], [0.9380021798305685, 0.37586467499594334], [0.9705309062571278, 0.29495774859887913], [0.927776565335091, 0.29528917534027227], [0.9272934654376672, 0.361126163232192], [0.9276155320359498, 0.3186022852506895], [0.8936375059171187, 0.363531229595976], [0.9657804239324567, 0.2937853418734988], [0.9583728921719532, 0.2944600896717374]]
0.5232, [[0.9818032371970244, 0.3835964465357782], [0.9156990678994874, 0.35620697906863535], [0.9309972313179187, 0.29392171337069656], [0.9309972313179187, 0.29392171337069656], [0.6429891758035599, 0.3227974272269999], [0.9107875522756759, 0.31751646925198757], [0.8869546240027513, 0.3171445568716536], [0.893959572515401, 0.29158124259407525], [0.8479040489609665, 0.29372208486789436], [0.8458911327216991, 0.29434491273018415]]
0.3713, [[0.760946067424621, 0.2950156637309848], [0.8405770338500334, 0.292542645316253], [0.6100060328726075, 0.2822334240687679], [0.2774194110458192, 0.2703727949986976], [0.2973070611210863, 0.25827577787184164], [0.2656053350085776, 0.26854604649648345], [0.21791602838250337, 0.265753247916124], [0.261746001830956, 0.2656558687158114], [0.2362084068266203, 0.2635804180776244], [0.22315267005474076, 0.2654433595988539]]
0.8038, [[0.9934781513847746, 0.3476836573097516], [0.9479862443773346, 0.6475891247058787], [0.9285817318307978, 0.41688853934772035], [0.9318023978136255, 0.2968597533668668], [0.6683519204183272, 0.34899103813078053], [0.8203673548077905, 0.33658588090215796], [0.6364673271883337, 0.3619963491805939], [0.9148939014037806, 0.2937714875900721], [0.7879191450308022, 0.33300449326626624], [0.7983863094749919, 0.29486174859887915]]
0.9021, [[0.9455707448902138, 0.4473086970631187], [0.9580508255736708, 0.3481678357942559], [0.9690816065648553, 0.3083521921142303], [0.9344594472494585, 0.7558048109803904], [0.9536224098472829, 0.42701326042511767], [0.9544275763429897, 0.3385957903618369], [0.9685179900178605, 0.2951857582065653], [0.9266493322411016, 0.42392520071393774], [0.8090145072183229, 0.37308151419763125], [0.9218183332668601, 0.3418913198117802]]
0.8445, [[0.978663087863767, 0.36784234690897283], [0.972463305846824, 0.6846897905882312], [0.9743151887869501, 0.3518031309427227], [0.9705309062571278, 0.4386538211909785], [0.9685179900178605, 0.44624884569203305], [0.9317218811640553, 0.4498141364705895], [0.9741541554878088, 0.34423085640110357], [0.9654583573341742, 0.41958910790199583], [0.9158601011986287, 0.43322078468278424], [0.972463305846824, 0.3082950699334739]]
1.0012, [[0.9934781513847746, 0.3476836573097516], [0.983977186735433, 0.3815452409540809], [0.9560379093344036, 0.7094235678431381], [0.9505627771635965, 0.8300104713725511], [0.9735905389408142, 0.42982238585104654], [0.9610299416077862, 0.6568653733333307], [0.9818032371970244, 0.3835964465357782], [0.9886471524105331, 0.2905126155899974], [0.9522536268045813, 0.47444402666666596], [0.9720607225989706, 0.3735854752555573]]
0.5597, [[0.9797098043081862, 0.306300986532533], [0.9768112049236418, 0.3962340490021093], [0.9581313422232411, 0.41905349472659403], [0.9675517902230124, 0.3815224909946454], [0.9455707448902138, 0.37971065455135483], [0.9386463130271342, 0.3768105292876846], [0.9350230637964532, 0.29334613610888716], [0.9347009971981707, 0.31340589777705674], [0.9089356693355498, 0.34320661366217775], [0.9196443837284518, 0.32558850105468107]]
1.0019, [[1.0, 0.3532885549245498], [0.9505627771635965, 0.8300104713725511], [0.9812396206500298, 0.42099070322894694], [0.9554742927874089, 0.44766181599870175], [0.9976650171624503, 0.3709818413110497], [0.9738320888895257, 0.37261118351452205], [0.9657804239324567, 0.41962892033100774], [0.9913847184959363, 0.3398947635891612], [0.9656193906333155, 0.3948495161447346], [0.9648142241376085, 0.41421616096057134]]
0.6842, [[0.9842992533337154, 0.2936148823058447], [0.9812396206500298, 0.42970838877170214], [0.908372052788555, 0.5390531199999957], [0.9799513542568985, 0.4243752542592891], [0.9219793665660014, 0.42906446600681497], [0.9714971060519759, 0.3602413876358917], [0.8071626242781968, 0.3619963491805939], [0.9561184259839739, 0.3587599201687491], [0.9702088396588446, 0.2919381873498799], [0.9558768760352623, 0.3459002583157554]]
0.5614, [[0.9710140061545516, 0.42415294759045935], [0.7878386283812313, 0.2939048038430745], [0.8132013729959986, 0.29080832638708], [0.7508009695787137, 0.28912052910914304], [0.6812345843496377, 0.2879396262047408], [0.5022052549674977, 0.28329201224277156], [0.3606584942253899, 0.27586838988017715], [0.3233314717910073, 0.27399507456368843], [0.2887837825174004, 0.2732462594425632], [0.2727031968851134, 0.2735974508335504]]
0.5588, [[0.987680952615685, 0.41374904494564346], [0.9333322141554691, 0.2937707381905525], [0.9221403998651427, 0.36233834041862745], [0.888484440344594, 0.3688178750608469], [0.9294674149760758, 0.34661243095894845], [0.670042770059312, 0.372070871977933], [0.6809125177513552, 0.33719493688138896], [0.6938756983322358, 0.33049062274866126], [0.9193223171301685, 0.3105218458542917], [0.9244753827026931, 0.29342516893514814]]
0.5856, [[0.9710140061545516, 0.42415294759045935], [0.9455707448902138, 0.4473086970631187], [0.9268908821898139, 0.4331782521499271], [0.8078872741243335, 0.34733004380983296], [0.7272095912545021, 0.2876834895154988], [0.42206763964650357, 0.2758752865329513], [0.3891438275213813, 0.28035338499609275], [0.37422768977094106, 0.2773216241208648], [0.30361428728781403, 0.27901914202917427], [0.3173651767684272, 0.27212127897890076]]
0.572, [[0.9735905389408142, 0.42982238585104654], [0.9797098043081862, 0.42322440305046216], [0.9455707448902138, 0.37971065455135483], [0.9340568640016049, 0.42046102482557174], [0.9714971060519759, 0.3602413876358917], [0.9391294129245586, 0.3612327418465034], [0.9326075643093323, 0.4158685004056467], [0.9670686903255881, 0.34775759467791645], [0.9449266116936481, 0.3114686892747038], [0.9443629951466535, 0.33845335583319813]]
0.6959, [[0.9684374733682896, 0.4349445886743468], [0.9812396206500298, 0.42099070322894694], [0.9640895742914726, 0.5455547184313697], [0.9675517902230124, 0.429115900697712], [0.9763281050262174, 0.40002884114879134], [0.942189045608245, 0.4377707765698522], [0.9712555561032638, 0.37242324906701285], [0.9583728921719532, 0.42522986143112096], [0.9268908821898139, 0.4331782521499271], [0.9744762220860913, 0.35038991335388603]]
0.9168, [[0.9744762220860913, 0.40569234463735193], [0.9763281050262174, 0.40002884114879134], [0.972463305846824, 0.6846897905882312], [0.9659414572315985, 0.743437922352937], [1.0, 0.3532885549245498], [0.9705309062571278, 0.4386538211909785], [0.9632844077957656, 0.5641072156862738], [0.962720791248771, 0.6104841301960784], [0.9560379093344036, 0.7094235678431381], [0.9913847184959363, 0.3398947635891612]]
0.5965, [[0.9710140061545516, 0.42415294759045935], [0.9934781513847746, 0.3476836573097516], [0.9744762220860913, 0.40569234463735193], [0.9338153140528928, 0.44748525653091], [0.9748788053339448, 0.4036752639948076], [0.9851849364789933, 0.380781880902158], [0.956359975932686, 0.44253961317540147], [0.956359975932686, 0.4238623910433228], [0.9738320888895257, 0.37261118351452205], [0.9690010899152843, 0.4030202135323705]]
0.8416, [[0.972463305846824, 0.6846897905882312], [0.9356671969930188, 0.39839356417329197], [0.9587754754198068, 0.3675003556709397], [0.9709334895049813, 0.3136737043647574], [0.6467734583333821, 0.3793975953269513], [0.9567625591805395, 0.3558427324355024], [0.6670636540251959, 0.3616301242901185], [0.9089356693355498, 0.34320661366217775], [0.7126360776822068, 0.3465182164530263], [0.9205300668737288, 0.3339958474768784]]
0.8255, [[0.9836551201371505, 0.5919359615686297], [0.9610299416077862, 0.6568653733333307], [0.987680952615685, 0.41374904494564346], [0.987680952615685, 0.41374904494564346], [0.9976650171624503, 0.3709818413110497], [0.9748788053339448, 0.4036752639948076], [0.9848628698807108, 0.386137765374006], [0.9644116408897551, 0.4446593159175727], [0.9768112049236418, 0.3962340490021093], [0.9710140061545516, 0.42415294759045935]]
0.5901, [[0.9345399638990295, 0.44369689372059057], [0.9934781513847746, 0.3476836573097516], [0.9533808598985707, 0.41429603310076274], [0.9558768760352623, 0.3459002583157554], [0.9762475883766464, 0.29338243394715774], [0.9228650497112794, 0.400002629239007], [0.9243143494035512, 0.30834650462437135], [0.7303497405877587, 0.2945603746997598], [0.7611071007237622, 0.2939857966373099], [0.7999966424664058, 0.29184028502802245]]
1.0009, [[0.9601442584625084, 0.8300061427450955], [0.9665855904281635, 0.44006679149764716], [0.9880835358635385, 0.43441466298880405], [0.9624792413000588, 0.4229335992211585], [0.987680952615685, 0.41374904494564346], [0.9737515722399555, 0.4098630056790525], [0.9741541554878088, 0.34423085640110357], [0.9774553381202067, 0.3152236689923739], [0.9593390919668014, 0.40509416907350326], [0.9720607225989706, 0.3735854752555573]]
0.7, [[0.9880835358635385, 0.43441466298880405], [0.9640895742914726, 0.5455547184313697], [0.9644116408897551, 0.4446593159175727], [0.9886471524105331, 0.2905126155899974], [0.9698867730605621, 0.4361809995132242], [0.9812396206500298, 0.42970838877170214], [0.9735905389408142, 0.42982238585104654], [0.9512069103601621, 0.44367859484017524], [0.9709334895049813, 0.3136737043647574], [0.9642506075906139, 0.427879242576667]]
0.5836, [[0.9690010899152843, 0.3292628667856566], [0.961915624753064, 0.4054017880902158], [0.9455707448902138, 0.4473086970631187], [0.9665855904281635, 0.2941125412329864], [0.9218183332668601, 0.3246715787765699], [0.7931527272528971, 0.3951860671750772], [0.916182167796912, 0.3627090163881226], [0.888484440344594, 0.3688178750608469], [0.9238312495061275, 0.29392745876701365], [0.9114316854722407, 0.32424625344799596]]
0.8025, [[0.9693231565135675, 0.4292924601655037], [0.9848628698807108, 0.386137765374006], [0.9479862443773346, 0.6475891247058787], [0.97077245620584, 0.3885136524419924], [0.9574872090266762, 0.44395258348207056], [0.961915624753064, 0.4054017880902158], [0.9581313422232411, 0.41905349472659403], [0.9844602866328573, 0.32840257212396573], [0.9455707448902138, 0.4473086970631187], [0.9572456590779639, 0.43759396981989285]]
0.592, [[0.9858290696755589, 0.31778749050786953], [0.9455707448902138, 0.4473086970631187], [0.9693231565135675, 0.4292924601655037], [0.9704503896075568, 0.3892826999837743], [0.9665855904281635, 0.44006679149764716], [0.9512069103601621, 0.44367859484017524], [0.9685179900178605, 0.2951857582065653], [0.9675517902230124, 0.3815224909946454], [0.9624792413000588, 0.4229335992211585], [0.939531996172412, 0.43496165114392327]]
0.5718, [[0.9812396206500298, 0.42099070322894694], [1.0, 0.3532885549245498], [0.9648142241376085, 0.41421616096057134], [0.9656193906333155, 0.3948495161447346], [0.9422695622578152, 0.41818899626805106], [0.9768112049236418, 0.2929423442754203], [0.9430747287535222, 0.39769276650981644], [0.9476641777790513, 0.3557403576180431], [0.9631233744966246, 0.32367330066526034], [0.9202885169250167, 0.38961158526691547]]
0.991, [[0.9601442584625084, 0.8300061427450955], [0.9685179900178605, 0.44624884569203305], [0.9695647064622797, 0.37860530326139874], [0.9317218811640553, 0.4498141364705895], [0.9624792413000588, 0.4229335992211585], [0.9624792413000588, 0.4229335992211585], [0.9593390919668014, 0.40509416907350326], [0.9352646137451653, 0.3999717189680349], [0.9455707448902138, 0.3869011254259289], [0.9125589185662308, 0.3997098471523608]]
1.1697, [[0.9828499536414436, 0.9784174635294092], [0.9866342361712659, 0.3992367963654064], [0.9622376913513466, 0.8423773599999967], [0.9812396206500298, 0.42970838877170214], [0.9851849364789933, 0.380781880902158], [0.9710140061545516, 0.42415294759045935], [0.9761670717270761, 0.4208141437611552], [0.956359975932686, 0.43141191562550696], [0.9802734208551809, 0.36772266233976947], [0.9642506075906139, 0.427879242576667]]
1.0289, [[0.9976650171624503, 0.3709818413110497], [0.9174704341900426, 0.8702017772549051], [0.9851849364789933, 0.380781880902158], [0.9623987246504878, 0.42840941554437784], [0.9657804239324567, 0.41962892033100774], [1.0, 0.3532885549245498], [0.9475836611294811, 0.4185178815511927], [0.9743151887869501, 0.3518031309427227], [0.9569235924796807, 0.4110994165179294], [0.964492157539326, 0.35474306863540483]]
0.5943, [[0.987680952615685, 0.41374904494564346], [0.956359975932686, 0.44253961317540147], [0.9338153140528928, 0.44748525653091], [0.9656193906333155, 0.38610908064254446], [0.9789046378124793, 0.36509034366379994], [0.9400150960698358, 0.41056973811455466], [0.9499186439670309, 0.4063305799123802], [0.9559573926848326, 0.3926843134836929], [0.8075652075260503, 0.37581002563686505], [0.9690816065648553, 0.3083521921142303]]
0.8672, [[0.9574872090266762, 0.44395258348207056], [0.9710140061545516, 0.42415294759045935], [0.9797098043081862, 0.42322440305046216], [0.9560379093344036, 0.7094235678431381], [0.9758450051287929, 0.39399490897290274], [0.9737515722399555, 0.4098630056790525], [0.9307556813692064, 0.4349445886743468], [0.9720607225989706, 0.3735854752555573], [0.9654583573341742, 0.4045926808372544], [0.9535418931977119, 0.39579982151549553]]
1.0277, [[0.9867147528208362, 0.7805385882352973], [0.9976650171624503, 0.3709818413110497], [0.9622376913513466, 0.8423773599999967], [0.9632844077957656, 0.5641072156862738], [0.9738320888895257, 0.37261118351452205], [0.9644116408897551, 0.4446593159175727], [0.9710140061545516, 0.42415294759045935], [0.9802734208551809, 0.36772266233976947], [0.9934781513847746, 0.3476836573097516], [0.9842992533337154, 0.2936148823058447]]
0.8494, [[0.987680952615685, 0.41374904494564346], [0.972463305846824, 0.6846897905882312], [0.9741541554878088, 0.34423085640110357], [0.9737515722399555, 0.4098630056790525], [0.9610299416077862, 0.6568653733333307], [0.9592585753172311, 0.4978965301960804], [0.908372052788555, 0.5390531199999957], [0.9559573926848326, 0.3926843134836929], [0.9574872090266762, 0.29104559487590076], [0.9317218811640553, 0.4498141364705895]]
0.5833, [[0.9705309062571278, 0.4386538211909785], [0.9739931221886676, 0.2909340304243395], [0.9512069103601621, 0.44367859484017524], [0.9554742927874089, 0.40245047541781576], [0.9690010899152843, 0.3292628667856566], [0.9477446944286223, 0.40996562777867934], [0.9268908821898139, 0.4331782521499271], [0.9492745107704652, 0.396439293201363], [0.9599027085137968, 0.29443220816653326], [0.9141692515576447, 0.3991861035210126]]
1.0137, [[0.9623987246504878, 0.42840941554437784], [0.9622376913513466, 0.8423773599999967], [0.9642506075906139, 0.427879242576667], [0.9866342361712659, 0.3992367963654064], [0.9799513542568985, 0.4243752542592891], [0.956359975932686, 0.44253961317540147], [0.9425916288560985, 0.455891529411762], [0.9761670717270761, 0.4208141437611552], [0.975200871932228, 0.4238168911244523], [0.9789046378124793, 0.36509034366379994]]
0.7576, [[0.9880835358635385, 0.43441466298880405], [1.0, 0.3532885549245498], [0.9836551201371505, 0.5919359615686297], [0.9866342361712659, 0.3992367963654064], [0.9913847184959363, 0.3398947635891612], [0.9975039838633091, 0.31072807918221673], [0.9812396206500298, 0.42099070322894694], [0.9802734208551809, 0.4480151822164528], [0.9345399638990295, 0.44369689372059057], [0.9642506075906139, 0.42522986143112096]]
0.7219, [[0.9531393099498584, 0.427879242576667], [0.9216572999677191, 0.5795690729411763], [0.9695647064622797, 0.37860530326139874], [0.9695647064622797, 0.37860530326139874], [0.9744762220860913, 0.35038991335388603], [0.9455707448902138, 0.4473086970631187], [0.9654583573341742, 0.41958910790199583], [0.9345399638990295, 0.44369689372059057], [0.9487108942234704, 0.36311876294012646], [0.9400150960698358, 0.41056973811455466]]
0.5659, [[0.9763281050262174, 0.40002884114879134], [0.9642506075906139, 0.42522986143112096], [0.9780994713167724, 0.37674771961706965], [0.9455707448902138, 0.37971065455135483], [0.9345399638990295, 0.42399369787441166], [0.9730269223938188, 0.293475417133707], [0.964492157539326, 0.35474306863540483], [0.9285817318307978, 0.41688853934772035], [0.9449266116936481, 0.3114686892747038], [0.9409007792151136, 0.3448972818432582]]
0.7634, [[0.9644116408897551, 0.4446593159175727], [0.9812396206500298, 0.42970838877170214], [0.9455707448902138, 0.4473086970631187], [0.9187587005831739, 0.6156048964705849], [0.9425916288560985, 0.455891529411762], [0.9231065996599908, 0.523911581176472], [0.9789046378124793, 0.36509034366379994], [0.9780994713167724, 0.37674771961706965], [0.978663087863767, 0.36784234690897283], [0.9642506075906139, 0.42522986143112096]]
0.9155, [[0.9851849364789933, 0.380781880902158], [1.0, 0.3532885549245498], [0.9768112049236418, 0.3962340490021093], [0.9976650171624503, 0.3709818413110497], [0.9818032371970244, 0.3835964465357782], [0.9659414572315985, 0.743437922352937], [0.9744762220860913, 0.40569234463735193], [0.9566820425309692, 0.7156091764705887], [0.9632844077957656, 0.5641072156862738], [0.9867147528208362, 0.31926252863864996]]
0.6908, [[0.9640895742914726, 0.5455547184313697], [0.9710140061545516, 0.42415294759045935], [0.9714971060519759, 0.3602413876358917], [0.9352646137451653, 0.3999717189680349], [0.9559573926848326, 0.3850381015739089], [0.9557158427361203, 0.3912372182378713], [0.961593558154781, 0.35531305403212715], [0.9694036731631377, 0.3494042466331333], [0.9455707448902138, 0.3869011254259289], [0.9580508255736708, 0.3481678357942559]]
0.5527, [[0.9266493322411016, 0.41238157455784524], [0.9818032371970244, 0.3835964465357782], [0.9415449124116793, 0.37540695570339144], [0.9713360727528347, 0.3228243809832875], [0.9551522261891257, 0.3430115080318027], [0.6400905764190147, 0.3403821567418464], [0.9016891708741877, 0.3389733902320299], [0.7837322792531265, 0.332707754664936], [0.8194816716625126, 0.2953653258606886], [0.7722989150140886, 0.32394654746065243]]
1.0967, [[0.9934781513847746, 0.3476836573097516], [0.972463305846824, 0.6846897905882312], [0.9812396206500298, 0.42970838877170214], [0.9560379093344036, 0.7094235678431381], [0.9256026157966826, 0.9227643003921602], [0.9851849364789933, 0.380781880902158], [0.9858290696755589, 0.31778749050786953], [0.9685179900178605, 0.44624884569203305], [0.9713360727528347, 0.3228243809832875], [0.9507238104627378, 0.42328696543890953]]
0.6193, [[0.9522536268045813, 0.47444402666666596], [0.9844602866328573, 0.32840257212396573], [0.9651362907358918, 0.40810829141651783], [0.9453291949415017, 0.422580480285575], [0.9561184259839739, 0.3587599201687491], [0.9466979779842032, 0.39239375693655676], [0.8164220389788263, 0.3608024708745742], [0.8638463455759633, 0.31787997403861773], [0.6467734583333821, 0.3793975953269513], [0.9111901355235292, 0.2939322433947158]]
0.5929, [[0.9842992533337154, 0.2936148823058447], [0.9554742927874089, 0.44766181599870175], [0.9812396206500298, 0.42970838877170214], [0.9513679436593034, 0.4335316183676782], [0.9690010899152843, 0.4030202135323705], [0.9774553381202067, 0.3152236689923739], [0.9741541554878088, 0.34423085640110357], [0.9414643957621084, 0.3943596501703717], [0.972463305846824, 0.3082950699334739], [0.9326075643093323, 0.4158685004056467]]
0.8739, [[0.9560379093344036, 0.7094235678431381], [0.9836551201371505, 0.5919359615686297], [0.9818032371970244, 0.3835964465357782], [0.9317218811640553, 0.4498141364705895], [0.9685179900178605, 0.44624884569203305], [0.9713360727528347, 0.3228243809832875], [0.9712555561032638, 0.37242324906701285], [0.9666661070777345, 0.4206603342527989], [0.9654583573341742, 0.4045926808372544], [0.9422695622578152, 0.41818899626805106]]
0.7985, [[0.9654583573341742, 0.4045926808372544], [0.9654583573341742, 0.4045926808372544], [0.9523341434541515, 0.4340615440532205], [0.9780994713167724, 0.37674771961706965], [0.9479862443773346, 0.6475891247058787], [0.9593390919668014, 0.40509416907350326], [0.97077245620584, 0.3885136524419924], [0.9573261757275342, 0.353388704202499], [0.9690816065648553, 0.3083521921142303], [0.9480667610269048, 0.37143189485640116]]
1.1725, [[0.9934781513847746, 0.3476836573097516], [0.9828499536414436, 0.9784174635294092], [0.9802734208551809, 0.36772266233976947], [0.9466979779842032, 0.39239375693655676], [0.9690010899152843, 0.36160317053383095], [0.6721362029481495, 0.35228829855589827], [0.9580508255736708, 0.3481678357942559], [0.9144913181559271, 0.3240931857861433], [0.9243143494035512, 0.30834650462437135], [0.9308361980187774, 0.3003068667856563]]
0.9288, [[0.951045877061021, 0.7681716996078438], [0.9695647064622797, 0.37860530326139874], [0.9858290696755589, 0.31778749050786953], [0.956359975932686, 0.43141191562550696], [0.9642506075906139, 0.42522986143112096], [0.9638480243427604, 0.2949196637309848], [0.9110291022243873, 0.40878881194223604], [0.938485279727993, 0.3308068966412461], [0.93228549771105, 0.40173805549245506], [0.93228549771105, 0.34391161512250545]]
0.936, [[0.962720791248771, 0.6104841301960784], [0.9851849364789933, 0.380781880902158], [0.9848628698807108, 0.386137765374006], [0.951045877061021, 0.7681716996078438], [0.9836551201371505, 0.5919359615686297], [0.9684374733682896, 0.4349445886743468], [0.9693231565135675, 0.4292924601655037], [0.9818032371970244, 0.3835964465357782], [0.9654583573341742, 0.4045926808372544], [0.9741541554878088, 0.34423085640110357]]
0.5581, [[0.9448460950440771, 0.39528819471036847], [0.9175509508396135, 0.4167028304397208], [0.983977186735433, 0.3815452409540809], [0.9202885169250167, 0.38961158526691547], [0.9643311242401849, 0.343883177673211], [0.9231871163095619, 0.3572472951484668], [0.6677883038713326, 0.3603477189680351], [0.9094992858825445, 0.29351029303442755], [0.8989516047887838, 0.3302396313483694], [0.7464530705018968, 0.3262962226188545]]
1.0137, [[0.9763281050262174, 0.40002884114879134], [0.9851849364789933, 0.380781880902158], [0.9659414572315985, 0.743437922352937], [0.9698867730605621, 0.4361809995132242], [0.9622376913513466, 0.8423773599999967], [0.9712555561032638, 0.37242324906701285], [0.939531996172412, 0.43496165114392327], [0.9338153140528928, 0.44748525653091], [0.9583728921719532, 0.42522986143112096], [0.9345399638990295, 0.44369689372059057]]
0.5143, [[0.9487108942234704, 0.36311876294012646], [0.7931527272528971, 0.3951860671750772], [0.9272934654376672, 0.361126163232192], [0.9221403998651427, 0.36233834041862745], [0.9223014331642839, 0.3362221288333606], [0.7966954598340071, 0.3597794645464872], [0.7891268947743626, 0.33095823332792473], [0.6532953069486083, 0.34587726107415234], [0.9179535340874669, 0.2911011849479584], [0.9029774372673183, 0.3305195547622913]]
0.7689, [[0.9296284482752171, 0.6197603788235303], [0.9844602866328573, 0.32840257212396573], [0.9661024905307398, 0.42222736134999195], [0.9531393099498584, 0.427879242576667], [0.9763281050262174, 0.40002884114879134], [0.9268908821898139, 0.4331782521499271], [0.9651362907358918, 0.40810829141651783], [0.9398540627706946, 0.42575978711666385], [0.9475836611294811, 0.4185178815511927], [0.9744762220860913, 0.35038991335388603]]
0.6255, [[0.9415449124116793, 0.4821186831372543], [0.978663087863767, 0.36784234690897283], [0.9684374733682896, 0.4349445886743468], [0.9762475883766464, 0.33511430472172643], [0.9654583573341742, 0.41958910790199583], [0.9624792413000588, 0.4229335992211585], [0.972463305846824, 0.3082950699334739], [0.9065201698484291, 0.40262134739574895], [0.9371970133348616, 0.3967127872789227], [0.9356671969930188, 0.39839356417329197]]
0.5695, [[0.9771332715219243, 0.34085199286061996], [0.9727048557955362, 0.4236403316566606], [0.9675517902230124, 0.429115900697712], [0.9695647064622797, 0.37860530326139874], [0.9709334895049813, 0.3136737043647574], [0.9581313422232411, 0.41905349472659403], [0.9416254290612496, 0.3946242420898911], [0.9418669790099619, 0.32782121174752543], [0.9205300668737288, 0.3339958474768784], [0.938485279727993, 0.3308068966412461]]
0.3608, [[0.8173882387736751, 0.29328476220976785], [0.6515239406580533, 0.28431930613441003], [0.4846187083074931, 0.2776331069288877], [0.22011111379579737, 0.27082138480072937], [0.23167476636517645, 0.25333468155769734], [0.22935055828051212, 0.2605786259442563], [0.2316460724382052, 0.2593770138707997], [0.2273132894655595, 0.26377548384996097], [0.22371220163067848, 0.26535174361812974], [0.23210517526974386, 0.2529120646652774]]
0.3993, [[0.8185154718676645, 0.298896863865001], [0.6733439526917099, 0.31649643030991426], [0.8684357946014925, 0.28638818670226623], [0.5546797077043761, 0.29173805924739793], [0.6678688205209028, 0.2894964062907007], [0.7189163763487209, 0.2840206368846054], [0.6051578497393085, 0.28458695005209694], [0.5273967947777745, 0.28613931166970563], [0.5689390698611365, 0.28339845890856996], [0.4502061143025113, 0.2825255232482417]]
0.5848, [[0.9705309062571278, 0.4386538211909785], [0.9866342361712659, 0.3992367963654064], [0.9735905389408142, 0.42982238585104654], [0.9738320888895257, 0.37261118351452205], [0.9675517902230124, 0.429115900697712], [0.9709334895049813, 0.3136737043647574], [0.9666661070777345, 0.40244478792795724], [0.9651362907358918, 0.40810829141651783], [0.964492157539326, 0.35474306863540483], [0.9381632131297104, 0.38875302158039904]]
0.5821, [[0.9661024905307398, 0.42222736134999195], [0.9666661070777345, 0.40244478792795724], [0.9307556813692064, 0.4349445886743468], [0.9934781513847746, 0.3476836573097516], [0.9514484603088744, 0.4220505546000326], [0.9654583573341742, 0.41958910790199583], [0.9656193906333155, 0.3948495161447346], [0.9762475883766464, 0.29338243394715774], [0.9653778406846032, 0.3103405880253123], [0.9450876449927894, 0.3937100399156256]]
1.0861, [[0.9710140061545516, 0.42415294759045935], [0.9256026157966826, 0.9227643003921602], [0.9370359800357204, 0.8021817254901951], [0.9858290696755589, 0.31778749050786953], [0.9693231565135675, 0.4292924601655037], [0.9851849364789933, 0.380781880902158], [0.9763281050262174, 0.40002884114879134], [0.9886471524105331, 0.2905126155899974], [0.9685179900178605, 0.44624884569203305], [0.956359975932686, 0.44253961317540147]]
0.9956, [[0.9858290696755589, 0.31778749050786953], [0.9844602866328573, 0.32840257212396573], [0.9572456590779639, 0.43759396981989285], [0.9886471524105331, 0.2905126155899974], [0.983977186735433, 0.3815452409540809], [0.9505627771635965, 0.8300104713725511], [0.9648142241376085, 0.41421616096057134], [0.9802734208551809, 0.36772266233976947], [0.9268908821898139, 0.4331782521499271], [0.9231065996599908, 0.523911581176472]]
1.1755, [[0.9828499536414436, 0.9784174635294092], [1.0, 0.3532885549245498], [0.975200871932228, 0.4238168911244523], [0.9797098043081862, 0.42322440305046216], [0.9685179900178605, 0.44624884569203305], [0.9338153140528928, 0.44748525653091], [0.9231065996599908, 0.523911581176472], [0.9187587005831739, 0.6156048964705849], [0.9851044198294223, 0.29207455884707767], [0.9809175540517465, 0.34126792146681795]]
0.7564, [[0.962720791248771, 0.6104841301960784], [0.9657804239324567, 0.3373366295635241], [0.9307556813692064, 0.4349445886743468], [0.9593390919668014, 0.40509416907350326], [0.9422695622578152, 0.41818899626805106], [0.9582923755223831, 0.32643667889015077], [0.9559573926848326, 0.3926843134836929], [0.9312387812666308, 0.40619284374492953], [0.9175509508396135, 0.4167028304397208], [0.9367139134374379, 0.3985980665260425]]
0.9102, [[0.9659414572315985, 0.743437922352937], [0.987680952615685, 0.41374904494564346], [0.9690010899152843, 0.4030202135323705], [0.9661024905307398, 0.29545540752602084], [0.8075652075260503, 0.37581002563686505], [0.9587754754198068, 0.3675003556709397], [0.9443629951466535, 0.33845335583319813], [0.9294674149760758, 0.34661243095894845], [0.7999966424664058, 0.3514228109686841], [0.6364673271883337, 0.3619963491805939]]
0.7241, [[1.0, 0.3532885549245498], [0.9632844077957656, 0.5641072156862738], [0.9812396206500298, 0.42099070322894694], [0.9797098043081862, 0.42322440305046216], [0.9735905389408142, 0.42982238585104654], [0.9934781513847746, 0.3476836573097516], [0.9975039838633091, 0.31072807918221673], [0.9744762220860913, 0.35038991335388603], [0.9535418931977119, 0.39579982151549553], [0.9507238104627378, 0.42328696543890953]]
1.1678, [[0.9828499536414436, 0.9784174635294092], [0.9744762220860913, 0.35038991335388603], [0.9771332715219243, 0.34085199286061996], [0.9744762220860913, 0.35038991335388603], [0.9622376913513466, 0.8423773599999967], [0.9685179900178605, 0.44624884569203305], [0.9560379093344036, 0.7094235678431381], [0.9675517902230124, 0.429115900697712], [0.956359975932686, 0.44253961317540147], [0.9522536268045813, 0.47444402666666596]]
1.0081, [[1.0, 0.3532885549245498], [0.9505627771635965, 0.8300104713725511], [0.9836551201371505, 0.5919359615686297], [0.9566820425309692, 0.7156091764705887], [0.9867147528208362, 0.31926252863864996], [0.9812396206500298, 0.42099070322894694], [0.9636869910436192, 0.4262897128022066], [0.9479862443773346, 0.6475891247058787], [0.9758450051287929, 0.39399490897290274], [0.9181950840361792, 0.40834048937205913]]
0.9569, [[0.9867147528208362, 0.7805385882352973], [0.9623987246504878, 0.42840941554437784], [0.9812396206500298, 0.42099070322894694], [0.9844602866328573, 0.32840257212396573], [0.9761670717270761, 0.4208141437611552], [0.9768112049236418, 0.2929423442754203], [0.9651362907358918, 0.40810829141651783], [0.9748788053339448, 0.4036752639948076], [0.9063591365492878, 0.41916353529125433], [0.9392904462237, 0.3935587032289469]]
0.5757, [[0.9684374733682896, 0.4349445886743468], [0.9768112049236418, 0.3962340490021093], [0.9312387812666308, 0.40619284374492953], [0.9460538447876375, 0.36995042738925854], [0.9574872090266762, 0.29104559487590076], [0.9561989426335448, 0.3671185520038942], [0.7137633107761963, 0.3740857270809669], [0.954669126291702, 0.29436800960768617], [0.93228549771105, 0.34391161512250545], [0.9293063816769345, 0.2908472665407658]]
0.355, [[0.8004797423638302, 0.29419870296236994], [0.3403047009070636, 0.27098436865069025], [0.2256346947377464, 0.2597973831075801], [0.22470214211118358, 0.26322379004949203], [0.23584973273948073, 0.25912883042458973], [0.2316460724382052, 0.2593770138707997], [0.20805966446790858, 0.26349502637405575], [0.23399897444984066, 0.2550822050013024], [0.22008241986882623, 0.2578580597160719], [0.2078157660886537, 0.2606568136233394]]
0.7672, [[0.9247169326514046, 0.6166697388235289], [0.9727048557955362, 0.4236403316566606], [0.9317218811640553, 0.4498141364705895], [0.9866342361712659, 0.3992367963654064], [0.9705309062571278, 0.4386538211909785], [0.9231065996599908, 0.523911581176472], [0.983977186735433, 0.3815452409540809], [0.9523341434541515, 0.4340615440532205], [0.9690010899152843, 0.4030202135323705], [0.9642506075906139, 0.42522986143112096]]
0.8698, [[0.9809175540517465, 0.34126792146681795], [0.9738320888895257, 0.37261118351452205], [0.9560379093344036, 0.7094235678431381], [0.9735905389408142, 0.42982238585104654], [0.9844602866328573, 0.32840257212396573], [0.9867147528208362, 0.31926252863864996], [0.9231065996599908, 0.523911581176472], [0.9307556813692064, 0.4349445886743468], [0.9710140061545516, 0.42415294759045935], [0.9858290696755589, 0.31778749050786953]]
0.5798, [[0.9656193906333155, 0.3948495161447346], [0.9574872090266762, 0.44395258348207056], [0.9663440404794521, 0.36257746227486615], [0.9636869910436192, 0.4262897128022066], [0.8045055748423647, 0.32942335291254266], [0.8179518553206698, 0.31339254453999676], [0.8037004083466578, 0.32157857342203466], [0.8080483074234748, 0.29514004483586875], [0.6425060759061354, 0.2954400160128103], [0.7897710279709282, 0.2943064819855885]]
0.5645, [[0.9340568640016049, 0.42046102482557174], [0.9449266116936481, 0.3114686892747038], [0.9391294129245586, 0.3612327418465034], [0.9975039838633091, 0.31072807918221673], [0.9094992858825445, 0.35985142365730954], [0.9196443837284518, 0.32558850105468107], [0.9357477136425898, 0.32539388998864205], [0.9446045450953657, 0.29187619855884706], [0.9485498609243292, 0.28875266280281325], [0.9264882989419604, 0.2928064147317854]]
0.5805, [[0.9789046378124793, 0.36509034366379994], [0.9705309062571278, 0.4386538211909785], [0.972463305846824, 0.3082950699334739], [0.9507238104627378, 0.42328696543890953], [0.9670686903255881, 0.34775759467791645], [0.9559573926848326, 0.3926843134836929], [0.9479057277277636, 0.41224482751906544], [0.9326075643093323, 0.4158685004056467], [0.9561989426335448, 0.29703062534479957], [0.95450809299256, 0.3846676728865813]]
0.7101, [[0.9632844077957656, 0.5641072156862738], [0.9642506075906139, 0.427879242576667], [0.9712555561032638, 0.37242324906701285], [0.9704503896075568, 0.3892826999837743], [0.9455707448902138, 0.4473086970631187], [0.9574872090266762, 0.44395258348207056], [0.9415449124116793, 0.4821186831372543], [0.9636869910436192, 0.4262897128022066], [0.9630428578470535, 0.32437978581859495], [0.9533808598985707, 0.41429603310076274]]
0.5955, [[0.9554742927874089, 0.44766181599870175], [0.9574872090266762, 0.44395258348207056], [0.9880835358635385, 0.43441466298880405], [0.9572456590779639, 0.43759396981989285], [0.9802734208551809, 0.36772266233976947], [0.9735905389408142, 0.42982238585104654], [0.9844602866328573, 0.32840257212396573], [0.9712555561032638, 0.37242324906701285], [0.9533808598985707, 0.41429603310076274], [0.9475836611294811, 0.4185178815511927]]
0.8442, [[0.9780994713167724, 0.37674771961706965], [0.9780994713167724, 0.37674771961706965], [0.972463305846824, 0.6846897905882312], [0.9665855904281635, 0.44006679149764716], [0.9709334895049813, 0.3136737043647574], [0.9657804239324567, 0.3373366295635241], [0.9651362907358918, 0.40810829141651783], [0.9523341434541515, 0.4340615440532205], [0.9523341434541515, 0.4340615440532205], [0.9573261757275342, 0.353388704202499]]
1.0176, [[0.9693231565135675, 0.4292924601655037], [0.9622376913513466, 0.8423773599999967], [0.9858290696755589, 0.31778749050786953], [0.9748788053339448, 0.4036752639948076], [0.9975039838633091, 0.31072807918221673], [0.9851849364789933, 0.380781880902158], [0.9268908821898139, 0.4331782521499271], [0.9636869910436192, 0.4262897128022066], [0.9738320888895257, 0.37261118351452205], [0.9704503896075568, 0.3892826999837743]]
0.7273, [[0.9714971060519759, 0.3602413876358917], [0.9216572999677191, 0.5795690729411763], [0.9400150960698358, 0.41056973811455466], [0.9913847184959363, 0.3398947635891612], [0.9338153140528928, 0.44748525653091], [0.9561184259839739, 0.3587599201687491], [0.961593558154781, 0.35531305403212715], [0.976972238222783, 0.2908720483849961], [0.9705309062571278, 0.29495774859887913], [0.9158601011986287, 0.43322078468278424]]
0.5394, [[0.9818032371970244, 0.3835964465357782], [0.9141692515576447, 0.3991861035210126], [0.9492745107704652, 0.396439293201363], [0.9548301595908433, 0.3876076105792635], [0.9663440404794521, 0.36257746227486615], [0.9416254290612496, 0.3946242420898911], [0.954669126291702, 0.29436800960768617], [0.9471005612320567, 0.358070497484991], [0.793877377099033, 0.38211992471199097], [0.9332516975058981, 0.3737793444750931]]
0.9073, [[0.976972238222783, 0.2908720483849961], [0.9685179900178605, 0.44624884569203305], [0.9344594472494585, 0.7558048109803904], [0.9723827891972538, 0.3229497530423498], [0.9345399638990295, 0.44369689372059057], [0.9317218811640553, 0.4498141364705895], [0.9247169326514046, 0.6166697388235289], [0.9285817318307978, 0.41688853934772035], [0.9301920648222117, 0.2894591374706955], [0.9231065996599908, 0.523911581176472]]
0.9067, [[0.9659414572315985, 0.743437922352937], [0.9818032371970244, 0.3835964465357782], [0.9632844077957656, 0.5641072156862738], [0.9714971060519759, 0.36104480739899414], [0.9675517902230124, 0.3815224909946454], [0.9723827891972538, 0.3229497530423498], [0.956359975932686, 0.43141191562550696], [0.9425916288560985, 0.455891529411762], [0.9587754754198068, 0.3675003556709397], [0.961593558154781, 0.35531305403212715]]
0.5936, [[0.9685179900178605, 0.44624884569203305], [0.987680952615685, 0.41374904494564346], [0.9705309062571278, 0.4386538211909785], [0.9866342361712659, 0.3992367963654064], [0.956359975932686, 0.43141191562550696], [0.9642506075906139, 0.42522986143112096], [0.9780994713167724, 0.37674771961706965], [0.9780994713167724, 0.37674771961706965], [0.9475836611294811, 0.4185178815511927], [0.9519315602062981, 0.40456424338796043]]
0.4137, [[0.9033800205151717, 0.29480915612489994], [0.8123962065002918, 0.3140747960408894], [0.6301870285218203, 0.31337721304559474], [0.7210903258871293, 0.2931469879903923], [0.6710089698541601, 0.28741453926803856], [0.6774503018198154, 0.2850708107580099], [0.5910886124113046, 0.2907224352044803], [0.6675467539226203, 0.2900072772857515], [0.6686739870166097, 0.2882284979812451], [0.66633900417906, 0.2873234611878093]]
0.5667, [[0.9636869910436192, 0.4262897128022066], [0.9780994713167724, 0.37674771961706965], [0.9345399638990295, 0.42399369787441166], [0.9624792413000588, 0.4229335992211585], [0.9657804239324567, 0.3373366295635241], [0.9381632131297104, 0.38875302158039904], [0.9280986319333742, 0.3983821891935745], [0.9559573926848326, 0.3150698594840176], [0.9327685976084736, 0.3157592821677757], [0.9212547167198655, 0.3838496634755801]]
0.5868, [[0.9574872090266762, 0.44395258348207056], [0.9690010899152843, 0.4030202135323705], [0.9758450051287929, 0.39399490897290274], [0.9666661070777345, 0.4206603342527989], [0.9809175540517465, 0.34126792146681795], [0.9809175540517465, 0.34126792146681795], [0.9572456590779639, 0.43759396981989285], [0.9714971060519759, 0.3602413876358917], [0.9656193906333155, 0.3948495161447346], [0.976972238222783, 0.2908720483849961]]
0.9976, [[0.9812396206500298, 0.42970838877170214], [0.962720791248771, 0.6104841301960784], [0.9601442584625084, 0.8300061427450955], [0.9748788053339448, 0.4036752639948076], [0.9762475883766464, 0.33511430472172643], [0.9661024905307398, 0.42222736134999195], [0.9307556813692064, 0.4349445886743468], [0.97077245620584, 0.3885136524419924], [0.9375995965827151, 0.4134528009086484], [0.9651362907358918, 0.40810829141651783]]
1.0102, [[0.9622376913513466, 0.8423773599999967], [0.9797098043081862, 0.42322440305046216], [0.9574872090266762, 0.44395258348207056], [0.9554742927874089, 0.44766181599870175], [0.9690010899152843, 0.4030202135323705], [0.9690010899152843, 0.4030202135323705], [0.9695647064622797, 0.37860530326139874], [0.978663087863767, 0.36784234690897283], [0.9780994713167724, 0.37674771961706965], [0.9744762220860913, 0.35038991335388603]]
0.5784, [[0.9720607225989706, 0.3735854752555573], [0.9553937761378379, 0.4309959870193085], [0.9744762220860913, 0.35038991335388603], [0.9738320888895257, 0.37261118351452205], [0.9934781513847746, 0.3476836573097516], [0.9651362907358918, 0.40810829141651783], [0.9624792413000588, 0.4229335992211585], [0.9844602866328573, 0.32840257212396573], [0.9567625591805395, 0.3558427324355024], [0.9426721455056687, 0.3666684984585428]]
1.0226, [[0.9975039838633091, 0.31072807918221673], [0.9622376913513466, 0.8423773599999967], [0.9836551201371505, 0.5919359615686297], [0.9659414572315985, 0.743437922352937], [0.9880835358635385, 0.43441466298880405], [0.9802734208551809, 0.4480151822164528], [0.9866342361712659, 0.3992367963654064], [0.9512069103601621, 0.44367859484017524], [0.9636869910436192, 0.4262897128022066], [0.9797098043081862, 0.42322440305046216]]
0.7298, [[0.9880835358635385, 0.43441466298880405], [0.9216572999677191, 0.5795690729411763], [0.9686790233170017, 0.2955784819855885], [0.9583728921719532, 0.42522986143112096], [0.9613520082060687, 0.30118991140678264], [0.976972238222783, 0.2908720483849961], [0.9158601011986287, 0.43322078468278424], [0.9371970133348616, 0.3967127872789227], [0.9326075643093323, 0.4158685004056467], [0.9535418931977119, 0.39579982151549553]]
1.169, [[0.9828499536414436, 0.9784174635294092], [0.9858290696755589, 0.31778749050786953], [0.9247169326514046, 0.6166697388235289], [0.956359975932686, 0.44253961317540147], [0.9738320888895257, 0.37261118351452205], [0.9762475883766464, 0.33511430472172643], [0.9710140061545516, 0.42415294759045935], [0.9271324321385254, 0.4334158903131589], [0.9762475883766464, 0.29338243394715774], [0.9666661070777345, 0.4206603342527989]]
1.0008, [[0.9665050737785933, 0.37680484179782564], [0.9505627771635965, 0.8300104713725511], [1.0, 0.3532885549245498], [0.9644116408897551, 0.4446593159175727], [0.9657804239324567, 0.41962892033100774], [0.908372052788555, 0.5390531199999957], [0.9425916288560985, 0.455891529411762], [0.9670686903255881, 0.34775759467791645], [0.9867147528208362, 0.31926252863864996], [0.9574872090266762, 0.44395258348207056]]
