mean:0.086814,,,,,,,,,,,,,,,,,,,,
mean:0.086086,,,,,,,,,,,,,,,,,,,,
0.0713, [[0.0, 0.6130737660981961], [0.0, 0.610549089704192], [0.0, 0.6103630455793004], [0.0, 0.6092997507565272], [0.0, 0.6064513665579769], [0.0, 0.6061933847850055], [0.0, 0.6022830506228154], [0.0, 0.5996154095803325], [0.0, 0.5995256819301414], [0.0, 0.5993885048910366]]
0.0711, [[0.0, 0.6112752172230171], [0.0, 0.6083196376879588], [0.0, 0.6082866091158601], [0.0, 0.6033603172722793], [0.0, 0.6029148581951254], [0.0, 0.6014244231626357], [0.0, 0.5998456095615661], [0.0, 0.599365436088109], [0.0, 0.5992057120739402], [0.0, 0.5991544666776137]]
0.0725, [[0.0, 0.6252429455730582], [0.0, 0.6119332667902132], [0.0, 0.6117120346477749], [0.0, 0.6107639353491754], [0.0, 0.6099610681695559], [0.0, 0.6098294876727111], [0.0, 0.6084872422529264], [0.0, 0.6083027607966407], [0.0, 0.608124064134744], [0.0, 0.6072733422083558]]
0.1058, [[0.0, 0.9579648325909842], [0.0, 0.6344312212927756], [0.0, 0.6097937155457552], [0.0, 0.6068278687044031], [0.0, 0.6068150950057473], [0.0, 0.6021608208027399], [0.0, 0.5996607801027469], [0.0, 0.5994558403903446], [0.0, 0.5972], [0.0, 0.5972]]
0.1354, [[0.0, 0.6108031927795632], [0.6427, 0.0], [0.0, 0.5986434187994089], [0.6337944765903829, 0.0], [0.0, 0.5978351450890239], [0.027104834896083896, 0.0], [0.0, 0.597330199042905], [0.0, 0.5973279442398367], [0.0, 0.5972], [0.0, 0.5972]]
0.1738, [[0.6427, 0.0], [0.0, 0.9951151719717548], [0.0, 0.6151303829552651], [0.0, 0.6000251285509863], [0.0, 0.5996607801027469], [0.0, 0.5993893898519786], [0.0, 0.5989867829411902], [0.0, 0.5987239657275563], [0.0, 0.598154717328579], [0.0, 0.5981364762251049]]
0.0713, [[0.0, 0.6133888185272935], [0.0, 0.6103890965070726], [0.0, 0.6090954292852283], [0.0, 0.608124064134744], [0.0, 0.6067588656782941], [0.0, 0.6063271789157615], [0.0, 0.6060885596659551], [0.0, 0.6056149391259471], [0.0, 0.6052359168641066], [0.0, 0.6036643159586197]]
0.11, [[0.0, 1.0], [0.0, 0.6056468417040043], [0.0, 0.6052745560533909], [0.0, 0.6009693002416195], [0.0, 0.5972], [0.0, 0.5972], [0.0, 0.5972], [0.0, 0.5972], [0.0, 0.5972], [0.0, 0.5972]]
0.0976, [[0.0, 0.8755500156436729], [0.0, 0.6150821154613056], [0.0, 0.6145804569659152], [0.0, 0.6139708842571958], [0.0, 0.61357523211898], [0.0, 0.6121028647165075], [0.0, 0.6113536842290459], [0.0, 0.61120837856858], [0.0, 0.6110359125243379], [0.0, 0.6108268449881535]]
0.0714, [[0.0, 0.6136154491074151], [0.0, 0.6104698865795585], [0.0, 0.6098399214149991], [0.0, 0.607532873630627], [0.0, 0.6069473053555091], [0.0, 0.6068156576508948], [0.0, 0.6029735946186867], [0.0, 0.6029148581951254], [0.0, 0.6023212007084379], [0.0, 0.6022830506228154]]
0.0714, [[0.0, 0.6141685599005372], [0.0, 0.6140082454432428], [0.0, 0.6118558652560463], [0.0, 0.6097355393042295], [0.0, 0.6090954292852283], [0.0, 0.6073765582115461], [0.0, 0.6064706861526191], [0.0, 0.6062916960285252], [0.0, 0.6062839147059513], [0.0, 0.6023212007084379]]
0.1354, [[0.6427, 0.0], [0.6427, 0.0], [0.0, 0.6115118494452133], [0.6337944765903829, 0.0], [0.0, 0.6036960362663913], [0.6223682598300391, 0.0], [0.0, 0.599260604283469], [0.6139424119327137, 0.0], [0.0, 0.5985787374791808], [0.5523671727473609, 0.0]]
0.08, [[0.0, 0.700266927104835], [0.0, 0.629610770450843], [0.0, 0.6127636106875601], [0.0, 0.6118095731778835], [0.0, 0.6100044108470759], [0.0, 0.6099168243449294], [0.0, 0.6097974137324357], [0.0, 0.6090428291773206], [0.0, 0.6082713332473199], [0.0, 0.6082239619742429]]
0.0709, [[0.0, 0.6087900364775153], [0.0, 0.6082713332473199], [0.0, 0.6068229210162096], [0.0, 0.6044849094513125], [0.0, 0.5977598203101174], [0.0, 0.597330199042905], [0.0, 0.5972], [0.0, 0.5972], [0.0, 0.5972], [0.0, 0.5972]]
0.0711, [[0.0, 0.6108268449881535], [0.0, 0.6000434769757677], [0.0, 0.5995632792230641], [0.0, 0.5989213985784325], [0.0, 0.5984743275704332], [0.0, 0.5984080051138896], [0.0, 0.5983508521194492], [0.0, 0.5978351450890239], [0.0, 0.5972], [0.0, 0.5972]]
0.0713, [[0.0, 0.613123679302822], [0.0, 0.611735466583781], [0.0, 0.6109001394590536], [0.0, 0.6101920327711182], [0.0, 0.6101731755377794], [0.0, 0.6097902320016889], [0.0, 0.6062791521030284], [0.0, 0.6055872245419784], [0.0, 0.6025810801332426], [0.0, 0.6025415260737995]]
0.1437, [[0.5987713738846654, 0.0], [0.0, 0.7378319558935361], [0.0, 0.6104787390039644], [0.0, 0.609360275399376], [0.0, 0.6076375886133852], [0.0, 0.606004197025499], [0.0, 0.6059704393722583], [0.0, 0.6042522263013441], [0.0, 0.6042515169250979], [0.0, 0.6004487197682329]]
0.0713, [[0.0, 0.6134012129067067], [0.0, 0.6096769876140655], [0.0, 0.5991355292171995], [0.0, 0.5987652949869806], [0.0, 0.5987532032184663], [0.0, 0.5982529676980459], [0.0, 0.5981659058387482], [0.0, 0.5980000029322761], [0.0, 0.597912684909334], [0.0, 0.5977410879917426]]
0.0715, [[0.0, 0.6145046276009289], [0.0, 0.6132724354312792], [0.0, 0.6131339568134369], [0.0, 0.6100338601656149], [0.0, 0.6000251285509863], [0.0, 0.598608679420113], [0.0, 0.5984709196790916], [0.0, 0.5980812880902672], [0.0, 0.5979420395739988], [0.0, 0.5972]]
0.1054, [[0.0, 0.9539894368278108], [0.0, 0.6453420047800118], [0.0, 0.6439629116784358], [0.0, 0.6107923248258228], [0.0, 0.6101731755377794], [0.0, 0.6074128954467616], [0.0, 0.6056468417040043], [0.0, 0.6039431796429661], [0.0, 0.6004339410964367], [0.0, 0.599357685026625]]
0.0709, [[0.0, 0.6088155852823195], [0.0, 0.6063019376480799], [0.0, 0.5993366303455394], [0.0, 0.5992786778953294], [0.0, 0.5991353374463393], [0.0, 0.5990050803443665], [0.0, 0.5988981749513241], [0.0, 0.5987498016608411], [0.0, 0.59850466360928], [0.0, 0.5984682500175936]]
0.0841, [[0.1266917735088343, 0.0], [0.0, 0.6138727415609092], [0.0, 0.6129249307982828], [0.0, 0.6128077200966477], [0.0, 0.6106922359192098], [0.0, 0.6094475086208918], [0.0, 0.6052745560533909], [0.0, 0.604068274062258], [0.0, 0.6036643159586197], [0.0, 0.5998970361725585]]
0.071, [[0.0, 0.6101033931126697], [0.0, 0.6068612744845058], [0.0, 0.599105140397382], [0.0, 0.598404436416524], [0.0, 0.5978928617842314], [0.0, 0.5972594514297778], [0.0, 0.5972], [0.0, 0.5972], [0.0, 0.5972], [0.0, 0.5972]]
0.0712, [[0.0, 0.6119181826925332], [0.0, 0.6109878776185226], [0.0, 0.6066780900326069], [0.0, 0.602391035210772], [0.0, 0.6007187820497782], [0.0, 0.5972], [0.0, 0.5972], [0.0, 0.5972], [0.0, 0.5972], [0.0, 0.5972]]
0.0713, [[0.0, 0.6126209078326961], [0.0, 0.6115914628539257], [0.0, 0.6099653972647727], [0.0, 0.6097208208027399], [0.0, 0.609718273944967], [0.0, 0.6090428291773206], [0.0, 0.6070059707006966], [0.0, 0.6065406526073799], [0.0, 0.6064948813014615], [0.0, 0.6062829572591428]]
0.0749, [[0.0, 0.6488836906029344], [0.0, 0.6136508771024419], [0.0, 0.6124445951113092], [0.0, 0.6122615077763963], [0.0, 0.6105101415702925], [0.0, 0.6104067214806821], [0.0, 0.6098839474301532], [0.0, 0.6063271789157615], [0.0, 0.6060420103685284], [0.0, 0.5999244287926059]]
0.0715, [[0.0, 0.6151101696028525], [0.0, 0.6146160848248844], [0.0, 0.6135867689835558], [0.0, 0.6091504643552511], [0.0, 0.6088791775551854], [0.0, 0.6075769489080203], [0.0, 0.6036835891060076], [0.0, 0.603372021980342], [0.0, 0.5997046041427198], [0.0, 0.5993521553402613]]
0.0744, [[0.0, 0.6442183302552974], [0.0, 0.614833233127683], [0.0, 0.6144120434446034], [0.0, 0.6105220109549837], [0.0, 0.6098407898379038], [0.0, 0.6094221375120223], [0.0, 0.607711427783903], [0.0, 0.6067961184874147], [0.0, 0.6062916960285252], [0.0, 0.6040249278660067]]
0.0838, [[0.0, 0.7383203237371005], [0.0, 0.6659665323193916], [0.0, 0.6116321119425743], [0.0, 0.6116300175936569], [0.0, 0.6111273798353234], [0.0, 0.6108524965399141], [0.0, 0.6106513292594243], [0.0, 0.6105127531727228], [0.0, 0.6101778033732904], [0.0, 0.607399252973328]]
0.0713, [[0.0, 0.613012710478782], [0.0, 0.6118735021933426], [0.0, 0.6109797264772807], [0.0, 0.6102316135729198], [0.0, 0.6095320742921485], [0.0, 0.6086776281404678], [0.0, 0.6085700767083441], [0.0, 0.6080309651880175], [0.0, 0.6073565014426798], [0.0, 0.6068332439184593]]
0.074, [[0.0, 0.6403821397066818], [0.0, 0.614833233127683], [0.0, 0.6109301735907481], [0.0, 0.6078346199770109], [0.0, 0.607532873630627], [0.0, 0.6040464656689108], [0.0, 0.5995536720307771], [0.0, 0.5992966519270918], [0.0, 0.5992966519270918], [0.0, 0.5991398727392151]]
0.0711, [[0.0, 0.6114444182364118], [0.0, 0.6074694847404348], [0.0, 0.6050235290529921], [0.0, 0.6024156645710667], [0.0, 0.5987847349222359], [0.0, 0.5985250089141194], [0.0, 0.5984470310117526], [0.0, 0.5983928105280443], [0.0, 0.597752241314598], [0.0, 0.5976923697482933]]
0.0712, [[0.0, 0.6119416582608084], [0.0, 0.6117120346477749], [0.0, 0.6112106734851861], [0.0, 0.6079961061718548], [0.0, 0.6069650932463815], [0.0, 0.6061701133031504], [0.0, 0.6061197021980341], [0.0, 0.6055216058317108], [0.0, 0.6055021676558211], [0.0, 0.6021713868493279]]
0.071, [[0.0, 0.6103934794388796], [0.0, 0.6102053867085786], [0.0, 0.6099821552229703], [0.0, 0.6097597464167586], [0.0, 0.6091964963991648], [0.0, 0.6089838591099955], [0.0, 0.6089170355861033], [0.0, 0.6069483099533182], [0.0, 0.6066460558539961], [0.0, 0.6061933847850055]]
0.0713, [[0.0, 0.6125864013934176], [0.0, 0.6117693086865749], [0.0, 0.6115118494452133], [0.0, 0.6109224922001454], [0.0, 0.6097937155457552], [0.0, 0.6097597115813178], [0.0, 0.6096430065213821], [0.0, 0.6094575123742053], [0.0, 0.6076808584531657], [0.0, 0.6069901167045907]]
0.071, [[0.0, 0.6104729538577025], [0.0, 0.6102059268338454], [0.0, 0.6101611970724155], [0.0, 0.6101001615097703], [0.0, 0.6100969774097446], [0.0, 0.6099895860798986], [0.0, 0.6097747963827441], [0.0, 0.6091843975931877], [0.0, 0.6091716098196064], [0.0, 0.6082789935255343]]
0.0713, [[0.0, 0.6125551304276431], [0.0, 0.6072239332379366], [0.0, 0.6070005912641628], [0.0, 0.6062110519833915], [0.0, 0.6061197021980341], [0.0, 0.5976270064979239], [0.0, 0.5972], [0.0, 0.5972], [0.0, 0.5972], [0.0, 0.5972]]
0.0714, [[0.0, 0.6137228886438809], [0.0, 0.6133998205446995], [0.0, 0.6108807959370381], [0.0, 0.6103934794388796], [0.0, 0.6103919361232963], [0.0, 0.6096696908208027], [0.0, 0.6076710426001078], [0.0, 0.6074364350559478], [0.0, 0.6072584629008421], [0.0, 0.6045989888338924]]
0.073, [[0.0, 0.6296990800651828], [0.0, 0.612066364212156], [0.0, 0.6103734860071782], [0.0, 0.6101455468108564], [0.0, 0.6101444904876961], [0.0, 0.609772603157475], [0.0, 0.6092785606042834], [0.0, 0.6089430055830538], [0.0, 0.6088210375565929], [0.0, 0.6085988243918459]]
0.0837, [[0.0, 0.7365392912547536], [0.0, 0.6112368929601913], [0.0, 0.6105019693166623], [0.0, 0.609716279879894], [0.0, 0.6091843975931877], [0.0, 0.6089703049567196], [0.0, 0.6089534393253418], [0.0, 0.6074902051420394], [0.0, 0.607411550235755], [0.0, 0.607399252973328]]
0.0712, [[0.0, 0.6115666769100847], [0.0, 0.6113891199652818], [0.0, 0.6105981408196298], [0.0, 0.6105077115344014], [0.0, 0.6102868266907504], [0.0, 0.6098998946726406], [0.0, 0.609805221797368], [0.0, 0.6097753143400032], [0.0, 0.6085979978418448], [0.0, 0.6081542238851486]]
0.071, [[0.0, 0.6104789064955781], [0.0, 0.6095851364094864], [0.0, 0.6092993179525674], [0.0, 0.601992488564123], [0.0, 0.5990050803443665], [0.0, 0.5987425386473996], [0.0, 0.5985563551807455], [0.0, 0.598393462548969], [0.0, 0.5982258840226137], [0.0, 0.5980933520608036]]
0.0712, [[0.0, 0.611677473316287], [0.0, 0.6107747695230946], [0.0, 0.6105220109549837], [0.0, 0.6102053867085786], [0.0, 0.6097149505031786], [0.0, 0.6082147407867883], [0.0, 0.6067961184874147], [0.0, 0.6058611331487954], [0.0, 0.6042984223181402], [0.0, 0.6041514477233808]]
0.0709, [[0.0, 0.6092170672546857], [0.0, 0.6084872422529264], [0.0, 0.6019849736095146], [0.0, 0.5975862293274531], [0.0, 0.5975488769382344], [0.0, 0.5975070839100143], [0.0, 0.5974678324614698], [0.0, 0.5972], [0.0, 0.5972], [0.0, 0.5972]]
0.0713, [[0.0, 0.6125551304276431], [0.0, 0.6081903665345187], [0.0, 0.607303044523681], [0.0, 0.5991108980975391], [0.0, 0.5987684083605057], [0.0, 0.5987463666752679], [0.0, 0.5985265814351732], [0.0, 0.5983708680710315], [0.0, 0.5979787033474864], [0.0, 0.5979197744493185]]
0.0711, [[0.0, 0.6109720683103051], [0.0, 0.6109061519153628], [0.0, 0.6105919774097445], [0.0, 0.6100969774097446], [0.0, 0.6096170696005067], [0.0, 0.6089538179408384], [0.0, 0.6074902051420394], [0.0, 0.6067575739520045], [0.0, 0.6065714619155973], [0.0, 0.6065377172816627]]
0.0713, [[0.0, 0.6134913716014919], [0.0, 0.6108468169555936], [0.0, 0.607130005278097], [0.0, 0.6047216753853011], [0.0, 0.6043491539796851], [0.0, 0.6020742698632386], [0.0, 0.60191795022168], [0.0, 0.5982741441272372], [0.0, 0.5977192644678505], [0.0, 0.5972]]
0.0713, [[0.0, 0.6129787628140467], [0.0, 0.6131856906096789], [0.0, 0.6102591265335804], [0.0, 0.6104729538577025], [0.0, 0.608808447183842], [0.0, 0.6076251460273523], [0.0, 0.6033306139013347], [0.0, 0.6050134369795209], [0.0, 0.6024563495507752], [0.0, 0.6048268235238922]]
0.0714, [[0.0, 0.6139117093997044], [0.0, 0.6119726980459311], [0.0, 0.6107923248258228], [0.0, 0.610400321260175], [0.0, 0.6095749468671561], [0.0, 0.6095412384761547], [0.0, 0.6093158176358816], [0.0, 0.6087286180768959], [0.0, 0.6081452848999507], [0.0, 0.6079961061718548]]
0.1586, [[0.48977206679651014, 0.0], [0.0, 0.9963091806626839], [0.3499788333324831, 0.0], [0.0, 0.6099895860798986], [0.0, 0.6092182506040489], [0.0, 0.6061463217527974], [0.0, 0.60386121888855], [0.0, 0.6002539741725116], [0.0, 0.6000251285509863], [0.0, 0.5999244287926059]]
0.1078, [[0.0, 0.9782549331884853], [0.0, 0.6313668254209674], [0.0, 0.6084996000375331], [0.0, 0.606495806024068], [0.0, 0.6053429953787327], [0.0, 0.6050912702620281], [0.0, 0.5996119154800722], [0.0, 0.5993772980834643], [0.0, 0.5993681993478618], [0.0, 0.598766489244411]]
0.0909, [[0.0, 0.6731908858229233], [0.13543722547840392, 0.0], [0.0, 0.613718159117033], [0.0, 0.6086179325107322], [0.0, 0.6084996000375331], [0.0, 0.6069255690961551], [0.0, 0.6058401213962326], [0.0, 0.5975405375448638], [0.0, 0.5973705944310211], [0.0, 0.5972]]
0.1066, [[0.0, 0.9656814207495934], [0.0, 0.61357523211898], [0.0, 0.6124197000867954], [0.0, 0.611774836965446], [0.0, 0.6101097796101246], [0.0, 0.6097508809730465], [0.0, 0.6096430065213821], [0.0, 0.6029468272772056], [0.0, 0.6017524368387717], [0.0, 0.5997046041427198]]
0.0713, [[0.0, 0.6134156397053648], [0.0, 0.6105516397288231], [0.0, 0.6104044599920242], [0.0, 0.6093714442046494], [0.0, 0.6087103277111825], [0.0, 0.6071931000023458], [0.0, 0.6059052605034131], [0.0, 0.6038317769593469], [0.0, 0.5972], [0.0, 0.5972]]
0.0844, [[0.0, 0.7442438609451396], [0.0, 0.6629418496469309], [0.0, 0.6150638015200919], [0.0, 0.6125551304276431], [0.0, 0.6096071566304628], [0.0, 0.6116586030636421], [0.0, 0.6116300175936569], [0.0, 0.6123742961364329], [0.0, 0.606523278871191], [0.0, 0.6071336355532618]]
0.0712, [[0.0, 0.6124992068779469], [0.0, 0.6108986573693964], [0.0, 0.6103522321658964], [0.0, 0.6098352626146519], [0.0, 0.6093765431982922], [0.0, 0.6072584629008421], [0.0, 0.6067453421379811], [0.0, 0.6064706861526191], [0.0, 0.6061975414623847], [0.0, 0.6058611331487954]]
0.1286, [[0.0, 0.6127831445729433], [0.5731216039803788, 0.0], [0.0, 0.6108768926083182], [0.0, 0.6103818099181308], [0.0, 0.597684979708649], [0.0, 0.5972], [0.0, 0.5972], [0.0, 0.5972], [0.0, 0.5972], [0.0, 0.5972]]
0.1383, [[0.0, 0.6407205379684956], [0.6427, 0.0], [0.0, 0.6134115403833071], [0.5523671727473609, 0.0], [0.0, 0.6128474610007272], [0.3007919849719488, 0.0], [0.0, 0.6105981408196298], [0.14767074788664722, 0.0], [0.0, 0.6097236224166647], [0.08200403049686546, 0.0]]
0.1382, [[0.6427, 0.0], [0.0, 0.6397468330255303], [0.5640979382268928, 0.0], [0.0, 0.6151095612141969], [0.0, 0.6133241829505736], [0.0, 0.6132897060686386], [0.0, 0.6115934171573342], [0.0, 0.6115181887916676], [0.0, 0.6108986573693964], [0.0, 0.606716777428511]]
0.074, [[0.0, 0.6398435033134168], [0.0, 0.6151860791949142], [0.0, 0.611156721128809], [0.0, 0.6082875271528771], [0.0, 0.6081834033169907], [0.0, 0.6078337420535316], [0.0, 0.6078025759459522], [0.0, 0.6076455342607145], [0.0, 0.6076455342607145], [0.0, 0.6075191442445284]]
0.071, [[0.0, 0.6101549485092308], [0.0, 0.6082504682258556], [0.0, 0.607498054728002], [0.0, 0.6070221716437166], [0.0, 0.6062865801449717], [0.0, 0.6044702666025475], [0.0, 0.6042623891013159], [0.0, 0.6040208679537403], [0.0, 0.6002263894297309], [0.0, 0.5998728185038353]]
0.0713, [[0.0, 0.6133536941987848], [0.0, 0.6107892892162612], [0.0, 0.6098307698984259], [0.0, 0.6092938568814656], [0.0, 0.6068606731333129], [0.0, 0.6062838672030777], [0.0, 0.5992903780290412], [0.0, 0.5991052364587487], [0.0, 0.5985162328461845], [0.0, 0.598481812967698]]
0.1068, [[0.0, 0.9677534046713745], [0.0, 0.6127831445729433], [0.0, 0.6125709094747707], [0.0, 0.6121743558375753], [0.0, 0.6116344188228671], [0.0, 0.6103945083159351], [0.0, 0.6093894506087405], [0.0, 0.6072584629008421], [0.0, 0.606275413099064], [0.0, 0.6058887770062633]]
0.1099, [[0.0, 0.9994454783269973], [0.0, 0.6122025964718854], [0.0, 0.6118558652560463], [0.0, 0.6062838672030777], [0.0, 0.5979815904665837], [0.0, 0.5979787033474864], [0.0, 0.5975405375448638], [0.0, 0.5974169171221468], [0.0, 0.5972], [0.0, 0.5972]]
0.0749, [[0.0, 0.6488836906029344], [0.0, 0.6453420047800118], [0.0, 0.6119608325318445], [0.0, 0.6068332439184593], [0.0, 0.6067670938797531], [0.0, 0.6067662961833493], [0.0, 0.6067145205142039], [0.0, 0.5993834400290882], [0.0, 0.5993096318234066], [0.0, 0.5991471449013582]]
0.0712, [[0.0, 0.6122323371413826], [0.0, 0.611385285603697], [0.0, 0.6107050937155457], [0.0, 0.6098593046986792], [0.0, 0.6098549558985666], [0.0, 0.6098307698984259], [0.0, 0.6097604987215276], [0.0, 0.6096430065213821], [0.0, 0.6086164300124328], [0.0, 0.6077845449107415]]
0.1359, [[0.0, 0.6163025638240096], [0.6427, 0.0], [0.0, 0.6124198563184686], [0.0, 0.606779750404654], [0.0, 0.5997546982101386], [0.0, 0.5992966519270918], [0.0, 0.5990462815219686], [0.0, 0.5989315638415162], [0.0, 0.5987463666752679], [0.0, 0.5984770999788875]]
0.0713, [[0.0, 0.6126209078326961], [0.0, 0.6112491585540359], [0.0, 0.6041514477233808], [0.0, 0.6039421796195078], [0.0, 0.6004518546060194], [0.0, 0.6000423492223603], [0.0, 0.5996821303572685], [0.0, 0.5992903780290412], [0.0, 0.5992777500058645], [0.0, 0.599140711604776]]
0.0713, [[0.0, 0.6133943242862839], [0.0, 0.6125864013934176], [0.0, 0.6119772994909568], [0.0, 0.6094139740552206], [0.0, 0.6092831550118464], [0.0, 0.6091079584320532], [0.0, 0.6063223575500246], [0.0, 0.6061567438832719], [0.0, 0.6058744758263154], [0.0, 0.6036960362663913]]
0.1053, [[0.0, 0.9531253612167312], [0.0, 0.6338641586094513], [0.0, 0.6146604521569823], [0.0, 0.6141420969293204], [0.0, 0.6119608325318445], [0.0, 0.6119453026108986], [0.0, 0.6117693086865749], [0.0, 0.6113557634474184], [0.0, 0.6113536842290459], [0.0, 0.6101390526402214]]
0.0714, [[0.0, 0.6135951038025756], [0.0, 0.6122933948720355], [0.0, 0.6114444182364118], [0.0, 0.6099610681695559], [0.0, 0.6099183602711769], [0.0, 0.609874857491379], [0.0, 0.6097023808909428], [0.0, 0.6096992140327007], [0.0, 0.6080532742968402], [0.0, 0.6076589656102652]]
0.1096, [[0.0, 0.9963091806626839], [0.0, 0.6141338229843534], [0.0, 0.6137140369232212], [0.0, 0.613126458396866], [0.0, 0.6129292419479697], [0.0, 0.612635981726055], [0.0, 0.6119672887001806], [0.0, 0.6117271764526496], [0.0, 0.6049054516878181], [0.0, 0.5980241312252222]]
0.0714, [[0.0, 0.6139274887987051], [0.0, 0.6065092985995448], [0.0, 0.6139093229960825], [0.0, 0.6128077200966477], [0.0, 0.6126402872457716], [0.0, 0.6106089352318844], [0.0, 0.6122934012057519], [0.0, 0.609718273944967], [0.0, 0.611735466583781], [0.0, 0.6102681109104131]]
0.0744, [[0.0, 0.6439629116784358], [0.0, 0.6149331939524736], [0.0, 0.2783956485410181], [0.0, 0.6121028647165075], [0.0, 0.6107394214032701], [0.0, 0.6100447798447066], [0.0, 0.6095749468671561], [0.0, 0.6106668535504], [0.0, 0.6105343617021276], [0.0, 0.6104255389523563]]
0.0744, [[0.0, 0.6439629116784358], [0.0, 0.61114682328931], [0.0, 0.6101007779915081], [0.0, 0.6091114416242464], [0.0, 0.6060318496797954], [0.0, 0.6052627975087381], [0.0, 0.6052602759858312], [0.0, 0.6049684556287973], [0.0, 0.6033306139013347], [0.0, 0.6025415260737995]]
0.0714, [[0.0, 0.6138112116165052], [0.0, 0.6078535968472166], [0.0, 0.6061652373970771], [0.0, 0.6056665416735086], [0.0, 0.604753666635389], [0.0, 0.6044985878158061], [0.0, 0.6042955221797368], [0.0, 0.6042468004175561], [0.0, 0.6039364184006193], [0.0, 0.6037998458795655]]
0.0713, [[0.0, 0.6134259203828379], [0.0, 0.613274538577025], [0.0, 0.6098546166928617], [0.0, 0.6081206365385066], [0.0, 0.6071936492763143], [0.0, 0.6065852905299209], [0.0, 0.6059221173379624], [0.0, 0.6037366652982711], [0.0, 0.6035852282483755], [0.0, 0.6035852282483755]]
0.1003, [[0.0, 0.903487101792505], [0.0, 0.8004013555676266], [0.0, 0.6199571187398166], [0.0, 0.6150572929226582], [0.0, 0.6273718865833798], [0.0, 0.6124353742757278], [0.0, 0.6107062985291702], [0.0, 0.610108582537709], [0.0, 0.6096676584015576], [0.0, 0.6087055327359309]]
0.0772, [[0.0, 0.6722330661596957], [0.0, 0.609974543503249], [0.0, 0.6046173242393675], [0.0, 0.6087705286307443], [0.0, 0.6083832257383471], [0.0, 0.6063019376480799], [0.0, 0.6035971894719556], [0.0, 0.6039858674845762], [0.0, 0.6037466257711885], [0.0, 0.6026092637641042]]
0.0714, [[0.0, 0.6141791808393346], [0.0, 0.6085677585681109], [0.0, 0.6109107125431045], [0.0, 0.5972], [0.0, 0.5972], [0.0, 0.5972], [0.0, 0.6000434769757677], [0.0, 0.5972], [0.0, 0.5998728185038353], [0.0, 0.5910970804431251]]
0.0712, [[0.0, 0.611545347064205], [0.0, 0.6109001394590536], [0.0, 0.6103415352225011], [0.0, 0.6091504643552511], [0.0, 0.6088791775551854], [0.0, 0.6087286180768959], [0.0, 0.6083975768842806], [0.0, 0.6081886983039715], [0.0, 0.6076454061788923], [0.0, 0.6066303792019517]]
0.0714, [[0.0, 0.6140986866921578], [0.0, 0.6101467604213094], [0.0, 0.6096373431232259], [0.0, 0.6091964963991648], [0.0, 0.6089366757371741], [0.0, 0.6086822879964343], [0.0, 0.6086560308710033], [0.0, 0.6077698014262591], [0.0, 0.6077325109667128], [0.0, 0.6074067355556076]]
0.1066, [[0.0, 0.9655578917979366], [0.0, 0.6116903627812053], [0.0, 0.6101642295151187], [0.0, 0.6086179325107322], [0.0, 0.6082479407211053], [0.0, 0.599789821483028], [0.0, 0.59959322046025], [0.0, 0.5977802845480775], [0.0, 0.5972], [0.0, 0.5972]]
0.0713, [[0.0, 0.6129292419479697], [0.0, 0.610549089704192], [0.0, 0.6049054516878181], [0.0, 0.6035143595908888], [0.0, 0.5999859457177039], [0.0, 0.5999244287926059], [0.0, 0.599539576696615], [0.0, 0.5988043849257547], [0.0, 0.5982917374322644], [0.0, 0.5974792757277909]]
0.0843, [[0.0, 0.7432964921238462], [0.0, 0.6109680625865022], [0.0, 0.6081886983039715], [0.0, 0.6076808584531657], [0.0, 0.6059704393722583], [0.0, 0.6059236740247249], [0.0, 0.6058887770062633], [0.0, 0.6037998458795655], [0.0, 0.6036835891060076], [0.0, 0.6032093587698515]]
0.0838, [[0.0, 0.7381087986963611], [0.0, 0.7356982074959266], [0.0, 0.6762071033134167], [0.0, 0.651445609994569], [0.0, 0.6146641334537521], [0.0, 0.610031626826808], [0.0, 0.6100044108470759], [0.0, 0.6098017702737573], [0.0, 0.6094148350887892], [0.0, 0.6088155852823195]]
0.0715, [[0.0, 0.6151762471556921], [0.0, 0.6068421529944403], [0.0, 0.599285551033334], [0.0, 0.5974327017992446], [0.0, 0.5972], [0.0, 0.5972], [0.0, 0.5972], [0.0, 0.5972], [0.0, 0.5972], [0.0, 0.5972]]
0.1211, [[0.13705488133401897, 0.0], [0.0, 0.9740177438348735], [0.0, 0.6106089352318844], [0.0, 0.6093822350981726], [0.0, 0.6076109979122194], [0.0, 0.6076021972131647], [0.0, 0.6075955242909756], [0.0, 0.6069901167045907], [0.0, 0.6068150950057473], [0.0, 0.6068091413122522]]
0.071, [[0.0, 0.609874857491379], [0.0, 0.6057034686481033], [0.0, 0.6032603670036829], [0.0, 0.22456867578103532], [0.0, 0.5998482964648478], [0.0, 0.5985162328461845], [0.0, 0.5980518239930563], [0.0, 0.5993834400290882], [0.0, 0.5056609897907464], [0.0, 0.5972]]
0.09, [[0.0, 0.8004013555676266], [0.0, 0.6101812109127589], [0.0, 0.6100571108869548], [0.0, 0.6096430065213821], [0.0, 0.609632651598677], [0.0, 0.609307022214924], [0.0, 0.609247256562434], [0.0, 0.6074082267939666], [0.0, 0.6073751841469421], [0.0, 0.6067237877970395]]
0.0714, [[0.0, 0.6141893373055901], [0.0, 0.6093177596237302], [0.0, 0.6068990955687442], [0.0, 0.5996154095803325], [0.0, 0.598887032184663], [0.0, 0.5985122243073964], [0.0, 0.5984743275704332], [0.0, 0.598464791104647], [0.0, 0.5984361771329376], [0.0, 0.5983708680710315]]
0.0714, [[0.0, 0.6139992969574702], [0.0, 0.610031626826808], [0.0, 0.6116345419784653], [0.0, 0.6092462727251401], [0.0, 0.6111273798353234], [0.0, 0.6089621907621572], [0.0, 0.6102155294517816], [0.0, 0.6097355393042295], [0.0, 0.6105955102160501], [0.0, 0.6104000957094935]]
0.1351, [[0.0, 0.6081886983039715], [0.6427, 0.0], [0.0, 0.5999244287926059], [0.6337944765903829, 0.0], [0.6139424119327137, 0.0], [0.0, 0.5972], [0.0, 0.5972], [0.0, 0.5972], [0.0, 0.5972], [0.0, 0.5972]]
0.1094, [[0.0, 0.994486135795764], [0.0, 0.610989038799878], [0.0, 0.6109720683103051], [0.0, 0.6105358276056205], [0.0, 0.6097355393042295], [0.0, 0.6097023808909428], [0.0, 0.609632651598677], [0.0, 0.6094750479720378], [0.0, 0.6086881012925472], [0.0, 0.6075668955405944]]
0.0723, [[0.0, 0.6228323543726235], [0.0, 0.6132790626099603], [0.0, 0.607135227075465], [0.0, 0.604802371507659], [0.0, 0.6044702666025475], [0.0, 0.6028603333411527], [0.0, 0.5996525909592061], [0.0, 0.5995115218513218], [0.0, 0.5992683454925051], [0.0, 0.5991398727392151]]
0.0714, [[0.0, 0.6141685599005372], [0.0, 0.6057717316850031], [0.0, 0.6055547350395271], [0.0, 0.5974519763541251], [0.0, 0.5972], [0.0, 0.5972], [0.0, 0.5972], [0.0, 0.5747356459344001], [0.0, 0.5363680825429005], [0.0, 0.5281954434870756]]
0.1831, [[0.7761233539103275, 0.0], [0.0, 0.9550556317218908], [0.6013431186244141, 0.0], [0.0, 0.611156721128809], [0.0, 0.6061830062868], [0.0, 0.6051007599286871], [0.0, 0.6044365233761054], [0.0, 0.6043512578291773], [0.0, 0.6020116322221961], [0.0, 0.599789821483028]]
0.0713, [[0.0, 0.6132365200919562], [0.0, 0.6105077115344014], [0.0, 0.6101551948204273], [0.0, 0.6098346953951534], [0.0, 0.6096729182012245], [0.0, 0.6002539741725116], [0.0, 0.5999244287926059], [0.0, 0.5992359731638086], [0.0, 0.5990494804006662], [0.0, 0.5989525798165568]]
0.0711, [[0.0, 0.6105516397288231], [0.0, 0.6086968727861315], [0.0, 0.6062643660418964], [0.0, 0.6062544815735766], [0.0, 0.6053683133547585], [0.0, 0.6051007599286871], [0.0, 0.6050770756996411], [0.0, 0.604490606981163], [0.0, 0.6044365233761054], [0.0, 0.6043512578291773]]
0.072, [[0.0, 0.6200736456273777], [0.0, 0.6102932040395036], [0.0, 0.6100381266274132], [0.0, 0.6099117218325553], [0.0, 0.6092628093551338], [0.0, 0.6090149675103802], [0.0, 0.6086968727861315], [0.0, 0.6081040302376316], [0.0, 0.6061567438832719], [0.0, 0.6061567438832719]]
0.0711, [[0.0, 0.6113991015505876], [0.0, 0.6109720683103051], [0.0, 0.6109061519153628], [0.0, 0.6104254115742804], [0.0, 0.6095008279574937], [0.0, 0.6074902051420394], [0.0, 0.6073776659081845], [0.0, 0.6067313738300217], [0.0, 0.6065714619155973], [0.0, 0.6065377172816627]]
0.1737, [[0.6427, 0.0], [0.0, 0.994486135795764], [0.07573561405625416, 0.0], [0.0, 0.6321713312330267], [0.0, 0.6259759676262914], [0.0, 0.6134388161814727], [0.0, 0.611425043397687], [0.0, 0.6043004329212508], [0.0, 0.6039364184006193], [0.0, 0.6037999352553426]]
0.0745, [[0.0, 0.6453420047800118], [0.0, 0.6114444182364118], [0.0, 0.6050235290529921], [0.0, 0.5992172067137395], [0.0, 0.5987847349222359], [0.0, 0.5985880466349198], [0.0, 0.5981520877806188], [0.0, 0.597752241314598], [0.0, 0.597266043069272], [0.0, 0.5972]]
0.0730, [[0.0, 0.6296990800651828], [0.0, 0.6130707628609632], [0.0, 0.6125864013934176], [0.0, 0.6116586030636421], [0.0, 0.6115181887916676], [0.0, 0.6115118494452133], [0.0, 0.6104729538577025], [0.0, 0.6094575123742053], [0.0, 0.6093293133782167], [0.0, 0.6086875495554669]]
0.0715, [[0.0, 0.6147123837059278], [0.0, 0.6122934012057519], [0.0, 0.611677473316287], [0.0, 0.6120101408665463], [0.0, 0.6109680625865022], [0.0, 0.6062660828309366], [0.0, 0.6107747695230946], [0.0, 0.6064481764761078], [0.0, 0.6102997358605644], [0.0, 0.6067961184874147]]
0.0714, [[0.0, 0.06393589183550226], [0.0, 0.6131085716296417], [0.0, 0.6141265406178892], [0.0, 0.6133786726172323], [0.0, 0.25238847295633915], [0.0, 0.6103734860071782], [0.0, 0.2835797793063501], [0.0, 0.6096769876140655], [0.0, 0.23844922250380138], [0.0, 0.6092170672546857]]
0.0714, [[0.0, 0.6141893373055901], [0.0, 0.6115275415796758], [0.0, 0.6112813904853504], [0.0, 0.6068229210162096], [0.0, 0.6044849094513125], [0.0, 0.5980241312252222], [0.0, 0.597330199042905], [0.0, 0.5972], [0.0, 0.5972], [0.0, 0.5972]]
0.0711, [[0.0, 0.6108524965399141], [0.0, 0.6105019693166623], [0.0, 0.6090035805437612], [0.0, 0.6089703049567196], [0.0, 0.6084996000375331], [0.0, 0.6078535968472166], [0.0, 0.6076075379436533], [0.0, 0.607399252973328], [0.0, 0.6071936492763143], [0.0, 0.6071931000023458]]
0.0710, [[0.0, 0.6097817778976753], [0.0, 0.6061197021980341], [0.0, 0.6100969774097446], [0.0, 0.6062110519833915], [0.0, 0.5972], [0.0, 0.6095003135189659], [0.0, 0.5972], [0.0, 0.6070005912641628], [0.0, 0.5972], [0.0, 0.5980812880902672]]
0.0713, [[0.0, 0.6108268449881535], [0.0, 0.6101692345586338], [0.0, 0.6097461366675268], [0.0, 0.6126259698796593], [0.0, 0.6103335086443501], [0.0, 0.6096648335640057], [0.0, 0.6123701735907481], [0.0, 0.5972], [0.0, 0.6031177369865584], [0.0, 0.6036152856036969]]
0.1650, [[0.0, 1.0], [0.0, 0.9054451715372079], [0.0, 0.6130737660981961], [0.5498969442473547, 0.0], [0.0, 0.6052745560533909], [0.0, 0.6009693002416195], [0.0, 0.5972], [0.0, 0.5064539287524438], [0.0, 0.5972], [0.0, 0.5972]]
0.0714, [[0.0, 0.6068150950057473], [0.0, 0.6141685599005372], [0.0, 0.6118558652560463], [0.0, 0.6106815139928218], [0.0, 0.6062916960285252], [0.0, 0.39800905596987907], [0.0, 0.6097355393042295], [0.0, 0.607788353233714], [0.0, 0.6090954292852283], [0.0, 0.6048351544723075]]
0.0712, [[0.0, 0.6088155852823195], [0.0, 0.6055203419033991], [0.0, 0.0], [0.0, 0.6123300772947993], [0.0, 0.0], [0.0, 0.6074067355556076], [0.0, 0.6063019376480799], [0.0, 0.5972], [0.0, 0.6010094366511061], [0.0, 0.6068346644303173]]
0.0796, [[0.08200403049686546, 0.0], [0.0, 0.6139790793825799], [0.0, 0.6107923248258228], [0.0, 0.6102059268338454], [0.0, 0.6101467604213094], [0.0, 0.6101238218114429], [0.0, 0.6101001615097703], [0.0, 0.6100571108869548], [0.0, 0.6069099621149922], [0.0, 0.6068606731333129]]
0.1337, [[0.6223682598300391, 0.0], [0.6223682598300391, 0.0], [0.0, 0.6068091413122522], [0.0, 0.6146160848248844], [0.0, 0.0], [0.0, 0.612179345046799], [0.0, 0.0], [0.0, 0.6109797264772807], [0.0, 0.02331955196837421], [0.0, 0.6103285919209928]]
0.0763, [[0.0, 0.6629418496469309], [0.0, 0.6139117093997044], [0.0, 0.609743901217481], [0.0, 0.609328095545286], [0.0, 0.6091870971639025], [0.0, 0.609150459077154], [0.0, 0.6090428291773206], [0.0, 0.6082239619742429], [0.0, 0.6034690070140045], [0.0, 0.5998399792394848]]
0.1343, [[0.0, 0.6439629116784358], [0.5987713738846654, 0.0], [0.0, 0.6131544171807923], [0.0, 0.6105127531727228], [0.0, 0.2982591946998769], [0.0, 0.6076375886133852], [0.0, 0.32523644500760257], [0.0, 0.6076109979122194], [0.0, 0.35519471001375713], [0.0, 0.6075668955405944]]
0.0714, [[0.0, 0.606875907832696], [0.0, 0.614061170330057], [0.0, 0.0723720083456874], [0.0, 0.6133943242862839], [0.0, 0.6136287573013676], [0.0, 0.6135820415679467], [0.0, 0.6134267244129583], [0.0, 0.6125551304276431], [0.0, 0.610549089704192], [0.0, 0.6128474610007272]]
0.0714, [[0.0, 0.6143959346923455], [0.0, 0.6127540594431021], [0.0, 0.6068612744845058], [0.0, 0.598404436416524], [0.0, 0.5972], [0.0, 0.5972], [0.0, 0.5637673655781622], [0.0, 0.4825551098399825], [0.0, 0.5972], [0.0, 0.5972]]
0.0713, [[0.0, 0.612136407375261], [0.0, 0.6131962619343639], [0.0, 0.6112045220389876], [0.0, 0.6112752172230171], [0.0, 0.6043445113655023], [0.0, 0.6097597464167586], [0.0, 0.6089170355861033], [0.0, 0.6043264989795678], [0.0, 0.3149844670190427], [0.0, 0.6055872245419784]]
0.0745, [[0.0, 0.6453420047800118], [0.0, 0.6439629116784358], [0.0, 0.6107923248258228], [0.0, 0.6101731755377794], [0.0, 0.6027155386004832], [0.0, 0.6026006164817378], [0.0, 0.599357685026625], [0.0, 0.5980166936827043], [0.0, 0.5972], [0.0, 0.5982413879049473]]
0.0838, [[0.0, 0.7381087986963611], [0.0, 0.6119181826925332], [0.0, 0.607631279879894], [0.0, 0.6082504682258556], [0.0, 0.6109878776185226], [0.0, 0.6075455864552299], [0.0, 0.6101346102418541], [0.0, 0.6100381266274132], [0.0, 0.2783956485410181], [0.0, 0.6066894178845387]]
0.0749, [[0.0, 0.6488836906029344], [0.0, 0.12200941261736134], [0.0, 0.6136508771024419], [0.0, 0.6112593181871495], [0.0, 0.6129470692486335], [0.0, 0.6122615077763963], [0.0, 0.6119672887001806], [0.0, 0.6104067214806821], [0.0, 0.6085575401721832], [0.0, 0.6055605159633113]]
0.1338, [[0.0, 0.6403821397066818], [0.5981171581175455, 0.0], [0.0, 0.6130224524384809], [0.0, 0.6119007941776724], [0.0, 0.6078346199770109], [0.0, 0.607532873630627], [0.0, 0.6068425488517206], [0.0, 0.6025444184709939], [0.0, 0.602507957728307], [0.0, 0.5979178884092988]]
0.0715, [[0.0, 0.6147078621361045], [0.0, 0.6144710775528396], [0.0, 0.6139992969574702], [0.0, 0.6112752172230171], [0.0, 0.6112045220389876], [0.0, 0.6099715251354711], [0.0, 0.6094524394191747], [0.0, 0.6083196376879588], [0.0, 0.6075455864552299], [0.0, 0.6014244231626357]]
0.0713, [[0.0, 0.6129470692486335], [0.0, 0.6119416582608084], [0.0, 0.053082631087684906], [0.0, 0.048624741668039526], [0.0, 0.6121990446644303], [0.0, 0.6115039734687654], [0.0, 0.6061197021980341], [0.0, 0.6037057975791128], [0.0, 0.6065377172816627], [0.0, 0.6062643660418964]]
0.0714, [[0.0, 0.614262639165826], [0.0, 0.6112813904853504], [0.0, 0.6098407898379038], [0.0, 0.6093638022238382], [0.0, 0.607711427783903], [0.0, 0.6076109979122194], [0.0, 0.6070888786976002], [0.0, 0.607007330690375], [0.0, 0.6067961184874147], [0.0, 0.6062110519833915]]
0.0714, [[0.0, 0.6140687943653381], [0.0, 0.6119332667902132], [0.0, 0.6107639353491754], [0.0, 0.6087346850735414], [0.0, 0.608674712167773], [0.0, 0.6086560308710033], [0.0, 0.6083027607966407], [0.0, 0.6068861797133407], [0.0, 0.6066853463604588], [0.0, 0.6057814602735226]]
0.0838, [[0.0, 0.7383203237371005], [0.0, 0.6121572759154565], [0.0, 0.6116300175936569], [0.0, 0.6110073186093973], [0.0, 0.6107524994721902], [0.0, 0.6106513292594243], [0.0, 0.6104395132421591], [0.0, 0.6103593868024114], [0.0, 0.6101778033732904], [0.0, 0.6101549485092308]]
0.0733, [[0.0, 0.6134012129067067], [0.0, 0.30187397596119037], [0.0, 0.6326819593699087], [0.0, 0.6116196785052429], [0.0, 0.6111401056792324], [0.0, 0.610702524337892], [0.0, 0.6043167612423467], [0.0, 0.6104889883647282], [0.0, 0.6096769876140655], [0.0, 0.5985090813765277]]
0.0712, [[0.0, 0.6115085464120669], [0.0, 0.610989038799878], [0.0, 0.6053427314738793], [0.0, 0.6101731755377794], [0.0, 0.6097974137324357], [0.0, 0.6073134909334021], [0.0, 0.6100670505993572], [0.0, 0.6087705286307443], [0.0, 0.6055295725914284], [0.0, 0.6035143595908888]]
0.0712, [[0.0, 0.6116586030636421], [0.0, 0.6113891199652818], [0.0, 0.605682529381407], [0.0, 0.6098998946726406], [0.0, 0.3544122939685758], [0.0, 0.24154083411773225], [0.0, 0.6096430065213821], [0.0, 0.609307022214924], [0.0, 0.6090149675103802], [0.0, 0.6085664270801566]]
0.0714, [[0.0, 0.6136154491074151], [0.0, 0.6098399214149991], [0.0, 0.6118043823453517], [0.0, 0.6069473053555091], [0.0, 0.6104698865795585], [0.0, 0.6100338601656149], [0.0, 0.6097902320016889], [0.0, 0.6067313738300217], [0.0, 0.598766489244411], [0.0, 0.5998482964648478]]
0.0710, [[0.0, 0.6104789064955781], [0.0, 0.6101346102418541], [0.0, 0.601992488564123], [0.0, 0.5972], [0.0, 0.5974194956485022], [0.0, 0.5972], [0.0, 0.5972], [0.0, 0.5972], [0.0, 0.5972], [0.0, 0.5972]]
0.0712, [[0.0, 0.612066364212156], [0.0, 0.6092785606042834], [0.0, 0.0], [0.0, 0.6100088455042342], [0.0, 0.0], [0.0, 0.6088210375565929], [0.0, 0.6089430055830538], [0.0, 0.6096769876140655], [0.0, 0.6085979978418448], [0.0, 0.6084872422529264]]
0.0715, [[0.0, 0.6151101696028525], [0.0, 0.08329832438368219], [0.0, 0.6146160848248844], [0.0, 0.05098816878054133], [0.0, 0.6140687943653381], [0.0, 0.6139425669145417], [0.0, 0.6138655925543643], [0.0, 0.6133786726172323], [0.0, 0.6109301735907481], [0.0, 0.6073666948556147]]
0.1358, [[0.0, 0.6151303829552651], [0.6427, 0.0], [0.0, 0.610702524337892], [0.0, 0.5972], [0.0, 0.6049675467404818], [0.0, 0.598225762274508], [0.0, 0.598154717328579], [0.0, 0.5976520028619015], [0.0, 0.5992038534800253], [0.0, 0.5987153610218395]]
0.0713, [[0.0, 0.6126209078326961], [0.0, 0.6125105787140209], [0.0, 0.6124774181894954], [0.0, 0.6124057050364775], [0.0, 0.6116586030636421], [0.0, 0.6107204241244223], [0.0, 0.6115450015247835], [0.0, 0.6103486469304933], [0.0, 0.6111175558891834], [0.0, 0.6101033931126697]]
0.0734, [[0.0, 0.6344312212927756], [0.0, 0.6133943242862839], [0.0, 0.6097937155457552], [0.0, 0.6070059707006966], [0.0, 0.6068278687044031], [0.0, 0.6029148581951254], [0.0, 0.598404436416524], [0.0, 0.5980194231626357], [0.0, 0.5978119696685354], [0.0, 0.5972]]
0.0715, [[0.0, 0.6145046276009289], [0.0, 0.06289605468621308], [0.0, 0.6132724354312792], [0.0, 0.6130237702033826], [0.0, 0.6077159071289497], [0.0, 0.6000251285509863], [0.0, 0.5972], [0.0, 0.5980812880902672], [0.0, 0.5972], [0.0, 0.5972]]
0.0714, [[0.0, 0.6073038126627412], [0.0, 0.6137507802200379], [0.0, 0.6134913716014919], [0.0, 0.6108468169555936], [0.0, 0.5972], [0.0, 0.5972], [0.0, 0.39143919527912524], [0.0, 0.5972], [0.0, 0.5972], [0.0, 0.5972]]
0.1354, [[0.0, 0.6108031927795632], [0.6427, 0.0], [0.0, 0.6089508502427924], [0.5341732066719027, 0.0], [0.0, 0.6089495015130545], [0.1266917735088343, 0.0], [0.0, 0.6061463217527974], [0.027104834896083896, 0.0], [0.0, 0.5978351450890239], [0.0, 0.5987652949869806]]
0.1099, [[0.0, 0.9994454783269973], [0.0, 0.6103890965070726], [0.0, 0.6096769876140655], [0.0, 0.6090954292852283], [0.0, 0.6089838591099955], [0.0, 0.6073612450444533], [0.0, 0.6071068006521382], [0.0, 0.6067862227591545], [0.0, 0.6063271789157615], [0.0, 0.6060885596659551]]
0.0841, [[0.1266917735088343, 0.0], [0.0, 0.6138727415609092], [0.0, 0.40079614075736725], [0.0, 0.6130417783668395], [0.0, 0.6105848442374909], [0.0, 0.6122584225527223], [0.0, 0.6098279879893969], [0.0, 0.6101355954866405], [0.0, 0.610687473316287], [0.0, 0.6106922359192098]]
0.0713, [[0.0, 0.6125551304276431], [0.0, 0.6112184263060357], [0.0, 0.6105919774097445], [0.0, 0.610401417696873], [0.0, 0.6103734860071782], [0.0, 0.6097937155457552], [0.0, 0.6081903665345187], [0.0, 0.607303044523681], [0.0, 0.5972], [0.0, 0.5972]]
0.0976, [[0.0, 0.8755500156436729], [0.0, 0.6150821154613056], [0.0, 0.61120837856858], [0.0, 0.6096170696005067], [0.0, 0.6060412436369608], [0.0, 0.6141338229843534], [0.0, 0.6121028647165075], [0.0, 0.6123978642473433], [0.0, 0.6095091747402003], [0.0, 0.6052467686316826]]
0.0715, [[0.0, 0.20500679470707725], [0.0, 0.6146641334537521], [0.0, 0.05293727886674349], [0.0, 0.6097149505031786], [0.0, 0.6112593181871495], [0.0, 0.6134012129067067], [0.0, 0.6139992969574702], [0.0, 0.3401975344290782], [0.0, 0.44162128346969803], [0.0, 0.6056680153182106]]
0.0715, [[0.0, 0.6146604521569823], [0.0, 0.2752638053725291], [0.0, 0.20360496733102715], [0.0, 0.26860471247556306], [0.0, 0.6139693134955078], [0.0, 0.3117791760191152], [0.0, 0.6137228886438809], [0.0, 0.2803243184418217], [0.0, 0.6136166317530319], [0.0, 0.2550319039895735]]
0.1317, [[0.5731216039803788, 0.0], [0.0, 0.6442183302552974], [0.0, 0.6119726980459311], [0.0, 0.6107923248258228], [0.0, 0.6095749468671561], [0.0, 0.604490606981163], [0.0, 0.6033306139013347], [0.0, 0.5995734515236106], [0.0, 0.5994979585493443], [0.0, 0.5991108980975391]]
0.1205, [[0.48977206679651014, 0.0], [0.0, 0.6148176022191466], [0.3499788333324831, 0.0], [0.0, 0.6141492364352905], [0.0, 0.613274538577025], [0.0, 0.6124663211663421], [0.0, 0.6109560630087498], [0.0, 0.6101528882920078], [0.0, 0.6099895860798986], [0.0, 0.6081206365385066]]
0.1328, [[0.6139424119327137, 0.0], [0.0, 0.6137327847240142], [0.3007919849719488, 0.0], [0.0, 0.613718159117033], [0.14767074788664722, 0.0], [0.0, 0.6108524965399141], [0.13543722547840392, 0.0], [0.0, 0.6107524994721902], [0.0, 0.6103690661286917], [0.0, 0.6102412387107368]]
0.0731, [[0.0, 0.6313668254209674], [0.0, 0.6050912702620281], [0.0, 0.6053429953787327], [0.0, 0.603372021980342], [0.0, 0.6022830506228154], [0.0, 0.5973219433953412], [0.0, 0.5976460931525487], [0.0, 0.5977407255624105], [0.0, 0.5985664831452766], [0.0, 0.5990155088085575]]
0.0714, [[0.0, 0.6087103277111825], [0.0, 0.3401975344290782], [0.0, 0.6136147330455792], [0.0, 0.41937493447252183], [0.0, 0.0482011979355405], [0.0, 0.37725286887263765], [0.0, 0.3188384054738975], [0.0, 0.06289453796738612], [0.0, 0.0], [0.0, 0.21277795640476574]]
0.0844, [[0.0, 0.7442438609451396], [0.0, 0.6629418496469309], [0.0, 0.6145046276009289], [0.0, 0.4414452106292086], [0.0, 0.6128035138051561], [0.0, 0.6125551304276431], [0.0, 0.6122615077763963], [0.0, 0.6116498871660138], [0.0, 0.6116344188228671], [0.0, 0.6107275977620868]]
0.1066, [[0.0, 0.9656814207495934], [0.0, 0.6135867689835558], [0.0, 0.611774836965446], [0.0, 0.6102412387107368], [0.0, 0.6050912702620281], [0.0, 0.611385285603697], [0.0, 0.606875907832696], [0.0, 0.6097508809730465], [0.0, 0.6044365233761054], [0.0, 0.6073702090126439]]
0.0710, [[0.0, 0.6103522321658964], [0.0, 0.6061975414623847], [0.0, 0.6098352626146519], [0.0, 0.6049646701775786], [0.0, 0.6097817778976753], [0.0, 0.6060542024208871], [0.0, 0.6032424007131295], [0.0, 0.6052145616833611], [0.0, 0.6057657667315677], [0.0, 0.6043491539796851]]
0.2040, [[0.0, 0.9398916690928842], [0.0, 0.6131085716296417], [0.0, 0.6127831445729433], [0.0, 0.9206604478001086], [1.0, 0.0], [0.0, 0.6148499358417978], [0.7761233539103275, 0.0], [0.0, 0.6118558652560463], [0.5731216039803788, 0.0], [0.0, 0.6108768926083182]]
0.1286, [[0.14767074788664722, 0.0], [0.0, 0.606599954139201], [0.5646055194255264, 0.0], [0.0, 0.621837016186855], [0.0, 0.0], [0.0, 0.0], [0.0, 0.6134115403833071], [0.0, 0.6061701133031504], [0.0, 0.6071773163808675], [0.0, 0.6071459599099205]]
0.0715, [[0.0, 0.6151095612141969], [0.0, 0.6115181887916676], [0.0, 0.6073135046564545], [0.0, 0.6071336355532618], [0.0, 0.5985723249431137], [0.0, 0.5972], [0.0, 0.5974658964554646], [0.0, 0.5974005486875131], [0.0, 0.5974005486875131], [0.0, 0.5972]]
0.0710, [[0.0, 0.6104303979685191], [0.0, 0.6082504682258556], [0.0, 0.6092182506040489], [0.0, 0.6039357653240751], [0.0, 0.6072185689319477], [0.0, 0.6070221716437166], [0.0, 0.6082355949001853], [0.0, 0.6069279632409862], [0.0, 0.6042623891013159], [0.0, 0.6039233772783785]]
0.0740, [[0.0, 0.6398435033134168], [0.0, 0.6366059369907658], [0.0, 0.629610770450843], [0.0, 0.6151860791949142], [0.0, 0.6139708842571958], [0.0, 0.6135435505172535], [0.0, 0.611156721128809], [0.0, 0.6108268449881535], [0.0, 0.6098055416500504], [0.0, 0.6074083875999906]]
0.1163, [[0.4507790138369742, 0.0], [0.0, 0.611735466583781], [0.0, 0.03920338988634482], [0.0, 0.6107892892162612], [0.0, 0.052346390490309216], [0.0, 0.6100738498440029], [0.0, 0.6100703385019587], [0.0, 0.6098231156020549], [0.0, 0.6092938568814656], [0.0, 0.6078131064533533]]
0.0706, [[0.0, 0.6062838672030777], [0.0, 0.598225762274508], [0.0, 0.5992187919022262], [0.0, 0.5987020855520889], [0.0, 0.0], [0.0, 0.14266649107780166], [0.0, 0.5978547359778554], [0.0, 0.5972], [0.0, 0.5979787033474864], [0.0, 0.5979815904665837]]
0.1040, [[0.0, 0.9398916690928842], [0.0, 0.6465737410103215], [0.0, 0.0675377198704221], [0.0, 0.6488836906029344], [0.0, 0.6453420047800118], [0.0, 0.6148499358417978], [0.0, 0.6148176022191466], [0.0, 0.612875181214666], [0.0, 0.6123532213985784], [0.0, 0.6119608325318445]]
0.1068, [[0.0, 0.9677534046713745], [0.0, 0.6121743558375753], [0.0, 0.050029476088508315], [0.0, 0.6031783383377513], [0.0, 0.6024523195477257], [0.0, 0.6128117698045931], [0.0, 0.6046344182364118], [0.0, 0.05003238313292698], [0.0, 0.6047241022543338], [0.0, 0.6077331981749513]]
0.0769, [[0.0, 0.0], [0.0, 0.6687457247148295], [0.0, 0.6068172945647329], [0.0, 0.6141420969293204], [0.0, 0.6134542869877313], [0.0, 0.6134460893992353], [0.0, 0.6133536941987848], [0.0, 0.6122025964718854], [0.0, 0.6119453026108986], [0.0, 0.6115275415796758]]
0.0711, [[0.0, 0.611385285603697], [0.0, 0.0], [0.0, 0.6101692345586338], [0.0, 0.0], [0.0, 0.6098307698984259], [0.0, 0.0618255039806732], [0.0, 0.6096430065213821], [0.0, 0.06406316982375257], [0.0, 0.6084641621900584], [0.0, 0.6077845449107415]]
0.0744, [[0.0, 0.6439629116784358], [0.0, 0.6120679747355087], [0.0, 0.6067358053203218], [0.0, 0.6135940524056394], [0.0, 0.6129538238053907], [0.0, 0.6105721525252762], [0.0, 0.6106987121443149], [0.0, 0.6105286965446057], [0.0, 0.6104255389523563], [0.0, 0.6095749468671561]]
0.1359, [[0.0, 0.6163025638240096], [0.6427, 0.0], [0.5640979382268928, 0.0], [0.0, 0.6124198563184686], [0.0, 0.0], [0.0, 0.6074922945647329], [0.0, 0.020956883215285892], [0.0, 0.6072358089563442], [0.0, 0.5992966519270918], [0.0, 0.5997546982101386]]
0.0713, [[0.0, 0.6125864013934176], [0.0, 0.6092877096577447], [0.0, 0.6119772994909568], [0.0, 0.364943607559192], [0.0, 0.6063223575500246], [0.0, 0.6118905500950057], [0.0, 0.6116324638157122], [0.0, 0.6094389334725187], [0.0, 0.610632430153182], [0.0, 0.6100067891576156]]
0.0713, [[0.0, 0.6128264703605526], [0.0, 0.6122934012057519], [0.0, 0.6120412612306176], [0.0, 0.6109680625865022], [0.0, 0.6107275977620868], [0.0, 0.6106339474301532], [0.0, 0.6097962567735579], [0.0, 0.609765591733327], [0.0, 0.6096718907316615], [0.0, 0.6081886983039715]]
0.0714, [[0.0, 0.6139538567641746], [0.0, 0.6126209078326961], [0.0, 0.6132123038307256], [0.0, 0.6067862227591545], [0.0, 0.6097149505031786], [0.0, 0.6127986938469117], [0.0, 0.6101812109127589], [0.0, 0.606041037791175], [0.0, 0.6112491585540359], [0.0, 0.6102316135729198]]
0.0714, [[0.0, 0.6137140369232212], [0.0, 0.6129292419479697], [0.0, 0.6049054516878181], [0.0, 0.6117271764526496], [0.0, 0.6092462727251401], [0.0, 0.6076927264303643], [0.0, 0.5972], [0.0, 0.5972], [0.0, 0.5229878221707334], [0.0, 0.5972]]
0.1003, [[0.0, 0.903487101792505], [0.0, 0.6629418496469309], [0.0, 0.6067145205142039], [0.0, 0.6067575739520045], [0.0, 0.6151101696028525], [0.0, 0.6138288292007787], [0.0, 0.6107062985291702], [0.0, 0.6074902051420394], [0.0, 0.6086822879964343], [0.0, 0.6068861797133407]]
0.0740, [[0.0, 0.6403821397066818], [0.0, 0.0536663150496897], [0.0, 0.6135951038025756], [0.0, 0.6133943242862839], [0.0, 0.612066364212156], [0.0, 0.6114683128855943], [0.0, 0.610549089704192], [0.0, 0.6097023808909428], [0.0, 0.608124064134744], [0.0, 0.6081156789978652]]
0.0713, [[0.0, 0.613274538577025], [0.0, 0.6120398843510286], [0.0, 0.6098546166928617], [0.0, 0.6087708097773815], [0.0, 0.6082098969011706], [0.0, 0.6065852905299209], [0.0, 0.6059221173379624], [0.0, 0.6051322314621501], [0.0, 0.602725209129935], [0.0, 0.6017524368387717]]
0.0714, [[0.0, 0.6138112116165052], [0.0, 0.6092182506040489], [0.0, 0.6068742469914846], [0.0, 0.6058844503741584], [0.0, 0.6034055832883717], [0.0, 0.6037266689342935], [0.0, 0.6078535968472166], [0.0, 0.6073038126627412], [0.0, 0.6066162609960355], [0.0, 0.5955038971834045]]
0.0712, [[0.0, 0.611545347064205], [0.0, 0.6060520317154988], [0.0, 0.010668853017075947], [0.0, 0.6109001394590536], [0.0, 0.6083975768842806], [0.0, 0.6081886983039715], [0.0, 0.6081769394074455], [0.0, 0.607866779774332], [0.0, 0.607866779774332], [0.0, 0.6076454061788923]]
0.0714, [[0.0, 0.6139274887987051], [0.0, 0.606126532407516], [0.0, 0.6128077200966477], [0.0, 0.611545347064205], [0.0, 0.6102681109104131], [0.0, 0.6086881012925472], [0.0, 0.6099094839193976], [0.0, 0.6096992140327007], [0.0, 0.6061060449459288], [0.0, 0.6059228027868352]]
0.1415, [[0.0, 0.6722330661596957], [0.6427, 0.0], [0.0, 0.6126402872457716], [0.0, 0.0], [0.0, 0.6105101415702925], [0.0, 0.6093041850618124], [0.0, 0.6087705286307443], [0.0, 0.6082736802411504], [0.0, 0.6081903665345187], [0.0, 0.6046667831757723]]
0.0714, [[0.0, 0.6140986866921578], [0.0, 0.6096718907316615], [0.0, 0.6104729538577025], [0.0, 0.6116386965446058], [0.0, 0.6096430065213821], [0.0, 0.6091964963991648], [0.0, 0.6089366757371741], [0.0, 0.6087346850735414], [0.0, 0.6085664270801566], [0.0, 0.6078337420535316]]
0.0849, [[0.13705488133401897, 0.0], [0.0, 0.6122396205634661], [0.0, 0.6111273798353234], [0.0, 0.6110332400478548], [0.0, 0.6106089352318844], [0.0, 0.6104787390039644], [0.0, 0.6079961061718548], [0.0, 0.6076943665110605], [0.0, 0.6076021972131647], [0.0, 0.6075955242909756]]
0.0714, [[0.0, 0.6141791808393346], [0.0, 0.0], [0.0, 0.6126209078326961], [0.0, 0.0], [0.0, 0.6116300175936569], [0.0, 0.0], [0.0, 0.6109107125431045], [0.0, 0.6085677585681109], [0.0, 0.6083196376879588], [0.0, 0.6082479407211053]]
0.0744, [[0.0, 0.6439629116784358], [0.0, 0.611677473316287], [0.0, 0.6082736802411504], [0.0, 0.61114682328931], [0.0, 0.6101007779915081], [0.0, 0.6096222125782917], [0.0, 0.6081452848999507], [0.0, 0.6075441620727673], [0.0, 0.607444235027798], [0.0, 0.6057959609655399]]
0.1066, [[0.0, 0.9655578917979366], [0.0, 0.6116903627812053], [0.0, 0.6096291796664243], [0.0, 0.6057717316850031], [0.0, 0.5972], [0.0, 0.5972], [0.0, 0.5972], [0.0, 0.5972], [0.0, 0.5972], [0.0, 0.5766687269567734]]
0.0838, [[0.0, 0.7381087986963611], [0.0, 0.0], [0.0, 0.6762071033134167], [0.0, 0.6068278687044031], [0.0, 0.08422769384505574], [0.0, 0.6145046276009289], [0.0, 0.6132312497360951], [0.0, 0.6116586030636421], [0.0, 0.6112368929601913], [0.0, 0.6107050937155457]]
0.0713, [[0.0, 0.6129292419479697], [0.0, 0.6035143595908888], [0.0, 0.39587279762508154], [0.0, 0.6010010567923244], [0.0, 0.5999859457177039], [0.0, 0.6014281428135776], [0.0, 0.5972], [0.0, 0.599789821483028], [0.0, 0.5972], [0.0, 0.5984414436181942]]
0.0713, [[0.0, 0.612749260597246], [0.0, 0.6121821734030823], [0.0, 0.609874857491379], [0.0, 0.6071068006521382], [0.0, 0.5981496982101386], [0.0, 0.5972], [0.0, 0.5985809771517042], [0.0, 0.5972], [0.0, 0.5972], [0.0, 0.5992268244622205]]
0.1311, [[0.0, 0.6123799901475521], [0.5981171581175455, 0.0], [0.0, 0.613023169204063], [0.0, 0.6105024601796899], [0.0, 0.6101812109127589], [0.0, 0.6100524830514438], [0.0, 0.609632651598677], [0.0, 0.6074082267939666], [0.0, 0.6061152791526895], [0.0, 0.6065649878017312]]
0.0708, [[0.0, 0.6077345215698233], [0.0, 0.6068421529944403], [0.0, 0.599285551033334], [0.0, 0.5387544461660995], [0.0, 0.5992359731638086], [0.0, 0.5728414146694661], [0.0, 0.5977686621783292], [0.0, 0.5972], [0.0, 0.5975264562856271], [0.0, 0.5974327017992446]]
0.0709, [[0.0, 0.6093177596237302], [0.0, 0.6068990955687442], [0.0, 0.5983708680710315], [0.0, 0.5989132551783997], [0.0, 0.5982417960777874], [0.0, 0.5985494144830983], [0.0, 0.598267628844214], [0.0, 0.5992341522203195], [0.0, 0.5984474574819958], [0.0, 0.5986545826784583]]
0.1696, [[0.6427, 0.0], [0.0, 0.9528005490494296], [0.6337944765903829, 0.0], [0.0, 0.857510085822923], [0.6139424119327137, 0.0], [0.0, 0.6151303829552651], [0.5218480032167655, 0.0], [0.0, 0.6143613483778648], [0.0, 0.6140453606699664], [0.0, 0.6112045220389876]]
0.0714, [[0.0, 0.6139992969574702], [0.0, 0.04754825048042613], [0.0, 0.6138655925543643], [0.0, 0.6132160333341152], [0.0, 0.6116345419784653], [0.0, 0.6111273798353234], [0.0, 0.6089621907621572], [0.0, 0.6052060723920335], [0.0, 0.6088574712050482], [0.0, 0.6108213962326116]]
0.1094, [[0.0, 0.994486135795764], [0.0, 0.6097023808909428], [0.0, 0.6062544815735766], [0.0, 0.609632651598677], [0.0, 0.6042918151962279], [0.0, 0.6042468004175561], [0.0, 0.5972], [0.0, 0.5972], [0.0, 0.5972], [0.0, 0.34219582564622403]]
0.0723, [[0.0, 0.6228323543726235], [0.0, 0.6132790626099603], [0.0, 0.6076375886133852], [0.0, 0.607135227075465], [0.0, 0.5985814250862089], [0.0, 0.5991949211804171], [0.0, 0.6044702666025475], [0.0, 0.5990445541767341], [0.0, 0.5985091950315512], [0.0, 0.5985440624926692]]
0.0850, [[0.0, 0.6141685599005372], [0.0, 0.6081542238851486], [0.13543722547840392, 0.0], [0.0, 0.6044849094513125], [0.0, 0.6025415260737995], [0.0, 0.5972], [0.0, 0.5972], [0.0, 0.5972], [0.0, 0.5972], [0.0, 0.5972]]
0.0713, [[0.0, 0.6096729182012245], [0.0, 0.6129470692486335], [0.0, 0.6128035138051561], [0.0, 0.6101551948204273], [0.0, 0.611156721128809], [0.0, 0.6105077115344014], [0.0, 0.6102957537122615], [0.0, 0.5972], [0.0, 0.5985162328461845], [0.0, 0.5981561533228553]]
0.0737, [[0.0, 0.6366059369907658], [0.0, 0.6129372836566657], [0.0, 0.611156721128809], [0.0, 0.6102053867085786], [0.0, 0.6074083875999906], [0.0, 0.6044365233761054], [0.0, 0.6104067214806821], [0.0, 0.05066220062592685], [0.0, 0.599789821483028], [0.0, 0.5979478416101714]]
0.0710, [[0.0, 0.6062838672030777], [0.0, 0.10927883314116289], [0.0, 0.6095572919843298], [0.0, 0.10876289595343978], [0.0, 0.6086968727861315], [0.0, 0.6021813839170518], [0.0, 0.6086822879964343], [0.0, 0.6037142520349996], [0.0, 0.6078871803232541], [0.0, 0.6039357653240751]]
0.0720, [[0.0, 0.6200736456273777], [0.0, 0.5972], [0.0, 0.6103112568908489], [0.0, 0.6092628093551338], [0.0, 0.6125890956860353], [0.0, 0.6086968727861315], [0.0, 0.6091100362429331], [0.0, 0.6099117218325553], [0.0, 0.6062791521030284], [0.0, 0.6111175558891834]]
