0.0950, [[0.9426541745807029, 0.8111904039439134, 0.0], [0.3887, 0.01664892433747917, 0.0], [0.0, 0.0, 0.0], [0.3887, 0.009599379798186303, 0.0], [0.5074652711458314, 0.1571, 0.0], [0.21289915820291405, 0.0, 0.0], [0.3887, 0.004949680208439845, 0.0], [0.3887, 0.0, 0.0], [0.020586643489145594, 0.0, 0.0], [0.3102807803981448, 0.0, 0.0]]
0.1135, [[0.9239226280431845, 0.9130660852691401, 0.0], [0.0, 0.0, 0.9786409693829485], [0.921216197835281, 0.6441142865705406, 0.0], [0.0, 0.0, 0.9780542315591143], [0.4654304738435848, 0.1421908132606327, 0.0], [0.40937870077170957, 0.14834041594384575, 0.0], [0.2259847104218863, 0.0, 0.0], [0.4044913087599747, 0.12344202459230035, 0.0], [0.20595512959032086, 0.0, 0.0], [0.18918749557813125, 0.0, 0.0]]
0.1308, [[0.968666399564835, 1.0, 0.0], [0.03360508333619119, 0.0, 0.9866093362223267], [0.0, 0.0, 0.9843676904380595], [0.034452270311053156, 0.0, 0.9727770263777671], [0.0, 0.0, 0.8633854675057807], [0.0, 0.0, 0.8384337818520432], [0.6821855030636881, 0.17821012972218936, 0.0], [0.2112044564544974, 0.0, 0.0], [0.40854800542978115, 0.11144279984456765, 0.0], [0.21772835009324903, 0.0, 0.0]]
0.0061, [[0.2939238401244294, 0.0, 0.0], [0.2277879863770261, 0.0, 0.0], [0.3887, 0.023848459186118894, 0.0], [0.22517748479798874, 0.0, 0.0], [0.22747170499222408, 0.0, 0.0], [0.2950284646623945, 0.0, 0.0], [0.0, 0.0, 0.0], [0.18985310267152053, 0.0, 0.0], [0.19167526109739477, 0.0, 0.0], [0.19206235174745098, 0.0, 0.0]]
0.0541, [[0.0, 0.0, 0.0], [0.887580225786632, 0.44744002849859765, 0.0], [0.2977711435365731, 0.0, 0.0], [0.29546276148928685, 0.0, 0.0], [0.3088645950930612, 0.0, 0.0], [0.30172230053775634, 0.0, 0.0], [0.29216777034612573, 0.0, 0.0], [0.49072232425414597, 0.1571, 0.0], [0.5121349080679343, 0.1571, 0.0], [0.29434869571595446, 0.0, 0.0]]
0.1142, [[0.9239226280431845, 0.9130660852691401, 0.0], [0.9426541745807029, 0.8111904039439134, 0.0], [0.0, 0.0, 0.8017556678011828], [0.9537086078242526, 0.5868978032017678, 0.0], [0.0, 0.0, 0.6595060685846398], [0.886916959792019, 0.20800951168893675, 0.0], [0.0, 0.0, 0.2920588438653657], [0.7504880161781791, 0.18775420751206115, 0.0], [0.21917757972211793, 0.0, 0.0], [0.22463461376437335, 0.0, 0.0]]
0.0040, [[0.2255126486535251, 0.0, 0.0], [0.2956704686673658, 0.0, 0.0], [0.22409646334844152, 0.0, 0.0], [0.2900906985653364, 0.0, 0.0], [0.21914925601601626, 0.0, 0.0], [0.20112593769998588, 0.0, 0.0], [0.20159799946834708, 0.0, 0.0], [0.10530534097534187, 0.0, 0.0], [0.0, 0.0, 0.0], [0.0, 0.0, 0.0]]
0.0670, [[0.9533579154592848, 0.5364913786102603, 0.0], [0.0, 0.0, 0.0], [0.2939899287719999, 0.0, 0.0], [0.3887, 0.017998837121599064, 0.0], [0.6821855030636881, 0.17821012972218936, 0.0], [0.3878830144990415, 0.010199341035572906, 0.0], [0.3887, 0.1400909489297795, 0.0], [0.21107699977703984, 0.0, 0.0], [0.3887, 0.12404198582968695, 0.0], [0.028945554974450397, 0.0, 0.0]]
0.0233, [[0.0, 0.0, 0.760284286026201], [0.22386043246426093, 0.0, 0.0], [0.5103686723409214, 0.1571, 0.0], [0.0, 0.0, 0.7317924553043939], [0.4890448035636496, 0.1571, 0.0], [0.5082475764678416, 0.1571, 0.0], [0.0, 0.0, 0.0], [0.4041929036371462, 0.09584380767251516, 0.0], [0.0, 0.0, 0.0], [0.0, 0.0, 0.0]]
0.0149, [[0.4872301778167184, 0.15374006708032534, 0.0], [0.0, 0.0, 0.0], [0.2249084095900228, 0.0, 0.0], [0.3887, 0.023248497948732124, 0.0], [0.0, 0.0, 0.0], [0.22103750308946102, 0.0, 0.0], [0.3878830144990415, 0.010199341035572906, 0.0], [0.3887, 0.004499709280399766, 0.0], [0.3887, 0.0, 0.0], [0.0, 0.0, 0.0]]
0.0860, [[0.0, 0.0, 0.9828508163918982], [0.29415987100860996, 0.0, 0.0], [0.9892352691449019, 0.5994994093496446, 0.0], [0.0, 0.0, 0.9759641732454074], [0.9288018261644754, 0.4877651681718033, 0.0], [0.0, 0.0, 0.754961982789622], [0.8829678588125992, 0.3919929614479401, 0.0], [0.8852778541731479, 0.26345657873959527, 0.0], [0.884233400825309, 0.3768710340704863, 0.0], [0.8825104339887282, 0.2416137947499418, 0.0]]
0.0680, [[0.0, 0.0, 0.09653437567861342], [0.9533579154592848, 0.5364913786102603, 0.0], [0.23288153285764335, 0.0, 0.0], [0.0, 0.0, 0.016825287296418554], [0.5103686723409214, 0.15329009615228542, 0.0], [0.2266361556622248, 0.0, 0.0], [0.22883124288510437, 0.0, 0.0], [0.3887, 0.11519255757823411, 0.0], [0.40409612359730984, 0.10919294520436776, 0.0], [0.0, 0.0, 0.0]]
0.0042, [[0.21236572840466586, 0.0, 0.0], [0.0, 0.0, 0.0], [0.3176827089260482, 0.0, 0.0], [0.3014437840944232, 0.0, 0.0], [0.10403456051304893, 0.0, 0.0], [0.0, 0.0, 0.0], [0.3038040929362291, 0.0, 0.0], [0.299682993698436, 0.0, 0.0], [0.2841379996663018, 0.0, 0.0], [0.29400881124273437, 0.0, 0.0]]
0.1142, [[0.9498204968213488, 0.9612872410964135, 0.0], [0.0, 0.0, 0.0], [0.9892352691449019, 0.5994994093496446, 0.0], [0.0, 0.0, 0.0], [0.0, 0.0, 0.0], [0.748060450178951, 0.18988227891115417, 0.0], [0.0, 0.0, 0.0], [0.0, 0.0, 0.0], [0.6825322982064349, 0.17630776286542438, 0.0], [0.31812644698830783, 0.0, 0.0]]
0.0825, [[0.0, 0.0, 0.0], [0.3887, 0.03704760640862481, 0.0], [0.30919031771323036, 0.0, 0.0], [0.3887, 0.015149021244012578, 0.0], [0.3887, 0.019648730524412343, 0.0], [0.9513376224871879, 0.6848645591006313, 0.0], [0.0, 0.0, 0.0], [0.3887, 0.04724694744419754, 0.0], [0.3887, 0.030898003725411762, 0.0], [0.3887, 0.019198759596372437, 0.0]]
0.0059, [[0.29838954445312627, 0.0, 0.0], [0.0, 0.0, 0.19545294245385356], [0.0, 0.0, 0.0], [0.2924038012303063, 0.0, 0.0], [0.0, 0.0, 0.0], [0.1901599428209553, 0.0, 0.0], [0.0, 0.0, 0.0], [0.0, 0.0, 0.0], [0.0, 0.0, 0.0], [0.0, 0.0, 0.0]]
0.0158, [[0.18391456562553676, 0.0, 0.0], [0.5145624740671624, 0.1571, 0.0], [0.1847784386616377, 0.0, 0.0], [0.19003720676118138, 0.0, 0.0], [0.3887, 0.02084865299918572, 0.0], [0.3887, 0.008099476704719714, 0.0], [0.18538267772514008, 0.0, 0.0], [0.21158210586918635, 0.0, 0.0], [0.5053522402760715, 0.1571, 0.0], [0.3887, 0.0115492538196928, 0.0]]
0.0136, [[0.2258336506560108, 0.0, 0.0], [0.47450360257824087, 0.13259143346244656, 0.0], [0.0, 0.0, 0.019883646471227538], [0.3887, 0.0037497577336664716, 0.0], [0.3887, 0.0, 0.0], [0.22701380507691377, 0.0, 0.0], [0.3887, 0.07604508683875612, 0.0], [0.0, 0.0, 0.0], [0.11301474244658605, 0.0, 0.0], [0.3887, 0.0, 0.0]]
0.0153, [[0.4952467911164946, 0.1571, 0.0], [0.0, 0.0, 0.0], [0.40207987276738627, 0.12269207304556705, 0.0], [0.4026040979831664, 0.09689373983794167, 0.0], [0.0, 0.0, 0.0], [0.3887, 0.11309269324738092, 0.0], [0.0, 0.0, 0.0], [0.3887, 0.10544318747070129, 0.0], [0.0, 0.0, 0.0], [0.0, 0.0, 0.0]]
0.1100, [[0.0, 0.0, 0.9692721516721624], [0.973606587662642, 0.8342822250442972, 0.0], [0.0, 0.0, 0.8220122421012075], [0.0, 0.0, 0.8182509824685342], [0.690605366529449, 0.18278870758084406, 0.0], [0.0, 0.0, 0.805873401104549], [0.6805160473765113, 0.17443763951470626, 0.0], [0.0, 0.0, 0.0], [0.4893270786798389, 0.15449001862705863, 0.0], [0.46885810025445485, 0.1571, 0.0]]
0.0520, [[0.22103750308946102, 0.0, 0.0], [0.21954578790143964, 0.0, 0.0], [0.29946584528498976, 0.0, 0.0], [0.8780581657030502, 0.4314779940446195, 0.0], [0.0, 0.0, 0.0], [0.29529753987036045, 0.0, 0.0], [0.8761217339486628, 0.26177636458654463, 0.0], [0.8656543292290809, 0.3667897491521853, 0.0], [0.0, 0.0, 0.0], [0.7478346300859995, 0.18933413930835746, 0.0]]
0.0709, [[0.9343747852686375, 0.585217589048719, 0.0], [0.2257203558316041, 0.0, 0.0], [0.5151592843128197, 0.1571, 0.0], [0.18991919131909107, 0.0, 0.0], [0.40305573816906914, 0.15089025120273886, 0.0], [0.19149587762541753, 0.0, 0.0], [0.3887, 0.1492403577999256, 0.0], [0.18380599141881362, 0.0, 0.0], [0.4886980084209028, 0.14459065821017927, 0.0], [0.3887, 0.1400909489297795, 0.0]]
0.0994, [[0.9666842253280605, 0.7391982558074189, 0.0], [0.0, 0.0, 0.9919303874705605], [0.21638769467110328, 0.0, 0.0], [0.30599918015910865, 0.0, 0.0], [0.9457875346242195, 0.7351232285544105, 0.0], [0.0, 0.0, 0.8219014746339603], [0.29384831024149155, 0.0, 0.0], [0.962102353342286, 0.7208606331688794, 0.0], [0.0, 0.0, 0.7475994142692018], [0.2927153619974247, 0.0, 0.0]]
0.0086, [[0.3887, 0.07649505776679602, 0.0], [0.21862054683545168, 0.0, 0.0], [0.0, 0.0, 0.0], [0.2158778679612732, 0.0, 0.0], [0.3887, 0.022198565783305615, 0.0], [0.004772486625055621, 0.0, 0.0], [0.30919031771323036, 0.0, 0.0], [0.03233430287389825, 0.0, 0.0], [0.2951370388691177, 0.0, 0.0], [0.29529753987036045, 0.0, 0.0]]
0.1006, [[0.0, 0.0, 0.018354213246469377], [0.9484939648321231, 0.8573740461446826, 0.0], [0.22409646334844152, 0.0, 0.0], [0.9221462949771521, 0.7806276995463454, 0.0], [0.22297767695742554, 0.0, 0.0], [0.9470759478781228, 0.7765526722933354, 0.0], [0.22463461376437335, 0.0, 0.0], [0.9377444814711541, 0.6563393683295691, 0.0], [0.2266361556622248, 0.0, 0.0], [0.8939536783325681, 0.34998760762168285, 0.0]]
0.0433, [[0.8833261749246313, 0.22229133198986428, 0.0], [0.020191289567543444, 0.0, 0.9682864271314181], [0.30537605862487194, 0.0, 0.0], [0.3887, 0.0, 0.0], [0.2154766154581662, 0.0, 0.0], [0.19170358480349645, 0.0, 0.0], [0.19137786218332725, 0.0, 0.0], [0.3004335719101302, 0.0, 0.0], [0.29152104572347093, 0.0, 0.0], [0.3087654621217053, 0.0, 0.0]]
0.0763, [[0.9507048514808331, 0.5507731989111877, 0.0], [0.2258950186858977, 0.0, 0.0], [0.9334065693914437, 0.4163560666671676, 0.0], [0.22896342018024546, 0.0, 0.0], [0.9282071738934431, 0.6280630499514996, 0.0], [0.22810898837951166, 0.0, 0.0], [0.8920019990840519, 0.481884418636127, 0.0], [0.8963856536461492, 0.3289849307085547, 0.0], [0.2130974241456257, 0.0, 0.0], [0.8918647716368904, 0.3466271793155825, 0.0]]
0.0215, [[0.6840081938139392, 0.17411520445423762, 0.0], [0.20247603435749884, 0.0, 0.0], [0.3887, 0.0, 0.0], [0.28928347294143886, 0.0, 0.0], [0.3994990717050841, 0.11234274170064762, 0.0], [0.3887, 0.008099476704719714, 0.0], [0.2920591961394027, 0.0, 0.0], [0.2902134346251104, 0.0, 0.0], [0.2807580374048357, 0.0, 0.0], [0.30660341922261103, 0.0, 0.0]]
0.1040, [[0.0, 0.0, 0.9857655804992933], [0.9942059522309671, 0.7602525632813, 0.0], [0.0, 0.0, 0.979203348280735], [0.9282071738934431, 0.6280630499514996, 0.0], [0.0, 0.0, 0.8017556678011828], [0.0, 0.0, 0.8017556678011828], [0.8915140792719227, 0.5532935201407627, 0.0], [0.0, 0.0, 0.1499103270358336], [0.3887, 0.0, 0.0], [0.3887, 0.010649311963612813, 0.0]]
0.1055, [[0.9991537640758388, 0.7806276995463454, 0.0], [0.0, 0.0, 0.8222335668507577], [0.9534265291828654, 0.7853818980081896, 0.0], [0.2257203558316041, 0.0, 0.0], [0.99297852895358, 0.6631310804179175, 0.0], [0.0, 0.0, 0.778111752889802], [0.9470759478781228, 0.7765526722933354, 0.0], [0.23179579079041263, 0.0, 0.0], [0.23250388344295442, 0.0, 0.0], [0.22294463263364023, 0.0, 0.0]]
0.0813, [[0.0, 0.0, 0.0], [0.9490428746207681, 0.6753561621769444, 0.0], [0.22463461376437335, 0.0, 0.0], [0.0, 0.0, 0.0], [0.4041929036371462, 0.09584380767251516, 0.0], [0.3887, 0.10544318747070129, 0.0], [0.20962777014817094, 0.0, 0.0], [0.3887, 0.09554382705382176, 0.0], [0.0, 0.0, 0.0], [0.3887, 0.036447645171238205, 0.0]]
0.0999, [[0.9221462949771521, 0.7806276995463454, 0.0], [0.0, 0.0, 0.9909948173339616], [0.3887, 0.023248497948732124, 0.0], [0.889646261241116, 0.4776838832535014, 0.0], [0.3878830144990415, 0.010199341035572906, 0.0], [0.6825322982064349, 0.17630776286542438, 0.0], [0.21146409042709605, 0.0, 0.0], [0.46942265048683346, 0.12989160789420662, 0.0], [0.20906601664382113, 0.0, 0.0], [0.3887, 0.11309269324738092, 0.0]]
0.0912, [[0.0, 0.0, 0.8694943055110699], [0.9513376224871879, 0.6848645591006313, 0.0], [0.22693827519397597, 0.0, 0.0], [0.9373632941179282, 0.6053801588853209, 0.0], [0.0, 0.0, 0.0], [0.883143204995083, 0.3676298562287107, 0.0], [0.002033248739668916, 0.0, 0.0], [0.7465119695415698, 0.18788318153624858, 0.0], [0.3004335719101302, 0.0, 0.0], [0.3887, 0.03704760640862481, 0.0]]
0.0982, [[0.0, 0.0, 0.9747149975506361], [0.22297767695742554, 0.0, 0.0], [0.99297852895358, 0.6631310804179175, 0.0], [0.9411141776736703, 0.712031407454025, 0.0], [0.22927970156504748, 0.0, 0.0], [0.0, 0.0, 0.7541876614436178], [0.8920019990840519, 0.481884418636127, 0.0], [0.0, 0.0, 0.6595060685846398], [0.4127821321726206, 0.08489451509020894, 0.0], [0.0, 0.0, 0.24688907535287893]]
0.0203, [[0.0, 0.0, 0.9759641732454074], [0.40409612359730984, 0.10919294520436776, 0.0], [0.2962180603186648, 0.0, 0.0], [0.0, 0.0, 0.0], [0.3887, 0.0, 0.0], [0.293867192712226, 0.0, 0.0], [0.0, 0.0, 0.0], [0.31812644698830783, 0.0, 0.0], [0.30763251387763846, 0.0, 0.0], [0.19286013613598138, 0.0, 0.0]]
0.0962, [[0.9778682622717072, 0.6787520182211186, 0.0], [0.024935536626770744, 0.0, 0.9837456009420629], [0.5121349080679343, 0.1571, 0.0], [0.0, 0.0, 0.8384337818520432], [0.5103686723409214, 0.15329009615228542, 0.0], [0.0, 0.0, 0.6982736311970204], [0.40937870077170957, 0.14834041594384575, 0.0], [0.46548692886682275, 0.11099282891652756, 0.0], [0.4127821321726206, 0.08489451509020894, 0.0], [0.2920733579924535, 0.0, 0.0]]
0.1085, [[0.973606587662642, 0.8342822250442972, 0.0], [0.0, 0.0, 0.8219014746339603], [0.21445224142082236, 0.0, 0.0], [0.2968222993821671, 0.0, 0.0], [0.0, 0.0, 0.7915661117390198], [0.9688112507590609, 0.805757034273235, 0.0], [0.968712142047222, 0.8193404584499319, 0.0], [0.0, 0.0, 0.7925741587464689], [0.9412971476032189, 0.6347839065637003, 0.0], [0.8963856536461492, 0.3289849307085547, 0.0]]
0.0658, [[0.0, 0.0, 0.8120068080529166], [0.9433250643223803, 0.45248067095774763, 0.0], [0.3887, 0.013949098769239377, 0.0], [0.23175330523126014, 0.0, 0.0], [0.3887, 0.03989742228621129, 0.0], [0.0, 0.0, 0.7433711236835354], [0.3887, 0.1454906000662591, 0.0], [0.23041264980911436, 0.0, 0.0], [0.2851246087621767, 0.0, 0.0], [0.3887, 0.08159472828458256, 0.0]]
0.1218, [[0.0, 0.0, 0.8784358426754597], [0.9673779863109315, 0.9585705562610751, 0.0], [0.0, 0.0, 0.754961982789622], [0.9555154358785432, 0.5507731989111877, 0.0], [0.8827543938947925, 0.4188763878967426, 0.0], [0.8799183599867925, 0.3012613971832259, 0.0], [0.29946584528498976, 0.0, 0.0], [0.21652459258392798, 0.0, 0.0], [0.22581948880295988, 0.0, 0.0], [0.0, 0.0, 0.0]]
0.0189, [[0.0, 0.0, 0.8017556678011828], [0.0, 0.0, 0.7915661117390198], [0.3015287552127282, 0.0, 0.0], [0.3887, 0.12179213118948708, 0.0], [0.0, 0.0, 0.0], [0.0, 0.0, 0.0], [0.2841002347248329, 0.0, 0.0], [0.3887, 0.10754305180155448, 0.0], [0.017282614287184247, 0.0, 0.0], [0.0, 0.0, 0.0]]
0.0895, [[0.21850253139336137, 0.0, 0.0], [0.9666842253280605, 0.7391982558074189, 0.0], [0.21764337897494407, 0.0, 0.0], [0.962102353342286, 0.7208606331688794, 0.0], [0.21888490142573397, 0.0, 0.0], [0.4917949696956652, 0.1571, 0.0], [0.0, 0.0, 0.0], [0.3887, 0.10724307118286108, 0.0], [0.0, 0.0, 0.0], [0.3040778887618787, 0.0, 0.0]]
0.0189, [[0.0, 0.0, 0.9919303874705605], [0.0, 0.0, 0.9857655804992933], [0.020191289567543444, 0.0, 0.9682864271314181], [0.3887, 0.04349718971053107, 0.0], [0.3887, 0.0, 0.0], [0.0, 0.0, 0.9835160024493639], [0.3887, 0.039297461048824686, 0.0], [0.3887, 0.0046496995897464585, 0.0], [0.0, 0.0, 0.8017556678011828], [0.29946584528498976, 0.0, 0.0]]
0.0168, [[0.0, 0.0, 0.985503316062176], [0.3887, 0.0, 0.0], [0.3887, 0.0, 0.0], [0.3887, 0.042297267235757864, 0.0], [0.0, 0.0, 0.0], [0.1916044518321406, 0.0, 0.0], [0.29886632683917114, 0.0, 0.0], [0.3015287552127282, 0.0, 0.0], [0.3887, 0.0, 0.0], [0.0, 0.0, 0.0]]
0.0224, [[0.0, 0.0, 0.8219014746339603], [0.49444835578784474, 0.13934099738304623, 0.0], [0.0, 0.0, 0.801682103069614], [0.3887, 0.08039480580980919, 0.0], [0.3887, 0.13799108459892614, 0.0], [0.3887, 0.10724307118286108, 0.0], [0.0, 0.0, 0.760284286026201], [0.3887, 0.10739306149220777, 0.0], [0.30573954618651, 0.0, 0.0], [0.3077458087020451, 0.0, 0.0]]
0.0201, [[0.4125401820730298, 0.11219275139130094, 0.0], [0.0, 0.0, 0.8007848235294118], [0.4087173704994946, 0.11429261572215413, 0.0], [0.3887, 0.13799108459892614, 0.0], [0.0, 0.0, 0.017869258631918874], [0.4036444834114068, 0.10154343942768812, 0.0], [0.3887, 0.11639248005300731, 0.0], [0.0, 0.0, 0.0], [0.3887, 0.0499467730124375, 0.0], [0.0, 0.0, 0.0]]
0.1297, [[0.025867442299118703, 0.0, 0.9955905347150257], [0.9679421435937059, 0.9972833151646601, 0.0], [0.0, 0.0, 0.9857655804992933], [0.9555154358785432, 0.5507731989111877, 0.0], [0.9555154358785432, 0.5507731989111877, 0.0], [0.0, 0.0, 0.7735959292961728], [0.9314625138899919, 0.3676298562287107, 0.0], [0.9265070782980559, 0.5062475238553564, 0.0], [0.22878875732595189, 0.0, 0.0], [0.6822258280802866, 0.17443763951470626, 0.0]]
0.0762, [[0.9892352691449019, 0.5994994093496446, 0.0], [0.0, 0.0, 0.0], [0.0, 0.0, 0.0], [0.0, 0.0, 0.0], [0.8826324139417604, 0.3550282500808338, 0.0], [0.6811289876288082, 0.1695366265955829, 0.0], [0.3887, 0.0, 0.0], [0.29639744379064203, 0.0, 0.0], [0.018779311276106842, 0.0, 0.0], [0.0, 0.0, 0.0]]
0.1046, [[0.23250388344295442, 0.0, 0.0], [0.9907600185578054, 0.8594115597711868, 0.0], [0.23002555915905815, 0.0, 0.0], [0.987893489661547, 0.6590560531649075, 0.0], [0.22333172328369644, 0.0, 0.0], [0.9544176163012525, 0.590258231507869, 0.0], [0.22378018196363958, 0.0, 0.0], [0.3993458366420098, 0.12419197613903366, 0.0], [0.40345092333173427, 0.10124345880899473, 0.0], [0.0, 0.0, 0.0]]
0.0305, [[0.0, 0.0, 0.9835160024493639], [0.6537724963684052, 0.1741474479602845, 0.0], [0.0, 0.0, 0.9589521491285913], [0.3887, 0.00944938948883961, 0.0], [0.0, 0.0, 0.0], [0.3887, 0.003299786805626563, 0.0], [0.0, 0.0, 0.0], [0.3887, 0.0, 0.0], [0.3077458087020451, 0.0, 0.0], [0.3887, 0.0, 0.0]]
0.1256, [[0.0, 0.0, 0.8007848235294118], [0.3082981209710277, 0.0, 0.0], [0.968666399564835, 1.0, 0.0], [0.0, 0.0, 0.796949788980223], [0.30608415127741373, 0.0, 0.0], [0.9282071738934431, 0.6280630499514996, 0.0], [0.293867192712226, 0.0, 0.0], [0.6854760244181233, 0.1839494737985312, 0.0], [0.2936547649164635, 0.0, 0.0], [0.6844759640064814, 0.1816924283752507, 0.0]]
0.0799, [[0.9949378319491606, 0.6297432641045503, 0.0], [0.8968507022170846, 0.47600366910045266, 0.0], [0.8947541717743425, 0.35166782177473344, 0.0], [0.8825104339887282, 0.2416137947499418, 0.0], [0.8785155905269212, 0.1897855483930136, 0.0], [0.46548692886682275, 0.11099282891652756, 0.0], [0.30919031771323036, 0.0, 0.0], [0.3087654621217053, 0.0, 0.0], [0.30573954618651, 0.0, 0.0], [0.3051589102114258, 0.0, 0.0]]
0.0918, [[0.011662940687266664, 0.0, 0.0], [0.9470759478781228, 0.7765526722933354, 0.0], [0.0, 0.0, 0.0], [0.0, 0.0, 0.0], [0.0, 0.0, 0.0], [0.0, 0.0, 0.0], [0.0, 0.0, 0.0], [0.0, 0.0, 0.0], [0.5121349080679343, 0.1571, 0.0], [0.3887, 0.12404198582968695, 0.0]]
0.0933, [[0.0, 0.0, 0.7475994142692018], [0.9332693419442826, 0.7303690300925663, 0.0], [0.0, 0.0, 0.2018314145494022], [0.8963856536461492, 0.3289849307085547, 0.0], [0.0, 0.0, 0.018354213246469377], [0.7451167239672625, 0.1883345906209047, 0.0], [0.0, 0.0, 0.0], [0.49444835578784474, 0.13934099738304623, 0.0], [0.0, 0.0, 0.0], [0.4781086590621443, 0.1571, 0.0]]
0.0221, [[0.6844759640064814, 0.1816924283752507, 0.0], [0.2257203558316041, 0.0, 0.0], [0.21733181820782566, 0.0, 0.0], [0.4184921545229641, 0.11639248005300731, 0.0], [0.0, 0.0, 0.0], [0.3887, 0.0, 0.0], [0.30640987389758295, 0.0, 0.0], [0.2939238401244294, 0.0, 0.0], [0.19340300716959674, 0.0, 0.0], [0.2851246087621767, 0.0, 0.0]]
0.0747, [[0.8969193159406654, 0.6488684850323848, 0.0], [0.22693827519397597, 0.0, 0.0], [0.3887, 0.0499467730124375, 0.0], [0.22742449881538795, 0.0, 0.0], [0.3887, 0.0, 0.0], [0.2302427075725043, 0.0, 0.0], [0.3887, 0.0, 0.0], [0.20172073552812092, 0.0, 0.0], [0.3082981209710277, 0.0, 0.0], [0.30644291822136827, 0.0, 0.0]]
0.1046, [[0.9917358581820634, 0.8580532173535167, 0.0], [0.22378018196363958, 0.0, 0.0], [0.9273228192339592, 0.6936937848154855, 0.0], [0.0, 0.0, 0.0], [0.8829678588125992, 0.3919929614479401, 0.0], [0.0, 0.0, 0.0], [0.6859599246173049, 0.17717833752868972, 0.0], [0.6828307033292637, 0.1772750680468303, 0.0], [0.0, 0.0, 0.0], [0.0, 0.0, 0.0]]
0.1113, [[0.9273228192339592, 0.6936937848154855, 0.0], [0.0310635224116053, 0.0, 0.9859649489401787], [0.3887, 0.011849234438386187, 0.0], [0.2269477164293432, 0.0, 0.0], [0.3887, 0.017998837121599064, 0.0], [0.3095207609510832, 0.0, 0.0], [0.9496070319035425, 0.8369989098796372, 0.0], [0.0, 0.0, 0.2018314145494022], [0.3887, 0.12179213118948708, 0.0], [0.3887, 0.003299786805626563, 0.0]]
0.0053, [[0.3887, 0.008099476704719714, 0.0], [0.0, 0.0, 0.0], [0.2922149765229618, 0.0, 0.0], [0.3887, 0.006749563920599649, 0.0], [0.3887, 0.0005999612373867719, 0.0], [0.0, 0.0, 0.0], [0.29897018042821055, 0.0, 0.0], [0.3887, 0.0, 0.0], [0.3887, 0.0, 0.0], [0.3015287552127282, 0.0, 0.0]]
0.0195, [[0.0310635224116053, 0.0, 0.9859649489401787], [0.3887, 0.013949098769239377, 0.0], [0.22238759974697406, 0.0, 0.0], [0.3887, 0.03524772269646483, 0.0], [0.019259383895195492, 0.0, 0.9829407570419219], [0.2233647676074817, 0.0, 0.0], [0.3887, 0.0, 0.0], [0.3887, 0.023248497948732124, 0.0], [0.20962777014817094, 0.0, 0.0], [0.0, 0.0, 0.9799847701365995]]
0.0904, [[0.22386043246426093, 0.0, 0.0], [0.9202479819580875, 0.6896187575624755, 0.0], [0.9235185694487651, 0.636464120716751, 0.0], [0.0, 0.0, 0.9589521491285913], [0.3887, 0.004949680208439845, 0.0], [0.0, 0.0, 0.8784358426754597], [0.22728288028487958, 0.0, 0.0], [0.311031358609839, 0.0, 0.0], [0.0, 0.0, 0.6706885383380425], [0.3004335719101302, 0.0, 0.0]]
0.0309, [[0.0, 0.0, 0.7410111670947859], [0.7187360981085427, 0.18156345435106325, 0.0], [0.0, 0.0, 0.7610953897379926], [0.688363295606574, 0.18391723029248433, 0.0], [0.2173979068553962, 0.0, 0.0], [0.6876858353277197, 0.17530821417797157, 0.0], [0.20247603435749884, 0.0, 0.0], [0.6858550795741489, 0.18172467188129757, 0.0], [0.0, 0.0, 0.0], [0.6854760244181233, 0.1839494737985312, 0.0]]
0.1141, [[0.9501940604275103, 0.9864165758233031, 0.0], [0.2920591961394027, 0.0, 0.0], [0.9334141931385082, 0.5474127706050884, 0.0], [0.3887, 0.013949098769239377, 0.0], [0.9328652833498632, 0.49112559647790455, 0.0], [0.3887, 0.035847683933851605, 0.0], [0.8944720931329553, 0.36006889253998475, 0.0], [0.3887, 0.03869749981143809, 0.0], [0.8715474857099526, 0.3037817184128009, 0.0], [0.8941671432503746, 0.22817208152553958, 0.0]]
0.1301, [[0.028578440618677082, 0.0, 0.9766134323127651], [0.968666399564835, 1.0, 0.0], [0.9251500513205719, 0.7385190845985847, 0.0], [0.6861454196936582, 0.18878599970556081, 0.0], [0.0, 0.0, 0.9596707999057941], [0.9217651076239262, 0.8071153766909034, 0.0], [0.9686130333353833, 0.7595733920724642, 0.0], [0.9408778415146705, 0.7711193026226569, 0.0], [0.0, 0.0, 0.7334764571024917], [0.9608596825707695, 0.6549810259118991, 0.0]]
0.0203, [[0.3887, 0.11309269324738092, 0.0], [0.0, 0.0, 0.9919303874705605], [0.3887, 0.007199534848639728, 0.0], [0.3887, 0.04589703466007765, 0.0], [0.0, 0.0, 0.9915788694300518], [0.3887, 0.006449583301906433, 0.0], [0.0, 0.0, 0.985503316062176], [0.29491044922030424, 0.0, 0.0], [0.0, 0.0, 0.9824371518605751], [0.2233647676074817, 0.0, 0.0]]
0.0884, [[0.9377444814711541, 0.6563393683295691, 0.0], [0.0, 0.0, 0.805873401104549], [0.9626283918897375, 0.6322635853341253, 0.0], [0.22827893061612173, 0.0, 0.0], [0.0, 0.0, 0.7926109411122533], [0.6844759640064814, 0.1816924283752507, 0.0], [0.6871616101119395, 0.1809508277361728, 0.0], [0.22747170499222408, 0.0, 0.0], [0.3887, 0.04169730599837127, 0.0], [0.22589973930358132, 0.0, 0.0]]
0.0464, [[0.8656543292290809, 0.3667897491521853, 0.0], [0.0, 0.0, 0.13264066710097588], [0.5121349080679343, 0.1571, 0.0], [0.0, 0.0, 0.04442661107492088], [0.40937870077170957, 0.14834041594384575, 0.0], [0.22733480707939935, 0.0, 0.0], [0.40570912426124867, 0.10454324561462129, 0.0], [0.21733181820782566, 0.0, 0.0], [0.21537748248681032, 0.0, 0.0], [0.10324385266984465, 0.0, 0.0]]
0.0881, [[0.9222377799419263, 0.6773936758034487, 0.0], [0.9306543967011532, 0.47096302664130074, 0.0], [0.0, 0.0, 0.7433711236835354], [0.0, 0.0, 0.8120068080529166], [0.8998010923310528, 0.669922792506266, 0.0], [0.0, 0.0, 0.0], [0.7504880161781791, 0.18775420751206115, 0.0], [0.0, 0.0, 0.0], [0.7470523247639891, 0.18717382440321761, 0.0], [0.17807516155090874, 0.0, 0.0]]
0.0219, [[0.6838146337342663, 0.17985454853057942, 0.0], [0.0, 0.0, 0.0], [0.3102146917505742, 0.0, 0.0], [0.5081507964280054, 0.1571, 0.0], [0.0, 0.0, 0.0], [0.3887, 0.010199341035572906, 0.0], [0.3887, 0.01784884681225254, 0.0], [0.38882100730980873, 0.09374394334166179, 0.0], [0.0, 0.0, 0.0], [0.1901599428209553, 0.0, 0.0]]
0.0933, [[0.23118211049154308, 0.0, 0.0], [0.9534265291828654, 0.7853818980081896, 0.0], [0.23175330523126014, 0.0, 0.0], [0.8918647716368904, 0.3466271793155825, 0.0], [0.22893037585646023, 0.0, 0.0], [0.7478346300859995, 0.18933413930835746, 0.0], [0.29886632683917114, 0.0, 0.0], [0.7448102538411141, 0.1853681880645932, 0.0], [0.3887, 0.010649311963612813, 0.0], [0.3887, 0.025798333207625392, 0.0]]
0.1305, [[0.968666399564835, 1.0, 0.0], [0.2185214138640959, 0.0, 0.0], [0.21917757972211793, 0.0, 0.0], [0.0310635224116053, 0.0, 0.9859649489401787], [0.9254702486972817, 0.8030403494378949, 0.0], [0.9513376224871879, 0.6848645591006313, 0.0], [0.20962777014817094, 0.0, 0.0], [0.21862054683545168, 0.0, 0.0], [0.0, 0.0, 0.0], [0.3887, 0.0, 0.0]]
0.0417, [[0.8896538849881804, 0.3214239670198288, 0.0], [0.21582594116675347, 0.0, 0.0], [0.3887, 0.02459841073285219, 0.0], [0.3887, 0.011849234438386187, 0.0], [0.28402942545957877, 0.0, 0.0], [0.0, 0.0, 0.0], [0.0, 0.0, 0.0], [0.0, 0.0, 0.0], [0.3117441718800644, 0.0, 0.0], [0.0, 0.0, 0.0]]
0.0101, [[0.0, 0.0, 0.0], [0.2257203558316041, 0.0, 0.0], [0.3887, 0.10664310994547448, 0.0], [0.21772835009324903, 0.0, 0.0], [0.3887, 0.08774433096779545, 0.0], [0.3887, 0.03944745135817138, 0.0], [0.3887, 0.029398100631945173, 0.0], [0.3887, 0.030598023106718546, 0.0], [0.3887, 0.02774820722913189, 0.0], [0.3887, 0.018448808049639144, 0.0]]
0.0157, [[0.2258383712736944, 0.0, 0.0], [0.5074652711458314, 0.1571, 0.0], [0.5094089369458776, 0.1571, 0.0], [0.0, 0.0, 0.0], [0.0, 0.0, 0.0], [0.21530195260387253, 0.0, 0.0], [0.4893270786798389, 0.15449001862705863, 0.0], [0.0, 0.0, 0.0], [0.4690597253374472, 0.13544124934003307, 0.0], [0.3887, 0.13739112336153955, 0.0]]
0.0816, [[0.9608596825707695, 0.6549810259118991, 0.0], [0.8998010923310528, 0.669922792506266, 0.0], [0.22543239815290378, 0.0, 0.0], [0.2259847104218863, 0.0, 0.0], [0.20383085163269551, 0.0, 0.0], [0.9512690087636071, 0.5726159829008421, 0.0], [0.3887, 0.020098701452452423, 0.0], [0.3887, 0.01664892433747917, 0.0], [0.3887, 0.020698662689839026, 0.0], [0.8811839019995021, 0.40879510297844257, 0.0]]
0.0806, [[0.0, 0.0, 0.0], [0.21431534350799764, 0.0, 0.0], [0.0, 0.0, 0.0], [0.9202479819580875, 0.6896187575624755, 0.0], [0.21328152823528665, 0.0, 0.0], [0.0, 0.0, 0.0], [0.9011276243202786, 0.5289304149215353, 0.0], [0.0, 0.0, 0.0], [0.46885810025445485, 0.1571, 0.0], [0.3887, 0.13799108459892614, 0.0]]
0.0967, [[0.9510098013634137, 0.6726394773416045, 0.0], [0.23118211049154308, 0.0, 0.0], [0.9891819029154503, 0.6590560531649075, 0.0], [0.02637575448403567, 0.0, 0.9943068193122941], [0.22988866124623342, 0.0, 0.0], [0.22693827519397597, 0.0, 0.0], [0.8953259528041813, 0.3457870722390572, 0.0], [0.0, 0.0, 0.7334764571024917], [0.2127150541132532, 0.0, 0.0], [0.0, 0.0, 0.1499103270358336]]
0.0800, [[0.9140270043534414, 0.6889395863536413, 0.0], [0.0, 0.0, 0.0], [0.3887, 0.03869749981143809, 0.0], [0.2240350953185546, 0.0, 0.0], [0.6604583841204319, 0.16734406818439615, 0.0], [0.3887, 0.031047994034758452, 0.0], [0.0, 0.0, 0.0], [0.3102146917505742, 0.0, 0.0], [0.29364060306341266, 0.0, 0.0], [0.29546276148928685, 0.0, 0.0]]
0.1254, [[0.973606587662642, 0.8342822250442972, 0.0], [0.018694592578620852, 0.0, 0.988404026943005], [0.9498204968213488, 0.9612872410964135, 0.0], [0.0, 0.0, 0.9824371518605751], [0.9251500513205719, 0.7385190845985847, 0.0], [0.0, 0.0, 0.8784358426754597], [0.3887, 0.1400909489297795, 0.0], [0.0, 0.0, 0.7925741587464689], [0.3887, 0.12299205366426026, 0.0], [0.0, 0.0, 0.0]]
0.0356, [[0.690605366529449, 0.18278870758084406, 0.0], [0.0, 0.0, 0.9828508163918982], [0.6890810809020267, 0.18101531474826654, 0.0], [0.0, 0.0, 0.979203348280735], [0.6821855030636881, 0.17821012972218936, 0.0], [0.6825322982064349, 0.17630776286542438, 0.0], [0.03529945728591512, 0.0, 0.977872476495525], [0.6812418976752839, 0.174018473936097, 0.0], [0.0, 0.0, 0.9692721516721624], [0.6811209226254884, 0.17324462979097227, 0.0]]
0.1039, [[0.9254702486972817, 0.8030403494378949, 0.0], [0.0, 0.0, 0.9616381267074898], [0.9507048514808331, 0.5507731989111877, 0.0], [0.9222377799419263, 0.6773936758034487, 0.0], [0.22297767695742554, 0.0, 0.0], [0.8780581657030502, 0.4314779940446195, 0.0], [0.2255126486535251, 0.0, 0.0], [0.8827543938947925, 0.4188763878967426, 0.0], [0.2258336506560108, 0.0, 0.0], [0.8931913036261164, 0.34830739346863315, 0.0]]
0.0618, [[0.02688406666895316, 0.0, 0.9999996877060762], [0.8973462457762782, 0.3928330685244644, 0.0], [0.3887, 0.04724694744419754, 0.0], [0.296057559317422, 0.0, 0.0], [0.2977711435365731, 0.0, 0.0], [0.021320872200692727, 0.0, 0.9890385457371643], [0.8911252681716324, 0.3793913553000632, 0.0], [0.3887, 0.011699244129039495, 0.0], [0.8931913036261164, 0.34830739346863315, 0.0], [0.3887, 0.0, 0.0]]
0.0848, [[0.9433250643223803, 0.45248067095774763, 0.0], [0.0, 0.0, 0.8219014746339603], [0.21783220368228853, 0.0, 0.0], [0.21964492087279552, 0.0, 0.0], [0.0, 0.0, 0.8017556678011828], [0.0, 0.0, 0.7925741587464689], [0.0, 0.0, 0.0], [0.9412971476032189, 0.6347839065637003, 0.0], [0.2173931862377126, 0.0, 0.0], [0.7448102538411141, 0.1853681880645932, 0.0]]
0.1029, [[0.9942059522309671, 0.7602525632813, 0.0], [0.0, 0.0, 0.8784358426754597], [0.9251500513205719, 0.7385190845985847, 0.0], [0.0, 0.0, 0.7735959292961728], [0.6537724963684052, 0.1741474479602845, 0.0], [0.10211427003669536, 0.0, 0.0], [0.3887, 0.019198759596372437, 0.0], [0.0, 0.0, 0.0], [0.3887, 0.013199147222506083, 0.0], [0.21575041128381564, 0.0, 0.0]]
0.0116, [[0.40971743091113677, 0.11024287736979427, 0.0], [0.0, 0.0, 0.0684105589576572], [0.22708461434216792, 0.0, 0.0], [0.2902134346251104, 0.0, 0.0], [0.30587172348165126, 0.0, 0.0], [0.4125401820730298, 0.11219275139130094, 0.0], [0.0, 0.0, 0.023166221064063814], [0.19137786218332725, 0.0, 0.0], [0.21238461087540036, 0.0, 0.0], [0.30763251387763846, 0.0, 0.0]]
0.0765, [[0.019259383895195492, 0.0, 0.9829407570419219], [0.8915140792719227, 0.5532935201407627, 0.0], [0.0, 0.0, 0.7926109411122533], [0.7470684547706286, 0.182337298496188, 0.0], [0.7435037233033237, 0.18407844782271865, 0.0], [0.0, 0.0, 0.7735959292961728], [0.6859599246173049, 0.17717833752868972, 0.0], [0.3887, 0.09854363324075495, 0.0], [0.3887, 0.10124345880899473, 0.0], [0.3887, 0.09584380767251516, 0.0]]
0.1081, [[0.968712142047222, 0.8193404584499319, 0.0], [0.3887, 0.011849234438386187, 0.0], [0.0, 0.0, 0.9824371518605751], [0.0, 0.0, 0.0], [0.3887, 0.12299205366426026, 0.0], [0.40345092333173427, 0.10124345880899473, 0.0], [0.29525977492889155, 0.0, 0.0], [0.29881912066233496, 0.0, 0.0], [0.0, 0.0, 0.1499103270358336], [0.0, 0.0, 0.0]]
0.0921, [[0.021716226122294877, 0.0, 0.9911665789919922], [0.9140270043534414, 0.6889395863536413, 0.0], [0.2258336506560108, 0.0, 0.0], [0.0, 0.0, 0.019883646471227538], [0.8998010923310528, 0.669922792506266, 0.0], [0.09991158390205446, 0.0, 0.0], [0.0, 0.0, 0.0], [0.688363295606574, 0.18391723029248433, 0.0], [0.690605366529449, 0.18278870758084406, 0.0], [0.10530534097534187, 0.0, 0.0]]
0.0296, [[0.6876858353277197, 0.17530821417797157, 0.0], [0.0, 0.0, 0.7926109411122533], [0.23152199496476317, 0.0, 0.0], [0.3887, 0.0, 0.0], [0.40428161867366275, 0.08459453447151573, 0.0], [0.397418300848603, 0.11369265448476752, 0.0], [0.4042574236637037, 0.11189277077260755, 0.0], [0.3994990717050841, 0.11234274170064762, 0.0], [0.19006080984959944, 0.0, 0.0], [0.30673087590006853, 0.0, 0.0]]
0.1172, [[0.9679421435937059, 0.9972833151646601, 0.0], [0.18193190619841973, 0.0, 0.0], [0.29624166340708286, 0.0, 0.0], [0.4735196721732381, 0.15059027058404564, 0.0], [0.20777256739851147, 0.0, 0.0], [0.21103451421788735, 0.0, 0.0], [0.21009511129884859, 0.0, 0.0], [0.000762468277375972, 0.0, 0.0], [0.4691887653905622, 0.14174084233259263, 0.0], [0.40854800542978115, 0.11144279984456765, 0.0]]
0.0935, [[0.9202479819580875, 0.6896187575624755, 0.0], [0.0310635224116053, 0.0, 0.9859649489401787], [0.3887, 0.0, 0.0], [0.020191289567543444, 0.0, 0.9682864271314181], [0.3887, 0.0016498934028132816, 0.0], [0.0, 0.0, 0.7361928873619313], [0.30834532714786383, 0.0, 0.0], [0.0, 0.0, 0.24688907535287893], [0.0, 0.0, 0.13349846862106687], [0.0, 0.0, 0.09653437567861342]]
0.0167, [[0.28548337570613125, 0.0, 0.0], [0.025867442299118703, 0.0, 0.9955905347150257], [0.028578440618677082, 0.0, 0.9766134323127651], [0.21156794401613546, 0.0, 0.0], [0.03442403074522432, 0.0, 0.0], [0.0, 0.0, 0.7317924553043939], [0.023015246150416654, 0.0, 0.0], [0.015079928152542835, 0.0, 0.0], [0.0, 0.0, 0.7097169404700754], [0.0, 0.0, 0.2920588438653657]]
0.0778, [[0.9288018261644754, 0.4877651681718033, 0.0], [0.9011276243202786, 0.5289304149215353, 0.0], [0.03529945728591512, 0.0, 0.977872476495525], [0.884233400825309, 0.3768710340704863, 0.0], [0.8963856536461492, 0.3289849307085547, 0.0], [0.8953259528041813, 0.3457870722390572, 0.0], [0.9003195071314398, 0.3063020396423769, 0.0], [0.22896342018024546, 0.0, 0.0], [0.23152199496476317, 0.0, 0.0], [0.22988866124623342, 0.0, 0.0]]
0.1008, [[0.9580236486627693, 0.7595733920724642, 0.0], [0.0, 0.0, 0.9824371518605751], [0.3887, 0.0, 0.0], [0.3887, 0.008099476704719714, 0.0], [0.8968507022170846, 0.47600366910045266, 0.0], [0.0, 0.0, 0.058003818458198554], [0.8780581657030502, 0.4314779940446195, 0.0], [0.0, 0.0, 0.0], [0.016520146009808275, 0.0, 0.0], [0.6852824643384507, 0.17724282454078344, 0.0]]
0.0604, [[0.8911252681716324, 0.3793913553000632, 0.0], [0.0310635224116053, 0.0, 0.9859649489401787], [0.510296087311044, 0.1571, 0.0], [0.0, 0.0, 0.9836295525200186], [0.3887, 0.030898003725411762, 0.0], [0.0, 0.0, 0.09716846905537722], [0.3887, 0.013199147222506083, 0.0], [0.2912283674270869, 0.0, 0.0], [0.3887, 0.0, 0.0], [0.3887, 0.06284593961625021, 0.0]]
0.1078, [[0.0, 0.0, 0.6982736311970204], [0.22511139615041809, 0.0, 0.0], [0.9882136870382567, 0.8268113417471146, 0.0], [0.2302427075725043, 0.0, 0.0], [0.22988866124623342, 0.0, 0.0], [0.4917949696956652, 0.1571, 0.0], [0.21733181820782566, 0.0, 0.0], [0.4030073481491511, 0.11054285798848765, 0.0], [0.21332873441212277, 0.0, 0.0], [0.3887, 0.04964679239374412, 0.0]]
0.0858, [[0.3887, 0.039297461048824686, 0.0], [0.0, 0.0, 0.0], [0.9483033711555101, 0.7181439483335393, 0.0], [0.3887, 0.01664892433747917, 0.0], [0.6861454196936582, 0.1835947952320157, 0.0], [0.3887, 0.0, 0.0], [0.300886751207757, 0.0, 0.0], [0.3887, 0.11639248005300731, 0.0], [0.3887, 0.13454130748395307, 0.0], [0.3014437840944232, 0.0, 0.0]]
0.1082, [[0.23250388344295442, 0.0, 0.0], [0.9685825383471254, 0.8200196296587661, 0.0], [0.968712142047222, 0.8193404584499319, 0.0], [0.0, 0.0, 0.9845948530381535], [0.28928347294143886, 0.0, 0.0], [0.21850253139336137, 0.0, 0.0], [0.9513376224871879, 0.6848645591006313, 0.0], [0.9202479819580875, 0.6896187575624755, 0.0], [0.0, 0.0, 0.8120068080529166], [0.9433250643223803, 0.45248067095774763, 0.0]]
0.1079, [[0.0, 0.0, 0.7433711236835354], [0.30804792823379634, 0.0, 0.0], [0.9942059522309671, 0.7602525632813, 0.0], [0.2251302786211526, 0.0, 0.0], [0.9685825383471254, 0.8200196296587661, 0.0], [0.0, 0.0, 0.0], [0.8973462457762782, 0.3928330685244644, 0.0], [0.0, 0.0, 0.0], [0.748060450178951, 0.18988227891115417, 0.0], [0.6876858353277197, 0.17530821417797157, 0.0]]
0.1192, [[0.9679421435937059, 0.9972833151646601, 0.0], [0.0, 0.0, 0.0], [0.9917968481585798, 0.5726159829008421, 0.0], [0.9783866770720943, 0.922574482192827, 0.0], [0.22742449881538795, 0.0, 0.0], [0.9778682622717072, 0.6787520182211186, 0.0], [0.22798625231973785, 0.0, 0.0], [0.9235185694487651, 0.636464120716751, 0.0], [0.9265070782980559, 0.5062475238553564, 0.0], [0.22402565408318736, 0.0, 0.0]]
0.1278, [[0.0, 0.0, 0.9794821018370232], [0.9688874882297062, 0.9728331516466062, 0.0], [0.3887, 0.008099476704719714, 0.0], [0.3887, 0.03989742228621129, 0.0], [0.034452270311053156, 0.0, 0.9727770263777671], [0.9412971476032189, 0.6347839065637003, 0.0], [0.3887, 0.019048769287025744, 0.0], [0.3887, 0.0020998643308533607, 0.0], [0.3887, 0.00044997092804007887, 0.0], [0.938689826107154, 0.5684154475182166, 0.0]]
