0.3353, [[0.04481694792350471, 0.9998148778514525], [0.9973702341005023, 0.0], [0.22414928303818976, 0.09140241586395528], [0.1116950095947454, 0.998159245277538], [0.11602659281910589, 0.8811401718605885], [0.11635898007892247, 0.8785152123637366], [0.1116950095947454, 0.998159245277538], [0.11236614299863133, 0.9892347597917106], [0.9947407366540363, 0.0], [0.017716862048546344, 0.09298682780354382]]
0.3344, [[0.9992520898534095, 0.0], [0.11178117494105408, 0.9918659295679522], [0.11678872234958552, 0.8757669195093432], [0.1167436186356997, 0.8816548923765187], [0.2235239617721492, 0.09130449696753479], [0.9951893216701715, 0.0], [0.04504350166013782, 0.9710853927214891], [0.1162613785996941, 0.8800577341186553], [0.22601822905482583, 0.09116342490189083], [0.993180219180192, 0.0]]
0.3353, [[0.04437813561638812, 1.0], [0.9964472925771793, 0.0], [0.11243628790011717, 0.9885018072668911], [0.11247552566651402, 0.9882554545546978], [0.1121215477764439, 0.989127998808945], [0.04456599381706452, 0.9849957207701192], [0.04468612250639761, 0.9885430463131752], [0.2285924621107438, 0.09110492032346296], [0.11237353705008803, 0.9799973878701169], [0.1167436186356997, 0.8816548923765187]]
0.3318, [[0.044571711883524365, 0.9983692434328544], [0.9952242205643053, 0.0], [0.1116950095947454, 0.998159245277538], [0.9951893216701715, 0.0], [0.04476558391271888, 0.9941282855047098], [0.9938926935265848, 0.0], [0.044687897078747214, 0.9918542067933738], [0.2235426142966236, 0.09127505173028899], [0.11247552566651402, 0.9882554545546978], [0.11210345699721318, 0.9842755376961795]]
0.3198, [[0.112810180435444, 0.9735131932923242], [0.99773855166013, 0.0], [0.9937241050226157, 0.0], [0.9916648018156897, 0.0], [0.9866627164741887, 0.0], [0.9451837700779757, 0.0], [0.9344574607394363, 0.0], [0.9911241374096476, 0.0], [0.11602659281910589, 0.8811401718605885], [0.01385366733712923, 0.7479793262983594]]
0.3331, [[0.1116950095947454, 0.998159245277538], [0.11235189712615809, 0.9847350285925935], [0.11238245920551243, 0.9817156465760788], [0.22893688743890844, 0.09110458021167797], [0.9976727806673393, 0.0], [0.11320172010691412, 0.9684337080897358], [0.22601822905482583, 0.09116342490189083], [0.9951893216701715, 0.0], [0.22414928303818976, 0.09140241586395528], [0.22318950908083224, 0.09129471875371627]]
0.2478, [[0.935897442802003, 0.0], [0.04478687878091416, 0.9927406020640122], [0.2689048151043596, 0.0], [0.26735499346684866, 0.0], [0.04526744283192289, 0.9748809201048712], [0.2680244528848631, 0.0], [0.2687387891686919, 0.0], [0.2748160032565816, 0.0], [0.2680698837860579, 0.0], [0.269078597535353, 0.0]]
0.3318, [[0.11235189712615809, 0.9847350285925935], [0.2235239617721492, 0.09130449696753479], [0.11660732162051464, 0.87973267134858], [0.9916648018156897, 0.0], [0.0187652399577528, 0.8936005741177842], [0.9313020638036771, 0.0], [0.018749071631900826, 0.888719503852774], [0.9312376350760454, 0.0], [0.0044867843644364955, 0.3880822848173196], [0.9311546830892197, 0.0]]
0.3217, [[0.9992520898534095, 0.0], [0.11271080438386602, 0.9805293436558141], [0.11635898007892247, 0.8785152123637366], [0.11606080263051219, 0.8772036571793776], [0.11632279852046104, 0.8768152356038437], [0.11320172010691412, 0.9684337080897358], [0.9976727806673393, 0.0], [0.004001044477408077, 0.49926556508859216], [0.9968480929536543, 0.0], [0.9965568214141529, 0.0]]
0.3343, [[1.0, 0.0], [0.22631131377107094, 0.09115610595790224], [0.04466536986864249, 0.9899098660062604], [0.11678872234958552, 0.8757669195093432], [0.2285924621107438, 0.09110492032346296], [0.11279825136576052, 0.9799333661696672], [0.1121215477764439, 0.989127998808945], [0.227809240761282, 0.09112850576762993], [0.2261329143785739, 0.09126404031394936], [0.11247552566651402, 0.9882554545546978]]
0.3340, [[0.11178117494105408, 0.9918659295679522], [0.11237353705008803, 0.9799973878701169], [0.22533695021536232, 0.09124174337019861], [0.11602659281910589, 0.8811401718605885], [0.1162613785996941, 0.8800577341186553], [0.11632279852046104, 0.8768152356038437], [0.9992520898534095, 0.0], [0.1121215477764439, 0.989127998808945], [0.11635898007892247, 0.8785152123637366], [0.2235426142966236, 0.09127505173028899]]
0.3312, [[0.22318950908083224, 0.09129471875371627], [0.1121215477764439, 0.989127998808945], [0.9965568214141529, 0.0], [0.0450198406954764, 0.9843513170604175], [0.04502048151326931, 0.9617394106889965], [0.04541754207649378, 0.9584045953243814], [0.04560175254511822, 0.9333657606123769], [0.04481694792350471, 0.9998148778514525], [0.04524343681152682, 0.9524310043357327], [0.9940894695988933, 0.0]]
0.3355, [[0.04462278013225193, 0.9987678526577243], [0.11236614299863133, 0.9892347597917106], [0.11678872234958552, 0.8757669195093432], [0.11178117494105408, 0.9918659295679522], [0.11635898007892247, 0.8785152123637366], [0.11247552566651402, 0.9882554545546978], [0.1116950095947454, 0.998159245277538], [0.22414928303818976, 0.09140241586395528], [0.9976727806673393, 0.0], [0.9960757535811702, 0.0]]
0.3246, [[0.04462278013225193, 0.9987678526577243], [0.9957305229822775, 0.0], [0.11178117494105408, 0.9918659295679522], [0.9943506743988333, 0.0], [0.04468612250639761, 0.9885430463131752], [0.11243628790011717, 0.9885018072668911], [0.11210345699721318, 0.9842755376961795], [0.044581619912476333, 0.9839980986978281], [0.11237353705008803, 0.9799973878701169], [0.1162613785996941, 0.8800577341186553]]
0.3016, [[0.9964472925771793, 0.0], [0.04632750334243092, 0.8874761221848604], [0.046205205731337205, 0.884403429455383], [0.046526797676027014, 0.8833078733704693], [0.1167436186356997, 0.8816548923765187], [0.9952242205643053, 0.0], [0.000344981794131154, 0.0726773272684029], [0.9952014020566025, 0.0], [0.9946250333973312, 0.0], [0.9946145637290911, 0.0]]
0.3191, [[0.9907099143815823, 0.0], [0.11178117494105408, 0.9918659295679522], [0.26494180002817436, 0.0], [0.018399234410646444, 0.9146180784789353], [0.25838996229771993, 0.0], [0.018406973517837783, 0.9126405580530603], [0.06878708252316813, 0.01570428125000001], [0.0029504483527646136, 0.6956329511013633], [0.0036618053965749553, 0.4435782297617053], [0.06865482758944606, 0.012882281250000018]]
0.3352, [[0.04437813561638812, 1.0], [0.11320172010691412, 0.9684337080897358], [0.9992520898534095, 0.0], [0.9984743814202894, 0.0], [0.9976727806673393, 0.0], [0.11271080438386602, 0.9805293436558141], [0.2235426142966236, 0.09127505173028899], [0.11243628790011717, 0.9885018072668911], [0.11243628790011717, 0.9885018072668911], [0.1167436186356997, 0.8816548923765187]]
0.3343, [[0.999569938243059, 0.0], [0.11247552566651402, 0.9882554545546978], [0.112810180435444, 0.9735131932923242], [0.11178117494105408, 0.9918659295679522], [0.1121215477764439, 0.989127998808945], [0.1162613785996941, 0.8800577341186553], [0.1160994488727925, 0.8779581014575903], [0.11565521426127434, 0.8790936405772263], [0.11237353705008803, 0.9799973878701169], [0.2285924621107438, 0.09110492032346296]]
0.3343, [[0.11243628790011717, 0.9885018072668911], [0.999569938243059, 0.0], [0.11279825136576052, 0.9799333661696672], [0.1167436186356997, 0.8816548923765187], [0.04476558391271888, 0.9941282855047098], [0.11238245920551243, 0.9817156465760788], [0.11235189712615809, 0.9847350285925935], [0.11607928775915392, 0.8725910593857349], [0.2235239617721492, 0.09130449696753479], [0.004314010028731745, 0.38008945184729787]]
0.3287, [[0.937857418387164, 0.0], [0.11178117494105408, 0.9918659295679522], [0.04485697438872362, 0.9913260539315728], [0.1121215477764439, 0.989127998808945], [0.2285924621107438, 0.09110492032346296], [0.11279825136576052, 0.9799333661696672], [0.2261329143785739, 0.09126404031394936], [0.11692472360271232, 0.8757837361085894], [0.04512759667203862, 0.9656126363431694], [0.11247552566651402, 0.9882554545546978]]
0.3215, [[0.9943506743988333, 0.0], [0.112810180435444, 0.9735131932923242], [0.26835982896848076, 0.0], [0.11279825136576052, 0.9799333661696672], [0.2673272916978274, 0.0], [0.1121215477764439, 0.989127998808945], [0.26697307841127527, 0.0], [0.04466536986864249, 0.9899098660062604], [0.04478135788915983, 0.9859669317103996], [0.04481694792350471, 0.9998148778514525]]
0.3354, [[0.11232710240693998, 0.9842428813955684], [0.11238245920551243, 0.9817156465760788], [0.1116950095947454, 0.998159245277538], [0.044571711883524365, 0.9983692434328544], [0.11651859300303431, 0.8791804100426313], [0.99773855166013, 0.0], [0.22601822905482583, 0.09116342490189083], [0.22533695021536232, 0.09124174337019861], [0.11236614299863133, 0.9892347597917106], [0.11635898007892247, 0.8785152123637366]]
0.3347, [[0.2261329143785739, 0.09126404031394936], [0.044571711883524365, 0.9983692434328544], [0.2285924621107438, 0.09110492032346296], [0.22492936485382908, 0.09130162326079201], [0.9960757535811702, 0.0], [0.1162613785996941, 0.8800577341186553], [0.1121215477764439, 0.989127998808945], [0.2235426142966236, 0.09127505173028899], [0.99601454628992, 0.0], [0.11243628790011717, 0.9885018072668911]]
0.3330, [[0.11247552566651402, 0.9882554545546978], [0.996375615617689, 0.0], [0.2280134951381989, 0.09116122785111191], [0.1160994488727925, 0.8779581014575903], [0.11602659281910589, 0.8811401718605885], [0.2235426142966236, 0.09127505173028899], [0.11210345699721318, 0.9842755376961795], [0.11237353705008803, 0.9799973878701169], [0.9944771157768103, 0.0], [0.9901067004191313, 0.0]]
0.3234, [[0.9965761500324426, 0.0], [0.11236614299863133, 0.9892347597917106], [0.9954040840956102, 0.0], [0.9952014020566025, 0.0], [0.9951893216701715, 0.0], [0.9948513393031375, 0.0], [0.11232710240693998, 0.9842428813955684], [0.11279825136576052, 0.9799333661696672], [0.11651859300303431, 0.8791804100426313], [0.11558423136729007, 0.8783743995119577]]
0.3219, [[1.0, 0.0], [0.04437813561638812, 1.0], [0.11178117494105408, 0.9918659295679522], [0.11243628790011717, 0.9885018072668911], [0.044951223897958276, 0.9846397810491454], [0.11210345699721318, 0.9842755376961795], [0.9976727806673393, 0.0], [0.9960757535811702, 0.0], [0.9330330489527134, 0.0], [0.27313819944619244, 0.0]]
0.3352, [[0.9964472925771793, 0.0], [0.04437813561638812, 1.0], [0.11678872234958552, 0.8757669195093432], [0.04481694792350471, 0.9998148778514525], [0.11243628790011717, 0.9885018072668911], [0.11247552566651402, 0.9882554545546978], [0.007065090107385701, 0.8231894032957374], [0.11236614299863133, 0.9892347597917106], [0.04623700015260099, 0.8797649438678801], [0.22631131377107094, 0.09115610595790224]]
0.3217, [[0.1116950095947454, 0.998159245277538], [0.9968480929536543, 0.0], [0.11236614299863133, 0.9892347597917106], [0.11235189712615809, 0.9847350285925935], [0.11232710240693998, 0.9842428813955684], [0.04504350166013782, 0.9710853927214891], [0.04512759667203862, 0.9656126363431694], [0.04462278013225193, 0.9987678526577243], [0.9956639466303913, 0.0], [0.9947407366540363, 0.0]]
0.3244, [[0.9992520898534095, 0.0], [0.04462278013225193, 0.9987678526577243], [0.11218824212058327, 0.9820871817739465], [0.11602659281910589, 0.8811401718605885], [0.11632279852046104, 0.8768152356038437], [0.11606080263051219, 0.8772036571793776], [0.11271080438386602, 0.9805293436558141], [0.9984743814202894, 0.0], [0.018338060958261397, 0.9120459761353157], [0.9916315136397466, 0.0]]
0.3256, [[0.11660732162051464, 0.87973267134858], [0.99773855166013, 0.0], [0.11635898007892247, 0.8785152123637366], [0.1116950095947454, 0.998159245277538], [0.04490794405009843, 0.9834813546077141], [0.04466536986864249, 0.9899098660062604], [0.04481694792350471, 0.9998148778514525], [0.0464174643018207, 0.882011774106164], [0.9968480929536543, 0.0], [0.9916315136397466, 0.0]]
0.3233, [[0.9903770326221522, 0.0], [0.1162613785996941, 0.8800577341186553], [0.04478687878091416, 0.9927406020640122], [0.11651859300303431, 0.8791804100426313], [0.1121215477764439, 0.989127998808945], [0.11235189712615809, 0.9847350285925935], [0.27313819944619244, 0.0], [0.11232710240693998, 0.9842428813955684], [0.11565521426127434, 0.8790936405772263], [0.11607928775915392, 0.8725910593857349]]
0.3240, [[0.9911241374096476, 0.0], [0.11660732162051464, 0.87973267134858], [0.26511669052992876, 0.0], [0.26155867531683485, 0.0], [0.11238245920551243, 0.9817156465760788], [0.11218824212058327, 0.9820871817739465], [0.04466536986864249, 0.9899098660062604], [0.04502807273943152, 0.9761251740030359], [0.04504350166013782, 0.9710853927214891], [0.04437813561638812, 1.0]]
0.2537, [[0.046529360947198665, 0.8740859224797193], [0.9866627164741887, 0.0], [0.04485697438872362, 0.9913260539315728], [0.04490794405009843, 0.9834813546077141], [0.046205205731337205, 0.884403429455383], [0.2678251848263699, 0.0], [0.2664072236094004, 0.0], [0.2652869640701796, 0.0], [0.26460937879991897, 0.0], [0.044581619912476333, 0.9839980986978281]]
0.3175, [[0.9976727806673393, 0.0], [0.04462278013225193, 0.9987678526577243], [0.11660732162051464, 0.87973267134858], [0.9965568214141529, 0.0], [0.0187652399577528, 0.8936005741177842], [0.11651859300303431, 0.8791804100426313], [0.9940894695988933, 0.0], [0.04647710965023803, 0.8806932759690038], [0.11632279852046104, 0.8768152356038437], [0.11607928775915392, 0.8725910593857349]]
0.3165, [[0.9906226671462478, 0.0], [0.9906226671462478, 0.0], [0.04476558391271888, 0.9941282855047098], [0.1167436186356997, 0.8816548923765187], [0.11635898007892247, 0.8785152123637366], [0.04526744283192289, 0.9748809201048712], [0.04499095460111892, 0.9677800238501597], [0.04686086092084046, 0.8677299108596661], [0.046296201857930916, 0.8827829303159932], [0.04632750334243092, 0.8874761221848604]]
0.3332, [[0.11606080263051219, 0.8772036571793776], [0.9992520898534095, 0.0], [0.11602659281910589, 0.8811401718605885], [0.11692472360271232, 0.8757837361085894], [0.11238245920551243, 0.9817156465760788], [0.9911998411646146, 0.0], [0.11232710240693998, 0.9842428813955684], [0.22893688743890844, 0.09110458021167797], [0.0464174643018207, 0.882011774106164], [0.227809240761282, 0.09112850576762993]]
0.2048, [[0.9897139536336099, 0.0], [0.00672023154744549, 0.8763783180263343], [0.9288838388932363, 0.0], [0.003588259231419039, 0.8222284846724235], [0.0036066950663843963, 0.8153709057686305], [0.00360684294741353, 0.7992632203815737], [0.2567164060919141, 0.0], [0.0036222718681198315, 0.7104368615979026], [0.06794278043416643, 0.030721312499999993], [0.01715634365445256, 0.06773705672493756]]
0.3242, [[0.9948513393031375, 0.0], [0.11178117494105408, 0.9918659295679522], [0.9946145637290911, 0.0], [0.112810180435444, 0.9735131932923242], [0.0450198406954764, 0.9843513170604175], [0.1167436186356997, 0.8816548923765187], [0.1162613785996941, 0.8800577341186553], [0.1160994488727925, 0.8779581014575903], [0.11692472360271232, 0.8757837361085894], [0.11678872234958552, 0.8757669195093432]]
0.3334, [[0.11243628790011717, 0.9885018072668911], [0.04468612250639761, 0.9885430463131752], [0.11279825136576052, 0.9799333661696672], [0.9992520898534095, 0.0], [0.11635898007892247, 0.8785152123637366], [0.2235426142966236, 0.09127505173028899], [0.11271080438386602, 0.9805293436558141], [0.22631131377107094, 0.09115610595790224], [0.9965761500324426, 0.0], [0.11210345699721318, 0.9842755376961795]]
0.3257, [[0.999569938243059, 0.0], [0.11178117494105408, 0.9918659295679522], [0.11243628790011717, 0.9885018072668911], [0.11320172010691412, 0.9684337080897358], [0.04437813561638812, 1.0], [0.11271080438386602, 0.9805293436558141], [0.1167436186356997, 0.8816548923765187], [0.936103883183456, 0.0], [0.11238245920551243, 0.9817156465760788], [0.04462278013225193, 0.9987678526577243]]
0.2367, [[0.9959989760140759, 0.0], [0.04692094991234519, 0.860627270144452], [0.9942497360588769, 0.0], [0.002468997015581077, 0.718442295512481], [0.2769987179769989, 0.0], [0.0024722011045456445, 0.7135895203968248], [0.0686055832067445, 0.011545281249999985], [0.003028332361441791, 0.6719297800178659], [0.06799986251141212, 0.018353437500000073], [0.06790068363453965, 0.030618875000000052]]
0.3330, [[0.9976727806673393, 0.0], [0.1116950095947454, 0.998159245277538], [0.1116950095947454, 0.998159245277538], [0.2280134951381989, 0.09116122785111191], [0.9965568214141529, 0.0], [0.11236614299863133, 0.9892347597917106], [0.227809240761282, 0.09112850576762993], [0.9951893216701715, 0.0], [0.11320172010691412, 0.9684337080897358], [0.013486922384877207, 0.8512749731649396]]
0.3342, [[0.112810180435444, 0.9735131932923242], [0.999569938243059, 0.0], [0.1167436186356997, 0.8816548923765187], [0.1162613785996941, 0.8800577341186553], [0.11565521426127434, 0.8790936405772263], [0.11635898007892247, 0.8785152123637366], [0.1160994488727925, 0.8779581014575903], [0.11178117494105408, 0.9918659295679522], [0.9960757535811702, 0.0], [0.2235239617721492, 0.09130449696753479]]
0.3156, [[0.9379062768389511, 0.0], [0.04481694792350471, 0.9998148778514525], [0.11178117494105408, 0.9918659295679522], [0.11243628790011717, 0.9885018072668911], [0.9365991790271242, 0.0], [0.04476558391271888, 0.9941282855047098], [0.9337017654549236, 0.0], [0.044687897078747214, 0.9918542067933738], [0.9323297020094015, 0.0], [0.044951223897958276, 0.9846397810491454]]
0.3313, [[0.9944771157768103, 0.0], [0.044571711883524365, 0.9983692434328544], [0.2235426142966236, 0.09127505173028899], [0.9954040840956102, 0.0], [0.11237353705008803, 0.9799973878701169], [0.9940894695988933, 0.0], [0.11178117494105408, 0.9918659295679522], [0.9889797345916411, 0.0], [0.11236614299863133, 0.9892347597917106], [0.9894661714852602, 0.0]]
0.3247, [[0.11178117494105408, 0.9918659295679522], [0.11243628790011717, 0.9885018072668911], [0.11279825136576052, 0.9799333661696672], [1.0, 0.0], [0.1167436186356997, 0.8816548923765187], [0.9964472925771793, 0.0], [0.11565521426127434, 0.8790936405772263], [0.9952242205643053, 0.0], [0.11692472360271232, 0.8757837361085894], [0.9337017654549236, 0.0]]
0.3249, [[0.044571711883524365, 0.9983692434328544], [0.9937241050226157, 0.0], [0.11635898007892247, 0.8785152123637366], [0.04476558391271888, 0.9941282855047098], [0.1116950095947454, 0.998159245277538], [0.013626522076379592, 0.8334692997029625], [0.11232710240693998, 0.9842428813955684], [0.11236614299863133, 0.9892347597917106], [0.11238245920551243, 0.9817156465760788], [0.11271080438386602, 0.9805293436558141]]
0.3010, [[0.11660732162051464, 0.87973267134858], [0.046296201857930916, 0.8827829303159932], [0.0464174643018207, 0.882011774106164], [0.013202842927911023, 0.8866199409701295], [0.9959989760140759, 0.0], [0.1160994488727925, 0.8779581014575903], [0.04643013277664984, 0.8751254116040761], [0.0024722011045456445, 0.7135895203968248], [0.04670272680701996, 0.8584539514717526], [0.9944771157768103, 0.0]]
0.3317, [[0.99773855166013, 0.0], [0.044951223897958276, 0.9846397810491454], [0.1167436186356997, 0.8816548923765187], [0.22601822905482583, 0.09116342490189083], [0.11678872234958552, 0.8757669195093432], [0.93293103680063, 0.0], [0.11320172010691412, 0.9684337080897358], [0.11660732162051464, 0.87973267134858], [0.9312376350760454, 0.0], [0.9312349505457274, 0.0]]
0.3314, [[0.999569938243059, 0.0], [0.2250747068019608, 0.09135643298846474], [0.22414928303818976, 0.09140241586395528], [0.2280134951381989, 0.09116122785111191], [0.22893688743890844, 0.09110458021167797], [0.11236614299863133, 0.9892347597917106], [0.11238245920551243, 0.9817156465760788], [0.11320172010691412, 0.9684337080897358], [0.22601822905482583, 0.09116342490189083], [0.11271080438386602, 0.9805293436558141]]
0.3197, [[0.999569938243059, 0.0], [0.11320172010691412, 0.9684337080897358], [0.99773855166013, 0.0], [0.11651859300303431, 0.8791804100426313], [0.9973702341005023, 0.0], [0.11692472360271232, 0.8757837361085894], [0.9968480929536543, 0.0], [0.11678872234958552, 0.8757669195093432], [0.996375615617689, 0.0], [0.11582227053051924, 0.8751353899181515]]
0.2640, [[0.9282811618368487, 0.0], [0.04632750334243092, 0.8874761221848604], [0.044687897078747214, 0.9918542067933738], [0.01835003932162124, 0.9124775207744765], [0.01839834712447164, 0.9143018077897933], [0.018762972448639413, 0.8873277383745], [0.04456599381706452, 0.9849957207701192], [0.046296201857930916, 0.8827829303159932], [0.2235426142966236, 0.09127505173028899], [0.2561632941037891, 0.0]]
0.2194, [[0.99601454628992, 0.0], [0.018380354932593684, 0.9125699422919105], [0.9334330439700931, 0.0], [0.008657522322775701, 0.7112116811747876], [0.06824125364463499, 0.03016371875000002], [0.067846214122142, 0.03016612500000005], [0.06957701368712495, 0.021915562500000044], [0.09525941342945318, 0.0], [0.025779730106336524, 0.06711283981448447], [0.018033475331921983, 0.06746240397193483]]
0.1130, [[0.0945872941520397, 0.0], [0.008201358641574058, 0.8604317161220978], [0.009655423507371124, 0.3065374805768263], [0.004555203987249105, 0.6591777737430372], [0.007878435767622042, 0.3736181279973172], [0.00783594461858424, 0.38330494988169095], [0.009405701742840378, 0.09157302830300869], [0.004785553336963312, 0.5484641923699829], [0.009384111112586834, 0.09168127006778452], [0.005076878964357056, 0.5010126369124139]]
0.3355, [[0.11602659281910589, 0.8811401718605885], [0.22601822905482583, 0.09116342490189083], [0.9976727806673393, 0.0], [0.1116950095947454, 0.998159245277538], [0.11660732162051464, 0.87973267134858], [0.11218824212058327, 0.9820871817739465], [0.11271080438386602, 0.9805293436558141], [0.044571711883524365, 0.9983692434328544], [0.11320172010691412, 0.9684337080897358], [0.11635898007892247, 0.8785152123637366]]
0.3242, [[0.11243628790011717, 0.9885018072668911], [1.0, 0.0], [0.11178117494105408, 0.9918659295679522], [0.11279825136576052, 0.9799333661696672], [0.11320172010691412, 0.9684337080897358], [0.11320172010691412, 0.9684337080897358], [0.112810180435444, 0.9735131932923242], [0.11632279852046104, 0.8768152356038437], [0.11271080438386602, 0.9805293436558141], [0.11238245920551243, 0.9817156465760788]]
0.3130, [[0.9304593897368616, 0.0], [0.11243628790011717, 0.9885018072668911], [0.069176108217143, 0.020824812500000015], [0.014045567619268631, 0.7063190625812495], [0.01323148255388662, 0.8750551796242366], [0.015707651799380686, 0.02153643750000001], [0.0028087290331779784, 0.7667692592651771], [0.015623655374832646, 0.028362749999999996], [0.003059584552265417, 0.7210388900815583], [0.004611842421407381, 0.5155577031282024]]
0.3340, [[0.9992520898534095, 0.0], [0.1167436186356997, 0.8816548923765187], [0.22492936485382908, 0.09130162326079201], [0.11232710240693998, 0.9842428813955684], [0.11692472360271232, 0.8757837361085894], [0.1162613785996941, 0.8800577341186553], [0.22601287337948167, 0.0912256463313117], [0.04499095460111892, 0.9677800238501597], [0.1121215477764439, 0.989127998808945], [0.11320172010691412, 0.9684337080897358]]
0.2193, [[0.018511673286464574, 0.9153195260470761], [0.9984743814202894, 0.0], [0.0036066950663843963, 0.8153709057686305], [0.0038495157162222278, 0.7286150471556291], [0.004038556965131705, 0.6295020234579827], [0.9365645485860222, 0.0], [0.9302317415658964, 0.0], [0.26563674507368834, 0.0], [0.2579875479330708, 0.0], [0.06915979201026187, 0.01905193750000001]]
0.3252, [[0.99773855166013, 0.0], [0.11632279852046104, 0.8768152356038437], [0.1116950095947454, 0.998159245277538], [0.11232710240693998, 0.9842428813955684], [0.9965761500324426, 0.0], [0.006677148874291154, 0.8999367686665264], [0.26754539695925494, 0.0], [0.04684814315233494, 0.8769350800403799], [0.046133976368971055, 0.8737536376431626], [0.04686086092084046, 0.8677299108596661]]
0.3259, [[1.0, 0.0], [0.11279825136576052, 0.9799333661696672], [1.0, 0.0], [0.11178117494105408, 0.9918659295679522], [0.11243628790011717, 0.9885018072668911], [0.1116950095947454, 0.998159245277538], [0.11236614299863133, 0.9892347597917106], [0.1167436186356997, 0.8816548923765187], [0.11247552566651402, 0.9882554545546978], [0.9902548864926839, 0.0]]
0.3242, [[0.9954040840956102, 0.0], [0.11178117494105408, 0.9918659295679522], [0.9942497360588769, 0.0], [0.11279825136576052, 0.9799333661696672], [0.9894924798823763, 0.0], [0.112810180435444, 0.9735131932923242], [0.9879781363300011, 0.0], [0.0464174643018207, 0.882011774106164], [0.046173115548015155, 0.8816005698764646], [0.11692472360271232, 0.8757837361085894]]
0.1842, [[0.26735499346684866, 0.0], [0.06359192338234217, 0.0915190022594839], [0.047002235184692445, 0.857388120993805], [0.044951223897958276, 0.9846397810491454], [0.26968489691999886, 0.0], [0.04478687878091416, 0.9927406020640122], [0.04524457056608352, 0.9619261726304169], [0.04541754207649378, 0.9584045953243814], [0.047002235184692445, 0.857388120993805], [0.04560175254511822, 0.9333657606123769]]
0.3312, [[0.9976727806673393, 0.0], [0.11236614299863133, 0.9892347597917106], [0.11236614299863133, 0.9892347597917106], [0.11235189712615809, 0.9847350285925935], [0.11238245920551243, 0.9817156465760788], [0.11279825136576052, 0.9799333661696672], [0.9951893216701715, 0.0], [0.11320172010691412, 0.9684337080897358], [0.930662608681933, 0.0], [0.22893688743890844, 0.09110458021167797]]
0.3194, [[0.9930159259247311, 0.0], [0.1121215477764439, 0.989127998808945], [0.9902548864926839, 0.0], [0.9379062768389511, 0.0], [0.04485697438872362, 0.9913260539315728], [0.044581619912476333, 0.9839980986978281], [0.04524343681152682, 0.9524310043357327], [0.045252704022685886, 0.9476405064600237], [0.27702087939221587, 0.0], [0.2746176585903892, 0.0]]
0.3187, [[0.11210345699721318, 0.9842755376961795], [0.999569938243059, 0.0], [0.9959989760140759, 0.0], [0.9956639466303913, 0.0], [0.9954040840956102, 0.0], [0.9942497360588769, 0.0], [0.04502048151326931, 0.9617394106889965], [0.04524343681152682, 0.9524310043357327], [0.01839834712447164, 0.9143018077897933], [0.01835003932162124, 0.9124775207744765]]
0.3012, [[0.999569938243059, 0.0], [0.046205205731337205, 0.884403429455383], [0.993180219180192, 0.0], [0.11692472360271232, 0.8757837361085894], [0.9901617332906499, 0.0], [0.11678872234958552, 0.8757669195093432], [0.9898610658950358, 0.0], [0.11582227053051924, 0.8751353899181515], [0.9897139536336099, 0.0], [0.01323148255388662, 0.8750551796242366]]
0.3211, [[0.9965568214141529, 0.0], [0.11178117494105408, 0.9918659295679522], [0.11218824212058327, 0.9820871817739465], [0.11271080438386602, 0.9805293436558141], [0.11320172010691412, 0.9684337080897358], [0.04524343681152682, 0.9524310043357327], [0.112810180435444, 0.9735131932923242], [0.9960757535811702, 0.0], [0.9930159259247311, 0.0], [0.9902548864926839, 0.0]]
0.3342, [[0.2235426142966236, 0.09127505173028899], [0.9964472925771793, 0.0], [0.11243628790011717, 0.9885018072668911], [0.22601287337948167, 0.0912256463313117], [0.1160994488727925, 0.8779581014575903], [0.11279825136576052, 0.9799333661696672], [0.1121215477764439, 0.989127998808945], [0.11210345699721318, 0.9842755376961795], [0.1167436186356997, 0.8816548923765187], [0.11178117494105408, 0.9918659295679522]]
0.3272, [[0.99773855166013, 0.0], [0.044571711883524365, 0.9983692434328544], [0.11660732162051464, 0.87973267134858], [0.9916648018156897, 0.0], [0.0025609297220259724, 0.7220462113542448], [0.9346271230555327, 0.0], [0.0025558031796826647, 0.7203226843775646], [0.22318950908083224, 0.09129471875371627], [0.002851515944274047, 0.6855453989091675], [0.002682044284886621, 0.6682922658668198]]
0.1941, [[0.99773855166013, 0.0], [0.0027926592946787634, 0.7603887554196657], [0.003598808078163922, 0.7453648684537343], [0.008642241283098534, 0.7180693298570011], [0.008933073973728499, 0.679750161562316], [0.06804043120707116, 0.018103406250000068], [0.06799103894334045, 0.01849596875000004], [0.067887423635594, 0.017085750000000014], [0.06787593820899791, 0.029849406249999995], [0.06804033261971841, 0.013677687499999983]]
0.2548, [[0.9928266665373132, 0.0], [0.04560175254511822, 0.9333657606123769], [0.047002235184692445, 0.857388120993805], [0.045252704022685886, 0.9476405064600237], [0.04670272680701996, 0.8584539514717526], [0.04502048151326931, 0.9617394106889965], [0.04485697438872362, 0.9913260539315728], [0.018762972448639413, 0.8873277383745], [0.018399234410646444, 0.9146180784789353], [0.0470685351794208, 0.8547485080287308]]
0.3336, [[0.99773855166013, 0.0], [0.11247552566651402, 0.9882554545546978], [0.2235239617721492, 0.09130449696753479], [0.11692472360271232, 0.8757837361085894], [0.9973702341005023, 0.0], [0.11271080438386602, 0.9805293436558141], [0.22533695021536232, 0.09124174337019861], [0.11678872234958552, 0.8757669195093432], [0.11279825136576052, 0.9799333661696672], [0.9965761500324426, 0.0]]
0.3351, [[0.227809240761282, 0.09112850576762993], [0.04462278013225193, 0.9987678526577243], [0.11271080438386602, 0.9805293436558141], [0.2250747068019608, 0.09135643298846474], [0.22601822905482583, 0.09116342490189083], [0.999569938243059, 0.0], [0.1167436186356997, 0.8816548923765187], [0.11210345699721318, 0.9842755376961795], [0.11218824212058327, 0.9820871817739465], [0.9964472925771793, 0.0]]
0.3355, [[0.1116950095947454, 0.998159245277538], [0.99773855166013, 0.0], [0.11236614299863133, 0.9892347597917106], [0.11235189712615809, 0.9847350285925935], [0.11232710240693998, 0.9842428813955684], [0.11632279852046104, 0.8768152356038437], [0.11606080263051219, 0.8772036571793776], [0.22893688743890844, 0.09110458021167797], [0.9968480929536543, 0.0], [0.22414928303818976, 0.09140241586395528]]
0.3208, [[0.11271080438386602, 0.9805293436558141], [0.9937241050226157, 0.0], [0.11238245920551243, 0.9817156465760788], [0.9373610487313684, 0.0], [0.11218824212058327, 0.9820871817739465], [0.9344574607394363, 0.0], [0.04481694792350471, 0.9998148778514525], [0.044571711883524365, 0.9983692434328544], [0.04468612250639761, 0.9885430463131752], [0.9334330439700931, 0.0]]
0.2551, [[0.9959989760140759, 0.0], [0.04485697438872362, 0.9913260539315728], [0.2660871758379745, 0.0], [0.04556078950004814, 0.9544233526758803], [0.04560175254511822, 0.9333657606123769], [0.047002235184692445, 0.857388120993805], [0.04659674540280735, 0.8686929926140036], [0.046529360947198665, 0.8740859224797193], [0.046173115548015155, 0.8816005698764646], [0.04624321115582461, 0.8756014050968463]]
0.1287, [[0.09453780330095624, 0.0], [0.01841071983724251, 0.9135481659634113], [0.06902960741094771, 0.012075812500000008], [0.06843906916793974, 0.01291340625000004], [0.06839416262875941, 0.016804312500000033], [0.01845439403451338, 0.907115642305709], [0.01865427989222601, 0.8891606081354899], [0.08938981820842395, 0.0], [0.01835003932162124, 0.9124775207744765], [0.01835003932162124, 0.9124775207744765]]
0.3237, [[0.044687897078747214, 0.9918542067933738], [0.9992520898534095, 0.0], [0.11235189712615809, 0.9847350285925935], [0.9984743814202894, 0.0], [0.045252704022685886, 0.9476405064600237], [0.9976727806673393, 0.0], [0.11651859300303431, 0.8791804100426313], [0.9951893216701715, 0.0], [0.9938926935265848, 0.0], [0.9930878713372533, 0.0]]
0.1344, [[0.2687387891686919, 0.0], [0.007026295984076245, 0.8379729733828156], [0.006678479803553358, 0.8813164670389926], [0.009356654534844308, 0.3353427167477131], [0.008921194197721409, 0.6884715220672079], [0.02874356169223775, 0.05552331249999999], [0.007002388551032935, 0.8471957267253963], [0.014141098764089116, 0.06731572303484362], [0.00961155213539474, 0.30709178926089475], [0.06918976256549969, 0.01302231250000008]]
0.3228, [[0.9976727806673393, 0.0], [0.04481694792350471, 0.9998148778514525], [0.9952242205643053, 0.0], [0.04462278013225193, 0.9987678526577243], [0.2652869640701796, 0.0], [0.26483191634438996, 0.0], [0.1116950095947454, 0.998159245277538], [0.11236614299863133, 0.9892347597917106], [0.11279825136576052, 0.9799333661696672], [0.11320172010691412, 0.9684337080897358]]
0.3192, [[0.9938926935265848, 0.0], [0.11232710240693998, 0.9842428813955684], [0.9930878713372533, 0.0], [0.9919571471673179, 0.0], [0.9916648018156897, 0.0], [0.9913732618231563, 0.0], [0.9911241374096476, 0.0], [0.9897901942946408, 0.0], [0.9928395522828397, 0.0], [0.11320172010691412, 0.9684337080897358]]
0.3153, [[0.04468612250639761, 0.9885430463131752], [0.1160994488727925, 0.8779581014575903], [0.04490794405009843, 0.9834813546077141], [0.04499095460111892, 0.9677800238501597], [0.0464174643018207, 0.882011774106164], [0.9957305229822775, 0.0], [0.018860130284780372, 0.09078359733618742], [0.9954040840956102, 0.0], [0.9946231542261088, 0.0], [0.9919485566703006, 0.0]]
0.3260, [[0.112810180435444, 0.9735131932923242], [0.11236614299863133, 0.9892347597917106], [1.0, 0.0], [0.11320172010691412, 0.9684337080897358], [0.11320172010691412, 0.9684337080897358], [0.11651859300303431, 0.8791804100426313], [0.11271080438386602, 0.9805293436558141], [0.04437813561638812, 1.0], [0.1116950095947454, 0.998159245277538], [0.11243628790011717, 0.9885018072668911]]
0.3325, [[1.0, 0.0], [0.11235189712615809, 0.9847350285925935], [0.11218824212058327, 0.9820871817739465], [0.1116950095947454, 0.998159245277538], [0.044687897078747214, 0.9918542067933738], [0.04556078950004814, 0.9544233526758803], [0.11271080438386602, 0.9805293436558141], [0.9992520898534095, 0.0], [0.22414928303818976, 0.09140241586395528], [0.99773855166013, 0.0]]
0.3340, [[0.1162613785996941, 0.8800577341186553], [0.9968480929536543, 0.0], [0.11279825136576052, 0.9799333661696672], [0.11178117494105408, 0.9918659295679522], [0.11247552566651402, 0.9882554545546978], [0.2285924621107438, 0.09110492032346296], [0.112810180435444, 0.9735131932923242], [0.11243628790011717, 0.9885018072668911], [0.9942497360588769, 0.0], [0.0450198406954764, 0.9843513170604175]]
0.3273, [[0.2261329143785739, 0.09126404031394936], [0.044571711883524365, 0.9983692434328544], [0.9959989760140759, 0.0], [0.04647710965023803, 0.8806932759690038], [0.11660732162051464, 0.87973267134858], [0.04684814315233494, 0.8769350800403799], [0.046296201857930916, 0.8827829303159932], [0.9901067004191313, 0.0], [0.9879781363300011, 0.0], [0.937857418387164, 0.0]]
0.3243, [[0.999569938243059, 0.0], [0.11247552566651402, 0.9882554545546978], [0.112810180435444, 0.9735131932923242], [0.11320172010691412, 0.9684337080897358], [0.11651859300303431, 0.8791804100426313], [0.11178117494105408, 0.9918659295679522], [0.11232710240693998, 0.9842428813955684], [0.11238245920551243, 0.9817156465760788], [0.11235189712615809, 0.9847350285925935], [0.11632279852046104, 0.8768152356038437]]
0.2517, [[0.999569938243059, 0.0], [0.04512759667203862, 0.9656126363431694], [0.27403056576559814, 0.0], [0.04524343681152682, 0.9524310043357327], [0.27351457414796165, 0.0], [0.0466373140984664, 0.8692595584960745], [0.2724057646732697, 0.0], [0.04692094991234519, 0.860627270144452], [0.2658193920707687, 0.0], [0.047002235184692445, 0.857388120993805]]
0.3323, [[0.9984743814202894, 0.0], [0.1116950095947454, 0.998159245277538], [0.2280134951381989, 0.09116122785111191], [0.996375615617689, 0.0], [0.11232710240693998, 0.9842428813955684], [0.9928266665373132, 0.0], [0.04508303518859294, 0.9722012194374441], [0.9911998411646146, 0.0], [0.0033074331570938005, 0.7673517695162427], [0.9898997231316147, 0.0]]
0.2980, [[0.11581487647906255, 0.8757353447742444], [0.9879781363300011, 0.0], [0.11607928775915392, 0.8725910593857349], [0.9346271230555327, 0.0], [0.006907646105034495, 0.831552381834952], [0.008074033075489788, 0.4420806127103013], [0.06842299942944052, 0.013426500000000011], [0.007795228041896044, 0.4797284208820079], [0.007776496444872419, 0.4799353585601702], [0.007951045352926777, 0.4930184395878749]]
0.1845, [[0.2748481373086464, 0.0], [0.06296145726146805, 0.09146395469140207], [0.046476370245092366, 0.8708073136325014], [0.09503266251811457, 0.0], [0.04643013277664984, 0.8751254116040761], [0.04556078950004814, 0.9544233526758803], [0.04524457056608352, 0.9619261726304169], [0.04524309175579218, 0.9565800989738042], [0.044951223897958276, 0.9846397810491454], [0.04476558391271888, 0.9941282855047098]]
0.3242, [[0.9959989760140759, 0.0], [0.993180219180192, 0.0], [0.99773855166013, 0.0], [0.9919485566703006, 0.0], [0.9897139536336099, 0.0], [0.9894661714852602, 0.0], [0.9889797345916411, 0.0], [0.11178117494105408, 0.9918659295679522], [0.04524343681152682, 0.9524310043357327], [0.1167436186356997, 0.8816548923765187]]
0.3354, [[0.1116950095947454, 0.998159245277538], [0.9976727806673393, 0.0], [0.9976727806673393, 0.0], [0.11602659281910589, 0.8811401718605885], [0.11660732162051464, 0.87973267134858], [0.018749071631900826, 0.888719503852774], [0.9947407366540363, 0.0], [0.11651859300303431, 0.8791804100426313], [0.2235239617721492, 0.09130449696753479], [0.22601822905482583, 0.09116342490189083]]
0.3205, [[0.9916315136397466, 0.0], [0.1116950095947454, 0.998159245277538], [0.930662608681933, 0.0], [0.04512759667203862, 0.9656126363431694], [0.2761484583465055, 0.0], [0.04560175254511822, 0.9333657606123769], [0.26142995443011596, 0.0], [0.01845616860686299, 0.9165023749355452], [0.01839834712447164, 0.9143018077897933], [0.01869248249141893, 0.8884858857022506]]
0.3361, [[0.11692472360271232, 0.8757837361085894], [0.22511607477703263, 0.09133104471399692], [0.04481694792350471, 0.9998148778514525], [0.9992520898534095, 0.0], [0.1160994488727925, 0.8779581014575903], [0.112810180435444, 0.9735131932923242], [0.11238245920551243, 0.9817156465760788], [0.11178117494105408, 0.9918659295679522], [0.1116950095947454, 0.998159245277538], [0.11320172010691412, 0.9684337080897358]]
0.3350, [[0.9960757535811702, 0.0], [0.11692472360271232, 0.8757837361085894], [0.11320172010691412, 0.9684337080897358], [0.11243628790011717, 0.9885018072668911], [0.11279825136576052, 0.9799333661696672], [0.112810180435444, 0.9735131932923242], [0.11247552566651402, 0.9882554545546978], [0.11178117494105408, 0.9918659295679522], [0.2235426142966236, 0.09127505173028899], [0.04462278013225193, 0.9987678526577243]]
0.3290, [[0.11210345699721318, 0.9842755376961795], [0.227809240761282, 0.09112850576762993], [0.2261329143785739, 0.09126404031394936], [0.22511607477703263, 0.09133104471399692], [0.99601454628992, 0.0], [0.22631131377107094, 0.09115610595790224], [0.2285924621107438, 0.09110492032346296], [0.045252704022685886, 0.9476405064600237], [0.9957305229822775, 0.0], [0.018787126350064614, 0.8908976721256712]]
0.2943, [[0.01873310048075437, 0.8905779125155235], [0.1160994488727925, 0.8779581014575903], [0.9309275718243182, 0.0], [0.04624321115582461, 0.8756014050968463], [0.9305112011719988, 0.0], [0.9304593897368616, 0.0], [0.2660871758379745, 0.0], [0.2651654456434063, 0.0], [0.257044210358666, 0.0], [0.25686784242923044, 0.0]]
0.3320, [[0.99773855166013, 0.0], [0.11238245920551243, 0.9817156465760788], [0.22533695021536232, 0.09124174337019861], [0.2235239617721492, 0.09130449696753479], [0.11660732162051464, 0.87973267134858], [0.11271080438386602, 0.9805293436558141], [0.22318950908083224, 0.09129471875371627], [0.9973702341005023, 0.0], [0.11635898007892247, 0.8785152123637366], [0.9916315136397466, 0.0]]
