0.1209, [[0.0, 0.0, 0.0], [0.0, 0.0, 0.9900697009925558], [0.9580378139229213, 0.7789848220243936, 0.0], [0.9578639939513547, 0.7798157061521207, 0.0], [0.0, 0.0, 0.0], [0.0, 0.0, 0.9999996317392283], [0.0, 0.0, 0.0], [0.0, 0.0, 0.9515958778479582], [0.9327009968910012, 0.9526396047195124, 0.0], [0.0, 0.0, 0.9515958778479582]]
0.0919, [[0.1599920083419963, 0.05632808032753165, 0.0], [0.5904596975800913, 0.598140877964986, 0.0], [0.33154091373454775, 0.35672191725389435, 0.0], [0.0, 0.09096223782621658, 0.0], [0.0, 0.0, 0.0], [0.0, 0.0, 0.9895835231220389], [0.9342960507477323, 0.692464141306596, 0.0], [0.3293694569031198, 0.3246589951600324, 0.0], [0.0, 0.013320829807186478, 0.0], [0.0, 0.0, 0.9708065692533279]]
0.1164, [[0.0, 0.05746986573957603, 0.0], [0.2064086273324893, 0.030067015850506966, 0.0], [0.9581707350776492, 0.7623671394698366, 0.0], [0.0, 0.09096223782621658, 0.0], [0.0, 0.0, 0.0], [0.20398650774569882, 0.07193248095880733, 0.0], [0.0, 0.02131332769149845, 0.0], [0.0, 0.04224606024564863, 0.0], [0.0, 0.05937284142631696, 0.0], [0.9579764656976626, 1.0, 0.0]]
0.1176, [[0.9710129635651759, 0.9052792094390247, 0.0], [0.0, 0.0, 0.0], [0.8584491949193284, 0.6494435309532276, 0.0], [0.0, 0.0, 0.0], [0.0, 0.0, 0.0], [0.0, 0.0, 0.0], [0.0, 0.0, 0.0], [0.0, 0.0, 0.9900697009925558], [0.0, 0.0, 0.0], [0.0, 0.0, 0.9798835344010828]]
0.1217, [[0.15607257846518927, 0.08943985727682349, 0.0], [0.9575265787124305, 0.875367380840823, 0.0], [0.17505318831803926, 0.016365590905972217, 0.0], [0.9327009968910012, 0.9526396047195124, 0.0], [0.9646020740256223, 0.7972642728344047, 0.0], [0.0, 0.0, 0.9948003052109178], [0.9375372819822432, 0.7374406156380012, 0.0], [0.0, 0.0, 0.9936998683735622], [0.9344187471982499, 0.749903877553919, 0.0], [0.0, 0.07878319343107448, 0.0]]
0.1280, [[0.0, 0.1941035200475744, 0.0], [0.9361058233928692, 0.9144189348440321, 0.0], [0.0, 0.0, 0.0], [0.0, 0.0, 0.9870741205729753], [0.9790393563698803, 0.8537643935198997, 0.0], [0.9332020073972822, 0.983382317445443, 0.0], [0.0, 0.0, 0.6724250707890106], [0.0, 0.0, 0.9936998683735622], [0.9570051187977302, 0.9966764634890879, 0.0], [0.0, 0.0, 0.0]]
0.1272, [[0.12269136670542259, 0.0, 0.0], [0.9570051187977302, 0.9966764634890879, 0.0], [0.20667285856014012, 0.10009652112257293, 0.0], [0.0, 0.0, 0.9904842153169412], [0.9582729821197473, 0.9667646348908862, 0.0], [0.9582729821197473, 0.9667646348908862, 0.0], [0.0, 0.0, 0.9900697009925558], [0.9562484906862037, 0.9493160682086021, 0.0], [0.0, 0.0, 0.9842095673358897], [0.9710129635651759, 0.9052792094390247, 0.0]]
0.1284, [[0.0, 0.0, 0.9936998683735622], [0.9579764656976626, 1.0, 0.0], [0.0, 0.0, 0.9893809796977219], [0.9601850018069822, 0.9842132015731702, 0.0], [0.9570051187977302, 0.9966764634890879, 0.0], [0.0, 0.0, 0.9832146003834873], [0.9582729821197473, 0.9667646348908862, 0.0], [0.0, 0.0, 0.9682450209790215], [0.9710129635651759, 0.9052792094390247, 0.0], [0.9790393563698803, 0.8537643935198997, 0.0]]
0.1285, [[0.9582729821197473, 0.9667646348908862, 0.0], [0.9710129635651759, 0.9052792094390247, 0.0], [0.9790393563698803, 0.8537643935198997, 0.0], [0.0, 0.0, 0.9999996317392283], [0.0, 0.0, 0.9678983402887433], [0.9579764656976626, 1.0, 0.0], [0.0, 0.03539534777338147, 0.0], [0.0, 0.0, 0.0], [0.9621685944236864, 0.7989260410898608, 0.0], [0.0, 0.07878319343107448, 0.0]]
0.1188, [[0.9344187471982499, 0.749903877553919, 0.0], [0.033205057607999446, 0.07041010040941424, 0.0], [0.16043239372141277, 0.0666041490359324, 0.0], [0.0, 0.11646211202854471, 0.0], [0.0, 0.027022254751721226, 0.0], [0.0, 0.0, 0.0], [0.12269136670542259, 0.0, 0.0], [0.0, 0.05937284142631696, 0.0], [0.9327009968910012, 0.9526396047195124, 0.0], [0.0, 0.0, 0.9900697009925558]]
0.1284, [[0.9841926072916269, 0.7881245474293992, 0.0], [0.0, 0.0, 0.0], [0.9601850018069822, 0.9842132015731702, 0.0], [0.0, 0.0, 0.9079976267669563], [0.9710129635651759, 0.9052792094390247, 0.0], [0.0, 0.0, 0.9870741205729753], [0.9570051187977302, 0.9966764634890879, 0.0], [0.0, 0.0, 0.9054728009337311], [0.0, 0.0, 0.8956147441317598], [0.0, 0.0, 0.9893809796977219]]
0.1284, [[0.9601850018069822, 0.9842132015731702, 0.0], [0.9710129635651759, 0.9052792094390247, 0.0], [0.0, 0.0, 0.9932865324836456], [0.9579764656976626, 1.0, 0.0], [0.9790393563698803, 0.8537643935198997, 0.0], [0.9582729821197473, 0.9667646348908862, 0.0], [0.0, 0.0, 0.9900697009925558], [0.9570051187977302, 0.9966764634890879, 0.0], [0.0, 0.0, 0.9893809796977219], [0.9562484906862037, 0.9493160682086021, 0.0]]
0.1281, [[0.0, 0.0, 0.9835238657793817], [0.9710129635651759, 0.9052792094390247, 0.0], [0.0, 0.0, 0.9637653496503501], [0.9570051187977302, 0.9966764634890879, 0.0], [0.9790393563698803, 0.8537643935198997, 0.0], [0.0, 0.0, 0.9818340644033385], [0.0, 0.0, 0.9815661915181594], [0.9601850018069822, 0.9842132015731702, 0.0], [0.0, 0.0, 0.9834496980600043], [0.0, 0.0, 0.9999996317392283]]
0.1300, [[0.9710129635651759, 0.9052792094390247, 0.0], [1.0, 0.8213599125385129, 0.0], [0.0, 0.0, 0.9932865324836456], [0.9790393563698803, 0.8537643935198997, 0.0], [0.0, 0.0, 0.9818340644033385], [0.0, 0.0, 0.0], [0.9601850018069822, 0.9842132015731702, 0.0], [0.9570051187977302, 0.9966764634890879, 0.0], [0.0, 0.0, 0.9524433195353039], [0.0, 0.0, 0.9043260344961744]]
0.1298, [[0.9841926072916269, 0.7881245474293992, 0.0], [0.9601850018069822, 0.9842132015731702, 0.0], [0.9968814652160065, 0.6945346519653142, 0.0], [0.0, 0.0, 0.9893809796977219], [0.0, 0.0, 0.9583514007444168], [0.9912272037879792, 0.6982155598030355, 0.0], [0.9579764656976626, 1.0, 0.0], [0.0, 0.0, 0.9948003052109178], [0.9790393563698803, 0.8537643935198997, 0.0], [0.0, 0.0, 0.9763977988946541]]
0.1288, [[1.0, 0.8213599125385129, 0.0], [0.0, 0.0, 0.9999996317392283], [0.9601850018069822, 0.9842132015731702, 0.0], [0.0, 0.0, 0.9870741205729753], [0.994877423190883, 0.8878306427567407, 0.0], [0.0, 0.0, 0.0], [0.9988650578327107, 0.7316244267439059, 0.0], [0.9332020073972822, 0.983382317445443, 0.0], [0.0, 0.0, 0.9805618707421608], [0.993210796404683, 0.6854474107409397, 0.0]]
0.1213, [[0.1668620202608923, 0.11988746826467829, 0.0], [0.1841691656719585, 0.0426266553829969, 0.0], [0.0, 0.0, 0.9716566624182269], [0.9562484906862037, 0.9493160682086021, 0.0], [0.0, 0.04414903593238955, 0.0], [0.9575265787124305, 0.875367380840823, 0.0], [0.19218417957733824, 0.02055213741680234, 0.0], [0.9621685944236864, 0.7989260410898608, 0.0], [0.9646020740256223, 0.7972642728344047, 0.0], [0.8979676766902613, 0.893646831650836, 0.0]]
0.1304, [[0.0, 0.0, 0.9904842153169412], [1.0, 0.8213599125385129, 0.0], [0.9579764656976626, 1.0, 0.0], [0.9601850018069822, 0.9842132015731702, 0.0], [0.9710129635651759, 0.9052792094390247, 0.0], [0.994877423190883, 0.8878306427567407, 0.0], [0.0, 0.0, 0.9895835231220389], [0.9582729821197473, 0.9667646348908862, 0.0], [0.9841926072916269, 0.7881245474293992, 0.0], [0.9912272037879792, 0.6982155598030355, 0.0]]
0.1284, [[0.9601850018069822, 0.9842132015731702, 0.0], [0.0, 0.0, 0.9948003052109178], [0.9790393563698803, 0.8537643935198997, 0.0], [0.9579764656976626, 1.0, 0.0], [0.9582729821197473, 0.9667646348908862, 0.0], [0.0, 0.0, 0.9936998683735622], [0.9710129635651759, 0.9052792094390247, 0.0], [0.0, 0.0, 0.9932865324836456], [0.9621685944236864, 0.7989260410898608, 0.0], [0.0, 0.0, 0.9895835231220389]]
0.1293, [[0.9382939100937697, 0.7091905552952537, 0.0], [0.0, 0.0, 0.9900085697044895], [0.8920782470654083, 0.6831468433423639, 0.0], [0.9290201033754679, 0.7266391219775378, 0.0], [0.9915339449142737, 0.7038519499295465, 0.0], [0.9841926072916269, 0.7881245474293992, 0.0], [0.9579764656976626, 1.0, 0.0], [0.8942663337663087, 0.7174993965725321, 0.0], [0.9790393563698803, 0.8537643935198997, 0.0], [0.6685968871514936, 0.6211465519507445, 0.0]]
0.1304, [[0.0, 0.0, 0.9904842153169412], [0.9601850018069822, 0.9842132015731702, 0.0], [0.9579764656976626, 1.0, 0.0], [0.0, 0.0, 0.9893809796977219], [0.9710129635651759, 0.9052792094390247, 0.0], [0.9582729821197473, 0.9667646348908862, 0.0], [0.9570051187977302, 0.9966764634890879, 0.0], [0.0, 0.0, 0.9872284218362279], [0.994877423190883, 0.8878306427567407, 0.0], [1.0, 0.8213599125385129, 0.0]]
0.1284, [[0.994877423190883, 0.8878306427567407, 0.0], [1.0, 0.8213599125385129, 0.0], [0.9332020073972822, 0.983382317445443, 0.0], [0.9361058233928692, 0.9144189348440321, 0.0], [0.0, 0.0, 0.9936998683735622], [0.9876076584977047, 0.8280069855603354, 0.0], [0.9968814652160065, 0.6945346519653142, 0.0], [0.0, 0.0, 0.9893809796977219], [0.8846960106259222, 0.6952248221848871, 0.0], [0.0, 0.0, 0.9870741205729753]]
0.1281, [[0.0, 0.0, 0.9716566624182269], [0.994877423190883, 0.8878306427567407, 0.0], [0.9332020073972822, 0.983382317445443, 0.0], [0.0, 0.0, 0.9794235766974966], [0.9562484906862037, 0.9493160682086021, 0.0], [0.0, 0.0, 0.9895835231220389], [0.0, 0.0, 0.9043260344961744], [0.0, 0.0, 0.9932865324836456], [0.0, 0.0, 0.8965015479185579], [0.0, 0.0, 0.9701836193322808]]
0.1258, [[0.0, 0.0, 0.9815661915181594], [0.0, 0.11646211202854471, 0.0], [0.1668620202608923, 0.11988746826467829, 0.0], [0.9968814652160065, 0.6945346519653142, 0.0], [0.0, 0.030067015850506966, 0.0], [0.20442689312511525, 0.0776414080190301, 0.0], [0.0, 0.0, 0.9524433195353039], [0.8588479583835114, 0.6473730202945094, 0.0], [0.9212697775844285, 0.6861375809605124, 0.0], [0.9582729821197473, 0.9667646348908862, 0.0]]
0.1302, [[0.0, 0.0, 0.9895835231220389], [1.0, 0.8213599125385129, 0.0], [0.0, 0.0, 0.9835238657793817], [0.9912272037879792, 0.6982155598030355, 0.0], [0.9876076584977047, 0.8280069855603354, 0.0], [0.9968814652160065, 0.6945346519653142, 0.0], [0.0, 0.0, 0.9808326160613576], [0.9790393563698803, 0.8537643935198997, 0.0], [0.9703176836789087, 0.6934993966359552, 0.0], [0.9579764656976626, 1.0, 0.0]]
0.1280, [[0.0, 0.0, 0.9893809796977219], [0.9790393563698803, 0.8537643935198997, 0.0], [0.2149961422311101, 0.046813201893827025, 0.0], [0.9570051187977302, 0.9966764634890879, 0.0], [0.18729590186581627, 0.02435808879028419, 0.0], [0.20275342868333307, 0.12597699046224936, 0.0], [0.9601850018069822, 0.9842132015731702, 0.0], [0.9579048927681937, 0.7071877726574813, 0.0], [0.14783737187010132, 0.06241760252510269, 0.0], [0.9578639939513547, 0.7798157061521207, 0.0]]
0.1283, [[0.9579048927681937, 0.7071877726574813, 0.0], [0.9601850018069822, 0.9842132015731702, 0.0], [0.3097427372667805, 0.25690171771002496, 0.0], [0.9988650578327107, 0.7316244267439059, 0.0], [0.0, 0.0, 0.9870741205729753], [0.0, 0.0, 0.9808326160613576], [0.9889164206365608, 0.8263452173048793, 0.0], [0.0, 0.0, 0.9037999201141228], [0.0, 0.0, 0.9012750942808975], [0.0, 0.0, 0.9900085697044895]]
0.1295, [[0.9570051187977302, 0.9966764634890879, 0.0], [0.0, 0.0, 0.9904842153169412], [0.9582729821197473, 0.9667646348908862, 0.0], [0.9922292248005409, 0.7073028010274103, 0.0], [0.9968814652160065, 0.6945346519653142, 0.0], [0.9876076584977047, 0.8280069855603354, 0.0], [0.9790393563698803, 0.8537643935198997, 0.0], [0.0, 0.0, 0.9900697009925558], [0.9889982182702397, 0.6776254815857818, 0.0], [0.9578639939513547, 0.7798157061521207, 0.0]]
0.1300, [[0.0, 0.0, 0.9595917030227837], [0.9988650578327107, 0.7316244267439059, 0.0], [0.0, 0.0, 0.9932865324836456], [0.9601850018069822, 0.9842132015731702, 0.0], [0.0, 0.0, 0.8989119502010114], [0.994877423190883, 0.8878306427567407, 0.0], [0.0, 0.0, 0.9792896770809841], [0.9710129635651759, 0.9052792094390247, 0.0], [0.9570051187977302, 0.9966764634890879, 0.0], [0.0, 0.0, 0.9948003052109178]]
0.1302, [[0.9579764656976626, 1.0, 0.0], [0.9876076584977047, 0.8280069855603354, 0.0], [1.0, 0.8213599125385129, 0.0], [0.9790393563698803, 0.8537643935198997, 0.0], [0.9582729821197473, 0.9667646348908862, 0.0], [0.0, 0.0, 0.9904842153169412], [0.9889982182702397, 0.6776254815857818, 0.0], [0.9621685944236864, 0.7989260410898608, 0.0], [0.0, 0.0, 0.9870741205729753], [0.5851224019825685, 0.5177312942856512, 0.0]]
0.1294, [[0.0, 0.0, 0.9936998683735622], [0.9876076584977047, 0.8280069855603354, 0.0], [0.9915339449142737, 0.7038519499295465, 0.0], [0.9582729821197473, 0.9667646348908862, 0.0], [0.9579764656976626, 1.0, 0.0], [0.9579764656976626, 1.0, 0.0], [0.0, 0.04224606024564863, 0.0], [0.9854911447262731, 0.6901635739080201, 0.0], [0.0, 0.0, 0.9895835231220389], [0.0, 0.09248461837560923, 0.0]]
0.1131, [[0.0, 0.0, 0.9842095673358897], [0.0, 0.0, 0.0], [0.0, 0.0, 0.9900697009925558], [0.0, 0.0, 0.9900085697044895], [0.0, 0.0, 0.9739069566884726], [0.0, 0.0, 0.9904842153169412], [0.0, 0.0, 0.0], [0.0, 0.0, 0.9895835231220389], [0.9575265787124305, 0.875367380840823, 0.0], [0.0, 0.0, 0.9716566624182269]]
0.1302, [[1.0, 0.8213599125385129, 0.0], [0.0, 0.0, 0.9999996317392283], [0.9570051187977302, 0.9966764634890879, 0.0], [0.9710129635651759, 0.9052792094390247, 0.0], [0.9601850018069822, 0.9842132015731702, 0.0], [0.994877423190883, 0.8878306427567407, 0.0], [0.5904596975800913, 0.598140877964986, 0.0], [0.8943379066957772, 0.6876329497695866, 0.0], [0.0, 0.0, 0.9936998683735622], [0.896883858044021, 0.7199920489557153, 0.0]]
0.1281, [[0.0, 0.0, 0.9936998683735622], [0.9790393563698803, 0.8537643935198997, 0.0], [0.0, 0.0, 0.9797774752988945], [0.9710129635651759, 0.9052792094390247, 0.0], [0.0, 0.0, 0.9017539504603813], [0.9601850018069822, 0.9842132015731702, 0.0], [0.9601850018069822, 0.9842132015731702, 0.0], [0.0, 0.0, 0.8983858358189598], [0.9570051187977302, 0.9966764634890879, 0.0], [0.9581707350776492, 0.7623671394698366, 0.0]]
0.1281, [[0.0, 0.0, 0.9999996317392283], [0.9790393563698803, 0.8537643935198997, 0.0], [0.9710129635651759, 0.9052792094390247, 0.0], [0.9582729821197473, 0.9667646348908862, 0.0], [0.9570051187977302, 0.9966764634890879, 0.0], [0.0, 0.0, 0.9932865324836456], [0.9646020740256223, 0.7972642728344047, 0.0], [0.0, 0.0, 0.9763977988946541], [0.9581707350776492, 0.7623671394698366, 0.0], [0.0, 0.0, 0.0]]
0.1301, [[1.0, 0.8213599125385129, 0.0], [0.0, 0.0, 0.9797774752988945], [0.5903881246506228, 0.6191910696619551, 0.0], [0.9570051187977302, 0.9966764634890879, 0.0], [0.9309218983584935, 0.8255143331771522, 0.0], [0.0, 0.0, 0.6606690095660823], [0.994877423190883, 0.8878306427567407, 0.0], [0.0, 0.0, 0.9893809796977219], [0.0, 0.0, 0.9895835231220389], [0.9710129635651759, 0.9052792094390247, 0.0]]
0.1285, [[0.9601850018069822, 0.9842132015731702, 0.0], [0.0, 0.0, 0.9999996317392283], [0.9579048927681937, 0.7071877726574813, 0.0], [0.9710129635651759, 0.9052792094390247, 0.0], [0.9790393563698803, 0.8537643935198997, 0.0], [0.9398991886547106, 0.7623671394698366, 0.0], [0.9014338514173885, 0.6685382403614072, 0.0], [0.9579764656976626, 1.0, 0.0], [0.9212697775844285, 0.6861375809605124, 0.0], [0.9570051187977302, 0.9966764634890879, 0.0]]
0.1301, [[0.9601850018069822, 0.9842132015731702, 0.0], [0.0, 0.0, 0.9047675860459085], [0.994877423190883, 0.8878306427567407, 0.0], [1.0, 0.8213599125385129, 0.0], [0.0, 0.0, 0.9893809796977219], [0.9710129635651759, 0.9052792094390247, 0.0], [0.0, 0.0, 0.9054728009337311], [0.9570051187977302, 0.9966764634890879, 0.0], [0.0, 0.0, 0.9806957703586733], [0.0, 0.0, 0.9595917030227837]]
0.1285, [[0.9790393563698803, 0.8537643935198997, 0.0], [0.0, 0.0, 0.9999996317392283], [0.9710129635651759, 0.9052792094390247, 0.0], [0.0, 0.0, 0.9815661915181594], [0.9601850018069822, 0.9842132015731702, 0.0], [0.9582729821197473, 0.9667646348908862, 0.0], [0.9646020740256223, 0.7972642728344047, 0.0], [0.9570051187977302, 0.9966764634890879, 0.0], [0.9579764656976626, 1.0, 0.0], [0.9327009968910012, 0.9526396047195124, 0.0]]
0.1304, [[0.9579764656976626, 1.0, 0.0], [0.994877423190883, 0.8878306427567407, 0.0], [0.9601850018069822, 0.9842132015731702, 0.0], [0.9710129635651759, 0.9052792094390247, 0.0], [0.9988650578327107, 0.7316244267439059, 0.0], [0.0, 0.0, 0.9999996317392283], [0.9841926072916269, 0.7881245474293992, 0.0], [0.9915339449142737, 0.7038519499295465, 0.0], [0.0, 0.0, 0.9805618707421608], [0.9837631697148146, 0.6901635739080201, 0.0]]
0.1260, [[0.9710129635651759, 0.9052792094390247, 0.0], [0.0, 0.0, 0.9999996317392283], [0.9601850018069822, 0.9842132015731702, 0.0], [0.0, 0.0, 0.9948003052109178], [0.0, 0.0, 0.9936998683735622], [0.921024384683393, 0.6991357867624659, 0.0], [0.0, 0.0, 0.9893809796977219], [0.0, 0.0, 0.9870741205729753], [0.5840181339279082, 0.5034232656366164, 0.0], [0.0, 0.0, 0.9832146003834873]]
0.1285, [[0.0, 0.0, 0.9999996317392283], [0.9790393563698803, 0.8537643935198997, 0.0], [0.9601850018069822, 0.9842132015731702, 0.0], [0.9579764656976626, 1.0, 0.0], [0.9710129635651759, 0.9052792094390247, 0.0], [0.0, 0.0, 0.9948003052109178], [0.9582729821197473, 0.9667646348908862, 0.0], [0.9646020740256223, 0.7972642728344047, 0.0], [0.0, 0.0, 0.9870741205729753], [0.0, 0.0, 0.9763977988946541]]
0.1284, [[0.0, 0.0, 0.8994106922578133], [0.9579764656976626, 1.0, 0.0], [0.0, 0.0, 0.9999996317392283], [0.9790393563698803, 0.8537643935198997, 0.0], [0.0, 0.0, 0.9797774752988945], [0.9582729821197473, 0.9667646348908862, 0.0], [0.0, 0.0, 0.9515958778479582], [0.0, 0.0, 0.900730327583971], [0.0, 0.0, 0.8936508276488134], [0.0, 0.0, 0.9047153510569317]]
0.1285, [[0.9710129635651759, 0.9052792094390247, 0.0], [0.0, 0.0, 0.9999996317392283], [0.9790393563698803, 0.8537643935198997, 0.0], [0.9601850018069822, 0.9842132015731702, 0.0], [0.9579764656976626, 1.0, 0.0], [0.5903881246506228, 0.6191910696619551, 0.0], [0.6680345284199537, 0.6217216938003886, 0.0], [0.5851224019825685, 0.5177312942856512, 0.0], [0.586185771220389, 0.5460066842349337, 0.0], [0.0, 0.0, 0.9936998683735622]]
0.1280, [[0.0, 0.0, 0.9948003052109178], [0.9790393563698803, 0.8537643935198997, 0.0], [0.9582729821197473, 0.9667646348908862, 0.0], [0.9570051187977302, 0.9966764634890879, 0.0], [0.0, 0.0, 0.9936998683735622], [0.9646020740256223, 0.7972642728344047, 0.0], [0.9562484906862037, 0.9493160682086021, 0.0], [0.9327009968910012, 0.9526396047195124, 0.0], [0.0, 0.12140984881407138, 0.0], [0.0, 0.05099974840465714, 0.0]]
0.1304, [[1.0, 0.8213599125385129, 0.0], [0.9579764656976626, 1.0, 0.0], [0.0, 0.0, 0.9936998683735622], [0.9582729821197473, 0.9667646348908862, 0.0], [0.994877423190883, 0.8878306427567407, 0.0], [0.8846960106259222, 0.6952248221848871, 0.0], [0.9382939100937697, 0.7091905552952537, 0.0], [0.0, 0.0, 0.9932865324836456], [0.8959125111440887, 0.769014212491659, 0.0], [0.5931999183083219, 0.6018217858027075, 0.0]]
0.1281, [[0.0, 0.0, 0.9863258883374687], [0.9570051187977302, 0.9966764634890879, 0.0], [0.9601850018069822, 0.9842132015731702, 0.0], [0.0, 0.0, 0.9583514007444168], [0.0, 0.0, 0.9948003052109178], [0.9790393563698803, 0.8537643935198997, 0.0], [0.9710129635651759, 0.9052792094390247, 0.0], [0.0, 0.0, 0.9832146003834873], [0.0, 0.0, 0.9798835344010828], [0.0, 0.0, 0.9792896770809841]]
0.1301, [[0.9570051187977302, 0.9966764634890879, 0.0], [0.9582729821197473, 0.9667646348908862, 0.0], [0.994877423190883, 0.8878306427567407, 0.0], [1.0, 0.8213599125385129, 0.0], [0.0, 0.0, 0.9932865324836456], [0.9361058233928692, 0.9144189348440321, 0.0], [0.9790393563698803, 0.8537643935198997, 0.0], [0.0, 0.0, 0.9895835231220389], [0.9621685944236864, 0.7989260410898608, 0.0], [0.0, 0.0, 0.9842095673358897]]
0.1303, [[0.9309218983584935, 0.8255143331771522, 0.0], [0.9579764656976626, 1.0, 0.0], [1.0, 0.8213599125385129, 0.0], [0.0, 0.0, 0.0], [0.9790393563698803, 0.8537643935198997, 0.0], [0.0, 0.0, 0.0], [0.9582729821197473, 0.9667646348908862, 0.0], [0.994877423190883, 0.8878306427567407, 0.0], [0.0, 0.0, 0.0], [0.0, 0.0, 0.9835238657793817]]
0.1252, [[0.0, 0.0525221289540498, 0.0], [0.0, 0.0, 0.0], [0.0, 0.0, 0.9842095673358897], [0.8979676766902613, 0.893646831650836, 0.0], [0.9621685944236864, 0.7989260410898608, 0.0], [0.9646020740256223, 0.7972642728344047, 0.0], [0.9580378139229213, 0.7789848220243936, 0.0], [0.28812590806150773, 0.1267381807369459, 0.0], [0.5923410431546973, 0.5252259759589548, 0.0], [0.9601850018069822, 0.9842132015731702, 0.0]]
0.1280, [[0.0, 0.0, 0.9936998683735622], [0.0, 0.03539534777338147, 0.0], [0.0, 0.02131332769149845, 0.0], [0.9570051187977302, 0.9966764634890879, 0.0], [0.0, 0.04224606024564863, 0.0], [0.0, 0.030067015850506966, 0.0], [0.0, 0.0, 0.9900085697044895], [0.0, 0.07878319343107448, 0.0], [0.9562484906862037, 0.9493160682086021, 0.0], [0.9790393563698803, 0.8537643935198997, 0.0]]
0.1086, [[0.8439096655329725, 0.6401262329889953, 0.0], [0.0, 0.0, 0.0], [0.20772978347073864, 0.025880469339676842, 0.0], [1.0, 0.8213599125385129, 0.0], [0.0, 0.0, 0.0], [0.0, 0.0, 0.0], [0.8277239587688359, 0.6408164032085681, 0.0], [0.994877423190883, 0.8878306427567407, 0.0], [0.0, 0.0, 0.0], [0.9498784999634893, 0.685792495850726, 0.0]]
0.0881, [[0.0, 0.0, 0.7646340952016535], [0.3319495338649738, 0.36960995456613305, 0.0], [0.3321332362867214, 0.36300876472327903, 0.0], [0.3321332362867214, 0.36300876472327903, 0.0], [0.9346436906908657, 0.6776254815857818, 0.0], [0.33154091373454775, 0.35672191725389435, 0.0], [0.3168141029244404, 0.30029746121616663, 0.0], [0.3300654064624332, 0.34430539350185957, 0.0], [0.0, 0.0, 0.7505446814111888], [0.3168541406317444, 0.2664165961437296, 0.0]]
0.1276, [[0.9579764656976626, 1.0, 0.0], [0.9710129635651759, 0.9052792094390247, 0.0], [0.0, 0.0, 0.9932865324836456], [0.0, 0.0, 0.9815661915181594], [0.0, 0.0, 0.9716566624182269], [0.9570051187977302, 0.9966764634890879, 0.0], [0.0, 0.0, 0.0], [0.896883858044021, 0.7199920489557153, 0.0], [0.8974257673671412, 0.68636763770037, 0.0], [0.0009688478347149105, 0.0, 0.0]]
0.1266, [[0.0, 0.0, 0.0], [0.0, 0.0, 0.0], [0.0, 0.0, 0.9999996317392283], [0.19332918156382198, 0.07041010040941424, 0.0], [0.0, 0.07878319343107448, 0.0], [0.9570051187977302, 0.9966764634890879, 0.0], [0.0, 0.0, 0.0], [0.9646020740256223, 0.7972642728344047, 0.0], [0.0, 0.0, 0.9741212844574778], [0.0, 0.0, 0.0]]
0.1132, [[0.0, 0.0, 0.9932865324836456], [0.9498784999634893, 0.685792495850726, 0.0], [0.0, 0.0, 0.9842095673358897], [0.0, 0.0, 0.9904842153169412], [0.0, 0.0, 0.9900085697044895], [0.0, 0.0, 0.9739069566884726], [0.9433653633818375, 0.6686532687313358, 0.0], [0.0, 0.0, 0.9872284218362279], [0.9025278947678388, 0.6960300207743887, 0.0], [0.8979676766902613, 0.893646831650836, 0.0]]
0.1266, [[0.0, 0.0, 0.9895835231220389], [0.9582729821197473, 0.9667646348908862, 0.0], [0.0, 0.10123830653461732, 0.0], [0.0, 0.0, 0.9797774752988945], [0.9876076584977047, 0.8280069855603354, 0.0], [0.0, 0.0, 0.9948003052109178], [0.9790393563698803, 0.8537643935198997, 0.0], [0.9988650578327107, 0.7316244267439059, 0.0], [0.0, 0.0, 0.9863258883374687], [0.0, 0.0, 0.8949419421605499]]
0.1283, [[0.9790393563698803, 0.8537643935198997, 0.0], [0.0, 0.0, 0.9936998683735622], [0.6669200356610842, 0.6159702753039489, 0.0], [0.8959125111440887, 0.769014212491659, 0.0], [0.9582729821197473, 0.9667646348908862, 0.0], [0.9579764656976626, 1.0, 0.0], [0.9316580770615999, 0.6929242547863113, 0.0], [0.9578639939513547, 0.7798157061521207, 0.0], [0.5931999183083219, 0.6018217858027075, 0.0], [0.5923410431546973, 0.6063078922299303, 0.0]]
0.1300, [[0.0, 0.07878319343107448, 0.0], [1.0, 0.8213599125385129, 0.0], [0.0, 0.0, 0.9948003052109178], [0.0, 0.0, 0.9895835231220389], [0.0, 0.0274028498890695, 0.0], [0.9710129635651759, 0.9052792094390247, 0.0], [0.9790393563698803, 0.8537643935198997, 0.0], [0.0, 0.027022254751721226, 0.0], [0.0, 0.043007250520345174, 0.0], [0.9570051187977302, 0.9966764634890879, 0.0]]
0.1284, [[0.0, 0.0, 0.9932865324836456], [0.9582729821197473, 0.9667646348908862, 0.0], [0.9579764656976626, 1.0, 0.0], [0.9710129635651759, 0.9052792094390247, 0.0], [0.9790393563698803, 0.8537643935198997, 0.0], [0.0, 0.0, 0.9835238657793817], [0.9570051187977302, 0.9966764634890879, 0.0], [0.9575265787124305, 0.875367380840823, 0.0], [0.9580378139229213, 0.7789848220243936, 0.0], [0.9382939100937697, 0.7091905552952537, 0.0]]
0.1298, [[0.0, 0.0, 0.0], [0.9570051187977302, 0.9966764634890879, 0.0], [0.9876076584977047, 0.8280069855603354, 0.0], [0.0, 0.0, 0.9999996317392283], [0.9601850018069822, 0.9842132015731702, 0.0], [0.9710129635651759, 0.9052792094390247, 0.0], [0.9790393563698803, 0.8537643935198997, 0.0], [0.0, 0.0, 0.9815661915181594], [0.9988650578327107, 0.7316244267439059, 0.0], [0.0, 0.0, 0.0]]
0.1268, [[0.9582729821197473, 0.9667646348908862, 0.0], [0.0, 0.0, 0.0], [0.0, 0.0, 0.9716566624182269], [0.9790393563698803, 0.8537643935198997, 0.0], [0.0, 0.0, 0.9948003052109178], [0.0, 0.0, 0.0], [1.0, 0.8213599125385129, 0.0], [0.0, 0.0, 0.0], [0.0, 0.0, 0.9792896770809841], [0.0, 0.0, 0.9815661915181594]]
0.1284, [[0.0, 0.0, 0.9948003052109178], [0.9988650578327107, 0.7316244267439059, 0.0], [0.9601850018069822, 0.9842132015731702, 0.0], [0.0, 0.0, 0.9936998683735622], [0.9582729821197473, 0.9667646348908862, 0.0], [0.0, 0.0, 0.9900085697044895], [0.9344187471982499, 0.749903877553919, 0.0], [0.9646020740256223, 0.7972642728344047, 0.0], [0.9889164206365608, 0.8263452173048793, 0.0], [0.9790393563698803, 0.8537643935198997, 0.0]]
0.1283, [[0.0, 0.0, 0.9936998683735622], [0.9579048927681937, 0.7071877726574813, 0.0], [0.0, 0.02131332769149845, 0.0], [0.9579764656976626, 1.0, 0.0], [0.0, 0.0, 0.0], [0.0, 0.05937284142631696, 0.0], [0.0, 0.09248461837560923, 0.0], [0.9790393563698803, 0.8537643935198997, 0.0], [0.8959125111440887, 0.769014212491659, 0.0], [0.0, 0.04414903593238955, 0.0]]
0.1292, [[0.9579764656976626, 1.0, 0.0], [0.9582729821197473, 0.9667646348908862, 0.0], [0.9790393563698803, 0.8537643935198997, 0.0], [0.9889164206365608, 0.8263452173048793, 0.0], [0.0, 0.0, 0.9932865324836456], [0.9361058233928692, 0.9144189348440321, 0.0], [0.9375577313906629, 0.7432568045320946, 0.0], [0.9382939100937697, 0.7091905552952537, 0.0], [0.0, 0.0, 0.9872284218362279], [0.0, 0.0, 0.961362816377171]]
0.1280, [[0.9790393563698803, 0.8537643935198997, 0.0], [0.9570051187977302, 0.9966764634890879, 0.0], [0.9710129635651759, 0.9052792094390247, 0.0], [0.0, 0.0, 0.9794235766974966], [0.0, 0.0, 0.9716566624182269], [0.0, 0.0, 0.8873673583192841], [0.0, 0.0, 0.9708065692533279], [0.0, 0.0, 0.9008323304370379], [0.0, 0.0, 0.9904842153169412], [0.0, 0.0, 0.9036544235507715]]
0.1303, [[0.994877423190883, 0.8878306427567407, 0.0], [0.9579764656976626, 1.0, 0.0], [0.0, 0.0, 0.9948003052109178], [0.9988650578327107, 0.7316244267439059, 0.0], [0.9601850018069822, 0.9842132015731702, 0.0], [0.9621685944236864, 0.7989260410898608, 0.0], [0.0, 0.0, 0.9895835231220389], [0.9582729821197473, 0.9667646348908862, 0.0], [0.0, 0.0, 0.9863258883374687], [0.8959125111440887, 0.769014212491659, 0.0]]
0.1277, [[0.0, 0.0, 0.9999996317392283], [0.9601850018069822, 0.9842132015731702, 0.0], [0.9710129635651759, 0.9052792094390247, 0.0], [0.9579764656976626, 1.0, 0.0], [0.0, 0.0, 0.9948003052109178], [0.9582729821197473, 0.9667646348908862, 0.0], [0.9646020740256223, 0.7972642728344047, 0.0], [0.9580378139229213, 0.7789848220243936, 0.0], [0.9327009968910012, 0.9526396047195124, 0.0], [0.8567518940204992, 0.6469129068147942, 0.0]]
0.1303, [[0.0, 0.0, 0.9948003052109178], [0.9579764656976626, 1.0, 0.0], [0.9582729821197473, 0.9667646348908862, 0.0], [0.994877423190883, 0.8878306427567407, 0.0], [0.9988650578327107, 0.7316244267439059, 0.0], [0.9621685944236864, 0.7989260410898608, 0.0], [0.3168918231797952, 0.23482719974383034, 0.0], [0.900043291644854, 0.7590436029589245, 0.0], [0.8996138540680416, 0.7036218931896889, 0.0], [0.0, 0.0, 0.9936998683735622]]
0.1284, [[0.0, 0.0, 0.9932865324836456], [0.9790393563698803, 0.8537643935198997, 0.0], [0.0, 0.0, 0.9818340644033385], [0.9710129635651759, 0.9052792094390247, 0.0], [0.9710129635651759, 0.9052792094390247, 0.0], [0.9621685944236864, 0.7989260410898608, 0.0], [0.9601850018069822, 0.9842132015731702, 0.0], [0.9579764656976626, 1.0, 0.0], [0.9575265787124305, 0.875367380840823, 0.0], [0.9570051187977302, 0.9966764634890879, 0.0]]
0.1269, [[0.0, 0.0, 0.0], [0.0, 0.030067015850506966, 0.0], [0.9579764656976626, 1.0, 0.0], [0.0, 0.0, 0.9948003052109178], [0.9646020740256223, 0.7972642728344047, 0.0], [0.0, 0.0, 0.9583514007444168], [0.0, 0.03539534777338147, 0.0], [0.9361058233928692, 0.9144189348440321, 0.0], [0.0, 0.0, 0.9754763367922401], [0.0, 0.0, 0.9815661915181594]]
0.1285, [[0.0, 0.0, 0.9999996317392283], [0.0, 0.0, 0.0], [0.9582729821197473, 0.9667646348908862, 0.0], [0.0, 0.0, 0.0], [0.9710129635651759, 0.9052792094390247, 0.0], [0.0, 0.0, 0.9798835344010828], [0.0, 0.054805699778139, 0.0], [0.9579764656976626, 1.0, 0.0], [0.9790393563698803, 0.8537643935198997, 0.0], [0.2064086273324893, 0.030067015850506966, 0.0]]
0.1282, [[0.9579764656976626, 1.0, 0.0], [0.0, 0.0, 0.9842095673358897], [0.9582729821197473, 0.9667646348908862, 0.0], [0.9790393563698803, 0.8537643935198997, 0.0], [0.0, 0.09400699892500189, 0.0], [0.0, 0.0, 0.9834496980600043], [0.9562484906862037, 0.9493160682086021, 0.0], [0.0, 0.0, 0.9832146003834873], [0.9277011165324021, 0.7067276591777664, 0.0], [0.5903881246506228, 0.6006715021034196, 0.0]]
0.1293, [[0.9579764656976626, 1.0, 0.0], [0.9601850018069822, 0.9842132015731702, 0.0], [0.9710129635651759, 0.9052792094390247, 0.0], [0.0, 0.0, 0.9904842153169412], [0.9790393563698803, 0.8537643935198997, 0.0], [0.9790393563698803, 0.8537643935198997, 0.0], [0.9889164206365608, 0.8263452173048793, 0.0], [0.9582729821197473, 0.9667646348908862, 0.0], [0.0, 0.0, 0.9893809796977219], [0.9837631697148146, 0.6901635739080201, 0.0]]
0.1286, [[0.994877423190883, 0.8878306427567407, 0.0], [0.9601850018069822, 0.9842132015731702, 0.0], [0.9710129635651759, 0.9052792094390247, 0.0], [0.0, 0.0, 0.9999996317392283], [0.9968814652160065, 0.6945346519653142, 0.0], [0.0, 0.1941035200475744, 0.0], [0.0, 0.07878319343107448, 0.0], [0.8979676766902613, 0.893646831650836, 0.0], [0.0, 0.0, 0.9895835231220389], [0.8464658415854261, 0.6520891834615898, 0.0]]
0.1248, [[0.0, 0.0, 0.9904842153169412], [0.0, 0.0, 0.0], [0.0, 0.05899224628896869, 0.0], [0.0, 0.054805699778139, 0.0], [0.9790393563698803, 0.8537643935198997, 0.0], [0.9582729821197473, 0.9667646348908862, 0.0], [0.0, 0.013320829807186478, 0.0], [0.11542500794505116, 0.065462363623888, 0.0], [0.0, 0.0, 0.9900697009925558], [0.9575265787124305, 0.875367380840823, 0.0]]
0.1299, [[0.0, 0.0, 0.9936998683735622], [1.0, 0.8213599125385129, 0.0], [0.9790393563698803, 0.8537643935198997, 0.0], [0.9570051187977302, 0.9966764634890879, 0.0], [0.9876076584977047, 0.8280069855603354, 0.0], [0.0, 0.0, 0.9900085697044895], [0.9922292248005409, 0.7073028010274103, 0.0], [0.9562484906862037, 0.9493160682086021, 0.0], [0.9578639939513547, 0.7798157061521207, 0.0], [0.586185771220389, 0.5460066842349337, 0.0]]
0.1303, [[0.9988650578327107, 0.7316244267439059, 0.0], [0.994877423190883, 0.8878306427567407, 0.0], [0.9710129635651759, 0.9052792094390247, 0.0], [0.9579764656976626, 1.0, 0.0], [0.9582729821197473, 0.9667646348908862, 0.0], [0.0, 0.0, 0.9948003052109178], [0.9570051187977302, 0.9966764634890879, 0.0], [0.9575265787124305, 0.875367380840823, 0.0], [0.0, 0.0, 0.9904842153169412], [0.0, 0.0, 0.9900085697044895]]
0.1263, [[0.0, 0.11037258983097366, 0.0], [0.0, 0.0, 0.9818340644033385], [0.9582729821197473, 0.9667646348908862, 0.0], [0.0, 0.04224606024564863, 0.0], [0.9332020073972822, 0.983382317445443, 0.0], [0.0, 0.0, 0.9863258883374687], [0.0, 0.043007250520345174, 0.0], [0.0, 0.10123830653461732, 0.0], [0.0, 0.0, 0.9932865324836456], [0.9579764656976626, 1.0, 0.0]]
0.1305, [[0.9601850018069822, 0.9842132015731702, 0.0], [0.994877423190883, 0.8878306427567407, 0.0], [0.9579764656976626, 1.0, 0.0], [1.0, 0.8213599125385129, 0.0], [0.0, 0.0, 0.9948003052109178], [0.9710129635651759, 0.9052792094390247, 0.0], [0.9582729821197473, 0.9667646348908862, 0.0], [0.9988650578327107, 0.7316244267439059, 0.0], [0.0, 0.0, 0.9832146003834873], [0.9621685944236864, 0.7989260410898608, 0.0]]
0.1280, [[0.0, 0.0, 0.9900085697044895], [0.9601850018069822, 0.9842132015731702, 0.0], [0.9570051187977302, 0.9966764634890879, 0.0], [0.9710129635651759, 0.9052792094390247, 0.0], [0.9790393563698803, 0.8537643935198997, 0.0], [0.0, 0.0, 0.9798835344010828], [0.9582729821197473, 0.9667646348908862, 0.0], [0.0, 0.0, 0.9524433195353039], [0.9580378139229213, 0.7789848220243936, 0.0], [0.9578639939513547, 0.7798157061521207, 0.0]]
0.1273, [[0.9570051187977302, 0.9966764634890879, 0.0], [0.0, 0.0, 0.9936998683735622], [0.0, 0.0, 0.9893809796977219], [0.0, 0.0, 0.9870741205729753], [0.0, 0.0, 0.9595917030227837], [0.0, 0.0, 0.9808326160613576], [0.9710129635651759, 0.9052792094390247, 0.0], [0.0, 0.004186546510830122, 0.0], [0.9646020740256223, 0.7972642728344047, 0.0], [0.9332020073972822, 0.983382317445443, 0.0]]
0.1282, [[0.0, 0.0, 0.9999996317392283], [0.9601850018069822, 0.9842132015731702, 0.0], [0.9988650578327107, 0.7316244267439059, 0.0], [0.9646020740256223, 0.7972642728344047, 0.0], [0.9621685944236864, 0.7989260410898608, 0.0], [0.0, 0.0, 0.9900697009925558], [0.9327009968910012, 0.9526396047195124, 0.0], [0.9346436906908657, 0.6776254815857818, 0.0], [0.0, 0.0, 0.0], [0.9279465094334374, 0.8113893030057785, 0.0]]
0.1300, [[0.9988650578327107, 0.7316244267439059, 0.0], [0.0, 0.0, 0.9999996317392283], [0.9710129635651759, 0.9052792094390247, 0.0], [0.0, 0.0, 0.9904842153169412], [0.0, 0.0, 0.9900697009925558], [0.9601850018069822, 0.9842132015731702, 0.0], [0.0, 0.0, 0.9895835231220389], [0.9579764656976626, 1.0, 0.0], [0.0, 0.0, 0.9872284218362279], [0.0, 0.0, 0.9637653496503501]]
0.1294, [[0.9710129635651759, 0.9052792094390247, 0.0], [0.9968814652160065, 0.6945346519653142, 0.0], [0.9601850018069822, 0.9842132015731702, 0.0], [0.0, 0.0, 0.9999996317392283], [0.8943379066957772, 0.6876329497695866, 0.0], [0.5903881246506228, 0.6006715021034196, 0.0], [0.5832512811121721, 0.5160279575417185, 0.0], [0.0, 0.0, 0.9870741205729753], [0.896883858044021, 0.7199920489557153, 0.0], [0.9570051187977302, 0.9966764634890879, 0.0]]
0.1284, [[0.0, 0.0, 0.9763977988946541], [0.9579764656976626, 1.0, 0.0], [0.9790393563698803, 0.8537643935198997, 0.0], [0.9710129635651759, 0.9052792094390247, 0.0], [0.0, 0.0, 0.9948003052109178], [0.9582729821197473, 0.9667646348908862, 0.0], [0.0, 0.0, 0.9835238657793817], [0.0, 0.0, 0.9834496980600043], [0.0, 0.0, 0.9524433195353039], [0.0, 0.0, 0.9792896770809841]]
0.1294, [[0.0, 0.0, 0.9904842153169412], [0.9922292248005409, 0.7073028010274103, 0.0], [0.0, 0.0, 0.0], [0.0, 0.043007250520345174, 0.0], [0.9582729821197473, 0.9667646348908862, 0.0], [0.0, 0.0860145010406899, 0.0], [0.9710129635651759, 0.9052792094390247, 0.0], [0.0, 0.0, 0.0], [0.9579764656976626, 1.0, 0.0], [0.9790393563698803, 0.8537643935198997, 0.0]]
0.1205, [[0.0, 0.04985796299261233, 0.0], [1.0, 0.8213599125385129, 0.0], [0.5853677948836038, 0.5558860373497432, 0.0], [0.0, 0.0, 0.0], [0.9069960905075277, 0.6637070488243978, 0.0], [0.9579764656976626, 1.0, 0.0], [0.6680345284199537, 0.6217216938003886, 0.0], [0.0, 0.11037258983097366, 0.0], [0.0, 0.0, 0.0], [0.994877423190883, 0.8878306427567407, 0.0]]
0.1112, [[1.0, 0.8213599125385129, 0.0], [0.0, 0.0, 0.9895835231220389], [0.9491729953730124, 0.7006311555715403, 0.0], [0.9855627176557418, 0.681306389423503, 0.0], [0.9207074188528888, 0.7199920489557153, 0.0], [0.9207074188528888, 0.7199920489557153, 0.0], [0.9579355668808232, 0.6989057300226085, 0.0], [0.9854911447262731, 0.6901635739080201, 0.0], [0.0, 0.0, 0.9808326160613576], [0.0, 0.0, 0.0]]
0.1284, [[0.0, 0.0, 0.9948003052109178], [0.9710129635651759, 0.9052792094390247, 0.0], [0.9790393563698803, 0.8537643935198997, 0.0], [0.0, 0.0, 0.9936998683735622], [0.9601850018069822, 0.9842132015731702, 0.0], [0.9646020740256223, 0.7972642728344047, 0.0], [0.0, 0.0, 0.9904842153169412], [0.9582729821197473, 0.9667646348908862, 0.0], [0.0, 0.0, 0.9842095673358897], [0.9579764656976626, 1.0, 0.0]]
0.1303, [[0.0, 0.0, 0.9932865324836456], [0.9790393563698803, 0.8537643935198997, 0.0], [0.9582729821197473, 0.9667646348908862, 0.0], [0.9579764656976626, 1.0, 0.0], [1.0, 0.8213599125385129, 0.0], [0.0, 0.0, 0.9904842153169412], [0.9562484906862037, 0.9493160682086021, 0.0], [0.9621685944236864, 0.7989260410898608, 0.0], [0.0, 0.0, 0.9895835231220389], [0.9581707350776492, 0.7623671394698366, 0.0]]
0.1294, [[0.9579764656976626, 1.0, 0.0], [0.9841926072916269, 0.7881245474293992, 0.0], [0.9601850018069822, 0.9842132015731702, 0.0], [0.0, 0.0, 0.9999996317392283], [0.9912272037879792, 0.6982155598030355, 0.0], [0.9570051187977302, 0.9966764634890879, 0.0], [0.9710129635651759, 0.9052792094390247, 0.0], [0.0, 0.0, 0.9900085697044895], [0.990583047422761, 0.690853744127593, 0.0], [0.0, 0.0, 0.9870741205729753]]
0.1284, [[0.9790393563698803, 0.8537643935198997, 0.0], [0.9579764656976626, 1.0, 0.0], [0.0, 0.0, 0.9797774752988945], [0.9582729821197473, 0.9667646348908862, 0.0], [0.0, 0.0, 0.9999996317392283], [0.0, 0.0, 0.9932865324836456], [0.0, 0.0, 0.9798835344010828], [0.0, 0.0, 0.9936998683735622], [0.0, 0.0, 0.9904842153169412], [0.0, 0.0, 0.9583514007444168]]
0.1289, [[0.0, 0.0, 0.8961818850992089], [0.9710129635651759, 0.9052792094390247, 0.0], [0.0, 0.0, 0.9036544235507715], [0.9601850018069822, 0.9842132015731702, 0.0], [0.9570051187977302, 0.9966764634890879, 0.0], [0.0, 0.0, 0.9832146003834873], [0.0, 0.0, 0.9374864819535308], [0.9889164206365608, 0.8263452173048793, 0.0], [0.0, 0.0, 0.9936998683735622], [0.0, 0.0, 0.9710540404917669]]
0.1302, [[0.9579764656976626, 1.0, 0.0], [1.0, 0.8213599125385129, 0.0], [0.9601850018069822, 0.9842132015731702, 0.0], [0.0, 0.0, 0.9948003052109178], [0.921024384683393, 0.6991357867624659, 0.0], [0.8959125111440887, 0.769014212491659, 0.0], [0.900043291644854, 0.7590436029589245, 0.0], [0.0, 0.0, 0.9936998683735622], [0.8987958777312565, 0.7073028010274103, 0.0], [0.0, 0.0, 0.9900085697044895]]
0.1304, [[0.9710129635651759, 0.9052792094390247, 0.0], [0.0, 0.0, 0.9999996317392283], [1.0, 0.8213599125385129, 0.0], [0.9790393563698803, 0.8537643935198997, 0.0], [0.9579764656976626, 1.0, 0.0], [0.0, 0.0, 0.9936998683735622], [0.9968814652160065, 0.6945346519653142, 0.0], [0.9621685944236864, 0.7989260410898608, 0.0], [0.9570051187977302, 0.9966764634890879, 0.0], [0.9575265787124305, 0.875367380840823, 0.0]]
0.1253, [[0.0, 0.0, 0.9948003052109178], [0.994877423190883, 0.8878306427567407, 0.0], [0.9327009968910012, 0.9526396047195124, 0.0], [0.9361058233928692, 0.9144189348440321, 0.0], [1.0, 0.8213599125385129, 0.0], [0.9922292248005409, 0.7073028010274103, 0.0], [0.0, 0.0, 0.9832146003834873], [0.9968814652160065, 0.6945346519653142, 0.0], [0.9646020740256223, 0.7972642728344047, 0.0], [0.9621685944236864, 0.7989260410898608, 0.0]]
0.1277, [[0.9710129635651759, 0.9052792094390247, 0.0], [0.0, 0.0, 0.9870741205729753], [0.9601850018069822, 0.9842132015731702, 0.0], [0.0, 0.0, 0.9724222765621476], [0.0, 0.0, 0.9637653496503501], [0.9579764656976626, 1.0, 0.0], [0.0, 0.0, 0.9794235766974966], [0.0, 0.0, 0.9932865324836456], [0.0, 0.0, 0.9999996317392283], [0.0, 0.0, 0.9595917030227837]]
0.1281, [[0.9710129635651759, 0.9052792094390247, 0.0], [0.9601850018069822, 0.9842132015731702, 0.0], [0.9570051187977302, 0.9966764634890879, 0.0], [0.9570051187977302, 0.9966764634890879, 0.0], [0.0, 0.0, 0.9999996317392283], [0.9790393563698803, 0.8537643935198997, 0.0], [0.0, 0.0, 0.9948003052109178], [0.9575265787124305, 0.875367380840823, 0.0], [0.9562484906862037, 0.9493160682086021, 0.0], [0.9579048927681937, 0.7071877726574813, 0.0]]
0.1260, [[0.9710129635651759, 0.9052792094390247, 0.0], [0.9601850018069822, 0.9842132015731702, 0.0], [0.0, 0.0, 0.9948003052109178], [0.8941947608368399, 0.7051172619987631, 0.0], [0.0, 0.0, 0.9936998683735622], [0.5808893744397051, 0.5092146105659877, 0.0], [0.0, 0.0, 0.9904842153169412], [0.0, 0.0, 0.9815661915181594], [0.0, 0.0, 0.9739069566884726], [0.0, 0.0, 0.9524433195353039]]
