mean:1.112878,,,,,,,,,,,,,,,,,,,,
0.1007, [[0.27089439956342914, 0.17147756879346832], [0.0, 0.0], [0.0, 0.0], [0.0, 0.0], [0.0, 0.0], [0.0, 0.0], [0.0, 0.0], [0.0, 0.0], [0.0, 0.0], [0.0, 0.0]]
0.332, [[0.3503030553272318, 0.6373543328912469], [0.0, 0.020267989114000292], [0.0, 0.0], [0.0, 0.12079888720895021], [0.0, 0.0], [0.0, 0.0], [0.0, 0.0], [0.0, 0.0], [0.0, 0.0], [0.0, 0.0]]
1.1377, [[0.9985872040336164, 0.9355793344281623], [0.7711270534458365, 0.8295299424793668], [0.6253265044989618, 0.6612179316949762], [0.21818129334128317, 0.02089023283943115], [0.027712549209199452, 0.0], [0.0, 0.0], [0.0, 0.0], [0.0, 0.0], [0.0, 0.0], [0.0, 0.0]]
0.0724, [[0.22905130233545218, 0.12006081644995424], [0.0, 0.0], [0.0, 0.0], [0.0, 0.0], [0.0, 0.0], [0.0, 0.0], [0.0, 0.0], [0.0, 0.0], [0.0, 0.0], [0.0, 0.0]]
0.9161, [[0.8649561924546314, 0.849346023833586], [0.0, 0.0], [0.0, 0.0], [0.0, 0.0], [0.0, 0.0], [0.0, 0.0020439552464464354], [0.0, 0.0025625642576349917], [0.0, 0.0], [0.0, 0.0], [0.0, 0.000304807983066286]]
0.9636, [[0.8903378027472496, 0.8730179935152435], [0.8346054377285257, 0.833675850850598], [0.8520948774503108, 0.8075457040115652], [0.5207497795932892, 0.8440582165234968], [0.6603121724674044, 0.2874143332325368], [0.5629607485552166, 0.5851115397877984], [0.28354848786797765, 0.23334009071666123], [0.29005945772235303, 0.23872691865739296], [0.2951358071003405, 0.6159035596816979], [0.2729359748567501, 0.16762392500755935]]
0.7339, [[0.7891523812928013, 0.7254231814239253], [0.0, 0.016494030843665037], [0.0, 0.017022654974296662], [0.0, 0.20127690353794936], [0.0, 0.0], [0.0, 0.004726265497429752], [0.0, 0.16443214998488034], [0.0, 0.0], [0.0, 0.0], [0.0, 0.0]]
1.193, [[0.9919616781222995, 0.9925662203132897], [0.9886489151666414, 0.9652314646286004], [0.9905001650536267, 0.8750314188142159], [0.964631383738118, 0.982457892790972], [0.9870899678933901, 0.9337178104261411], [0.9859694745407412, 0.9505523156476334], [0.9840207904491776, 0.9704681005558363], [0.9833387510171299, 0.8984099961259895], [0.9794900999362917, 0.9659647256189996], [0.979295231527135, 0.9644240124642076]]
1.1628, [[0.9877232902231484, 0.9665559090449721], [0.9501136872559679, 0.9626890240020212], [0.9592237853840284, 0.962194318426815], [0.9620006602145066, 0.9508361775307395], [0.9770055277195477, 0.9489104327101229], [0.9903052966444704, 0.9418427703385549], [0.9670672388525727, 0.9407549752400202], [0.9531341475978916, 0.938593900707428], [0.9790516460156895, 0.899622860535624], [0.8498051736427233, 0.8409093436921005]]
1.2074, [[0.9919616781222995, 0.9925662203132897], [0.9549853974848772, 0.9973838080680479], [0.9560571737352372, 1.0], [0.9984897698290384, 0.8998526185784067], [0.9919129610200107, 0.9523327572006064], [0.9901104282353143, 0.9861777150917973], [0.9793926657317136, 0.9913095156644769], [0.9908411847696507, 0.9445658503452922], [0.9833387510171299, 0.9893195500252652], [0.9872361192002574, 0.9320860444669024]]
1.1238, [[0.9872361192002574, 0.9320860444669024], [0.9411984575370635, 0.9337040278760318], [0.9760311856737658, 0.9315656798888328], [0.9720363832860601, 0.9302177758127], [0.9166937550856492, 0.8569463671045983], [0.780821756801366, 0.9212369781876368], [0.9191783273023931, 0.8368805869967997], [0.7837447829387116, 0.908812009263938], [0.8869763226893018, 0.88414109794509], [0.8847353359840038, 0.8782761830048846]]
1.1767, [[0.9730594424341313, 0.9810457678962439], [0.9886489151666414, 0.9704005074111505], [0.9840207904491776, 0.9704681005558363], [0.9603929958389669, 0.9786948167424625], [0.9856284548247173, 0.9143121264948627], [0.9735953305593111, 0.9669341960586153], [0.9567879302695736, 0.9627991377800237], [0.9550828316894554, 0.956876746673404], [0.9798311196523153, 0.9542348957385887], [0.9733517450478657, 0.9484475442984672]]
1.1927, [[0.9758850343668984, 0.9942418265117062], [0.9901104282353143, 0.9861777150917973], [0.9793926657317136, 0.9913095156644769], [0.9832900339148412, 0.9070993074785246], [0.874602178707872, 0.920656791477177], [0.9142578999711944, 0.8435070611419909], [0.8981325391135047, 0.8272836800572679], [0.8451283318229702, 0.7874987032887608], [0.8380156348887623, 0.8446237409466061], [0.8301234643179292, 0.8807038179215093]]
1.1978, [[0.9896232572124233, 0.9992689383527034], [0.9830951655056844, 0.9371231266632979], [0.9809516130049645, 0.9802079647970356], [0.9734004621501549, 0.9901573531244737], [0.9812439156186987, 0.9108425894391108], [0.9741312186844913, 0.9750761642243557], [0.9646801008404068, 0.949597800741115], [0.967359541466307, 0.9349677704227725], [0.9523546739612664, 0.9432091488967492], [0.9648262521472741, 0.9099877780865756]]
1.2009, [[0.9758850343668984, 0.9942418265117062], [0.9985872040336164, 0.9355793344281623], [0.9910360531788068, 0.9413901455280445], [0.9683826006143781, 0.9586942838133738], [0.9856284548247173, 0.8732577219134243], [0.9666287849319706, 0.9499914831564764], [0.9645826666358287, 0.9494409142664647], [0.9823156918690592, 0.9459746029139295], [0.9797336854477372, 0.9390320098534612], [0.964631383738118, 0.938203150749537]]
1.1927, [[0.9783696065836425, 0.9693159380158329], [0.9852387180064048, 0.9141297276402224], [0.9730107253318421, 0.9711639727134915], [0.9733030279455768, 0.9588768292908877], [0.9841669417560445, 0.9365454325416877], [0.9560571737352372, 1.0], [0.964631383738118, 0.982457892790972], [0.9538161870299392, 0.9801032760653529], [0.943342010037784, 0.964148068216271], [0.9811464814141206, 0.9061263180899445]]
1.1921, [[0.9560571737352372, 1.0], [0.9812439156186987, 0.9545760871652349], [0.9793926657317136, 0.9913095156644769], [0.984264375960623, 0.8545751819942733], [0.9685287519212455, 0.9880628453764526], [0.9735953305593111, 0.9669341960586153], [0.9770055277195477, 0.9489104327101229], [0.9832900339148412, 0.9070993074785246], [0.9544495093596971, 0.9870155181910056], [0.9812439156186987, 0.9108425894391108]]
1.1457, [[0.9896232572124233, 0.8666834455112009], [0.979636251243159, 0.9305960628263433], [0.9821695405621919, 0.8852781583291225], [0.9784183236859317, 0.9195115202122284], [0.9784183236859317, 0.9195115202122284], [0.9819259550507464, 0.8770685970186963], [0.9394446418546565, 0.9307390201280108], [0.9707697386265436, 0.8997580468249958], [0.9533290160070482, 0.9527868482398518], [0.9620006602145066, 0.9032749430688899]]
1.1823, [[0.9704774360128092, 0.9786839666498233], [0.9706235873196767, 0.9225318047835608], [0.9703800018082311, 0.9921473187636854], [0.984264375960623, 0.8545751819942733], [0.9645826666358287, 0.9494409142664647], [0.8752842181399192, 0.9421835218965808], [0.962146811521374, 0.852967022317669], [0.9611237523733033, 0.9085485279602493], [0.9335498724776758, 0.9235776657402729], [0.8775739219475069, 0.9420824987367359]]
1.2042, [[0.981779803743879, 0.9742383611251475], [0.9960539147145837, 0.9217649671551288], [0.9782721723790643, 0.9846066510021896], [0.9841669417560445, 0.9365454325416877], [0.9830951655056844, 0.9371231266632979], [0.9560571737352372, 1.0], [0.9753491462417186, 0.9829923331648982], [0.9814875011301443, 0.9227851691089777], [0.9619032260099285, 0.9932993346808152], [0.9772978303332824, 0.9663834805457302]]
1.1978, [[0.9896232572124233, 0.9992689383527034], [0.9793926657317136, 0.9913095156644769], [0.9880643099391719, 0.9812552919824826], [0.9549853974848772, 0.9973838080680479], [0.9777850013561734, 0.9852350766380327], [0.9734004621501549, 0.9901573531244737], [0.9774439816401498, 0.9868059941047668], [0.9809028959026752, 0.9735052467576217], [0.9445599375950113, 0.9843864234461849], [0.9735953305593111, 0.9780086216944585]]
1.1942, [[0.9914257899971197, 0.9040384083712312], [0.9771516790264151, 0.9946608746841838], [0.9782721723790643, 0.9846066510021896], [0.9910360531788068, 0.9413901455280445], [0.9859694745407412, 0.9505523156476334], [0.9848002640858027, 0.9189001028297119], [0.9758850343668984, 0.9942418265117062], [0.981779803743879, 0.9742383611251475], [0.9748132581165385, 0.9677450205490988], [0.9711107583425675, 0.9821979304362474]]
1.2013, [[0.9919616781222995, 0.9925662203132897], [1.0, 0.9250883212059964], [0.9927898688612145, 0.9731910339397002], [0.9901104282353143, 0.9861777150917973], [0.9764209224920787, 0.9883770581943743], [0.9774439816401498, 0.9868059941047668], [0.9925462833497689, 0.9609376137780025], [0.9814387840278554, 0.9701538877379148], [0.23942471193394838, 0.25849937707892306], [0.9877232902231484, 0.9665559090449721]]
1.1947, [[0.9771516790264151, 0.9946608746841838], [0.9772978303332824, 0.9663834805457302], [0.9919129610200107, 0.9523327572006064], [0.9734004621501549, 0.9901573531244737], [0.9826079944827935, 0.9364339991578239], [0.9595648051000519, 0.9693159380158329], [0.9726697056158184, 0.9454373767054068], [0.9706235873196767, 0.9658598902644435], [0.9880643099391719, 0.9336468449553647], [0.9807567445958079, 0.9027682144180562]]
1.1752, [[0.9960539147145837, 0.9217649671551288], [0.9814875011301443, 0.9227851691089777], [0.9861643429498974, 0.9177142170288025], [0.9724748372066618, 0.9436941773623043], [0.9711594754448564, 0.9729816564763347], [0.9701851333990745, 0.9665930046319691], [0.9798311196523153, 0.9542348957385887], [0.9870899678933901, 0.9337178104261411], [0.9769568106172588, 0.955988212059963], [0.9780285868676188, 0.9683734461849419]]
1.1758, [[0.9821695405621919, 0.9757045898601988], [0.9797824025500259, 0.9765423929594071], [0.993130888577238, 0.8513588626410646], [0.9856771719270065, 0.9528023902644435], [0.9803670077774954, 0.9700491990062321], [0.9780285868676188, 0.9683734461849419], [0.9766645080035241, 0.8992005866599293], [0.8951607958738697, 0.9174093880747853], [0.8852712241091835, 0.9100276595081691], [0.8801559283688286, 0.9126567542529899]]
1.2025, [[0.9700876991944964, 0.9942419731345798], [0.9886489151666414, 0.9704005074111505], [0.9848002640858027, 0.95496449115715], [0.9919129610200107, 0.9523327572006064], [0.9984897698290384, 0.8998526185784067], [1.0, 0.9250883212059964], [0.9909873360765176, 0.8632779826511707], [0.9798311196523153, 0.9542348957385887], [0.9947872700550671, 0.9171466398854641], [0.9919616781222995, 0.9049130138116893]]
1.1862, [[1.0, 0.9250883212059964], [0.9856771719270065, 0.9528023902644435], [0.9784670407882206, 0.9792654729661446], [0.9947872700550671, 0.9171466398854641], [0.979197797322557, 0.9445488420919658], [0.9716466464677473, 0.9693159380158329], [0.9826079944827935, 0.9364339991578239], [0.9742286528890695, 0.9532922572848239], [0.9724748372066618, 0.9436941773623043], [0.9667749362388379, 0.9490557359777666]]
1.202, [[0.9500649701536785, 0.9956033665150751], [0.9985872040336164, 0.9355793344281623], [0.9841182246537556, 0.9586334353208692], [0.9919129610200107, 0.9523327572006064], [0.9705748702173873, 0.9726674436584135], [0.9905975992582052, 0.9103324884621864], [0.9772491132309932, 0.9696302974566281], [0.9841669417560445, 0.9365454325416877], [0.9794900999362917, 0.9659647256189996], [0.9789054947088226, 0.9575929994104766]]
1.1928, [[0.9927898688612145, 0.9731910339397002], [0.9603442787366776, 0.9917284172140812], [0.9734004621501549, 0.9901573531244737], [0.9833387510171299, 0.9893195500252652], [0.9880643099391719, 0.9812552919824826], [0.9905001650536267, 0.8750314188142159], [0.9544495093596971, 0.9870155181910056], [0.9742773699913587, 0.978846424793667], [0.9884540467574848, 0.917960836702038], [0.9586878972588486, 0.9813636462860031]]
1.1904, [[0.9703800018082311, 0.9921473187636854], [0.9905001650536267, 0.8750314188142159], [0.9886489151666414, 0.9704005074111505], [0.9652647060678763, 0.9815695048004043], [0.9880643099391719, 0.9336468449553647], [0.9863592113590537, 0.90251822241873], [0.9861643429498974, 0.9177142170288025], [0.9834849023239973, 0.9668025287182078], [0.9741312186844913, 0.9750761642243557], [0.9798311196523153, 0.9542348957385887]]
1.1889, [[0.9525982594727118, 0.9857588135421931], [0.9814387840278554, 0.9701538877379148], [0.9877232902231484, 0.9665559090449721], [0.9798311196523153, 0.9542348957385887], [0.9960539147145837, 0.9217649671551288], [0.9859694745407412, 0.9505523156476334], [0.9884540467574848, 0.917960836702038], [0.9914257899971197, 0.9040384083712312], [0.9848002640858027, 0.9189001028297119], [0.9821208234599026, 0.9464306000505307]]
1.1948, [[0.9771516790264151, 0.9946608746841838], [0.9771516790264151, 0.9946608746841838], [0.981779803743879, 0.9742383611251475], [0.9508444437903043, 0.9869794489641233], [0.9919129610200107, 0.9523327572006064], [0.9748132581165385, 0.9677450205490988], [0.9652647060678763, 0.9815695048004043], [0.9783696065836425, 0.9693159380158329], [0.9628775680557105, 0.9390353821795521], [0.9526469765750006, 0.9383185429509853]]
1.2003, [[0.9919616781222995, 0.9925662203132897], [0.9896232572124233, 0.9992689383527034], [0.9685287519212455, 0.9880628453764526], [0.9797824025500259, 0.9765423929594071], [0.9861643429498974, 0.9177142170288025], [0.9730594424341313, 0.9810457678962439], [0.9849951324949594, 0.9669072174498905], [0.9603929958389669, 0.9786948167424625], [0.9812926327209881, 0.8984438660097693], [0.9812439156186987, 0.9545760871652349]]
1.1285, [[0.9667749362388379, 0.9490557359777666], [0.946167601970551, 0.9579965055583629], [0.9581520091336684, 0.8936734908202796], [0.9560084566329484, 0.9297355331817415], [0.9562033250421046, 0.9045215307394305], [0.943439444242362, 0.9543395844702713], [0.9489931939033186, 0.9268187643591039], [0.9544495093596971, 0.8293537017854135], [0.9414907601507984, 0.9346321506653191], [0.9487496083918732, 0.9072432911403066]]
1.2016, [[0.9984897698290384, 0.8998526185784067], [0.9901104282353143, 0.9861777150917973], [0.9877232902231484, 0.9665559090449721], [0.9771516790264151, 0.9946608746841838], [0.9783696065836425, 0.9677450205490988], [0.9704774360128092, 0.9786839666498233], [0.9603929958389669, 0.9670120528044467], [0.9601006932252322, 0.9649173984335522], [0.28934214748415904, 0.26727436347142364], [0.9688697716372691, 0.8379263013306384]]
1.1962, [[0.9737901989684677, 0.9903668772107126], [0.9984897698290384, 0.8998526185784067], [0.9603929958389669, 0.9786948167424625], [0.9861643429498974, 0.9177142170288025], [0.9859694745407412, 0.9505523156476334], [0.9853848693132718, 0.9492246455280444], [0.9845566785743572, 0.9561604939363315], [0.9779311526630408, 0.9283291265790803], [0.9731081595364202, 0.9309677518106788], [0.9717927977746147, 0.9612619435741958]]
1.1887, [[0.9777850013561734, 0.9852350766380327], [0.9960539147145837, 0.9217649671551288], [0.9711107583425675, 0.9821979304362474], [0.9914257899971197, 0.9040384083712312], [0.9809516130049645, 0.9802079647970356], [0.9910360531788068, 0.9413901455280445], [0.9814387840278554, 0.9701538877379148], [0.9905975992582052, 0.9103324884621864], [0.9701851333990745, 0.9665930046319691], [0.9769568106172588, 0.955988212059963]]
1.1935, [[0.9880643099391719, 0.9812552919824826], [0.9910360531788068, 0.9413901455280445], [0.9809516130049645, 0.9802079647970356], [0.9859694745407412, 0.9505523156476334], [0.9841182246537556, 0.9586334353208692], [0.9490906281078968, 0.9724831387064174], [0.955764871121503, 0.9724579195721746], [0.9758850343668984, 0.9942418265117062], [0.9734004621501549, 0.9901573531244737], [0.9832900339148412, 0.894183591797204]]
1.185, [[0.9853848693132718, 0.9492246455280444], [0.9703800018082311, 0.9921473187636854], [0.9809028959026752, 0.9735052467576217], [0.9685287519212455, 0.9880628453764526], [0.9790516460156895, 0.899622860535624], [0.9726697056158184, 0.9454373767054068], [0.957421252599332, 0.9871202069226883], [0.964631383738118, 0.982457892790972], [0.9670672388525727, 0.9808363904328787], [0.8883891186556858, 0.8897026501600134]]
1.1967, [[0.9549853974848772, 0.9973838080680479], [0.9914257899971197, 0.9040384083712312], [0.9777850013561734, 0.9852350766380327], [0.9783696065836425, 0.9693159380158329], [0.9849951324949594, 0.9669072174498905], [0.957421252599332, 0.9871202069226883], [0.9880643099391719, 0.9336468449553647], [0.9856284548247173, 0.9143121264948627], [0.9856284548247173, 0.8732577219134243], [0.9832900339148412, 0.894183591797204]]
1.2015, [[0.9985872040336164, 0.9355793344281623], [0.9910360531788068, 0.9413901455280445], [0.9910360531788068, 0.9413901455280445], [0.9901104282353143, 0.9861777150917973], [0.9859694745407412, 0.9505523156476334], [0.9758850343668984, 0.9942418265117062], [0.9793926657317136, 0.9913095156644769], [0.9777850013561734, 0.9852350766380327], [0.979295231527135, 0.9644240124642076], [0.9735953305593111, 0.9780086216944585]]
1.1909, [[0.9758850343668984, 0.9942418265117062], [0.9886489151666414, 0.9704005074111505], [0.9841182246537556, 0.9586334353208692], [0.9730594424341313, 0.954238268064679], [0.9726697056158184, 0.9408428023412497], [0.9645826666358287, 0.9494409142664647], [0.9720363832860601, 0.9302177758127], [0.9590289169748721, 0.9538158475661109], [0.9812439156186987, 0.9545760871652349], [0.9827541457896609, 0.9292109165403403]]
1.1952, [[0.9793926657317136, 0.9913095156644769], [0.9880643099391719, 0.9812552919824826], [0.9758850343668984, 0.9942418265117062], [0.9886489151666414, 0.9704005074111505], [0.9925462833497689, 0.9609376137780025], [0.9784670407882206, 0.9792654729661446], [0.9603442787366776, 0.9917284172140812], [0.9753491462417186, 0.9829923331648982], [0.9878694415300158, 0.967238291898265], [0.9905001650536267, 0.8750314188142159]]
1.1849, [[0.9771516790264151, 0.9946608746841838], [0.9827541457896609, 0.9292109165403403], [0.9798311196523153, 0.9542348957385887], [0.9601006932252322, 0.9649173984335522], [0.9592237853840284, 0.962194318426815], [0.9620006602145066, 0.9508361775307395], [0.9493342136193421, 0.8677891286003032], [0.9542546409505408, 0.9076871185784068], [0.9663364823182363, 0.9162919751558026], [0.9573238183947539, 0.9211297968671046]]
1.2013, [[0.9560571737352372, 1.0], [0.9809516130049645, 0.9802079647970356], [0.9704774360128092, 0.9786839666498233], [0.9797824025500259, 0.9765423929594071], [0.9821695405621919, 0.9757045898601988], [0.9927898688612145, 0.9731910339397002], [0.9867489481773665, 0.9389981399696817], [0.8093699787427753, 0.7365365377665348], [0.9867489481773665, 0.9389981399696817], [0.9870899678933901, 0.9337178104261411]]
1.2013, [[1.0, 0.9250883212059964], [0.9947872700550671, 0.9171466398854641], [0.9925462833497689, 0.9609376137780025], [0.9919616781222995, 0.9925662203132897], [0.9909873360765176, 0.8632779826511707], [0.9901104282353143, 0.9861777150917973], [0.9845566785743572, 0.9561604939363315], [0.9856771719270065, 0.9528023902644435], [0.9724748372066618, 0.9436941773623043], [0.9733517450478657, 0.943913818426815]]
1.1691, [[0.993130888577238, 0.8513588626410646], [0.9878694415300158, 0.967238291898265], [0.9803670077774954, 0.9700491990062321], [0.9821208234599026, 0.9464306000505307], [0.9863592113590537, 0.90251822241873], [0.9669210875457053, 0.9661741030823647], [0.979636251243159, 0.9305960628263433], [0.9814875011301443, 0.9227851691089777], [0.9824131260736373, 0.9015991902475997], [0.9742286528890695, 0.9532922572848239]]
0.9995, [[0.9349139513417706, 0.8657695451406434], [0.22419566379998573, 0.04872486241306318], [0.21891699614968715, 0.0], [0.0, 0.0], [0.0, 0.0], [0.0, 0.0], [0.0, 0.0], [0.0, 0.0], [0.0, 0.0], [0.0, 0.0]]
1.1849, [[0.9793926657317136, 0.9913095156644769], [0.9859694745407412, 0.9505523156476334], [0.9742773699913587, 0.978846424793667], [0.9852387180064048, 0.9141297276402224], [0.9809028959026752, 0.9735052467576217], [0.9716466464677473, 0.9693159380158329], [0.963705758794625, 0.9590524834933468], [0.9583955946451138, 0.956457258632306], [0.9702825676036526, 0.9494070443826848], [0.9823156918690592, 0.9459746029139295]]
1.1951, [[0.9758850343668984, 0.9942418265117062], [0.9925462833497689, 0.9609376137780025], [0.9793926657317136, 0.9913095156644769], [0.9903052966444704, 0.9418427703385549], [0.9910360531788068, 0.9413901455280445], [0.9908411847696507, 0.9445658503452922], [0.9764209224920787, 0.9883770581943743], [0.9843618101652011, 0.9197176719723767], [0.9774439816401498, 0.9868059941047668], [0.9827541457896609, 0.9296872942563585]]
1.1928, [[0.9771516790264151, 0.9946608746841838], [0.979295231527135, 0.9644240124642076], [0.9798311196523153, 0.9542348957385887], [0.9789054947088226, 0.9575929994104766], [0.9769568106172588, 0.955988212059963], [0.9726697056158184, 0.9454373767054068], [0.9867489481773665, 0.9389981399696817], [0.9766645080035241, 0.8992005866599293], [0.94300099032176, 0.8997388392285667], [0.9905001650536267, 0.8750314188142159]]
1.0503, [[0.9482624373689822, 0.9011132820448038], [0.8813251388237672, 0.9020392054909888], [0.8000650122055581, 0.8987547065016002], [0.8666125739324608, 0.8688720851440122], [0.8638356991019821, 0.8530873996968167], [0.8444950094932119, 0.866052380663635], [0.8370900099452696, 0.7888219309721721], [0.8245697146569726, 0.8559516775307395], [0.8367002731269568, 0.8365649079501432], [0.7971419860682125, 0.8262796066195048]]
1.1941, [[0.9793926657317136, 0.9913095156644769], [0.9901104282353143, 0.9861777150917973], [0.9500649701536785, 0.9956033665150751], [0.9841182246537556, 0.9586334353208692], [0.9859694745407412, 0.9505523156476334], [0.9859694745407412, 0.9505523156476334], [0.9809028959026752, 0.9735052467576217], [0.9853848693132718, 0.9492246455280444], [0.9717927977746147, 0.9612619435741958], [0.9843618101652011, 0.9197176719723767]]
1.0958, [[0.9735953305593111, 0.9206805443826848], [0.832510602330095, 0.7681082504517528], [0.8317311286934693, 0.8492178754421426], [0.8417668517650229, 0.677996377665342], [0.5120033626011776, 0.8701361209365], [0.8184800768708358, 0.8488486790466566], [0.8397207334688805, 0.6568321647994222], [0.819259550507461, 0.6617853187567762], [0.3634655788043587, 0.8602914213407445], [0.5933830685277759, 0.846676461175678]]
1.2002, [[0.9896232572124233, 0.9992689383527034], [0.9919129610200107, 0.9523327572006064], [0.9771516790264151, 0.9946608746841838], [0.9834849023239973, 0.9668025287182078], [0.9908411847696507, 0.9445658503452922], [0.9764209224920787, 0.9883770581943743], [0.9903052966444704, 0.9418427703385549], [0.9774439816401498, 0.9868059941047668], [0.964631383738118, 0.982457892790972], [0.9741312186844913, 0.9750761642243557]]
1.1677, [[0.9809516130049645, 0.9802079647970356], [0.9505034240742807, 0.9577306782886981], [0.9558623053260811, 0.9487129316995117], [0.979295231527135, 0.9156298262590533], [0.9706235873196767, 0.9225318047835608], [0.9526956936772899, 0.9081202425467407], [0.863251093874513, 0.9216459093818427], [0.9487496083918732, 0.9072432911403066], [0.8882916844511077, 0.9101288292908878], [0.9464111874819965, 0.9078680512043118]]
0.8769, [[0.6044111595178273, 0.850656245831228], [0.855456357508258, 0.7253914347668958], [0.28496471577415544, 0.5872287042440318], [0.26513752508766786, 0.579394530503979], [0.24326875910785917, 0.013901856667674769], [0.230872166786252, 0.22227556093135772], [0.22437958950208675, 0.024464759600846677], [0.057272601699010516, 0.1660829029331717], [0.0, 0.07086829150287269], [0.040645072173489165, 0.0]]
1.1863, [[0.9783696065836425, 0.9677450205490988], [0.988989934882665, 0.94305900707428], [0.9685287519212455, 0.9880628453764526], [0.9903052966444704, 0.9418427703385549], [0.9501136872559679, 0.9626890240020212], [0.9505034240742807, 0.9577306782886981], [0.9910360531788068, 0.9413901455280445], [0.9863592113590537, 0.90251822241873], [0.9578109894176448, 0.9398327173656729], [0.9856284548247173, 0.9143121264948627]]
1.2002, [[0.9919129610200107, 0.9523327572006064], [0.9896232572124233, 0.9992689383527034], [0.9896232572124233, 0.9992689383527034], [0.9905975992582052, 0.9103324884621864], [0.9855797377224285, 0.9651267758969176], [0.9880643099391719, 0.9336468449553647], [0.9748132581165385, 0.9677450205490988], [0.9783696065836425, 0.9677450205490988], [0.9733517450478657, 0.9484475442984672], [0.9709158899334109, 0.9554916003874011]]
0.1137, [[0.26252578011783373, 0.21376706380405158], [0.2286834509312502, 0.0], [0.21845718189443464, 0.07519264590263074], [0.2265866979272987, 0.0], [0.0, 0.0], [0.0, 0.0], [0.0, 0.0], [0.0, 0.0], [0.0, 0.0], [0.0, 0.0]]
1.2007, [[0.9985872040336164, 0.9355793344281623], [0.9703800018082311, 0.9921473187636854], [1.0, 0.9250883212059964], [0.9793926657317136, 0.9913095156644769], [0.9919616781222995, 0.9049130138116893], [0.9901104282353143, 0.9861777150917973], [0.9824618431759262, 0.9671064779349842], [0.9812439156186987, 0.9545760871652349], [0.9735953305593111, 0.9669341960586153], [0.988989934882665, 0.94305900707428]]
1.1851, [[0.9960539147145837, 0.9217649671551288], [0.9870899678933901, 0.9337178104261411], [0.9798311196523153, 0.9542348957385887], [0.971938949081482, 0.968802464712818], [0.9791003631179789, 0.9644004061815733], [0.9711107583425675, 0.9821979304362474], [0.9827541457896609, 0.9292109165403403], [0.9724748372066618, 0.9436941773623043], [0.9726697056158184, 0.9408428023412497], [0.9701851333990745, 0.9665930046319691]]
1.1456, [[0.9733517450478657, 0.943913818426815], [0.9984897698290384, 0.8998526185784067], [0.8743098760941374, 0.9258022279770928], [0.9812926327209881, 0.8984438660097693], [0.8966710260448318, 0.8893992874347315], [0.8847840530862926, 0.8921295519622706], [0.8784021126864215, 0.8278876196732358], [0.8741150076849812, 0.8685940881758464], [0.24016041474235236, 0.0], [0.21608454033733185, 0.0]]
1.1865, [[0.9772491132309932, 0.9696302974566281], [0.9753491462417186, 0.9829923331648982], [0.9824618431759262, 0.9671064779349842], [0.9619032260099285, 0.9932993346808152], [0.9703800018082311, 0.9921473187636854], [0.9855797377224285, 0.9651267758969176], [0.9770055277195477, 0.9489104327101229], [0.9830951655056844, 0.9371231266632979], [0.9803670077774954, 0.9418292810341924], [0.9844592443697792, 0.924207557604851]]
1.1962, [[0.9500649701536785, 0.9956033665150751], [0.9919616781222995, 0.9925662203132897], [0.9901104282353143, 0.9861777150917973], [0.9886489151666414, 0.9652314646286004], [0.9859694745407412, 0.9505523156476334], [0.9848002640858027, 0.9189001028297119], [0.9859694745407412, 0.869899618241536], [0.9823156918690592, 0.9459746029139295], [0.9794900999362917, 0.9659647256189996], [0.979295231527135, 0.9644240124642076]]
1.1444, [[0.9508444437903043, 0.9869794489641233], [0.9528905620864461, 0.9304542785076639], [0.94085743782104, 0.8596181291056089], [0.8735791195598009, 0.896882185784066], [0.9356934249783958, 0.884424959828196], [0.7831114606089533, 0.8960046478861379], [0.8718253038773938, 0.888185836533603], [0.9170347748016732, 0.8732757565268655], [0.8630075083630676, 0.8745760081691091], [0.8039623803886857, 0.8893708425972714]]
1.2017, [[0.9927898688612145, 0.9731910339397002], [0.993130888577238, 0.8513588626410646], [0.9840207904491776, 0.9704681005558363], [0.9848002640858027, 0.9189001028297119], [0.9780285868676188, 0.9683734461849419], [0.9812439156186987, 0.930018368704733], [0.9560571737352372, 1.0], [0.9737901989684677, 0.9903668772107126], [0.9717927977746147, 0.9612619435741958], [0.9775414158447279, 0.9166129326259053]]
1.0441, [[0.9401753983889929, 0.9037618776318007], [0.9094836239468636, 0.8231177770148179], [0.889168592292311, 0.8719530715849756], [0.9081682621850578, 0.8372755890180226], [0.3789738985447375, 0.8695076953006569], [0.8628613570562003, 0.8497672713491662], [0.8175544519273428, 0.8669321179046658], [0.8389899769345441, 0.8417890809331313], [0.38952998172936387, 0.8615482726124304], [0.7934882033965305, 0.8492288721576553]]
1.1999, [[0.9919616781222995, 0.9925662203132897], [0.9877232902231484, 0.9665559090449721], [0.9472393782209115, 0.9763402000168435], [0.9985872040336164, 0.9355793344281623], [0.9603929958389669, 0.9670120528044467], [0.9841669417560445, 0.9365454325416877], [0.9794900999362917, 0.9659647256189996], [0.9592237853840284, 0.962194318426815], [0.971938949081482, 0.9300960788276906], [0.8901916514403821, 0.9167014928415025]]
1.1505, [[0.9500649701536785, 0.9956033665150751], [0.9315037541815341, 0.907965555415193], [0.7951445848743595, 0.9246038792319354], [0.8585255349524711, 0.8695462571163888], [0.7983111965231506, 0.8930853864746504], [0.8318285628980474, 0.8897618858009094], [0.8178467545410775, 0.8421365771433384], [0.8240338265317924, 0.8376138479871988], [0.8232543528951671, 0.6545808539934955], [0.5834958145366927, 0.5790632904509284]]
1.1659, [[0.9984897698290384, 0.8998526185784067], [0.9859694745407412, 0.9505523156476334], [0.9845566785743572, 0.9561604939363315], [0.9748132581165385, 0.8814807725282129], [0.9748132581165385, 0.8814807725282129], [0.9670672388525727, 0.9407549752400202], [0.9592237853840284, 0.962194318426815], [0.9578109894176448, 0.9398327173656729], [0.9624878312373976, 0.9384745496883947], [0.9742773699913587, 0.8554264743978441]]
1.1959, [[0.9777850013561734, 0.9852350766380327], [0.9619032260099285, 0.9932993346808152], [0.9908411847696507, 0.9445658503452922], [0.979197797322557, 0.9497313741788782], [0.9947872700550671, 0.9171466398854641], [0.9872361192002574, 0.9320860444669024], [0.9785157578905098, 0.9259507569479535], [0.9784183236859317, 0.9195115202122284], [0.9445599375950113, 0.9843864234461849], [0.9534751673139151, 0.983873536634664]]
0.0203, [[0.0, 0.103180114907771], [0.0, 0.04045455095252492], [0.0, 0.03810970668279387], [0.0, 0.04765977623223428], [0.0, 0.0016002419110974215], [0.0, 0.0350507408527362], [0.0, 0.0], [0.0, 0.0], [0.0, 0.0], [0.0, 0.0]]
1.1789, [[0.9834849023239973, 0.9668025287182078], [0.9784670407882206, 0.9792654729661446], [0.9925462833497689, 0.9609376137780025], [0.9919129610200107, 0.9523327572006064], [0.9470932269140442, 0.9526132467576217], [0.9800747051637607, 0.9218088073943068], [0.979636251243159, 0.9305960628263433], [0.9794900999362917, 0.9302380097692438], [0.9784183236859317, 0.9195115202122284], [0.8171647151090303, 0.7613036584748829]]
1.1602, [[0.9704774360128092, 0.9786839666498233], [0.9534751673139151, 0.983873536634664], [0.9509905950971717, 0.9411724105608895], [0.8576486271112673, 0.933640833417551], [0.874602178707872, 0.920656791477177], [0.9140630315620383, 0.8867701926899108], [0.8984248417272389, 0.9023425682162708], [0.8806918164940089, 0.9017358427657066], [0.8758201062650994, 0.9021403752737072], [0.8743098760941374, 0.8762538137106284]]
1.1873, [[0.9880643099391719, 0.9812552919824826], [0.9867489481773665, 0.9389981399696817], [0.9827541457896609, 0.9296872942563585], [0.9821695405621919, 0.8852781583291225], [0.9793926657317136, 0.9913095156644769], [0.9777850013561734, 0.9852350766380327], [0.9732055937409982, 0.9475895072427153], [0.9634134561808907, 0.9735153637358935], [0.9603929958389669, 0.9670120528044467], [0.9697953965807616, 0.868815195469092]]
1.1987, [[0.9960539147145837, 0.9217649671551288], [0.9809028959026752, 0.9735052467576217], [0.9812439156186987, 0.9545760871652349], [0.9771516790264151, 0.9946608746841838], [0.9867489481773665, 0.9389981399696817], [0.9783696065836425, 0.9693159380158329], [0.9685287519212455, 0.9880628453764526], [0.964631383738118, 0.982457892790972], [0.9652647060678763, 0.9815695048004043], [0.9827541457896609, 0.9292109165403403]]
1.1942, [[0.9877232902231484, 0.9665559090449721], [0.993130888577238, 0.8513588626410646], [0.9833387510171299, 0.9893195500252652], [0.9797824025500259, 0.9765423929594071], [0.9619032260099285, 0.9932993346808152], [0.9603442787366776, 0.9917284172140812], [0.9586878972588486, 0.9813636462860031], [0.9884540467574848, 0.917960836702038], [0.9683826006143781, 0.9586942838133738], [0.9718902319791928, 0.9502948458817584]]
1.1801, [[0.9814387840278554, 0.9701538877379148], [0.9793926657317136, 0.9913095156644769], [0.9772978303332824, 0.9663834805457302], [0.9490906281078968, 0.9724831387064174], [0.9624878312373976, 0.9384745496883947], [0.9492854965170534, 0.930674066195048], [0.9591750682817395, 0.9033187833080679], [0.9606852984527012, 0.8729807513053731], [0.7822345527677496, 0.9174356335691426], [0.9493342136193421, 0.8795044428162371]]
0.9816, [[0.8691458632514937, 0.9128851926899108], [0.2487681376006791, 0.16812642273964268], [0.23727278121936674, 0.5978724588859416], [0.2483267159156366, 0.5056999196290576], [0.22311050215758993, 0.2127372482612639], [0.24106165068264718, 0.10239632295131527], [0.0, 0.16443214998488034], [0.0, 0.0], [0.0, 0.007348920471726262], [0.0, 0.04273233746598132]]
1.188, [[0.9500649701536785, 0.9956033665150751], [0.9737901989684677, 0.9903668772107126], [0.9794900999362917, 0.9659647256189996], [0.943342010037784, 0.964148068216271], [0.9470932269140442, 0.9526132467576217], [0.9724748372066618, 0.9436941773623043], [0.9608314497595686, 0.9527685203806636], [0.9655570086816105, 0.9514172439784402], [0.9848002640858027, 0.95496449115715], [0.9821208234599026, 0.9464306000505307]]
1.193, [[0.9700876991944964, 0.9942419731345798], [0.9886489151666414, 0.9652314646286004], [0.9909873360765176, 0.8632779826511707], [0.9848002640858027, 0.9189001028297119], [0.9794900999362917, 0.9659647256189996], [0.979295231527135, 0.9644240124642076], [0.9780285868676188, 0.9683734461849419], [0.9775414158447279, 0.9166129326259053], [0.9732055937409982, 0.9475895072427153], [0.9437804639583857, 0.9436823009095504]]
1.18, [[0.9919129610200107, 0.9523327572006064], [0.9919129610200107, 0.9523327572006064], [0.9730594424341313, 0.9810457678962439], [0.9824618431759262, 0.9671064779349842], [0.9812439156186987, 0.9545760871652349], [0.9798311196523153, 0.9542348957385887], [0.9472393782209115, 0.9763402000168435], [0.9717927977746147, 0.9612619435741958], [0.9908411847696507, 0.9445658503452922], [0.9910360531788068, 0.9413901455280445]]
1.2015, [[0.9758850343668984, 0.9942418265117062], [0.9886489151666414, 0.9704005074111505], [0.9886489151666414, 0.9704005074111505], [0.9985872040336164, 0.9355793344281623], [0.9603442787366776, 0.9917284172140812], [0.9878694415300158, 0.967238291898265], [0.9925462833497689, 0.9609376137780025], [0.9833387510171299, 0.9893195500252652], [0.9919129610200107, 0.9523327572006064], [0.9508444437903043, 0.9869794489641233]]
1.2016, [[0.9758850343668984, 0.9942418265117062], [0.9901104282353143, 0.9861777150917973], [0.9685287519212455, 0.9880628453764526], [0.9753978633440075, 0.9558058132053227], [0.9783696065836425, 0.9677450205490988], [0.978710626299666, 0.9612145843860537], [0.9919129610200107, 0.9523327572006064], [0.9925462833497689, 0.9609376137780025], [0.9800747051637607, 0.9218088073943068], [0.9985872040336164, 0.9355793344281623]]
1.181, [[0.9910360531788068, 0.9413901455280445], [0.9908411847696507, 0.9445658503452922], [0.979295231527135, 0.8763321103250801], [0.9753491462417186, 0.9829923331648982], [0.9624878312373976, 0.9384745496883947], [0.9500649701536785, 0.9158805513727473], [0.9587366143611374, 0.8916295679636179], [0.9581520091336684, 0.8936734908202796], [0.9471906611186223, 0.8699518159845039], [0.9455342796407932, 0.9085614307731178]]
1.1941, [[0.9947872700550671, 0.9171466398854641], [0.988989934882665, 0.94305900707428], [0.9984897698290384, 0.8998526185784067], [0.9821695405621919, 0.9757045898601988], [0.9772978303332824, 0.9663834805457302], [0.9783696065836425, 0.9677450205490988], [0.9685287519212455, 0.9880628453764526], [0.9682851664098, 0.963765235893549], [0.9840207904491776, 0.9704681005558363], [0.9534751673139151, 0.983873536634664]]
1.2042, [[0.9960539147145837, 0.9217649671551288], [0.9840207904491776, 0.9704681005558363], [0.9742773699913587, 0.978846424793667], [0.9821208234599026, 0.9464306000505307], [0.9823156918690592, 0.9459746029139295], [0.9737901989684677, 0.9903668772107126], [0.9732055937409982, 0.9475895072427153], [0.9560571737352372, 1.0], [0.9705748702173873, 0.9726674436584135], [0.9735953305593111, 0.9206805443826848]]
1.2013, [[0.9919616781222995, 0.9925662203132897], [1.0, 0.9250883212059964], [0.9793926657317136, 0.9913095156644769], [0.9774439816401498, 0.9868059941047668], [0.9901104282353143, 0.9861777150917973], [0.964631383738118, 0.982457892790972], [0.8850763557000273, 0.8661419672393464], [0.9925462833497689, 0.9609376137780025], [0.8773303364360615, 0.9089036485598787], [0.9667749362388379, 0.9490557359777666]]
1.2024, [[0.9985872040336164, 0.9355793344281623], [0.9878694415300158, 0.967238291898265], [0.9500649701536785, 0.9956033665150751], [0.9603442787366776, 0.9917284172140812], [0.9798311196523153, 0.9650355764695975], [0.9832900339148412, 0.894183591797204], [0.9544495093596971, 0.9870155181910056], [0.9784670407882206, 0.9792654729661446], [0.9797336854477372, 0.9390320098534612], [0.9525982594727118, 0.9857588135421931]]
1.2018, [[0.9771516790264151, 0.9946608746841838], [0.981779803743879, 0.9742383611251475], [0.9925462833497689, 0.9609376137780025], [0.9886489151666414, 0.9704005074111505], [0.9758850343668984, 0.9942418265117062], [0.9985872040336164, 0.9355793344281623], [0.9903052966444704, 0.9418427703385549], [0.9700876991944964, 0.9942419731345798], [0.9800747051637607, 0.9218088073943068], [0.9652647060678763, 0.9815695048004043]]
1.1946, [[0.9764209224920787, 0.9883770581943743], [0.9984897698290384, 0.8998526185784067], [0.9445599375950113, 0.9843864234461849], [0.9753491462417186, 0.9829923331648982], [0.9925462833497689, 0.9609376137780025], [0.9903052966444704, 0.9418427703385549], [0.9834849023239973, 0.9668025287182078], [0.9791003631179789, 0.9555084620178541], [0.9772978303332824, 0.9663834805457302], [0.9794900999362917, 0.889075544130032]]
1.1581, [[0.979197797322557, 0.9497313741788782], [0.9581032920313791, 0.9735052467576217], [0.9666775020342598, 0.9002917540845544], [0.9603929958389669, 0.9670120528044467], [0.9564956276558394, 0.9518260285497726], [0.9641442127152271, 0.9057665055583629], [0.9641442127152271, 0.9057665055583629], [0.9592237853840284, 0.8648151768569986], [0.5903408365305193, 0.35911251468314903], [0.9618545089076397, 0.8454940943237327]]
1.1012, [[0.2620107881519509, 0.6221699562334218], [0.9856284548247173, 0.9143121264948627], [0.0, 0.0], [0.0, 0.04273233746598132], [0.0, 0.0], [0.0, 0.0], [0.0, 0.0], [0.0, 0.0], [0.0, 0.0], [0.0, 0.003530111883882225]]
1.1991, [[0.9703800018082311, 0.9921473187636854], [0.9734004621501549, 0.9901573531244737], [0.9880643099391719, 0.9812552919824826], [0.9803670077774954, 0.9700491990062321], [0.9855797377224285, 0.9651267758969176], [0.9699902649899184, 0.96490390912919], [0.9908411847696507, 0.9445658503452922], [0.9910360531788068, 0.9413901455280445], [0.9985872040336164, 0.9355793344281623], [0.9827541457896609, 0.9296872942563585]]
1.1986, [[0.9771516790264151, 0.9946608746841838], [0.9782721723790643, 0.9846066510021896], [0.9803670077774954, 0.9700491990062321], [0.9960539147145837, 0.9217649671551288], [0.993130888577238, 0.8513588626410646], [0.9845566785743572, 0.923369607882769], [0.9827541457896609, 0.9292109165403403], [0.9581032920313791, 0.9735052467576217], [0.9701851333990745, 0.9665930046319691], [0.9779311526630408, 0.9283291265790803]]
1.1728, [[0.9821695405621919, 0.9757045898601988], [0.9886489151666414, 0.9704005074111505], [0.9903052966444704, 0.9418427703385549], [0.9760311856737658, 0.9315656798888328], [0.979295231527135, 0.8763321103250801], [0.9720363832860601, 0.9302177758127], [0.9742773699913587, 0.8554264743978441], [0.9824131260736373, 0.9015991902475997], [0.9550828316894554, 0.956876746673404], [0.254304301233919, 0.24318364680979684]]
1.18, [[0.9791003631179789, 0.9555084620178541], [0.9809516130049645, 0.8870179853461344], [0.9703800018082311, 0.9921473187636854], [0.979295231527135, 0.9156298262590533], [0.9603929958389669, 0.9670120528044467], [0.9777850013561734, 0.9020485893548932], [0.9501136872559679, 0.9626890240020212], [0.9501136872559679, 0.9626890240020212], [0.9617083576007723, 0.9519540303183427], [0.23282177922852262, 0.2429337042636824]]
1.1994, [[0.9560571737352372, 1.0], [0.9908411847696507, 0.9445658503452922], [0.9700876991944964, 0.9942419731345798], [0.9619032260099285, 0.9932993346808152], [0.9833387510171299, 0.9893195500252652], [0.9764209224920787, 0.9883770581943743], [0.9903052966444704, 0.9418427703385549], [0.9652647060678763, 0.9815695048004043], [0.9886489151666414, 0.9704005074111505], [0.9821695405621919, 0.9757045898601988]]
