1.0913, [[0.9350447487282187, 0.9543742741471289], [0.9286835162859333, 0.9331678659623754], [0.8194116789995627, 0.9302597266952127], [0.8167965056621789, 0.905996829811877], [0.734078894402793, 0.8791689794328232], [0.7360248147710011, 0.8764061245261828], [0.7344060845531997, 0.8745981413730168], [0.7302128844677245, 0.8765958524147128], [0.7374627293793673, 0.8627154745191632], [0.7268376597582662, 0.8513229125017548]]
0.8057, [[0.7349915827170853, 0.8636472560718799], [0.7328088800031881, 0.8649099631124527], [0.7287319185237785, 0.8220507702512986], [0.6347600164195674, 0.765430226414432], [0.6624217688681233, 0.7365288555734942], [0.6160034559061603, 0.7121737000561561], [0.5977756411639027, 0.6712478965517252], [0.5674979885843967, 0.5993591149425291], [0.5644368288566894, 0.3876], [0.545012378948146, 0.3876]]
1.0790, [[0.946636327845272, 0.9309673493963219], [0.7265578260769973, 0.8914833104380177], [0.7322147715721865, 0.8836653362698301], [0.727117493439535, 0.877091576547803], [0.7904327312069289, 0.8733387037414011], [0.7770741430781297, 0.8704121740488558], [0.7236561660589169, 0.8623349970518039], [0.7241727820858749, 0.8192126167696194], [0.7114425021549202, 0.8499103234943142], [0.7310179444430672, 0.8191716469886283]]
1.0781, [[0.9738482666261598, 0.9040049424048857], [0.7305142438167833, 0.8535960712480697], [0.7256623582969368, 0.8466925098975151], [0.7227520880117406, 0.8235107656886144], [0.7075506614185039, 0.8079236541485328], [0.7047394092051412, 0.7443417212901866], [0.7042529291130891, 0.7461868939702372], [0.7012150112356152, 0.7555837883265478], [0.6449731584201912, 0.7555090005966586], [0.6532104609602039, 0.7535465378702794]]
0.7138, [[0.7099744516116481, 0.7812891075740558], [0.6885251127280283, 0.759672695072301], [0.6156416824837949, 0.3876], [0.6128866387288582, 0.6836801839080453], [0.6097976502763535, 0.7291520472764285], [0.602395209480261, 0.7288724106415836], [0.5535001400113347, 0.3876], [0.5487970855205844, 0.3876], [0.5428139096891562, 0.3876], [0.45687880751497045, 0.3876]]
0.7888, [[0.7310136393095094, 0.8492127133581355], [0.7255719504922192, 0.8358012913098414], [0.7245946851745572, 0.8489230641583603], [0.7258259533721402, 0.7935140406780851], [0.7179820000294959, 0.8432666801558333], [0.7156873638430911, 0.7961012670223221], [0.7156184817061634, 0.7846583356731714], [0.7185631930598235, 0.7807077657939071], [0.7162642517398607, 0.7662679102906079], [0.7088723374208046, 0.7692077219570405]]
0.9192, [[0.8066185337545223, 0.9138258382352942], [0.7119375925140882, 0.8527861773480275], [0.7081706006508534, 0.765532701951425], [0.6986825972790571, 0.7616456812087603], [0.6969850450664197, 0.7435370380106696], [0.6105490258458817, 0.7540984549698161], [0.6183410687891369, 0.7382811566053629], [0.5829707595717177, 0.5896488836662763], [0.5002081320244287, 0.3876], [0.24855007240895577, 0.1361716531927358]]
0.7525, [[0.7247023135135068, 0.8124659870489963], [0.7197858509902906, 0.8032883474308578], [0.6807330697847731, 0.7384638348308298], [0.6312535970951025, 0.6120862758620695], [0.5703365185137255, 0.7136362497192195], [0.6168939750996751, 0.6951953448275855], [0.6281089511930033, 0.3876], [0.6212630848928575, 0.3876], [0.6187863283858943, 0.3876], [0.5890930790271325, 0.3876]]
1.1517, [[0.9707383307654871, 0.9756362622841499], [0.799691858428478, 0.9051402446651692], [0.7112659916790429, 0.7869878917239926], [0.7000462047941269, 0.716713274392812], [0.6493979256629683, 0.7856276132598624], [0.6325058897109829, 0.711761448020497], [0.6421624572156599, 0.6355681954022995], [0.5982765582102547, 0.3876], [0.6053172255839818, 0.3876], [0.5309867016502867, 0.3876]]
0.7657, [[0.731569001538489, 0.8207536322476484], [0.7089713554926381, 0.7734522321353361], [0.6127474951048715, 0.7316994276990031], [0.704283065047995, 0.7173521373367963], [0.6589988357180505, 0.3876], [0.590929774863757, 0.7140741461813841], [0.6318101715910494, 0.3876], [0.5798539423944158, 0.6897448275862064], [0.629416901258478, 0.3876], [0.5816071520566481, 0.649941540229885]]
1.0395, [[0.9245133750182131, 0.9057664386494454], [0.9074794081449817, 0.914823723150358], [0.8042154014985474, 0.8983337438930226], [0.7303807846764858, 0.8942564844166784], [0.735577080880971, 0.8922991301417943], [0.7334675654375594, 0.8904866515513126], [0.735305857466818, 0.8750439048504844], [0.7306089567550589, 0.8848423234943141], [0.7316249682747429, 0.8639989218728065], [0.7312073703196186, 0.848508768742103]]
0.6922, [[0.7095869895914296, 0.7549888580654218], [0.6952874928537818, 0.7423458492910291], [0.6232110956286714, 0.3876], [0.5664404970420978, 0.3876], [0.6000854253220818, 0.3876], [0.5842508809123954, 0.3876], [0.5822472127269869, 0.3876], [0.5660508948949352, 0.3876], [0.5638802543607426, 0.3876], [0.5516634441747104, 0.3876]]
0.9599, [[0.8276812811745343, 0.9346988688754737], [0.734586900162635, 0.8799384143970237], [0.7252964219445084, 0.8308891065211288], [0.7185029211900117, 0.8598914203636109], [0.6601398134347415, 0.7248554308928822], [0.6516242236467555, 0.7133443528007861], [0.6375150601745041, 0.3876], [0.6368749995041654, 0.3876], [0.6211239412688707, 0.3876], [0.6091297608812174, 0.3876]]
0.7768, [[0.7274360733228257, 0.8388319312438579], [0.7259981587144595, 0.835123399796434], [0.7136295100023754, 0.7679663682437176], [0.7036502104149716, 0.7317061708549768], [0.6516520523715528, 0.6478321494252884], [0.6403257613790354, 0.7262176505685806], [0.5789077657513062, 0.3876], [0.5660508948949352, 0.3876], [0.5178793722707395, 0.3876], [0.5110613346953913, 0.3876]]
0.8227, [[0.7175945380092774, 0.8967624863821424], [0.7258690047077201, 0.8352624518461322], [0.6376542037984907, 0.732067747051804], [0.6085731863852706, 0.5917187732079917], [0.6530991460610144, 0.512097186839013], [0.6529321737122304, 0.3876], [0.5853918586290865, 0.3876], [0.5564499848398529, 0.3876], [0.5460976992152423, 0.3876], [0.5615982989273607, 0.3876]]
0.8443, [[0.7364251921918935, 0.9094029409307876], [0.7351379572580568, 0.8634865441878422], [0.5725628164975126, 0.55177089306698], [0.6254652223372559, 0.3876], [0.5885921619807806, 0.3876], [0.5820524116534056, 0.3876], [0.5680545630803435, 0.3876], [0.5639637405351346, 0.3876], [0.5610973818810086, 0.3876], [0.5590937136956001, 0.3876]]
1.0990, [[0.9586519891251445, 0.9381468692966447], [0.7820924486714885, 0.8891432309771164], [0.7524066972741563, 0.8537927466306332], [0.7281937768290306, 0.8874977987505264], [0.7320167354285193, 0.8666755461182085], [0.7302214947348404, 0.8472422814474239], [0.7273112244496442, 0.8498403377088305], [0.7266912852172948, 0.8071366461111891], [0.7257355455674226, 0.8323888457110769], [0.706297867553131, 0.7423257219921382]]
0.9577, [[0.8421000747103811, 0.9165198312157798], [0.728116284424987, 0.9092899419837147], [0.7210773910576853, 0.8234402690579812], [0.7109689374635421, 0.8423529825214096], [0.7163245236096725, 0.8091411003088587], [0.7119978643839, 0.7806453405166361], [0.7048943940132286, 0.7818956851045906], [0.7118902360449504, 0.7649598402007581], [0.710249980159359, 0.7258353340586832], [0.7072751328707929, 0.7429560027376105]]
1.1891, [[0.98699481367355, 0.9591597693387617], [0.9447279581125865, 0.9953308753334269], [0.7360162045038852, 0.9223821879825915], [0.7290892446090911, 0.8863748589428612], [0.7314097115968438, 0.8755012134283306], [0.7295412836326792, 0.8828790434156957], [0.7353876550044196, 0.8743693849150639], [0.7353876550044196, 0.8743693849150639], [0.7284779156438576, 0.8431702325916046], [0.7223344900566163, 0.8595869566544995]]
0.7989, [[0.7279871304182475, 0.856582574161168], [0.7353273831346079, 0.8366283496069071], [0.7165268648868977, 0.7984246929313492], [0.716931547441348, 0.7719212292222378], [0.7142107030327031, 0.7792754581636951], [0.6124970365816954, 0.7323365537694791], [0.3522706310017696, 0.31645447217340383], [0.356806713143736, 0.3876], [0.43739870015683247, 0.20479575004881848], [0.48031059379433066, 0.3876]]
1.1165, [[0.9486153779384275, 0.964769666432683], [0.8230163773835247, 0.9195496537975573], [0.7376134090538967, 0.9011083482381019], [0.7318789711546638, 0.8881992913098413], [0.7272638679805064, 0.8604714339463708], [0.7346730028337946, 0.8500113686648885], [0.714951186004676, 0.8125845031236838], [0.7261617537896629, 0.8114234542678646], [0.7227004264090447, 0.8148527577565633], [0.7153171223571045, 0.7969186192615471]]
0.9216, [[0.8001159405912973, 0.9238525024919275], [0.7197686304560587, 0.7933532266250176], [0.7099658413445321, 0.7674020886915626], [0.6248808191165117, 0.7364843098764565], [0.5990557625045803, 0.3876], [0.5614591553033741, 0.3876], [0.4166941289076116, 0.37348311501659837], [0.4145791458230137, 0.2976050474516694], [0.3943476628953476, 0.27346046631517285], [0.3899785531021652, 0.23947312087482925]]
0.8859, [[0.7358870504971456, 0.8934192092166221], [0.7919876991372659, 0.8893804674645515], [0.7082954495240349, 0.7938201390916748], [0.7039386543633565, 0.7568668270040714], [0.6743881205309794, 0.7167734519514248], [0.6685719170483354, 0.3876], [0.6477003734503304, 0.7449171372666011], [0.6466150531832343, 0.776505757932051], [0.5645481437558788, 0.3876], [0.6231276094542794, 0.7249808944616032]]
0.7746, [[0.7299502713206876, 0.8333129645865507], [0.7154419712302861, 0.8129251346693809], [0.7016324421075752, 0.7398025556296504], [0.6966511003688515, 0.7306425912536851], [0.6316153705174681, 0.7325953479222238], [0.6531826322354065, 0.5052551891891892], [0.59518756975775, 0.3876], [0.5011821373923356, 0.3876], [0.4919430007596188, 0.3876], [0.4960338233048277, 0.3876]]
1.0372, [[0.9231704481692857, 0.9137592240277973], [0.9136992798663276, 0.9016402402077776], [0.7785584306479966, 0.8743697935911835], [0.7337344837181543, 0.8697851627123403], [0.722653069939907, 0.8159009098343395], [0.7177366074166908, 0.8097086492699704], [0.7174051121327262, 0.8093675068791238], [0.7150846451449735, 0.7698778486241752], [0.7149727116724659, 0.7775746503228976], [0.7142838903031887, 0.7504042271865787]]
0.7733, [[0.7309705879739294, 0.8305515400463287], [0.7191702168914991, 0.8174155657026534], [0.7153386480248944, 0.7969488612943985], [0.45529257020152214, 0.3876], [0.3327070374692397, 0.32152735715680536], [0.6088514736332439, 0.3876], [0.42754733157857416, 0.3876], [0.4649213089814017, 0.3699726897090413], [0.5388900594927313, 0.3876], [0.4947815306889474, 0.31048821245850405]]
0.8124, [[0.7341865227417426, 0.87390941994244], [0.7096257357934515, 0.7764749028850203], [0.7101208261526195, 0.7384581133651551], [0.6363184250082186, 0.7469893295310964], [0.6052337394095897, 0.7427463518882492], [0.6350383036675408, 0.7236146901937386], [0.6137771579223732, 0.4030895910693302], [0.5987774752566069, 0.6877793908045977], [0.5887591343295645, 0.3876], [0.5842787096371929, 0.3876]]
0.7570, [[0.7304152257449497, 0.8115914201530254], [0.7079252080380484, 0.7597370615611401], [0.7060826108752317, 0.8104049312087602], [0.7063236983544788, 0.7684517733047873], [0.7071631993982854, 0.7472152252562123], [0.6901391787662738, 0.7686917683560298], [0.6203447369745454, 0.7590933966727502], [0.6661786467157642, 0.6905191609195396], [0.6635627465848142, 0.7153922288361645], [0.6083505565868919, 0.559850378378378]]
1.1181, [[0.9662854680558872, 0.9486368701038888], [0.7349571416486214, 0.853425755475221], [0.722674595607697, 0.8297113019444055], [0.7279053328806459, 0.782681262775516], [0.7177839638858287, 0.7957607376456548], [0.7156658381753012, 0.7698702881159624], [0.709238273773233, 0.7756763497472975], [0.7049589710165983, 0.7733020436613786], [0.7047480194722572, 0.746588009581637], [0.6838220582372778, 0.7660847212199915]]
0.8063, [[0.7339497403960534, 0.8356659173452198], [0.7277503480725585, 0.8671157924680613], [0.733312580629472, 0.8251699907342412], [0.7208319984448803, 0.8436673870911133], [0.7165354751540136, 0.8037299219780991], [0.7111110068709555, 0.7505324493191071], [0.709746279533075, 0.8019754753966025], [0.7104221855016782, 0.7924261448476766], [0.7101337415532935, 0.788320788888109], [0.7108828347923825, 0.775422561877018]]
1.0614, [[0.9330656986350632, 0.927413910536291], [0.7339755711974014, 0.9205150489611119], [0.7827285719157168, 0.8680964108170715], [0.7540323455649621, 0.90222842731293], [0.7526187383555654, 0.8965069616383545], [0.7273801065865719, 0.8811280705812158], [0.7331619009549426, 0.8021655097922225], [0.7312719473229883, 0.8379694202934156], [0.7200484641373275, 0.8417109523374982], [0.7279914355518055, 0.8377704971921942]]
0.8338, [[0.7350131083848752, 0.8984966013266882], [0.7275523119288912, 0.8771696336866488], [0.7167550369654708, 0.8666450997472975], [0.7272552577133905, 0.8498130585778465], [0.7150028476073718, 0.8470116859469325], [0.7262564667279385, 0.8395332194651131], [0.7249434009927538, 0.8293590231292994], [0.7165871367567095, 0.7737602717604942], [0.7153730890933584, 0.7646332058121579], [0.7116706742334933, 0.7537908240207777]]
1.0947, [[0.9300264431348599, 0.9628079188895129], [0.704778155407163, 0.7654090774252421], [0.643080805133972, 0.7316061473747016], [0.6125526940312902, 0.3876], [0.5620157297993209, 0.3876], [0.5582031945020851, 0.3876], [0.5538062559841055, 0.3876], [0.5486022844470029, 0.3876], [0.5381108551984057, 0.3876], [0.5331851709092765, 0.3876]]
0.8275, [[0.7278881123464139, 0.8995109354555666], [0.7109603271964261, 0.7374364230661238], [0.5769040975658977, 0.7199853397444896], [0.6635070891352196, 0.7111647808858627], [0.472963810447833, 0.3876], [0.5860597480242224, 0.3876], [0.5728411037454859, 0.3876], [0.567998905630749, 0.3876], [0.539697092511854, 0.3876], [0.5884808470815911, 0.3876]]
1.1353, [[0.9666388698582364, 0.9644000188824933], [0.8476131428270286, 0.9115170224975432], [0.7972180458120337, 0.910483582760073], [0.7903620508464595, 0.8900145284641303], [0.7794065949736345, 0.908687451214376], [0.7708542713567839, 0.8728037467008283], [0.7686631801822192, 0.8712295262880808], [0.759969495844429, 0.86707472051804], [0.7570716010651654, 0.8985268433595396], [0.7392601502267662, 0.877427814825214]]
1.0619, [[0.92564426078573, 0.9353657261336515], [0.7317196812130184, 0.8305656393724554], [0.728624290184829, 0.8884912903973045], [0.7275824478637971, 0.8738774410360802], [0.7178097946871765, 0.8032757806401797], [0.7086958269449273, 0.8146376919486171], [0.7088163706845507, 0.7958093701038887], [0.7093975637148784, 0.7451627516144883], [0.7057382001905932, 0.7400543001193317], [0.7086484704757895, 0.7779839394566896]]
1.0646, [[0.9200605123086131, 0.9436348787378914], [0.8165844645807692, 0.9281459516355468], [0.8855684963993318, 0.9061596872455426], [0.7335278373073711, 0.9075466318264775], [0.789584566881291, 0.8871232470869016], [0.7784170699270564, 0.8942211339323318], [0.733351326831494, 0.8843299458093499], [0.7303119025395581, 0.8852802199564791], [0.7197341893875948, 0.855743051242454], [0.7257312404338646, 0.8510862890284991]]
0.9331, [[0.8132624876386869, 0.9217691738031727], [0.7358956607642616, 0.8759368621718377], [0.7319909046271713, 0.8957890198652254], [0.7184211236524101, 0.8284443038045767], [0.7176289790777413, 0.7887677783939352], [0.711240160877695, 0.8018554267864664], [0.7098108565364447, 0.7670890427839394], [0.6431364625835668, 0.7697468679278394], [0.7078175796990988, 0.732101462831672], [0.6850465221283607, 0.765521054682016]]
0.8672, [[0.7829406129971265, 0.8821816376175768], [0.716199674736491, 0.7875190685104592], [0.712721126821641, 0.7630653198792643], [0.642496401913228, 0.7139998692966446], [0.6227658360319139, 0.3876], [0.5754013464268413, 0.3876], [0.576848440116303, 0.3876], [0.5696964578433867, 0.3876], [0.5177402286467528, 0.3876], [0.5646594586550682, 0.3876]]
0.9556, [[0.7368686209483657, 0.9540470267443493], [0.808597583847678, 0.9244537672329075], [0.7359602377676313, 0.951171172890636], [0.8002573013122368, 0.9113032848869859], [0.8023070317658619, 0.9064391195423276], [0.8023070317658619, 0.9064391195423276], [0.7426528075293185, 0.84922916257195], [0.7328777621401158, 0.8947817353994103], [0.731569001538489, 0.8872506518671908], [0.737523001249179, 0.8821578322336094]]
0.8770, [[0.731805783884178, 0.8878580467499649], [0.7883123203928337, 0.8781347223431138], [0.7383413055406581, 0.8775564456338623], [0.7356933194870364, 0.8597185503650148], [0.7198332074594284, 0.8207557777972764], [0.7185459725255915, 0.7941941799101503], [0.7177753536187127, 0.7806397212199915], [0.6280254650186112, 0.3876], [0.5279255419225795, 0.3876], [0.5743716836093397, 0.484672385428906]]
0.8919, [[0.797642127974853, 0.8935971876667135], [0.7372560829685841, 0.874498935244981], [0.711972033582552, 0.8497589089919977], [0.7116663690999353, 0.8241421702934156], [0.7102069288237791, 0.8171702578618558], [0.712238951863147, 0.8033211436894566], [0.7054798921771142, 0.788146692861154], [0.7066422782377695, 0.7743482545275866], [0.7054023997730705, 0.7429368971290187], [0.7083298905924987, 0.7418363323389021]]
0.7350, [[0.7159844180585919, 0.7974030026323179], [0.7191013347545713, 0.7705942578618559], [0.6488970086166161, 0.7853028179138003], [0.676725733413956, 0.7236950972202723], [0.6595832389387947, 0.582651273795534], [0.6287768405881393, 0.7279436941597641], [0.6331459503813217, 0.3876], [0.3468718583910856, 0.3561391314196447], [0.383744918747561, 0.21101909783245468], [0.5409493851277345, 0.3876]]
0.7271, [[0.7145895547858055, 0.7925669337708829], [0.6503162735812804, 0.7171010058612943], [0.6172835772468379, 0.7244998826688194], [0.6384612368176137, 0.3876], [0.5883417034576044, 0.7135633010318686], [0.588313874732807, 0.6615507356321835], [0.523222487431829, 0.5312473701527642], [0.5617374425513475, 0.3876], [0.5618209287257394, 0.3876], [0.5690563971730478, 0.3876]]
1.0945, [[0.9750498327541475, 0.9181109095184613], [0.7490847203320734, 0.8721830698441667], [0.7296962684407666, 0.8849883230380458], [0.7295412836326792, 0.8828790434156957], [0.7290806343419751, 0.8703174633581355], [0.7217920432283105, 0.8617713305138285], [0.7157174997779969, 0.8504813462024429], [0.7189807910149478, 0.8084925313070335], [0.7157347203122288, 0.8119942726379333], [0.7146885728576391, 0.7993404339463709]]
0.7838, [[0.7270227805012595, 0.8476875340797417], [0.7185674981933815, 0.7824787637582479], [0.7102026236902211, 0.7313722824652533], [0.7056736231872234, 0.7689169488979362], [0.705036463420642, 0.7648393829145023], [0.6975137908375689, 0.7316995298680331], [0.6078218108157424, 0.7295399830829707], [0.5681937067043302, 0.40394175323149084], [0.4260167517147204, 0.3876], [0.4274916741289795, 0.3876]]
0.8531, [[0.7508517293438194, 0.9026824664818195], [0.7311858446518287, 0.8981973482381019], [0.743713012936366, 0.8836487848869857], [0.7359516275005153, 0.8848294501965464], [0.7349872775835273, 0.8404096254036221], [0.731840224952642, 0.837693972588797], [0.7256752736976109, 0.8499362744279096], [0.7098409924713507, 0.7914706600800225], [0.70800700557565, 0.7591471375824793], [0.7099443156767422, 0.7682190322546679]]
0.8272, [[0.7324515539178755, 0.8937456392671626], [0.7256795788311687, 0.8188111946511301], [0.7087259628798331, 0.7904819703776499], [0.5824141850757709, 0.49790436427732], [0.6253817361628639, 0.3876], [0.5776554731354259, 0.71188486820862], [0.5653830054997989, 0.3876], [0.564158541608716, 0.3876], [0.5620435585241181, 0.3876], [0.543370484185103, 0.3876]]
0.7953, [[0.7249218753249639, 0.8553593043661379], [0.7319134122231277, 0.8485912191492349], [0.7325419617225931, 0.8338119581285974], [0.7111669736072093, 0.8372742622139548], [0.714705793391871, 0.7772868401656605], [0.7069264170525964, 0.7852275193387618], [0.7114381970213622, 0.7721590787238524], [0.6485074064694534, 0.7284181671346344], [0.6088793023580412, 0.7249002830970097], [0.6357340217874743, 0.7152063833707706]]
0.8547, [[0.7669668515309427, 0.8858435799873648], [0.7240177972777875, 0.8360528314614628], [0.730587431087269, 0.814689389477748], [0.7207372855066048, 0.8486654960339746], [0.709259799441023, 0.7890223836164538], [0.7163503544110204, 0.7718758661729608], [0.7102284544915691, 0.7737178716130844], [0.710224149358011, 0.771505401270532], [0.7090187119617759, 0.7757969092025832], [0.7076238486889895, 0.7683240620174084]]
0.9150, [[0.8042154014985474, 0.9118881004141514], [0.7315345604700252, 0.8590058192124105], [0.7182446131765328, 0.7760079904183631], [0.7123293596678646, 0.750475541169451], [0.6138049866471704, 0.738054137020918], [0.6459749925128955, 0.3876], [0.5696964578433867, 0.6366745517241374], [0.628832498037734, 0.3876], [0.58995576949585, 0.3876], [0.5891209077519298, 0.3876]]
0.9462, [[0.8314273402794352, 0.9146878383405868], [0.7431475700526072, 0.9160174660957461], [0.7314097115968438, 0.8467408358486592], [0.7259551073788797, 0.8418417286957743], [0.7254255759512478, 0.8345732195704058], [0.7224722543304717, 0.8232993779657448], [0.7202508054145527, 0.8112128838972342], [0.7193596427680503, 0.7891749219780991], [0.7069565529875023, 0.696482804597702], [0.64864655009344, 0.7659465886915626]]
0.9712, [[0.856589548606698, 0.9153220015091955], [0.7240608486133673, 0.8310501249122559], [0.7221924206492029, 0.8081525127755159], [0.7130095707700259, 0.8210197825705462], [0.7124197674725822, 0.8045360356240348], [0.7125532266128797, 0.7298627350484346], [0.7068790605834586, 0.7540751604309982], [0.6419119986924838, 0.7814622840797416], [0.694480459834659, 0.759020958830549], [0.6758352142204412, 0.7486501892812018]]
0.7600, [[0.7204445364246619, 0.8262705555243577], [0.6167826602004858, 0.7422166054682016], [0.6409658220493742, 0.7150878672960831], [0.6407153635261982, 0.3876], [0.5743160261597451, 0.6383323448275865], [0.621708344489615, 0.441041682726203], [0.6360679664850424, 0.3876], [0.5780172465577913, 0.3876], [0.5881469023840229, 0.3876], [0.6175618644948113, 0.3876]]
1.1053, [[0.966850910939646, 0.9230733614698864], [0.7353790447373036, 0.9395843875473818], [0.7319995148942873, 0.8610728008563807], [0.7267687776213384, 0.8260769452126914], [0.7188473318746503, 0.8418205797065842], [0.7206296571676551, 0.8254826279657448], [0.7247927213182244, 0.8216787728134213], [0.7123939366712344, 0.830579943036642], [0.7207329803730468, 0.8147712268707006], [0.7103877444332144, 0.7627033350063175]]
0.8193, [[0.7313752705283798, 0.8854991681875615], [0.7304109206113918, 0.8332164148532922], [0.7261832794574528, 0.766727670925172], [0.7242890206919405, 0.8279080185666151], [0.720668403369677, 0.8138598791239645], [0.7200269384695376, 0.7986472170784781], [0.7179906102966118, 0.7937173570475923], [0.7073569304083946, 0.7841611811736628], [0.7071330634633796, 0.7828648605222518], [0.7056908437214554, 0.7510545330619122]]
1.1602, [[0.9687592806723315, 0.9855518688052787], [0.7358999658978196, 0.9046425793205111], [0.7326668105957747, 0.9030868515021762], [0.7309404520390236, 0.8661553014179418], [0.7301827485328186, 0.8780742382774113], [0.7262478564608226, 0.8466548095254808], [0.725899140642626, 0.8355218590130562], [0.7254514067525958, 0.8345027229397726], [0.7181628156389311, 0.7806396190509617], [0.7052129738965193, 0.7668006196125228]]
1.1227, [[0.9731414630214614, 0.9461955411343536], [0.8235111399068135, 0.9015068074547241], [0.7829406129971265, 0.8743274956128035], [0.7270529164361653, 0.8768903035588937], [0.7272595628469485, 0.7994791794889793], [0.7087259628798331, 0.8028882535097571], [0.7075807973534097, 0.7868330034746595], [0.708992881160428, 0.7608247530534887], [0.708992881160428, 0.770107013758248], [0.7097678052008649, 0.7819647513688052]]
1.0749, [[0.9200605123086131, 0.9515919049557771], [0.9158196906804228, 0.9324062980134775], [0.9221809231227083, 0.9298476789976134], [0.7376478501223606, 0.907276292573354], [0.7950269546374684, 0.8823295783728765], [0.7267429468199905, 0.8646124468973747], [0.7329509494106015, 0.864601616980205], [0.7320124302949613, 0.8642037707777621], [0.7250854704001672, 0.8244949599536712], [0.7224765594640297, 0.8118846452688473]]
0.9132, [[0.8031551960914999, 0.9111318452548084], [0.7327959646025141, 0.8766806527095325], [0.7376865963243824, 0.8740675776007301], [0.7290074470714893, 0.8674829879615331], [0.7325505719897091, 0.8336731104169591], [0.7150674246107416, 0.8169815516636248], [0.7149942373402559, 0.7935054584795731], [0.7082007365857592, 0.7922334540572792], [0.7075076100829241, 0.7974879050961674], [0.6490361522406027, 0.757112850028078]]
0.6922, [[0.706267731618225, 0.755489690650007], [0.6159756271813629, 0.7587906698371473], [0.6724957672447605, 0.737649241155412], [0.6621991390697446, 0.7571198996911414], [0.6179792953667715, 0.7486494740979924], [0.638322093193627, 0.7335937436824371], [0.6302517630023983, 0.7309352033553278], [0.6333964089044978, 0.7178436725396603], [0.6196768475794092, 0.6882611724137935], [0.6293334150840861, 0.7407493560297627]]
0.8421, [[0.7323094845104621, 0.866367199985961], [0.7717024356824217, 0.859166531096448], [0.7274489887234997, 0.8260130895690018], [0.7262564667279385, 0.8063269565492067], [0.7166172726916153, 0.7730792130071599], [0.7066896347069074, 0.7803098174224343], [0.6893043170223536, 0.7656619457742524], [0.7051139558246857, 0.7582987259581636], [0.6975694482871635, 0.7359183956198231], [0.6838777156868724, 0.7448053643478871]]
0.6175, [[0.6633401167864356, 0.7089170622279938], [0.5747334570317051, 0.3876], [0.5822472127269869, 0.3876], [0.5535836261857268, 0.3876], [0.5181020020691183, 0.3876], [0.5160148477093178, 0.3876], [0.503742380073691, 0.3876], [0.5110056772457967, 0.3876], [0.49800966276543895, 0.3876], [0.5102821304010658, 0.3876]]
1.1358, [[0.8016002281611635, 0.9454016877720062], [0.9732828237424016, 0.9582604775375545], [0.7252619808760444, 0.8400691981959848], [0.6549358418976388, 0.7140935582970657], [0.5731750484430541, 0.47116623266745195], [0.6319771439398334, 0.3876], [0.5629062489928357, 0.3876], [0.5618487574505366, 0.3876], [0.6223484051599537, 0.3876], [0.578490334879346, 0.3876]]
0.8553, [[0.758202486832683, 0.8721377067948897], [0.7505690079019403, 0.8645545170574197], [0.7420166842850896, 0.8589011981257897], [0.7354608422749054, 0.8972259251017829], [0.7354608422749054, 0.8962285510318686], [0.73233531531181, 0.8750609670784781], [0.7311384881826908, 0.8361072875544013], [0.7116878947677252, 0.8503643626632037], [0.7272681731140644, 0.8442279885581918], [0.7263856207346779, 0.7768910373438158]]
0.7999, [[0.7270012548334694, 0.8313568363400252], [0.7264760285393955, 0.8672898884950162], [0.7164708981506439, 0.8279780043520988], [0.7052861611670049, 0.7587275293766672], [0.7055789102489478, 0.7182612373648743], [0.7040505878358639, 0.7360508066825775], [0.663868862557585, 0.7439471444967007], [0.6787572303241619, 0.7307130878843183], [0.6676813978548206, 0.7334023810894286], [0.6644810945031265, 0.729827588902148]]
0.8800, [[0.7856264666949804, 0.8754149827670925], [0.7361539687777405, 0.8663935595956759], [0.7328777621401158, 0.8947817353994103], [0.7351982291278685, 0.8590087821142777], [0.7348538184432298, 0.853770780289204], [0.7401789949128742, 0.8470495906570266], [0.7258302585056982, 0.8455450495226731], [0.7241168153496211, 0.8201285621227011], [0.7177839638858287, 0.7957607376456548], [0.7154893276994239, 0.803048761055735]]
0.7690, [[0.7243622079624261, 0.8328116211568158], [0.6676813978548206, 0.7334023810894286], [0.618841985835489, 0.3876], [0.5624053319464835, 0.3876], [0.5542236868560657, 0.3876], [0.5295674366856223, 0.3876], [0.448891963498134, 0.23927607889084176], [0.3485972393285207, 0.23518184417106047], [0.4360350926417628, 0.3876], [0.3277813531801104, 0.07197330599492276]]
0.8428, [[0.737053741691359, 0.9068751769619541], [0.7369504184859673, 0.8747714200477327], [0.7292313140165044, 0.8643920682998737], [0.7252189295404646, 0.8079717757616173], [0.7174739942696539, 0.8273807242032851], [0.7061644084128335, 0.7883656410922365], [0.7099270951425103, 0.77093805664748], [0.707021129990872, 0.7468868539941035], [0.7086613858764634, 0.7702765121788573], [0.7042227931781833, 0.7666918095956761]]
0.8333, [[0.7375789679854329, 0.8949478622420328], [0.7079596491065122, 0.7974807532640741], [0.7146928779911971, 0.7855287136389162], [0.7080199209763239, 0.7891683831601853], [0.704778155407163, 0.7753997781833496], [0.6869667041393772, 0.7628833568370069], [0.7082179571199911, 0.7625291368103326], [0.6900556925918819, 0.7362090665098976], [0.611884804636154, 0.7399388491155412], [0.7074473382131122, 0.7445241951775937]]
0.6993, [[0.7088378963523406, 0.7645512662501756], [0.7076023230211996, 0.7475209149936823], [0.6111056003418285, 0.7565958747367681], [0.6605015868571068, 0.3876], [0.6060407724287126, 0.7199434504422294], [0.6407153635261982, 0.3876], [0.5845569968851663, 0.5148858566392495], [0.595771972978494, 0.3876], [0.535105352920293, 0.3876], [0.4048947495935394, 0.29981666080843594]]
1.0937, [[0.958510628404205, 0.9332832147971362], [0.834607956500578, 0.9287096181735224], [0.7813856450667901, 0.8774560134774673], [0.7275092605933114, 0.8558978373227571], [0.7265061644743015, 0.8063470838480977], [0.7243062412261724, 0.8507088766320371], [0.6456967052649221, 0.7396055737399972], [0.642496401913228, 0.7125270005615612], [0.6096863353771641, 0.7251208660325706], [0.5886756481551725, 0.4899656709753226]]
0.9089, [[0.8042154014985474, 0.905161393654359], [0.7161350977331212, 0.7959650757054612], [0.7123896315376763, 0.8384263201951425], [0.7146842677240811, 0.7785128685244981], [0.7131301145096494, 0.8223141620103889], [0.7109947682648899, 0.8153331565351678], [0.7107838167205488, 0.8150016180331322], [0.7116362331650294, 0.7773836964060088], [0.7109603271964261, 0.8035179212410501], [0.7112229403434631, 0.7782869727993822]]
0.7398, [[0.7217748226940786, 0.7997204005685806], [0.6456410478153274, 0.8003451641864382], [0.6985434536550705, 0.7357401106626421], [0.5860319192994252, 0.7210070300435208], [0.6416337114445104, 0.7201556555173383], [0.6337860110516604, 0.7012483793103446], [0.5821080691030003, 0.3876], [0.58085577648712, 0.3876], [0.5693903418706159, 0.3876], [0.5335191156068447, 0.3876]]
0.8277, [[0.7340918098034669, 0.8923603293907062], [0.7324171128494117, 0.8754541135055454], [0.710732155117853, 0.8178972926786465], [0.7087173526127172, 0.7755873605222519], [0.7090789838315877, 0.7561517459637793], [0.708506401068376, 0.7648079148532921], [0.7028569059986582, 0.7602364637793064], [0.662393940143326, 0.7605254999649025], [0.698320823856692, 0.7528379956479011], [0.6105490258458817, 0.7540984549698161]]
0.8504, [[0.7592626922397305, 0.8540651292643548], [0.7287921903935902, 0.890972465288502], [0.7345955104297509, 0.8587085073353924], [0.7266525390152729, 0.8531850452407694], [0.7248572983215942, 0.8033764171346343], [0.718946349946484, 0.7946290113014179], [0.7180250513650757, 0.7782557090762319], [0.7132764890506208, 0.7817264931910712], [0.7150415938093937, 0.7718758661729608], [0.7172329067904069, 0.7718531846483222]]
0.9594, [[0.8452100105710537, 0.9149696205250596], [0.7237810149320985, 0.8155486310192334], [0.7164795084177599, 0.8029428117717253], [0.7187999754055125, 0.7825562078829145], [0.7123767161370024, 0.8012548772286958], [0.7143915186421382, 0.7904857506317562], [0.5718670983775791, 0.6756477816091949], [0.5752065453532599, 0.5323094853114003], [0.5854753448034784, 0.3876], [0.5789634232009008, 0.3876]]
1.0370, [[0.9220395624017687, 0.9146074313140531], [0.729592945235375, 0.893964587498245], [0.7275480067953333, 0.8809745105292712], [0.7251758782048848, 0.847749448511863], [0.726123007587641, 0.8419438977256775], [0.7230835832957053, 0.8520475974308577], [0.7247755007839924, 0.8342671211568159], [0.7272595628469485, 0.7919050827951706], [0.7210300345885475, 0.8227357114277692], [0.7151363067476693, 0.8193352196055033]]
0.6452, [[0.656661222835074, 0.7527239750105292], [0.6216805157648175, 0.3876], [0.5768762688411002, 0.3876], [0.5764866666939377, 0.5834737955346676], [0.5651603757014202, 0.3876], [0.5633793373143904, 0.3876], [0.4666745186436341, 0.34693038312829527], [0.45139654872989454, 0.27002446787736767], [0.4477509857814429, 0.3361616981058387], [0.44151735142683884, 0.3876]]
1.0826, [[0.9674870341838744, 0.9141747454724134], [0.9205552748319018, 0.9123639015864102], [0.7321028380996789, 0.9071006640109504], [0.7121915953940092, 0.8071896718377088], [0.7076582897574535, 0.8011367698301278], [0.7129105526981923, 0.7539958772637934], [0.6909183830605994, 0.7151795129159062], [0.6650654977238706, 0.6240658045977026], [0.6541009801537186, 0.736633680998175], [0.5730915622686621, 0.5128999482961225]]
0.9360, [[0.8258435918023183, 0.9109510060718798], [0.7344835769572433, 0.8635530562263092], [0.7318832762882218, 0.8443420091955637], [0.7196007302472973, 0.8524464653235996], [0.7285381875136693, 0.846928929032711], [0.7216973302900348, 0.8502156045556648], [0.7255633402251033, 0.8425453668047171], [0.722911377953386, 0.8417601978099115], [0.7223086592552684, 0.8325011294749404], [0.7257570712352125, 0.8328922325214095]]
0.9495, [[0.8549639003158915, 0.8942275705812158], [0.7866159917415579, 0.8692542924329636], [0.7361539687777405, 0.8663935595956759], [0.7252103192733487, 0.8363766051172259], [0.7205823006985174, 0.8200393685595957], [0.7212237655986568, 0.8074389642706725], [0.7188344164739764, 0.7734197423838269], [0.7087733193489709, 0.8056884001123122], [0.7187999754055125, 0.7825562078829145], [0.7191486912237091, 0.772942919521269]]
0.8330, [[0.7347504952378383, 0.8979297675487855], [0.717689250947553, 0.8442109263301979], [0.7049116145474605, 0.7297109118699985], [0.6592771229660239, 0.732264013758248], [0.5875346704384815, 0.709257591604661], [0.5691677120722372, 0.551716552291423], [0.5711713802576456, 0.474088284371328], [0.56997474509136, 0.4175071868390123], [0.5710044079088615, 0.4062413560517013], [0.5642698565079054, 0.4010197015276148]]
0.7876, [[0.7252619808760444, 0.8459879522673031], [0.732834710804536, 0.8075046589569003], [0.6543514386768947, 0.6742651264367827], [0.5988331327062015, 0.7192636177172539], [0.6032578999489786, 0.7118522762880808], [0.6333685801797004, 0.5941789283196267], [0.6252425925388772, 0.3876], [0.5618209287257394, 0.3876], [0.5857536320514518, 0.3876], [0.556227355041474, 0.3876]]
0.9439, [[0.8350320386633973, 0.9094736418994807], [0.7293001961534322, 0.8807555622981891], [0.7265922671454611, 0.8266790273059105], [0.7144001289092542, 0.7867697608451496], [0.717684945813995, 0.7848626737329776], [0.7075721870862938, 0.7763607800786185], [0.7066982449740233, 0.5029778166862535], [0.6884972840032308, 0.6696736896551722], [0.6646480668519106, 0.3876], [0.6461697935864767, 0.3876]]
1.1602, [[0.9687592806723315, 0.9855518688052787], [0.8035085978938491, 0.8992261903692266], [0.7364682435274733, 0.9198015004562683], [0.7328648467394419, 0.8386850121788572], [0.7240436280791354, 0.8530341415836022], [0.7120280003188059, 0.7895438543450792], [0.7083987727294264, 0.7630893296012915], [0.7074774741480182, 0.7744903716481819], [0.7022168453283195, 0.7262344062894847], [0.6072652363197956, 0.7531902744630072]]
1.0976, [[0.9725053397772331, 0.923360558612944], [0.8108593553827126, 0.8960860252351537], [0.729851253248854, 0.8575391827881511], [0.7115113842918479, 0.8515752700056156], [0.7316335785418588, 0.8412863378492208], [0.7311514035833647, 0.8392359075880949], [0.7154290558296121, 0.838747335287098], [0.728357371904234, 0.8363683294258037], [0.7237293533294027, 0.8034820599115542], [0.7185373622584755, 0.7911237962235013]]
0.8402, [[0.7625139888213427, 0.8740902591253685], [0.706521734498146, 0.7788876245261828], [0.6051224245104003, 0.7298366819458093], [0.6328398344085511, 0.7200152752702513], [0.6529321737122304, 0.3876], [0.5733698495166355, 0.6341867011494267], [0.6432477774827561, 0.5645360352526471], [0.626216597906784, 0.3876], [0.4307198062054709, 0.2177818512009373], [0.419838774809711, 0.318554571372779]]
1.0693, [[0.914688804912905, 0.9538039666222098], [0.83821265488454, 0.9039490559455285], [0.7288180211949382, 0.908414251228415], [0.7269625086314476, 0.8866617495788292], [0.7219857742384197, 0.8139984203285133], [0.7155969560383735, 0.8064241192966447], [0.6173670634212298, 0.7097519875403622], [0.5533331676625507, 0.3876], [0.539752749961449, 0.3876], [0.5809670913863094, 0.3876]]
0.9208, [[0.8078907802429796, 0.9142650628948477], [0.7817390468691393, 0.8991976852098835], [0.7319822943600554, 0.8092184422644954], [0.7132033017801351, 0.8203605879896111], [0.7115286048260798, 0.8462018942159202], [0.7098065514028867, 0.7952443753685244], [0.7073741509426266, 0.7808853355678786], [0.7112961276139488, 0.7803283100168468], [0.7103576084983085, 0.775384759335954], [0.7102413698922431, 0.7715585291660816]]
0.8232, [[0.7324773847192234, 0.8888278351818054], [0.7277847891410223, 0.8696111688544153], [0.7120236951852479, 0.8156333291450232], [0.7143699929743483, 0.7604782978730871], [0.7071330634633796, 0.7828648605222518], [0.6873006488369452, 0.7366318419556366], [0.6846569199811979, 0.7777108416397586], [0.671883535299219, 0.7403364909799242], [0.6745272641549662, 0.7858328708409378], [0.6574404271293994, 0.7452472454022181]]
0.7690, [[0.7262392461937065, 0.8291394618840376], [0.7268850162274039, 0.8019536112242033], [0.7215552608826215, 0.8300262890635969], [0.7075807973534097, 0.7863222604941738], [0.6785346005257832, 0.7720739719219429], [0.7040764186372119, 0.7430164868033131], [0.5278142270233901, 0.3876], [0.5584536530252613, 0.3876], [0.3745057821148442, 0.31927033079476674], [0.35491435985751685, 0.27874805389572355]]
0.9916, [[0.842029394349911, 0.952596022181665], [0.72439664903089, 0.8640964932963638], [0.7309447571725816, 0.8304197419977537], [0.7264588080051637, 0.8505050494173803], [0.711730946103305, 0.8312122671627123], [0.7252103192733487, 0.8091498868454303], [0.7231137192306112, 0.80494195317984], [0.7195361532439275, 0.7707327990664045], [0.7155495995692357, 0.7867319583040854], [0.7111110068709555, 0.7828327794468622]]
0.8384, [[0.7343501178169458, 0.8879215958865646], [0.7326668105957747, 0.9048733791590622], [0.7317153760794605, 0.8871777031798398], [0.7287146979895466, 0.9035247479643408], [0.7292700602185264, 0.8709036070826898], [0.7279354688155517, 0.8829449424399831], [0.728111979291429, 0.8592799387196406], [0.7265449106763233, 0.841618387196406], [0.7224980851318197, 0.83577104927699], [0.723152465432633, 0.8218901605362909]]
0.7375, [[0.7162771671405347, 0.8034423161589218], [0.7124542085410461, 0.7669348697178155], [0.7060869160087898, 0.7670560421872807], [0.7050106326192941, 0.7776378929524077], [0.7063538342893847, 0.7384670020707568], [0.6307526800487505, 0.7421730814614628], [0.6345373866211887, 0.3876], [0.6213743997920469, 0.3876], [0.612942296178453, 0.718650603537835], [0.556227355041474, 0.3876]]
0.8040, [[0.7321114483667949, 0.8662094510037905], [0.7095740741907557, 0.7523216333707707], [0.7050665993555479, 0.781286757686368], [0.6253817361628639, 0.3876], [0.5084454345644415, 0.677242885057471], [0.5214136203200019, 0.3876], [0.5360793582882, 0.3876], [0.5563664986654608, 0.3876], [0.5030188332289601, 0.3876], [0.5413389872748973, 0.3876]]
0.8231, [[0.7377124271257303, 0.8825892920468903], [0.7159198410552221, 0.8019589240137582], [0.7183909877175042, 0.7899029784851888], [0.7099658413445321, 0.7535504202934157], [0.6967345865432435, 0.7519924447564228], [0.6232667530782661, 0.7187653393584162], [0.6308918236727372, 0.6826852758620684], [0.6468655117064102, 0.5048303431257365], [0.5661065523445298, 0.3876], [0.6323110886374015, 0.6259093448275875]]
0.7932, [[0.7316766298774386, 0.8537749692194299], [0.6246860180429303, 0.750692854696055], [0.6422181146652546, 0.3876], [0.624073786097389, 0.5828686368977708], [0.6323945748117934, 0.3876], [0.627775006495435, 0.3876], [0.5848631128579369, 0.3876], [0.5831655606452992, 0.3876], [0.5629897351672277, 0.3876], [0.554418487929647, 0.3876]]
1.0656, [[0.9330656986350632, 0.927413910536291], [0.7369331979517355, 0.911241983469044], [0.7782050288456474, 0.9012930698441668], [0.735551250079623, 0.9324780206724694], [0.7643516781935588, 0.8674833966376527], [0.721654278954455, 0.8650829352800786], [0.7301698331321447, 0.8445444060438019], [0.7299545764542456, 0.8253112905025971], [0.7250295036639134, 0.7887490814614628], [0.7237336584629607, 0.8232090605433103]]
0.9325, [[0.7904327312069289, 0.9214184275235153], [0.786969393543907, 0.8681315569633581], [0.7369977749551052, 0.9489007727081286], [0.7321631099694906, 0.8825023462024428], [0.720186228411183, 0.823008094061491], [0.7058027771939629, 0.7863222604941738], [0.709741974399517, 0.7641281842973466], [0.7093588175128566, 0.7707709081145585], [0.6199273061025852, 0.7476655863400253], [0.6180349528163661, 0.691395655172413]]
