mean:0.242273,,,,,,,,,,,,,,,,,,,,
0.0883, [[0.0, 0.6439297607913674], [0.0394623646687779, 0.2512817989949748], [0.0, 0.5183658938848941], [0.0, 0.0], [0.0, 0.49134627158273503], [0.0, 0.0], [0.0, 0.4766073255395664], [0.0, 0.32753450816582597], [0.0, 0.43186930575539834], [0.0, 0.0]]
0.1929, [[0.07620183178963186, 0.3725720313953493], [0.43215358113976066, 0.0], [0.0, 0.6103215485611525], [0.10429539741810874, 0.3478227930232559], [0.3520423497411255, 0.0], [0.0, 0.3984701023255814], [0.31884163993379966, 0.13910119221105222], [0.42819670354998385, 0.0], [0.19555983347747435, 0.2555924566582869], [0.073776487994367, 0.35883178488372086]]
0.2814, [[0.0, 0.546881467625898], [0.0, 0.39574146162790663], [0.4713736152838539, 0.35177835813953473], [0.0, 0.4929702949640311], [0.37949111031727123, 0.3617172627906978], [0.0, 0.450765253597123], [0.34873211115224156, 0.15735733417085587], [0.3112870855304547, 0.0], [0.17120827633350294, 0.08169116771356265], [0.15772764321488467, 0.0]]
0.157, [[0.0, 0.4615410845323738], [0.0, 0.3901289767441857], [0.44480888285486025, 0.0], [0.3622188753039829, 0.1534326733668311], [0.0, 0.25708253391960056], [0.0, 0.469001275179859], [0.0, 0.469001275179859], [0.0, 0.3686461999999999], [0.0, 0.30525666708542976], [0.06771312850620645, 0.04923077261306369]]
0.0754, [[0.19066002487313646, 0.0], [0.0, 0.39731342790697644], [0.0, 0.46294809712230106], [0.0, 0.3558074406976741], [0.17273229706997004, 0.0], [0.0, 0.3945615883720929], [0.0, 0.4027700226628897], [0.0, 0.3490425290697677], [0.14215770888862206, 0.0], [0.0, 0.3485880279069764]]
0.445, [[0.1561337521164843, 0.36753625], [0.38227695467425316, 0.3459410732558137], [0.17859895753937835, 0.3631853244186048], [1.0, 0.2589801721105525], [0.0, 0.3773627546511625], [0.0, 0.38738497906976715], [0.0, 0.3900423895348837], [0.0, 0.3805589662790699], [0.4764169575677727, 0.19009806218592476], [0.0, 0.38145620581395306]]
0.1236, [[0.0, 0.6885308147482019], [0.4475049248736577, 0.0], [0.0, 0.5259328111510804], [0.446908039949098, 0.0], [0.0, 0.0], [0.0, 0.41756793884892146], [0.2674346178876097, 0.0], [0.24137877948995495, 0.0], [0.0, 0.3884341546511626], [0.025000129445165012, 0.0]]
0.3081, [[0.0, 0.5169855629496389], [0.6415064774280819, 0.15809482537688568], [0.0, 0.38983131279069777], [0.4442119979303011, 0.30721684108040476], [0.37193655591392627, 0.0], [0.3501905826097206, 0.24356186180904627], [0.2780044391243941, 0.3597946999999996], [0.15725075898195545, 0.1735001972361829], [0.3437667532689145, 0.06759904773868919], [0.0, 0.0]]
0.214, [[0.0, 0.6354556672661849], [0.5655558860398197, 0.0], [0.1458406383555051, 0.37013680697674406], [0.0, 0.3891255453488373], [0.22743317038529726, 0.3668141453488367], [0.0, 0.4936213273381312], [0.4394369185338244, 0.0], [0.0, 0.3876862372093018], [0.22468010066780997, 0.18191665389446915], [0.0, 0.3640338790697669]]
0.2407, [[0.43895404533642807, 0.0], [0.0, 0.6520427625899267], [0.43778039520386713, 0.181569472361809], [0.0, 0.4011255580736541], [0.4211883356155486, 0.0], [0.0, 0.39927062558139526], [0.2956863571313551, 0.0], [0.16281796862306366, 0.03709882663316522], [0.24418101116668361, 0.0], [0.22743317038529726, 0.3668141453488367]]
0.1541, [[0.4786837789666619, 0.0], [0.0, 0.39379733372093034], [0.4674033245497047, 0.0], [0.0, 0.38441324069767463], [0.45459377167432546, 0.0], [0.0, 0.37106966162790694], [0.4475049248736577, 0.0], [0.07296804006261257, 0.36786626162790725], [0.4473037277080758, 0.0], [0.15447142919990578, 0.36786070697674456]]
0.3333, [[0.41257709692864436, 0.35783586860465116], [0.757002982353064, 0.1722581067839165], [0.0, 0.398628246511628], [0.6208640714968541, 0.1758528373115573], [0.0, 0.3724426406976742], [0.4805012600290848, 0.028634929020094645], [0.0, 0.35307455232558105], [0.4217986336844802, 0.1816816055276385], [0.0, 0.3511902186046512], [0.33503231184378934, 0.15333563505024803]]
0.2011, [[0.4655053646210493, 0.036620104271354384], [0.157592205241407, 0.3658345662790699], [0.3395388247742014, 0.16299849497487545], [0.3622188753039829, 0.1534326733668311], [0.0, 0.49994665827338236], [0.44274996519373927, 0.0], [0.43709632484088845, 0.0], [0.0, 0.3940113511627903], [0.33503231184378934, 0.15333563505024803], [0.0, 0.3898322930232557]]
0.216, [[0.41820391099275084, 0.0], [0.0, 0.4025127733711049], [0.338293388473432, 0.3587043546511629], [0.0, 0.40057747025495755], [0.31703903476163486, 0.361238909302325], [0.0, 0.3899332569767446], [0.15403945334765595, 0.37109384069767487], [0.20511364088994824, 0.36600578023255786], [0.3187269286955715, 0.0], [0.0, 0.3733957534883719]]
0.358, [[0.9347632660379985, 0.048359584170853426], [0.0, 0.5514671546762572], [0.5910223324875832, 0.14756077701004802], [0.4613003438603879, 0.3464697453488371], [0.4330388486683207, 0.0], [0.3725101121050696, 0.3086443825376877], [0.3627760441753795, 0.24698839258793898], [0.15403945334765595, 0.37109384069767487], [0.15496328289306152, 0.18084923241205536], [0.08954122266358538, 0.0]]
0.1617, [[0.41240272605180683, 0.176325090452256], [0.18145035117534836, 0.2009986997487438], [0.0, 0.30349056972362093], [0.1805818232287606, 0.12947499120602982], [0.05221787648090726, 0.257593602386934], [0.15695422110318324, 0.09128717902009985], [0.1550595151373746, 0.03552464949748512], [0.15564332408620732, 0.0], [0.15298731414316621, 0.0], [0.0, 0.0]]
0.1783, [[0.1625885461466061, 0.348568096511628], [0.0, 0.3872222604651159], [0.4183246292921001, 0.0], [0.0, 0.4280965197841709], [0.134118143345062, 0.36541535348837195], [0.15360320050676995, 0.316991834170854], [0.4075136349281672, 0.10078830841708371], [0.0, 0.4003027223796033], [0.2966204343569321, 0.0], [0.0, 0.3998672691218133]]
0.211, [[0.014894530298230766, 0.3608719755813949], [0.27500555961070133, 0.23856977952261535], [0.48071587033903856, 0.2256874038944704], [0.30628895300763415, 0.23196686118090695], [0.38072015929829267, 0.1546726074120601], [0.4655053646210493, 0.036620104271354384], [0.0, 0.36401394767441847], [0.0, 0.3737306662790702], [0.4524744948635298, 0.048141787060298945], [0.0, 0.38882494069767426]]
0.2484, [[0.0, 0.36107096279069745], [0.5910223324875832, 0.14756077701004802], [0.0, 0.3900423895348837], [0.2581593949108335, 0.3473875697674415], [0.45030156547524547, 0.0], [0.11321078155440505, 0.27267120037688464], [0.0, 0.40160928328611856], [0.0, 0.36631030581395396], [0.0, 0.38532779767441866], [0.0, 0.40516511614730866]]
0.2044, [[0.47768449971093857, 0.0], [0.41987384746708045, 0.18790283982411912], [0.23057953577671292, 0.32264377701005287], [0.4194781597081027, 0.0], [0.13661085780130547, 0.052441662688439326], [0.19578925595393193, 0.0], [0.0, 0.36683440348837154], [0.34071871179598145, 0.0], [0.0, 0.0012464032663258545], [0.0, 0.36655046279069775]]
0.1961, [[0.4337363321756713, 0.18329459798994568], [0.6384213352372736, 0.0], [0.0, 0.4277870125899304], [0.3437667532689145, 0.06759904773868919], [0.4102432098078949, 0.0], [0.3967305706910661, 0.0], [0.0, 0.3993591732558143], [0.2859850638411596, 0.0], [0.0, 0.3897081302325581], [0.0, 0.38882494069767426]]
0.3329, [[0.635616660518357, 0.2350117079145719], [0.4701530191459903, 0.3707974837209302], [0.0, 0.38215347790697685], [0.0, 0.4612244622302187], [0.43429297766711467, 0.35767739767441825], [0.4696164933711053, 0.25106184547738297], [0.014894530298230766, 0.3608719755813949], [0.0, 0.4588551312949643], [0.346847569381342, 0.0], [0.0, 0.4468732895683455]]
0.3644, [[0.8796233610641007, 0.09707928831658368], [0.46388908072420787, 0.31425966645728926], [0.4084123156010997, 0.34688242325581436], [0.15698487285507556, 0.36195415232558126], [0.15447142919990578, 0.36786070697674456], [0.15406155112227599, 0.3664851139534886], [0.0, 0.0], [0.0, 0.37832632325581395], [0.0, 0.38086937325581394], [0.0, 0.6364553399280592]]
0.2508, [[0.4575111305752626, 0.0], [0.0, 0.5334908345323717], [0.0, 0.3944246825581391], [0.0, 0.3926086383720924], [0.41820391099275084, 0.0], [0.0, 0.4137613561151073], [0.4084123156010997, 0.34688242325581436], [0.4075136349281672, 0.10078830841708371], [0.2511456220591385, 0.06294767776381388], [0.0, 0.14820769912059928]]
0.2604, [[0.2780044391243941, 0.3597946999999996], [0.0, 0.649991832733814], [0.41338188559097183, 0.15890347801507285], [0.6384213352372736, 0.0], [0.0, 0.4031807365439094], [0.3187269286955715, 0.0], [0.5735772557359187, 0.0], [0.0, 0.4010420878186965], [0.0, 0.39849101395348785], [0.0, 0.39541765813953483]]
0.2849, [[0.0, 0.4189518273381308], [0.0, 0.37569831976744167], [0.15476297725860244, 0.3730873069767438], [0.46800020947426435, 0.36154506860465074], [0.5655558860398197, 0.0], [0.495887766021929, 0.1961489403266352], [0.33891610662381666, 0.3591885895348836], [0.0, 0.38718631860465097], [0.0, 0.38882494069767426], [0.0, 0.39592215116279034]]
0.1761, [[0.0, 0.6819457823741002], [0.20907937226871032, 0.36735294651162753], [0.19131551766301458, 0.0], [0.15716878336642948, 0.3625671244186043], [0.15615584989110434, 0.08390579773868949], [0.022664613197873214, 0.3746442430232563], [0.15467244766580418, 0.0], [0.1538427118703936, 0.27431869535175946], [0.14006921839825662, 0.3355283090452276], [0.08585829319670236, 0.23642415452260845]]
0.22, [[0.3609406643637213, 0.3527399662790702], [0.4740696573026508, 0.0], [0.043504604327551606, 0.26204011369346386], [0.15499536030783254, 0.0], [0.4218254599732245, 0.0], [0.0, 0.19205607977387004], [0.0, 0.017218910175875058], [0.40534741211206937, 0.0], [0.0, 0.17281661620602662], [0.3783276106152378, 0.0]]
0.2335, [[0.37949111031727123, 0.3617172627906978], [0.42689562854588764, 0.0], [0.0, 0.43569189748201576], [0.37346057665039334, 0.1211296959799009], [0.24134600485046032, 0.3555277476744187], [0.3824572151914694, 0.0], [0.2626659078412455, 0.0], [0.24200149764033843, 0.09312012499999893], [0.15776043346109508, 0.21319102512562796], [0.2970137300308592, 0.0]]
0.2144, [[0.04312283724866644, 0.38637533953488334], [0.4354062686500009, 0.13373605150753543], [0.0, 0.4277870125899304], [0.0, 0.3864155290697677], [0.0, 0.3772160465116277], [0.0, 0.36637794186046546], [0.40534741211206937, 0.0], [0.0, 0.37554703720930216], [0.40251529456173973, 0.24635872173366388], [0.38483337655477756, 0.2711703410803992]]
0.281, [[0.0, 0.3968438965116278], [0.5046944446393296, 0.35066775465116323], [0.5046944446393296, 0.35066775465116323], [0.0, 0.39321115465116285], [0.4713736152838539, 0.35177835813953473], [0.35158350478821154, 0.3606752755813958], [0.23057953577671292, 0.32264377701005287], [0.04114663119326694, 0.366318147674419], [0.42132246705926985, 0.0], [0.0, 0.3731190011627904]]
0.3167, [[0.28850871108219056, 0.18619927826633337], [0.0, 0.39388000000000034], [0.40540777126174354, 0.12505004396985092], [0.0, 0.38313599767441875], [0.9854156914616339, 0.09678601695979708], [0.0, 0.3799623313953485], [0.4085732733335653, 0.0], [0.5735772557359187, 0.0], [0.0, 0.3215396966080417], [0.25514412807739517, 0.3598495930232561]]
0.2763, [[0.503796948729277, 0.0], [0.28772211973433637, 0.35970517209302366], [0.12203633814272664, 0.40581356940509894], [0.4718430753368783, 0.35510820813953436], [0.19528124904177663, 0.37092393372093013], [0.20113152219143826, 0.35603485465116297], [0.0, 0.39239592790697686], [0.4442119979303011, 0.30721684108040476], [0.157592205241407, 0.3658345662790699], [0.41987384746708045, 0.18790283982411912]]
0.3411, [[0.0, 0.4062759745042492], [0.36444755078956936, 0.3643573558139535], [0.4198336080339642, 0.24607407600502684], [0.9347632660379985, 0.048359584170853426], [0.0, 0.39506738837209276], [0.28085583276036297, 0.35277035348837243], [0.6208640714968541, 0.1758528373115573], [0.0, 0.3871886058139533], [0.47523660086302577, 0.0], [0.0, 0.3710660674418602]]
0.333, [[0.33891610662381666, 0.3591885895348836], [0.40540777126174354, 0.12505004396985092], [0.9854156914616339, 0.09678601695979708], [0.15755086101792437, 0.36093340348837205], [0.9520400623065264, 0.0], [0.46393602672951056, 0.000832373115575498], [0.14781684441090623, 0.35579273720930205], [0.0, 0.37993651860465105], [0.0, 0.36476219186046455], [0.42819670354998385, 0.0]]
0.2275, [[0.0, 0.45305987589928287], [0.3259865113434708, 0.35182050813953514], [0.0, 0.4031304532577902], [0.4815743115788548, 0.0], [0.0, 0.3918139965116277], [0.19465853089139196, 0.1830746444723615], [0.15451847607490327, 0.19896089510049927], [0.4417708056545743, 0.0], [0.0, 0.35625442674418556], [0.384669503357308, 0.15990189447235906]]
0.2609, [[0.4713736152838539, 0.35177835813953473], [0.0, 0.37917651162790683], [0.23774079450613073, 0.2439866739949759], [0.4587250201409398, 0.0], [0.0, 0.25544366457286], [0.0, 0.36844067790697665], [0.0763141162245978, 0.18870933605527654], [0.20822723164186924, 0.14590250000000154], [0.4280558655340766, 0.0], [0.0, 0.36527027906976794]]
0.2073, [[0.0, 0.4433175143884869], [0.00795535221733559, 0.2821184195979873], [0.0, 0.362394603488372], [0.0, 0.37058183255813953], [0.41987384746708045, 0.18790283982411912], [0.0, 0.3968370348837208], [0.38483337655477756, 0.2711703410803992], [0.0, 0.3867710267441861], [0.15197438066784114, 0.26411673366834315], [0.27144951122561306, 0.18360943341708327]]
0.2492, [[0.17859895753937835, 0.3631853244186048], [0.41257709692864436, 0.35783586860465116], [0.0, 0.4936213273381312], [0.38227695467425316, 0.3459410732558137], [0.0, 0.48974359352517666], [0.31518726763022875, 0.3531702883720936], [0.35661441195052557, 0.34726994186046456], [0.20254083168967715, 0.0], [0.0, 0.40535317563739404], [0.05374494479644464, 0.2821141067839202]]
0.2088, [[0.3902084174317785, 0.15858001695980106], [0.2879351548910472, 0.3312413718592963], [0.15449495263740448, 0.34894385232558117], [0.0, 0.40133433427762033], [0.34886320971021645, 0.2136568090452221], [0.24478734199732038, 0.3483975360465117], [0.30902563540537475, 0.23108704711055478], [0.0, 0.39859981976744174], [0.32393809637510174, 0.0], [0.0, 0.38356762674418643]]
0.1989, [[0.4591810670495922, 0.0], [0.0, 0.3664298941860469], [0.0, 0.39683801511627875], [0.43238160459408687, 0.0], [0.0, 0.3958937244186041], [0.42817658383342544, 0.0], [0.0, 0.39317978720930263], [0.4198336080339642, 0.24607407600502684], [0.0, 0.363810059302326], [0.0, 0.3531908732558136]]
0.2754, [[0.4718430753368783, 0.35510820813953436], [0.29367071680248064, 0.356171106976744], [0.0, 0.4029739716713879], [0.19528124904177663, 0.37092393372093013], [0.495887766021929, 0.1961489403266352], [0.4365396793494456, 0.0], [0.0, 0.4029560708215297], [0.17782875351127206, 0.3657326220930231], [0.15488700992905038, 0.3631604918604653], [0.0, 0.39782020813953434]]
0.1289, [[0.3920601845631846, 0.0], [0.0, 0.6118779784172688], [0.051791195628038016, 0.35811196744185986], [0.0, 0.375183044186046], [0.15541094103697717, 0.0], [0.0, 0.6080482715827367], [0.0, 0.0], [0.0, 0.377544097674419], [0.0, 0.0], [0.0, 0.37495465000000033]]
0.4423, [[0.31182786708210347, 0.3653464104651161], [0.0, 0.40138642776203953], [1.0, 0.2589801721105525], [0.28772211973433637, 0.35970517209302366], [0.0, 0.40016373937677047], [0.4738148075595803, 0.14697854711054958], [0.0, 0.3939453488372095], [0.4225765960580633, 0.1634556532663277], [0.0, 0.37500137441860426], [0.3841778837648995, 0.0]]
0.2543, [[0.4429243360705768, 0.006551164572864593], [0.4325023228934357, 0.3537558139534883], [0.0, 0.3680097023255817], [0.0, 0.46984797302158393], [0.346847569381342, 0.0], [0.3557458840039366, 0.0], [0.0, 0.23635730590451823], [0.0, 0.35964635813953516], [0.0, 0.4010420878186965], [0.0, 0.3879022151162788]]
0.2588, [[0.0, 0.43413013129496514], [0.442086014547319, 0.3641547744186042], [0.1574068690671744, 0.3653578465116279], [0.0, 0.3762982220930233], [0.4124295523405512, 0.0], [0.1538427118703936, 0.27431869535175946], [0.04945567938074621, 0.3397548668341732], [0.40868057848854217, 0.0], [0.0, 0.23899027889447022], [0.0, 0.3255851162060303]]
0.1398, [[0.0, 0.5204701870503573], [0.1667345380425856, 0.22128833354270952], [0.3068625091987775, 0.0], [0.30533848846231043, 0.022049261934670075], [0.04539098283497965, 0.37693308604651193], [0.0, 0.3948520639534885], [0.2006562899187776, 0.0], [0.00795535221733559, 0.2821184195979873], [0.0, 0.3905472093023256], [0.17278145902921016, 0.0]]
0.3445, [[0.757002982353064, 0.1722581067839165], [0.0, 0.384123745348837], [0.4613003438603879, 0.3464697453488371], [0.0, 0.39592215116279034], [0.0872730770772738, 0.3643687918604653], [0.0, 0.46441025179855905], [0.0, 0.39202343953488406], [0.4190891785213109, 0.0], [0.289737760063212, 0.2541756972361832], [0.3683477328893434, 0.2254200094221095]]
0.1538, [[0.0, 0.4718989028776966], [0.15385981982493818, 0.2606988285175847], [0.4508850372554332, 0.0], [0.15430248814877834, 0.10861390954773728], [0.0, 0.4035578611898014], [0.1417085711487583, 0.3411586878140679], [0.15321470737232085, 0.22869774811557536], [0.3347701147278372, 0.0], [0.0, 0.37993651860465105], [0.2525877061968696, 0.0]]
0.194, [[0.4048586812855544, 0.0], [0.0, 0.4766073255395664], [0.345979041434753, 0.20287693027638212], [0.0, 0.4677312284172654], [0.1539211233287228, 0.2905844736180876], [0.0, 0.4240195629496374], [0.15272000235340766, 0.0], [0.15226592872653782, 0.3696698895348842], [0.022664613197873214, 0.3746442430232563], [0.0, 0.33303981532663535]]
0.2903, [[0.5910223324875832, 0.14756077701004802], [0.31518726763022875, 0.3531702883720936], [0.4613003438603879, 0.3464697453488371], [0.04660365473261046, 0.376355402325581], [0.23595457665371267, 0.3606834441860461], [0.45459377167432546, 0.0], [0.4475049248736577, 0.0], [0.0, 0.3455662976744185], [0.15615584989110434, 0.08390579773868949], [0.4244141968370445, 0.0]]
0.1514, [[0.0, 0.6436291474820155], [0.3585317283609185, 0.0], [0.15192590812996495, 0.26321535552764], [0.0, 0.49994665827338236], [0.3474702875317255, 0.0], [0.15641460770359064, 0.26245198743718445], [0.0, 0.37953004883720926], [0.30083197553189844, 0.0], [0.0, 0.3552529558139532], [0.27593963683627715, 0.0]]
0.2601, [[0.44710923711467987, 0.16311062814070496], [0.0, 0.5559336636690664], [0.43674087651502747, 0.156192874371859], [0.0, 0.3958937244186041], [0.4084123156010997, 0.34688242325581436], [0.34638872442842683, 0.0], [0.17417438120770115, 0.0], [0.03712684842148611, 0.38121637558139565], [0.3251015960771351, 0.0], [0.15521348672827553, 0.3518211616279067]]
0.2636, [[0.446908039949098, 0.0], [0.442086014547319, 0.3641547744186042], [0.0, 0.47008277158273626], [0.43429297766711467, 0.35767739767441825], [0.15798640102737097, 0.3660387813953488], [0.0, 0.39584046511627835], [0.19465853089139196, 0.1830746444723615], [0.1458406383555051, 0.37013680697674406], [0.0, 0.3906047162790697], [0.15267081698409213, 0.2418432054020064]]
0.1394, [[0.16317848965749615, 0.042768020728640256], [0.15788375330010368, 0.33747770100502333], [0.0, 0.4197593920863282], [0.15499821163358998, 0.37074977906976714], [0.28727966210116906, 0.0], [0.0, 0.29686608731155395], [0.0, 0.36237695930232594], [0.0, 0.36060077790697725], [0.0, 0.4137613561151073], [0.0, 0.41330065287769757]]
0.2371, [[0.3953868104718153, 0.3575584627906981], [0.0, 0.36097195930232573], [0.41767409179005177, 0.35444361046511635], [0.37809818813878027, 0.0], [0.37288702045925004, 0.0], [0.0, 0.34364210116279065], [0.2992915674756847, 0.0], [0.1546888427889094, 0.27885793216080523], [0.0, 0.2777085672110548], [0.17792707742975356, 0.2624217977386917]]
0.5376, [[1.0, 0.2589801721105525], [0.757002982353064, 0.1722581067839165], [0.7131939632435875, 0.3531108209302323], [0.5655558860398197, 0.0], [0.503796948729277, 0.0], [0.46388908072420787, 0.31425966645728926], [0.17120827633350294, 0.08169116771356265], [0.15716878336642948, 0.3625671244186043], [0.15603110438921702, 0.0], [0.0, 0.9999555305755381]]
0.1745, [[0.0, 0.40275272521246486], [0.0, 0.384632486046512], [0.0, 0.3757669360465111], [0.31644909125074483, 0.24914911243718466], [0.0, 0.3806158197674412], [0.0, 0.5404209496402871], [0.30628895300763415, 0.23196686118090695], [0.0, 0.4228224460431643], [0.0, 0.36729151860465153], [0.0, 0.38316867209302335]]
0.2816, [[0.0, 0.5387684658273387], [0.4718430753368783, 0.35510820813953436], [0.0, 0.39851551976744215], [0.0, 0.4048310339943344], [0.1568237729497811, 0.3742073860465111], [0.0, 0.38080925232558105], [0.0, 0.38897883720930254], [0.4643518342050463, 0.3523576755813952], [0.0, 0.40184038526912175], [0.27115453947016743, 0.0]]
0.3738, [[0.7131939632435875, 0.3531108209302323], [0.0, 0.39651584534883655], [0.28852509840193724, 0.3566376976744186], [0.0, 0.37128596627906923], [0.4643518342050463, 0.3523576755813952], [0.0, 0.3885900116279068], [0.24134600485046032, 0.3555277476744187], [0.46135399643787656, 0.0], [0.416205352481304, 0.0], [0.16203137727520947, 0.12468776758793668]]
0.2968, [[0.0, 0.5576608561151093], [0.495887766021929, 0.1961489403266352], [0.5046944446393296, 0.35066775465116323], [0.0, 0.42356597482014235], [0.40676249884332843, 0.18402993278894578], [0.0, 0.40212901133144485], [0.3519604131423908, 0.35599662558139566], [0.0, 0.4010420878186965], [0.3378837054797582, 0.36095660232558086], [0.0, 0.37975746279069805]]
0.203, [[0.28085583276036297, 0.35277035348837243], [0.503796948729277, 0.0], [0.08862049029686504, 0.38008028604651184], [0.0, 0.40097410481586376], [0.1458406383555051, 0.37013680697674406], [0.0, 0.3876862372093018], [0.4376932097654481, 0.0], [0.24200149764033843, 0.09312012499999893], [0.0, 0.3990860151162784], [0.15449495263740448, 0.34894385232558117]]
0.2012, [[0.0, 0.4008831926345608], [0.4588122055793588, 0.0], [0.3477652592871711, 0.23849430527638318], [0.4471763028365405, 0.19207764384422096], [0.0, 0.38298177441860415], [0.28867258427966, 0.24947688630653123], [0.40577663273197695, 0.0], [0.34904347022743387, 0.155638677763816], [0.0, 0.38230247325581396], [0.15777041310124604, 0.24897444346733205]]
0.0916, [[0.0, 0.4936213273381312], [0.15406226395371533, 0.0], [0.10752918914512803, 0.1564085150753761], [0.0, 0.16754420100502576], [0.0, 0.3510444906976744], [0.0, 0.3938130174418605], [0.024842931236213353, 0.0], [0.0, 0.3264239585427103], [0.0, 0.11370087374371389], [0.0, 0.3931418848837206]]
0.2475, [[0.3902084174317785, 0.15858001695980106], [0.0, 0.649991832733814], [0.35158350478821154, 0.3606752755813958], [0.2879351548910472, 0.3312413718592963], [0.06117817439118929, 0.3704168267441859], [0.34910901950642076, 0.0], [0.15838701229628913, 0.3085042160804028], [0.0, 0.37791985348837215], [0.2824781774153115, 0.0], [0.0, 0.3730804453488367]]
0.3996, [[0.0, 0.608380902877695], [0.46800020947426435, 0.36154506860465074], [0.0, 0.3841737372093024], [0.7131939632435875, 0.3531108209302323], [0.0, 0.599099244604315], [0.08862049029686504, 0.38008028604651184], [0.4805012600290848, 0.028634929020094645], [0.0, 0.44990610431654904], [0.04539098283497965, 0.37693308604651193], [0.4388199138927068, 0.0]]
0.2135, [[0.34066954983674014, 0.0], [0.0, 0.572531431654677], [0.31518726763022875, 0.3531702883720936], [0.34910901950642076, 0.0], [0.0, 0.3830664011627901], [0.1533344630541327, 0.22690146105527365], [0.31231948667451204, 0.20424193592964965], [0.0, 0.3651595127906981], [0.15302937119808824, 0.20485866834170807], [0.234086422202561, 0.08226477198491916]]
0.0885, [[0.0, 0.39405480813953503], [0.155478660023716, 0.009604636934671453], [0.2784632840773081, 0.0], [0.3762300336876274, 0.0], [0.0, 0.3737306662790702], [0.15426755940824993, 0.0087205100502445], [0.26209235165010214, 0.0], [0.15843833615992278, 0.0], [0.0, 0.3521371232558135], [0.1581275416523635, 0.0]]
0.103, [[0.15470238658625718, 0.08793396608040187], [0.0, 0.4596022176258966], [0.15302937119808824, 0.20485866834170807], [0.15506379212601074, 0.0], [0.0, 0.397430729069767], [0.15392682598023766, 0.0], [0.0, 0.388348874418605], [0.13456728108492577, 0.0], [0.0, 0.3812137616279069], [0.0, 0.0]]
0.232, [[0.0, 0.39958930311614693], [0.4977949448307931, 0.26567150314070204], [0.0, 0.39502654534883674], [0.4805012600290848, 0.028634929020094645], [0.0, 0.3912490558139529], [0.35779429897230564, 0.0], [0.4063466913677923, 0.0], [0.0, 0.3831356709302324], [0.3056498475375028, 0.0], [0.15846827508037573, 0.0]]
0.3021, [[0.0, 0.40591675070821537], [0.9347632660379985, 0.048359584170853426], [0.0, 0.40200913597733684], [0.4696164933711053, 0.25106184547738297], [0.5735772557359187, 0.0], [0.34155446510307585, 0.0], [0.15698487285507556, 0.36195415232558126], [0.16070400437570653, 0.3181584503768806], [0.0, 0.36283930232558104], [0.1561180698248185, 0.16814368216080036]]
0.2755, [[0.41767409179005177, 0.35444361046511635], [0.45500287257767513, 0.0], [0.0, 0.47097038129496255], [0.4465257653344926, 0.11703036620603119], [0.0, 0.4029063909348445], [0.0, 0.6819457823741002], [0.0, 0.45354726079136465], [0.0, 0.5967975071942468], [0.3477652592871711, 0.23849430527638318], [0.30232322162887093, 0.35577117209302284]]
0.186, [[0.0, 0.404322368271955], [0.2581593949108335, 0.3473875697674415], [0.4591810670495922, 0.0], [0.4339509424856256, 0.0], [0.0, 0.39893603953488327], [0.03014275656660521, 0.13576307412060065], [0.4269023351180736, 0.0], [0.0, 0.39343889534883686], [0.0, 0.13401207160803824], [0.0, 0.0]]
0.2744, [[0.4701530191459903, 0.3707974837209302], [0.0, 0.4029739716713879], [0.4773424645294495, 0.2310547010050245], [0.3627760441753795, 0.24698839258793898], [0.19528124904177663, 0.37092393372093013], [0.4106388975668722, 0.1966298190954758], [0.15476297725860244, 0.3730873069767438], [0.0, 0.3918139965116277], [0.41820391099275084, 0.0], [0.0, 0.39911836279069773]]
0.3527, [[0.4374584797389359, 0.23504836683416927], [0.4325023228934357, 0.3537558139534883], [0.8796233610641007, 0.09707928831658368], [0.6208640714968541, 0.1758528373115573], [0.0, 0.38519971395348795], [0.42063839669629166, 0.35975810465116304], [0.45500287257767513, 0.0], [0.4524744948635298, 0.048141787060298945], [0.4305976563925944, 0.10437010050250783], [0.19528124904177663, 0.37092393372093013]]
0.1758, [[0.41705708714893425, 0.0], [0.0, 0.38441324069767463], [0.0, 0.39380648255813977], [0.0, 0.6208643597122312], [0.2633214006311236, 0.0], [0.14177594180973851, 0.36794631395348854], [0.0, 0.38187737906976693], [0.0, 0.6021391744604332], [0.19369167902632273, 0.18903064070351863], [0.0, 0.5348782805755414]]
0.2621, [[0.0, 0.39172512209302335], [0.0, 0.40106883852691216], [0.0, 0.37472298837209317], [0.6838009721893408, 0.0], [0.0, 0.3977473441860465], [0.6208640714968541, 0.1758528373115573], [0.0, 0.3943916813953482], [0.0, 0.38859883372092985], [0.44373583130509026, 0.1700779792713573], [0.18620267390196463, 0.3608569453488375]]
0.2214, [[0.0, 0.5375944730215836], [0.4183246292921001, 0.0], [0.0, 0.48002969244604565], [0.3725101121050696, 0.3086443825376877], [0.0, 0.4742860215827345], [0.34127588066737813, 0.0], [0.0, 0.440555073741009], [0.013569573965632393, 0.3735901662790697], [0.007640955799430642, 0.2876625420854238], [0.0, 0.0]]
0.2436, [[0.33891610662381666, 0.3591885895348836], [0.4337363321756713, 0.18329459798994568], [0.41257709692864436, 0.35783586860465116], [0.0, 0.3829053162790696], [0.41293925182669183, 0.0], [0.20113152219143826, 0.35603485465116297], [0.23057953577671292, 0.32264377701005287], [0.4037115689032677, 0.0], [0.18718591308678179, 0.32685739635678185], [0.0, 0.3534826558139536]]
0.2766, [[0.4701530191459903, 0.3707974837209302], [0.46800020947426435, 0.36154506860465074], [0.4696164933711053, 0.25106184547738297], [0.41767409179005177, 0.35444361046511635], [0.29367071680248064, 0.356171106976744], [0.4519446756608308, 0.0], [0.4391351227854515, 0.0], [0.5519812604002609, 0.0], [0.19139745426174934, 0.3548448523255818], [0.05980830428460519, 0.34242018592964785]]
0.2549, [[0.0, 0.5169855629496389], [0.11628737507247104, 0.38536373953488356], [0.6415064774280819, 0.15809482537688568], [0.12794249942193553, 0.2607419566582942], [0.0, 0.38690662558139555], [0.0, 0.42977034892086324], [0.03712684842148611, 0.38121637558139565], [0.44244146287318054, 0.13190310552763634], [0.5359946145024364, 0.0], [0.47147421386664484, 0.0]]
0.2257, [[0.3609406643637213, 0.3527399662790702], [0.0, 0.40748938848920657], [0.1519736678364018, 0.36520166279069727], [0.4575111305752626, 0.0], [0.3569749329849581, 0.13332633417085218], [0.1581895579875875, 0.3511310779069764], [0.0, 0.4045784107648724], [0.1387218051786654, 0.0], [0.15247692683258723, 0.0], [0.0, 0.4012922974504245]]
0.2252, [[0.0, 0.6294576312949639], [0.43076532069724593, 0.11860238693467391], [0.40251529456173973, 0.24635872173366388], [0.43200603655166747, 0.09238047738693173], [0.4805012600290848, 0.028634929020094645], [0.0, 0.35001165232558185], [0.05832614974305516, 0.24955236055276334], [0.0, 0.26445313316583163], [0.20834194288009744, 0.21662402512562517], [0.0, 0.42344501798561207]]
0.2261, [[0.0, 0.38392018372092973], [0.41716439230391117, 0.0], [0.0, 0.59897117266187], [0.0, 0.4215595143884916], [0.4167955308336777, 0.0], [0.0, 0.46145036690647606], [0.31703903476163486, 0.361238909302325], [0.0, 0.4015089178470255], [0.16190027871723456, 0.24044369723617892], [0.1531505525427788, 0.0]]
0.2059, [[0.0, 0.40057747025495755], [0.4699518219804084, 0.14302800942210672], [0.0, 0.3957499569767444], [0.4588122055793588, 0.0], [0.0, 0.3940113511627903], [0.4173857091860514, 0.01916398932160363], [0.0, 0.3827327953488373], [0.40251529456173973, 0.24635872173366388], [0.38072015929829267, 0.1546726074120601], [0.37100247868835046, 0.2200462430904508]]
0.2373, [[0.0, 0.5442008507194229], [0.4173857091860514, 0.01916398932160363], [0.17782875351127206, 0.3657326220930231], [0.0, 0.46998493884892384], [0.3058628826942137, 0.34916930581395406], [0.3725101121050696, 0.3086443825376877], [0.3622188753039829, 0.1534326733668311], [0.0, 0.40205137393767737], [0.2253519807774348, 0.26639389949748543], [0.0, 0.3730804453488367]]
0.2342, [[0.4188343287782408, 0.14659255025125467], [0.3848497638745254, 0.3511555837209307], [0.0, 0.3963884151162786], [0.3407023244762347, 0.0], [0.17782875351127206, 0.3657326220930231], [0.31453177484035066, 0.0], [0.0, 0.3552725604651164], [0.0, 0.34379240348837214], [0.0, 0.3324532726130622], [0.05789946889018428, 0.2728825282663346]]
0.2249, [[0.37872090628916494, 0.3621132767441858], [0.0, 0.39890205813953433], [0.0, 0.37477722790697693], [0.0, 0.36703012325581374], [0.29770199746023074, 0.35096966627906945], [0.3683477328893434, 0.2254200094221095], [0.0, 0.3860551302325583], [0.0, 0.36676023255813933], [0.34511051348816524, 0.0], [0.0, 0.3642652139534889]]
0.2601, [[0.0, 0.3982315790697672], [0.41767409179005177, 0.35444361046511635], [0.5417722444234061, 0.06464908291456992], [0.0, 0.3939453488372095], [0.4428572703487162, 0.035365075376878954], [0.0, 0.3844766290697678], [0.40676249884332843, 0.18402993278894578], [0.0, 0.3763505011627911], [0.0, 0.0], [0.19369167902632273, 0.18903064070351863]]
0.2358, [[0.0, 0.3899107116279074], [0.503796948729277, 0.0], [0.0, 0.4809457625899306], [0.0, 0.417308237410071], [0.0, 0.3925991627906978], [0.3609406643637213, 0.3527399662790702], [0.0, 0.4791082859712199], [0.0, 0.40246329461756375], [0.35779429897230564, 0.0], [0.0, 0.36944606976744215]]
0.2056, [[0.289737760063212, 0.2541756972361832], [0.0, 0.5009036402877688], [0.06075149353831841, 0.37160944302325577], [0.3437667532689145, 0.06759904773868919], [0.0, 0.38658903023255803], [0.3196446186014006, 0.22932741896985046], [0.2792171007856677, 0.0], [0.4575111305752626, 0.0], [0.0, 0.4405301708633108], [0.1523029959613843, 0.368619080232558]]
0.2732, [[0.0, 0.37966466744186067], [0.4643518342050463, 0.3523576755813952], [0.33604832566809995, 0.3525821488372089], [0.4977949448307931, 0.26567150314070204], [0.1557830390483211, 0.37105593837209283], [0.4738148075595803, 0.14697854711054958], [0.4740696573026508, 0.0], [0.0, 0.3398820948492492], [0.4235959950303451, 0.0], [0.3669056487516123, 0.0]]
0.2356, [[0.0, 0.4742860215827345], [0.6407211685067844, 0.0], [0.0, 0.37008158720930234], [0.0, 0.36409824767441806], [0.0, 0.3731036441860467], [0.4764169575677727, 0.19009806218592476], [0.4198336080339642, 0.24607407600502684], [0.0, 0.3753575255813954], [0.4815743115788548, 0.0], [0.4429243360705768, 0.006551164572864593]]
0.3182, [[0.0, 0.5925942571942422], [0.22118960156170855, 0.3024080533919607], [0.15485849667147614, 0.3791422034883715], [0.757002982353064, 0.1722581067839165], [0.0, 0.3968370348837208], [0.0, 0.3437362034883724], [0.40807698699179656, 0.0], [0.0, 0.3653702627906976], [0.40676249884332843, 0.18402993278894578], [0.291130682241703, 0.0]]
0.2688, [[0.5479425288050226, 0.272580631281406], [0.0, 0.399107906976744], [0.289737760063212, 0.2541756972361832], [0.4218254599732245, 0.0], [0.47147421386664484, 0.0], [0.16471889771370993, 0.07331783919597828], [0.44627091559142207, 0.0], [0.15447142919990578, 0.36786070697674456], [0.15531328312978537, 0.012030594849240604], [0.43895404533642807, 0.0]]
0.2046, [[0.0, 0.6145319136690653], [0.5463158174680502, 0.0], [0.15400951442720295, 0.3530712848837207], [0.15521348672827553, 0.3518211616279067], [0.0, 0.39153757093023256], [0.27144951122561306, 0.18360943341708327], [0.08862049029686504, 0.38008028604651184], [0.3598427139406748, 0.0], [0.15237285344244123, 0.24362871042713646], [0.0, 0.3706390127906972]]
0.3575, [[0.0, 0.4345890557553946], [0.8796233610641007, 0.09707928831658368], [0.09771552952910587, 0.37083407906976784], [0.22504062170224243, 0.35313794069767424], [0.5046944446393296, 0.35066775465116323], [0.14083275255602531, 0.36172118372092976], [0.0, 0.39096413488372117], [0.4245818611416961, 0.1616205508793989], [0.5359946145024364, 0.0], [0.4738148075595803, 0.14697854711054958]]
0.1726, [[0.3588922493953522, 0.0], [0.04539098283497965, 0.37693308604651193], [0.24478734199732038, 0.3483975360465117], [0.280396987807449, 0.0], [0.0, 0.367838815116279], [0.0, 0.35719283604651114], [0.0, 0.3900946686046515], [0.23057953577671292, 0.32264377701005287], [0.0, 0.363854823255814], [0.0, 0.4017480651558074]]
0.2841, [[0.46781913202524084, 0.35177541744186075], [0.0, 0.6270776276978407], [0.4465257653344926, 0.11703036620603119], [0.0, 0.46998493884892384], [0.431650588225806, 0.0], [0.41063219099468623, 0.12216045854270968], [0.34511051348816524, 0.0], [0.0, 0.3835705674418604], [0.0, 0.3500645848837212], [0.0, 0.4235108327338116]]
0.202, [[0.0, 0.4123739100719438], [0.345979041434753, 0.20287693027638212], [0.0, 0.3737306662790702], [0.04536852594798516, 0.22338004836683523], [0.4218858191228992, 0.17369211746231164], [0.2829861843274668, 0.0], [0.4740696573026508, 0.0], [0.23190690867621583, 0.0], [0.43709632484088845, 0.0], [0.6642804361456838, 0.0]]
