0.3442, [[0.26160615160732875, 0.851843744483746], [0.0, 0.06998739643181076], [0.0, 0.05247095252494664], [0.0, 0.04955524644693039], [0.0, 0.02417345025703042], [0.0, 0.0], [0.0, 0.0], [0.0, 0.0], [0.0, 0.0], [0.0, 0.0]]
0.8847, [[0.8503897788701924, 0.8309187543372073], [0.0, 0.09967438766253363], [0.0, 0.0], [0.0, 0.06368048382219503], [0.0, 0.0], [0.0, 0.0], [0.0, 0.0], [0.0, 0.0], [0.0, 0.0], [0.0, 0.004726265497429752]]
0.9982, [[0.8839071452450893, 0.9100276595081691], [0.8790354350161799, 0.8762538137106284], [0.8542384299510307, 0.9146952520633317], [0.8714842841613702, 0.869579980377295], [0.8710945473430574, 0.8497226979956206], [0.8701689223995643, 0.8460967143338386], [0.8671484620576406, 0.8534514642917299], [0.8650536266592095, 0.8735505277918141], [0.8343618522170803, 0.8641083079838301], [0.8442027068794775, 0.8673014609230252]]
1.2044, [[0.9960539147145837, 0.9217649671551288], [0.9896232572124233, 0.9992689383527034], [0.9877232902231484, 0.9665559090449721], [0.9870899678933901, 0.9337178104261411], [0.9849951324949594, 0.9669072174498905], [0.9848002640858027, 0.9189001028297119], [0.9845566785743572, 0.9561604939363315], [0.9833387510171299, 0.9893195500252652], [0.9824618431759262, 0.9671064779349842], [0.9821695405621919, 0.9757045898601988]]
1.2086, [[0.9896232572124233, 0.9992689383527034], [0.9500649701536785, 0.9956033665150751], [0.9734004621501549, 0.9901573531244737], [0.9927898688612145, 0.9731910339397002], [0.9859694745407412, 0.9505523156476334], [0.9901104282353143, 0.9861777150917973], [0.9910360531788068, 0.9413901455280445], [0.9985872040336164, 0.9355793344281623], [0.9880643099391719, 0.9336468449553647], [1.0, 0.9250883212059964]]
1.1219, [[0.9797336854477372, 0.9390320098534612], [0.9494803649262096, 0.9212969469429005], [0.9458752993568168, 0.8810265348660941], [0.8450308976183921, 0.8596665146538656], [0.7928061639644833, 0.8525088258379653], [0.949236779414764, 0.8861430866599292], [0.8450308976183921, 0.8596665146538656], [0.8049854395367568, 0.8514226435910393], [0.9329652672502069, 0.8996823894222671], [0.9278986886121408, 0.8852633494188984]]
1.1694, [[0.9925462833497689, 0.9609376137780025], [0.9886489151666414, 0.9704005074111505], [0.9833387510171299, 0.8984099961259895], [0.9827541457896609, 0.9292109165403403], [0.9800747051637607, 0.9218088073943068], [0.9797336854477372, 0.9390320098534612], [0.979197797322557, 0.9445488420919658], [0.31146709496897385, 0.21640408829755065], [0.9458752993568168, 0.8810265348660941], [0.9620006602145066, 0.9508361775307395]]
1.2012, [[0.9560571737352372, 1.0], [0.9927898688612145, 0.9731910339397002], [0.9619032260099285, 0.9932993346808152], [0.9886489151666414, 0.9652314646286004], [0.9848002640858027, 0.95496449115715], [0.9772491132309932, 0.9696302974566281], [0.9655570086816105, 0.9514172439784402], [0.9683338835120889, 0.9265420869967997], [0.9567879302695736, 0.9627991377800237], [0.953864904132228, 0.8941126263264275]]
1.1387, [[0.9501136872559679, 0.9626890240020212], [0.971841514876904, 0.9043121532760654], [0.9617083576007723, 0.9519540303183427], [0.9693082255578708, 0.9506740126326428], [0.943439444242362, 0.9543395844702713], [0.9531341475978916, 0.938593900707428], [0.9517700687337969, 0.9466256084722924], [0.944900957311035, 0.930529496041772], [0.9489931939033186, 0.9268187643591039], [0.938860036627187, 0.911421749789456]]
1.1914, [[0.9685287519212455, 0.9880628453764526], [0.9636083245900469, 0.9680592333670204], [0.9824618431759262, 0.9671064779349842], [0.9735953305593111, 0.9669341960586153], [0.9699902649899184, 0.96490390912919], [0.9682851664098, 0.963765235893549], [0.9567879302695736, 0.9627991377800237], [0.9803670077774954, 0.9418292810341924], [0.9960539147145837, 0.9217649671551288], [0.9827541457896609, 0.9296872942563585]]
1.1900, [[0.9872361192002574, 0.9320860444669024], [0.9833387510171299, 0.9893195500252652], [0.9855797377224285, 0.9651267758969176], [0.9867489481773665, 0.9389981399696817], [0.9771516790264151, 0.9946608746841838], [0.9834849023239973, 0.9668025287182078], [0.9861643429498974, 0.9177142170288025], [0.9737901989684677, 0.9903668772107126], [0.9603442787366776, 0.9917284172140812], [0.9544495093596971, 0.9870155181910056]]
1.1014, [[0.9513316148131952, 0.9476512354724609], [0.7877883024287066, 0.909638962270507], [0.9315037541815341, 0.907965555415193], [0.9458265822545275, 0.8943555804278255], [0.7913933679980993, 0.9092790031160519], [0.9263884584411791, 0.907615273370389], [0.9452419770270585, 0.8742333505137274], [0.8674407646713753, 0.9043776937005221], [0.9297986556014157, 0.8452439557015328], [0.7954368874880943, 0.897179976840155]]
1.1926, [[0.9901104282353143, 0.9861777150917973], [0.9984897698290384, 0.8998526185784067], [0.9947872700550671, 0.9171466398854641], [0.9925462833497689, 0.9609376137780025], [0.9908411847696507, 0.9445658503452922], [0.988989934882665, 0.94305900707428], [0.9877232902231484, 0.9665559090449721], [0.9859694745407412, 0.9505523156476334], [0.9853848693132718, 0.9492246455280444], [0.9845566785743572, 0.9561604939363315]]
1.1882, [[0.9737901989684677, 0.9903668772107126], [0.9903052966444704, 0.9418427703385549], [0.9742773699913587, 0.978846424793667], [0.988989934882665, 0.94305900707428], [0.9823156918690592, 0.9459746029139295], [0.9783696065836425, 0.9677450205490988], [0.9877232902231484, 0.8972276292740442], [0.9877232902231484, 0.8972276292740442], [0.9770055277195477, 0.9489104327101229], [0.9645826666358287, 0.9494409142664647]]
1.1384, [[0.9798311196523153, 0.9542348957385887], [0.9513316148131952, 0.9476512354724609], [0.9625852654419761, 0.9461165338554826], [0.9670672388525727, 0.9407549752400202], [0.946557338788864, 0.9202678009937678], [0.9663364823182363, 0.9162919751558026], [0.9340857606028561, 0.9113999029813037], [0.9559597395306592, 0.9081363710628263], [0.9542546409505408, 0.9076871185784068], [0.8674407646713753, 0.9043776937005221]]
1.1747, [[0.9919616781222995, 0.9049130138116893], [0.9884540467574848, 0.917960836702038], [0.9877232902231484, 0.9665559090449721], [0.9872361192002574, 0.9320860444669024], [0.9855797377224285, 0.9651267758969176], [0.9853848693132718, 0.9492246455280444], [0.9841669417560445, 0.9365454325416877], [0.9827541457896609, 0.9296872942563585], [0.9824618431759262, 0.9671064779349842], [0.9472393782209115, 0.9763402000168435]]
1.1796, [[0.9797824025500259, 0.9765423929594071], [0.9704774360128092, 0.9786839666498233], [0.9910360531788068, 0.9413901455280445], [0.9652647060678763, 0.9815695048004043], [0.9824618431759262, 0.9671064779349842], [0.9814387840278554, 0.9701538877379148], [0.9809516130049645, 0.8870179853461344], [0.979295231527135, 0.9156298262590533], [0.9670672388525727, 0.9450184751558026], [0.9646801008404068, 0.949597800741115]]
1.1913, [[0.9824618431759262, 0.9671064779349842], [0.9984897698290384, 0.8998526185784067], [0.9919129610200107, 0.9523327572006064], [0.9841182246537556, 0.9586334353208692], [0.9859694745407412, 0.9505523156476334], [0.9908411847696507, 0.9445658503452922], [0.9733030279455768, 0.9588768292908877], [0.955764871121503, 0.9724579195721746], [0.9525982594727118, 0.9857588135421931], [0.979197797322557, 0.9445488420919658]]
1.1313, [[0.9730594424341313, 0.954238268064679], [0.9608314497595686, 0.9527685203806636], [0.9616109233961943, 0.9073189485430353], [0.9446573717995894, 0.9311461918477346], [0.9485060228804276, 0.8762263952332828], [0.9401753983889929, 0.9037618776318007], [0.86880484353547, 0.7274549674737985], [0.8645664556363185, 0.855379408455449], [0.8616434294989729, 0.8588243128684521], [0.8601819164303001, 0.8570783276907529]]
1.2011, [[0.993130888577238, 0.8513588626410646], [0.9896232572124233, 0.9992689383527034], [0.9803670077774954, 0.9700491990062321], [0.9742773699913587, 0.978846424793667], [0.9794900999362917, 0.9659647256189996], [0.9706235873196767, 0.9658598902644435], [0.9776388500493061, 0.9079472275560048], [0.9622442457259521, 0.9607619595755432], [0.961075035271014, 0.9518327732019538], [0.9735953305593111, 0.9206805443826848]]
1.1886, [[0.9734004621501549, 0.9901573531244737], [0.9742773699913587, 0.978846424793667], [0.9814387840278554, 0.9701538877379148], [0.9711594754448564, 0.9729816564763347], [0.9841182246537556, 0.9586334353208692], [0.9823156918690592, 0.9459746029139295], [0.9908411847696507, 0.9445658503452922], [0.9666287849319706, 0.9499914831564764], [0.9867489481773665, 0.9389981399696817], [0.979636251243159, 0.9305960628263433]]
1.1985, [[0.9903052966444704, 0.9418427703385549], [0.9896232572124233, 0.9992689383527034], [0.9764209224920787, 0.9883770581943743], [0.9742773699913587, 0.978846424793667], [0.9734004621501549, 0.9901573531244737], [0.9603929958389669, 0.9786948167424625], [0.9803670077774954, 0.9700491990062321], [0.9849951324949594, 0.9669072174498905], [0.9841182246537556, 0.9586334353208692], [0.8825430663809946, 0.8885903690416035]]
1.1869, [[0.9925462833497689, 0.9609376137780025], [0.957421252599332, 0.9871202069226883], [0.9699902649899184, 0.96490390912919], [0.9910360531788068, 0.9413901455280445], [0.9525982594727118, 0.9857588135421931], [0.955764871121503, 0.9724579195721746], [0.9730594424341313, 0.954238268064679], [0.972426120104373, 0.937650235893549], [0.9821208234599026, 0.9464306000505307], [0.9877232902231484, 0.8972276292740442]]
1.1910, [[0.9880643099391719, 0.9812552919824826], [0.9909873360765176, 0.8632779826511707], [0.9703800018082311, 0.9921473187636854], [0.979197797322557, 0.9497313741788782], [0.9884540467574848, 0.917960836702038], [0.9634134561808907, 0.9735153637358935], [0.9758363172646096, 0.9295826055246759], [0.9812439156186987, 0.9108425894391108], [0.9683826006143781, 0.9586942838133738], [0.9761773369806332, 0.8538184613441131]]
0.3967, [[0.4728346256365103, 0.5926033859416449], [0.0, 0.103180114907771], [0.0, 0.0854947202902934], [0.0, 0.0854947202902934], [0.0, 0.07933150287269379], [0.0, 0.008368285455095421], [0.0, 0.004741070456607003], [0.0, 0.0], [0.0, 0.0], [0.0, 0.0]]
0.1133, [[0.2794653372813355, 0.19861418808587822], [0.0, 0.08000643483519754], [0.0, 0.08000643483519754], [0.0, 0.017275645600241796], [0.0, 0.0025625642576349917], [0.0, 0.0], [0.0, 0.0], [0.0, 0.0], [0.0, 0.0], [0.0, 0.0]]
0.9945, [[0.8920429013273679, 0.9024437379989894], [0.8779149416635306, 0.8810064475324237], [0.8666612910347496, 0.8676249109819774], [0.7803345857784751, 0.7879262699674734], [0.8486359631877849, 0.7234778543548968], [0.7607058283768522, 0.816243612576798], [0.7859370525417209, 0.6611902378026745], [0.7785320529937787, 0.6233676870026528], [0.2943633191515163, 0.6109332957559682], [0.2948231334067688, 0.2855933232537039]]
1.1788, [[0.9677492782846198, 0.9482752624220987], [0.9472393782209115, 0.9763402000168435], [0.9682851664098, 0.963765235893549], [0.963705758794625, 0.9590524834933468], [0.9927898688612145, 0.9731910339397002], [0.9669210875457053, 0.9661741030823647], [0.9742773699913587, 0.978846424793667], [0.9603929958389669, 0.9786948167424625], [0.9706235873196767, 0.9658598902644435], [0.9558623053260811, 0.9487129316995117]]
1.1825, [[0.9821695405621919, 0.9757045898601988], [0.9682851664098, 0.963765235893549], [0.9724748372066618, 0.9436941773623043], [0.9683826006143781, 0.9586942838133738], [0.9867489481773665, 0.9389981399696817], [0.9711594754448564, 0.9729816564763347], [0.9741799357867802, 0.925147703469766], [0.9834849023239973, 0.9668025287182078], [0.9764209224920787, 0.9883770581943743], [0.9775414158447279, 0.9166129326259053]]
1.0138, [[0.9411010233324855, 0.8737879102240188], [0.8438129700611647, 0.8686915923867272], [0.8167749782907175, 0.8492395756274213], [0.862081883419575, 0.8455574354050869], [0.6496643604770114, 0.8355784292572007], [0.5979464165236591, 0.5969208713527853], [0.4040041266985934, 0.6944310140946879], [0.22149195597910112, 0.1788351980647112], [0.0, 0.13855133958270327], [0.0, 0.06368048382219503]]
1.2012, [[0.9896232572124233, 0.9992689383527034], [0.9927898688612145, 0.9731910339397002], [0.9833387510171299, 0.9893195500252652], [0.9886489151666414, 0.9704005074111505], [0.9704774360128092, 0.9786839666498233], [0.9797824025500259, 0.9765423929594071], [0.9706235873196767, 0.9658598902644435], [0.9711594754448564, 0.9729816564763347], [0.9840207904491776, 0.9704681005558363], [0.9617083576007723, 0.9519540303183427]]
1.1647, [[0.9704774360128092, 0.9786839666498233], [0.9797824025500259, 0.9765423929594071], [0.9625852654419761, 0.9461165338554826], [0.9581520091336684, 0.8936734908202796], [0.9494803649262096, 0.9212969469429005], [0.9452419770270585, 0.8742333505137274], [0.9443163520835659, 0.9006907149233621], [0.9414907601507984, 0.9346321506653191], [0.8773790535383503, 0.831154670540677], [0.8178467545410775, 0.9024801004716189]]
1.1490, [[0.9853848693132718, 0.9492246455280444], [0.9841182246537556, 0.9586334353208692], [0.8069341236283206, 0.915545811352535], [0.8801559283688286, 0.9126567542529899], [0.8795226060390707, 0.897691104177194], [0.8891198751900222, 0.8754448953175004], [0.8693407316606498, 0.8751145539834932], [0.8716304354682372, 0.8772436647296614], [0.8742124418895593, 0.8618948890853966], [0.7898344207248484, 0.6958197614745214]]
1.0549, [[0.9748132581165385, 0.8814807725282129], [0.23234357240305997, 0.12124085878439653], [0.0, 0.11211229513153925], [0.0, 0.05798405805866359], [0.0, 0.04045455095252492], [0.0, 0.04955524644693039], [0.0, 0.0], [0.0, 0.0], [0.0, 0.0], [0.0, 0.0]]
1.1962, [[0.9919616781222995, 0.9925662203132897], [0.9500649701536785, 0.9956033665150751], [0.9905001650536267, 0.8750314188142159], [0.964631383738118, 0.982457892790972], [0.9670672388525727, 0.9808363904328787], [0.9886489151666414, 0.9704005074111505], [0.9525982594727118, 0.9857588135421931], [0.9794900999362917, 0.9659647256189996], [0.9815849353347228, 0.9400995709954523], [0.9870899678933901, 0.9337178104261411]]
1.1953, [[0.9700876991944964, 0.9942419731345798], [0.9758850343668984, 0.9942418265117062], [0.9774439816401498, 0.9868059941047668], [0.9901104282353143, 0.9861777150917973], [0.9783696065836425, 0.9677450205490988], [0.9908411847696507, 0.9445658503452922], [0.864663889840897, 0.860378075458986], [0.988989934882665, 0.94305900707428], [0.9903052966444704, 0.9418427703385549], [0.9925462833497689, 0.9609376137780025]]
1.1296, [[0.9914257899971197, 0.9040384083712312], [0.9505034240742807, 0.936199549183089], [0.8981325391135047, 0.8956687348829374], [0.8903865198495384, 0.889803819942732], [0.8650536266592095, 0.8442697933299648], [0.8261286619302235, 0.9343786397170288], [0.850243627563325, 0.6942074365739066], [0.36033785045335853, 0.8569509124136769], [0.8088828077198844, 0.8385416775307394], [0.8212082345990248, 0.7369870701120353]]
1.1757, [[0.9821695405621919, 0.9757045898601988], [0.9730594424341313, 0.9810457678962439], [0.9534751673139151, 0.983873536634664], [0.9834849023239973, 0.9668025287182078], [0.9472393782209115, 0.9763402000168435], [0.9472393782209115, 0.9763402000168435], [0.9812439156186987, 0.9545760871652349], [0.9746671068096711, 0.964082821037561], [0.984264375960623, 0.8545751819942733], [0.9849951324949594, 0.8630886925214756]]
1.1904, [[0.9793926657317136, 0.9913095156644769], [0.9880643099391719, 0.9336468449553647], [0.9914257899971197, 0.9040384083712312], [0.9777850013561734, 0.9852350766380327], [0.9814387840278554, 0.9701538877379148], [0.9824618431759262, 0.9671064779349842], [0.9646801008404068, 0.949597800741115], [0.9702825676036526, 0.9494070443826848], [0.9830951655056844, 0.9371231266632979], [0.9841669417560445, 0.9365454325416877]]
1.1902, [[0.9877232902231484, 0.9665559090449721], [0.9508444437903043, 0.9869794489641233], [0.9960539147145837, 0.9217649671551288], [0.9814387840278554, 0.9701538877379148], [0.9914257899971197, 0.9040384083712312], [0.9556187198146355, 0.9669714382684856], [0.9909873360765176, 0.8632779826511707], [0.9884540467574848, 0.917960836702038], [0.9845566785743572, 0.9561604939363315], [0.9814875011301443, 0.9227851691089777]]
1.1877, [[0.9861643429498974, 0.9177142170288025], [0.9700876991944964, 0.9942419731345798], [0.9849951324949594, 0.8630886925214756], [0.9798311196523153, 0.9542348957385887], [0.9827541457896609, 0.9292109165403403], [0.9718902319791928, 0.9502948458817584], [0.9734491792524438, 0.928332498905171], [0.9563494763489719, 0.9477739588175847], [0.9691133571487145, 0.904258049435742], [0.9513316148131952, 0.9476512354724609]]
1.1850, [[0.9901104282353143, 0.9861777150917973], [0.964631383738118, 0.982457892790972], [0.9910360531788068, 0.9413901455280445], [0.9501136872559679, 0.9626890240020212], [0.9670672388525727, 0.9450184751558026], [0.9856284548247173, 0.9143121264948627], [0.9505034240742807, 0.9577306782886981], [0.9620006602145066, 0.9508361775307395], [0.9578109894176448, 0.9398327173656729], [0.9809516130049645, 0.8870179853461344]]
1.1868, [[0.9886489151666414, 0.9704005074111505], [0.9797824025500259, 0.9765423929594071], [0.9737901989684677, 0.9903668772107126], [0.9855797377224285, 0.9651267758969176], [0.9685287519212455, 0.9880628453764526], [0.9798311196523153, 0.9650355764695975], [0.9821208234599026, 0.9464306000505307], [0.9844592443697792, 0.924207557604851], [0.9856284548247173, 0.9143121264948627], [0.979295231527135, 0.9156298262590533]]
1.2013, [[0.9919616781222995, 0.9925662203132897], [1.0, 0.9250883212059964], [0.9905975992582052, 0.9103324884621864], [0.9880643099391719, 0.9812552919824826], [0.9877232902231484, 0.9665559090449721], [0.9856771719270065, 0.9528023902644435], [0.9845566785743572, 0.923369607882769], [0.9784183236859317, 0.9195115202122284], [0.979636251243159, 0.9305960628263433], [0.9667749362388379, 0.9490557359777666]]
1.2006, [[0.9809028959026752, 0.9735052467576217], [0.9742773699913587, 0.978846424793667], [0.9700876991944964, 0.9942419731345798], [0.9834849023239973, 0.9668025287182078], [0.9984897698290384, 0.8998526185784067], [0.9741312186844913, 0.9750761642243557], [0.964631383738118, 0.982457892790972], [0.9823156918690592, 0.9459746029139295], [0.9905975992582052, 0.9103324884621864], [0.9903052966444704, 0.9418427703385549]]
1.1501, [[0.9798311196523153, 0.9650355764695975], [0.9670672388525727, 0.9407549752400202], [0.962146811521374, 0.852967022317669], [0.9611237523733033, 0.9085485279602493], [0.9595160879977631, 0.8750686610240862], [0.958493028849692, 0.8921110774802089], [0.9578109894176448, 0.9398327173656729], [0.9570315157810192, 0.86609944660603], [0.9528905620864461, 0.9304542785076639], [0.9509418779948824, 0.8502355848071417]]
1.1763, [[0.9826567115850828, 0.9070249696816575], [0.9735953305593111, 0.9669341960586153], [0.957421252599332, 0.9871202069226883], [0.9821208234599026, 0.9464306000505307], [0.9684800348189562, 0.9600457068384707], [0.9525982594727118, 0.9857588135421931], [0.9814875011301443, 0.9227851691089777], [0.9534751673139151, 0.983873536634664], [0.9812439156186987, 0.9108425894391108], [0.963705758794625, 0.9590524834933468]]
1.1844, [[0.9742773699913587, 0.978846424793667], [0.9984897698290384, 0.8998526185784067], [0.9877232902231484, 0.9665559090449721], [0.9780285868676188, 0.9683734461849419], [0.9960539147145837, 0.9217649671551288], [0.9919129610200107, 0.9523327572006064], [0.9783696065836425, 0.9677450205490988], [0.9867489481773665, 0.9389981399696817], [0.9812439156186987, 0.9545760871652349], [0.9905975992582052, 0.9103324884621864]]
1.1955, [[0.9919616781222995, 0.9049130138116893], [0.9880643099391719, 0.9812552919824826], [0.9500649701536785, 0.9956033665150751], [0.9905001650536267, 0.8750314188142159], [0.9742773699913587, 0.978846424793667], [0.9538161870299392, 0.9801032760653529], [0.9886489151666414, 0.9652314646286004], [0.9863592113590537, 0.90251822241873], [0.9859694745407412, 0.869899618241536], [0.9836797707331535, 0.8739672299983158]]
1.1952, [[0.9960539147145837, 0.9217649671551288], [0.9877232902231484, 0.8972276292740442], [0.9859694745407412, 0.9505523156476334], [0.9845566785743572, 0.9561604939363315], [0.981779803743879, 0.9742383611251475], [0.9814875011301443, 0.9227851691089777], [0.9793926657317136, 0.9913095156644769], [0.9791003631179789, 0.9555084620178541], [0.9748132581165385, 0.9677450205490988], [0.9726697056158184, 0.9408428023412497]]
1.1945, [[0.9793926657317136, 0.9913095156644769], [0.9901104282353143, 0.9861777150917973], [0.9947872700550671, 0.9171466398854641], [0.9925462833497689, 0.9609376137780025], [0.9508444437903043, 0.9869794489641233], [0.9909873360765176, 0.8632779826511707], [0.9777850013561734, 0.9852350766380327], [0.9896232572124233, 0.8666834455112009], [0.9445599375950113, 0.9843864234461849], [0.9650211205564309, 0.9751809995789119]]
1.1952, [[0.993130888577238, 0.8513588626410646], [0.9758850343668984, 0.9942418265117062], [0.9734004621501549, 0.9901573531244737], [0.9685287519212455, 0.9880628453764526], [0.978710626299666, 0.9612145843860537], [0.9701851333990745, 0.9665930046319691], [0.9821208234599026, 0.9464306000505307], [0.9908411847696507, 0.9445658503452922], [0.9910360531788068, 0.9413901455280445], [0.9867489481773665, 0.9389981399696817]]
1.1930, [[0.9919616781222995, 0.9925662203132897], [0.9704774360128092, 0.9786839666498233], [0.9603929958389669, 0.9670120528044467], [0.9601006932252322, 0.9649173984335522], [0.9583955946451138, 0.956457258632306], [0.9791003631179789, 0.9555084620178541], [0.9859694745407412, 0.9505523156476334], [0.9666287849319706, 0.9499914831564764], [0.9646801008404068, 0.949597800741115], [0.9513316148131952, 0.9476512354724609]]
1.1659, [[0.9870899678933901, 0.9337178104261411], [0.9834849023239973, 0.9668025287182078], [0.9863592113590537, 0.90251822241873], [0.9824618431759262, 0.9671064779349842], [0.9833387510171299, 0.8984099961259895], [0.9798311196523153, 0.9542348957385887], [0.979197797322557, 0.9445488420919658], [0.9705748702173873, 0.9726674436584135], [0.9766645080035241, 0.8992005866599293], [0.972426120104373, 0.937650235893549]]
1.1950, [[0.9758850343668984, 0.9942418265117062], [0.9824618431759262, 0.9671064779349842], [0.9925462833497689, 0.9609376137780025], [0.9753491462417186, 0.9829923331648982], [0.9910360531788068, 0.9413901455280445], [0.9711107583425675, 0.9821979304362474], [0.9908411847696507, 0.9445658503452922], [0.9830951655056844, 0.9371231266632979], [0.9827541457896609, 0.9296872942563585], [0.9811464814141206, 0.9061263180899445]]
1.1913, [[0.9685287519212455, 0.9880628453764526], [0.9960539147145837, 0.9217649671551288], [0.9730594424341313, 0.9810457678962439], [0.9735953305593111, 0.9669341960586153], [0.9827541457896609, 0.9292109165403403], [0.9798311196523153, 0.9542348957385887], [0.9811464814141206, 0.9061263180899445], [0.9770055277195477, 0.9489104327101229], [0.9781260210721969, 0.8849875517938354], [0.9734491792524438, 0.928332498905171]]
1.1953, [[0.9771516790264151, 0.9946608746841838], [0.9919616781222995, 0.9925662203132897], [0.964631383738118, 0.982457892790972], [0.9814387840278554, 0.9701538877379148], [0.9809028959026752, 0.9735052467576217], [0.9711594754448564, 0.9729816564763347], [0.9748132581165385, 0.9677450205490988], [0.9919129610200107, 0.9523327572006064], [0.9632673048740232, 0.9489660027791814], [0.9632673048740232, 0.9489660027791814]]
1.1907, [[0.9809516130049645, 0.9802079647970356], [0.9603442787366776, 0.9917284172140812], [0.9914257899971197, 0.9040384083712312], [0.9586878972588486, 0.9813636462860031], [0.9855797377224285, 0.9651267758969176], [0.9872361192002574, 0.9320860444669024], [0.9735953305593111, 0.9714105923867273], [0.9490906281078968, 0.9724831387064174], [0.9856284548247173, 0.9143121264948627], [0.9628775680557105, 0.9653760347818763]]
0.0170, [[0.0, 0.0], [0.0, 0.06998739643181076], [0.0, 0.0], [0.0, 0.02359039612942242], [0.0, 0.0], [0.0, 0.013563519806470766], [0.0, 0.0], [0.0, 0.003852772905957237], [0.0, 0.0], [0.0, 0.000304807983066286]]
0.9769, [[0.8939915854189316, 0.8737858575037898], [0.8232056357928779, 0.8557887795182753], [0.8209159319852906, 0.6298713567639258], [0.8184800768708358, 0.8753819941047668], [0.8112212286297605, 0.8496414689236989], [0.8139981034602393, 0.7905734007950856], [0.7996265582849565, 0.8600354178036045], [0.7891523812928013, 0.7254231814239253], [0.7867652432806355, 0.8464343868115212], [0.7807243225967879, 0.8839309873673573]]
1.1907, [[0.9734004621501549, 0.9901573531244737], [0.9774439816401498, 0.9868059941047668], [0.9809028959026752, 0.9735052467576217], [0.9840207904491776, 0.9704681005558363], [0.9925462833497689, 0.9609376137780025], [0.9834849023239973, 0.9668025287182078], [0.9903052966444704, 0.9418427703385549], [0.9794900999362917, 0.9659647256189996], [0.9870899678933901, 0.9337178104261411], [0.9852387180064048, 0.9141297276402224]]
1.1712, [[0.9821695405621919, 0.9757045898601988], [0.9834849023239973, 0.9668025287182078], [0.9794900999362917, 0.9659647256189996], [0.9823156918690592, 0.9459746029139295], [0.979197797322557, 0.9445488420919658], [0.988989934882665, 0.94305900707428], [0.9867489481773665, 0.9389981399696817], [0.9826079944827935, 0.9364339991578239], [0.9870899678933901, 0.9337178104261411], [0.9777850013561734, 0.9020485893548932]]
1.1435, [[0.9746671068096711, 0.964082821037561], [0.9670672388525727, 0.9407549752400202], [0.22603492082099572, 0.05303920169337739], [0.9477752663460912, 0.8955822273875695], [0.0, 0.0], [0.8405002071055062, 0.7590516722081676], [0.8595485941005422, 0.765014640043369], [0.8662715542164369, 0.8513785101061142], [0.22020447606439414, 0.02517583308134259], [0.2250601145998604, 0.1382709162382818]]
1.1978, [[0.9896232572124233, 0.9992689383527034], [0.9880643099391719, 0.9812552919824826], [0.9703800018082311, 0.9921473187636854], [0.9634134561808907, 0.9735153637358935], [0.9595648051000519, 0.9693159380158329], [0.9704774360128092, 0.9786839666498233], [0.9753491462417186, 0.9829923331648982], [0.9809516130049645, 0.9802079647970356], [0.9833387510171299, 0.9893195500252652], [0.9709158899334109, 0.9554916003874011]]
1.1653, [[0.9780285868676188, 0.9683734461849419], [0.9798311196523153, 0.9650355764695975], [0.9886489151666414, 0.9704005074111505], [0.9603929958389669, 0.9670120528044467], [0.9742286528890695, 0.9532922572848239], [0.9601006932252322, 0.9649173984335522], [0.9856771719270065, 0.9528023902644435], [0.9592237853840284, 0.962194318426815], [0.9760311856737658, 0.9315656798888328], [0.9748132581165385, 0.8814807725282129]]
1.1674, [[0.9711594754448564, 0.9729816564763347], [0.9848002640858027, 0.95496449115715], [0.9849951324949594, 0.8630886925214756], [0.9472393782209115, 0.9763402000168435], [0.9841669417560445, 0.9365454325416877], [0.9798311196523153, 0.9542348957385887], [0.943342010037784, 0.964148068216271], [0.9718902319791928, 0.9502948458817584], [0.9655570086816105, 0.9514172439784402], [0.9445112204927221, 0.9382074028128685]]
1.1978, [[0.9549853974848772, 0.9973838080680479], [0.9603442787366776, 0.9917284172140812], [0.9833387510171299, 0.9893195500252652], [0.9880643099391719, 0.9812552919824826], [0.9711107583425675, 0.9821979304362474], [0.9445599375950113, 0.9843864234461849], [0.9821695405621919, 0.9757045898601988], [0.9877232902231484, 0.9665559090449721], [0.9735953305593111, 0.9780086216944585], [0.9919129610200107, 0.9523327572006064]]
1.1991, [[0.9880643099391719, 0.9812552919824826], [0.9771516790264151, 0.9946608746841838], [0.9824618431759262, 0.9671064779349842], [0.9855797377224285, 0.9651267758969176], [0.9772491132309932, 0.9696302974566281], [0.9758850343668984, 0.9942418265117062], [0.9856284548247173, 0.9143121264948627], [0.9960539147145837, 0.9217649671551288], [0.9703800018082311, 0.9921473187636854], [0.9910360531788068, 0.9413901455280445]]
1.1925, [[0.9925462833497689, 0.9609376137780025], [0.9603442787366776, 0.9917284172140812], [0.9833387510171299, 0.9893195500252652], [0.9886489151666414, 0.9704005074111505], [0.9737901989684677, 0.9903668772107126], [0.9860669087453193, 0.8541021766043455], [0.9798311196523153, 0.9650355764695975], [0.9586878972588486, 0.9813636462860031], [0.971938949081482, 0.968802464712818], [0.9726697056158184, 0.9408428023412497]]
1.1884, [[0.9777850013561734, 0.9852350766380327], [0.9711107583425675, 0.9821979304362474], [0.9735953305593111, 0.9780086216944585], [0.9772491132309932, 0.9696302974566281], [0.9699902649899184, 0.96490390912919], [0.979197797322557, 0.9497313741788782], [0.979636251243159, 0.9305960628263433], [0.9960539147145837, 0.9217649671551288], [0.9784183236859317, 0.9195115202122284], [0.9821695405621919, 0.8852781583291225]]
1.1907, [[0.993130888577238, 0.8513588626410646], [0.9780285868676188, 0.9683734461849419], [0.9870899678933901, 0.9337178104261411], [0.9737901989684677, 0.9903668772107126], [0.9841182246537556, 0.9586334353208692], [0.9859694745407412, 0.9505523156476334], [0.9705748702173873, 0.9726674436584135], [0.9706235873196767, 0.9658598902644435], [0.979197797322557, 0.9497313741788782], [0.9853848693132718, 0.9492246455280444]]
1.1224, [[0.9583955946451138, 0.956457258632306], [0.9624878312373976, 0.9384745496883947], [0.8744560274010047, 0.903758212059963], [0.9286781622487665, 0.8721174358261748], [0.8659305345004132, 0.8605635533939701], [0.8709971131384793, 0.8595860186963113], [0.9342806290120123, 0.8565551772780866], [0.886927605587013, 0.8456083135421931], [0.8656869489889678, 0.8283535871652349], [0.8511205354045288, 0.7752627311167335]]
1.1992, [[0.9734004621501549, 0.9901573531244737], [0.9927898688612145, 0.9731910339397002], [0.9960539147145837, 0.9217649671551288], [0.9771516790264151, 0.9946608746841838], [0.9704774360128092, 0.9786839666498233], [0.9704774360128092, 0.9786839666498233], [0.9797824025500259, 0.9765423929594071], [0.9840207904491776, 0.9704681005558363], [0.9780285868676188, 0.9683734461849419], [0.9748132581165385, 0.9677450205490988]]
1.1958, [[0.9919129610200107, 0.9523327572006064], [0.9771516790264151, 0.9946608746841838], [0.9908411847696507, 0.9445658503452922], [0.9861643429498974, 0.9177142170288025], [0.9845566785743572, 0.923369607882769], [0.993130888577238, 0.8513588626410646], [0.9734004621501549, 0.9901573531244737], [0.9823156918690592, 0.9459746029139295], [0.979636251243159, 0.9305960628263433], [0.979197797322557, 0.9497313741788782]]
1.1891, [[0.957421252599332, 0.9871202069226883], [0.9730594424341313, 0.9810457678962439], [0.978710626299666, 0.9612145843860537], [0.9595648051000519, 0.9693159380158329], [0.9556187198146355, 0.9669714382684856], [0.9780285868676188, 0.9683734461849419], [0.9742286528890695, 0.9532922572848239], [0.9742286528890695, 0.9532922572848239], [0.9856771719270065, 0.9528023902644435], [0.9947872700550671, 0.9171466398854641]]
1.1919, [[0.9867489481773665, 0.9389981399696817], [0.9793926657317136, 0.9913095156644769], [0.9833387510171299, 0.9893195500252652], [0.993130888577238, 0.8513588626410646], [0.9734004621501549, 0.9901573531244737], [0.9821695405621919, 0.9757045898601988], [0.9797824025500259, 0.9765423929594071], [0.9830951655056844, 0.9371231266632979], [0.9764209224920787, 0.9883770581943743], [0.9824131260736373, 0.9015991902475997]]
1.1978, [[0.9896232572124233, 0.9992689383527034], [0.9603442787366776, 0.9917284172140812], [0.9790029289134008, 0.8558994797877717], [0.981779803743879, 0.9742383611251475], [0.9844592443697792, 0.924207557604851], [0.9783696065836425, 0.9693159380158329], [0.957421252599332, 0.9871202069226883], [0.9747645410142496, 0.9091668366178204], [0.9741312186844913, 0.9750761642243557], [0.9735953305593111, 0.9714105923867273]]
1.2008, [[0.9549853974848772, 0.9973838080680479], [0.9764209224920787, 0.9883770581943743], [0.9947872700550671, 0.9171466398854641], [0.9925462833497689, 0.9609376137780025], [0.9901104282353143, 0.9861777150917973], [0.9508444437903043, 0.9869794489641233], [0.9909873360765176, 0.8632779826511707], [0.9753491462417186, 0.9829923331648982], [0.9827541457896609, 0.9296872942563585], [0.9445599375950113, 0.9843864234461849]]
1.1859, [[0.9919129610200107, 0.9523327572006064], [0.9812439156186987, 0.9545760871652349], [0.9872361192002574, 0.9320860444669024], [0.9798311196523153, 0.9542348957385887], [0.9798311196523153, 0.9542348957385887], [0.9849951324949594, 0.8630886925214756], [0.9827541457896609, 0.9292109165403403], [0.9735953305593111, 0.9669341960586153], [0.9508444437903043, 0.9869794489641233], [0.9534751673139151, 0.983873536634664]]
1.1952, [[0.9500649701536785, 0.9956033665150751], [0.9886489151666414, 0.9704005074111505], [0.9919129610200107, 0.9523327572006064], [0.9525982594727118, 0.9857588135421931], [0.9833387510171299, 0.8984099961259895], [0.952793127881868, 0.9700187014485432], [0.9798311196523153, 0.9650355764695975], [0.9717927977746147, 0.9612619435741958], [0.9620006602145066, 0.9508361775307395], [0.9592237853840284, 0.962194318426815]]
1.1902, [[0.9685287519212455, 0.9880628453764526], [0.9947872700550671, 0.9171466398854641], [0.9508444437903043, 0.9869794489641233], [0.9845566785743572, 0.9561604939363315], [0.9784670407882206, 0.9792654729661446], [0.9821695405621919, 0.8852781583291225], [0.979197797322557, 0.9497313741788782], [0.9705748702173873, 0.9726674436584135], [0.9717927977746147, 0.9612619435741958], [0.9761773369806332, 0.8538184613441131]]
1.1908, [[0.9737901989684677, 0.9903668772107126], [0.9703800018082311, 0.9921473187636854], [0.9685287519212455, 0.9880628453764526], [0.9910360531788068, 0.9413901455280445], [0.9711107583425675, 0.9821979304362474], [0.9772491132309932, 0.9696302974566281], [0.9821208234599026, 0.9464306000505307], [0.9645826666358287, 0.9494409142664647], [0.9877232902231484, 0.8972276292740442], [0.9827541457896609, 0.9296872942563585]]
1.1127, [[0.9852387180064048, 0.9141297276402224], [0.788031887940152, 0.9277534851776992], [0.9530367133933135, 0.9099789807141654], [0.8633972451813805, 0.9119523779686711], [0.950795726688015, 0.9062981600976924], [0.9545956606665644, 0.8978457913087418], [0.9545956606665644, 0.8978457913087418], [0.9572751012924646, 0.8696631155465724], [0.9742773699913587, 0.8554264743978441], [0.9819746721530351, 0.8622374001179048]]
1.1797, [[0.9445599375950113, 0.9843864234461849], [0.9880643099391719, 0.9812552919824826], [0.9877232902231484, 0.9665559090449721], [0.9780285868676188, 0.9683734461849419], [0.9559110224283699, 0.9725988241536128], [0.9803670077774954, 0.9700491990062321], [0.978710626299666, 0.9612145843860537], [0.9709158899334109, 0.9554916003874011], [0.9812439156186987, 0.9545760871652349], [0.9856771719270065, 0.9528023902644435]]
1.1930, [[0.9919616781222995, 0.9925662203132897], [0.9544495093596971, 0.9870155181910056], [0.9652647060678763, 0.9815695048004043], [0.9880643099391719, 0.9812552919824826], [0.9603929958389669, 0.9786948167424625], [0.9472393782209115, 0.9763402000168435], [0.9711594754448564, 0.9729816564763347], [0.9886489151666414, 0.9704005074111505], [0.9717927977746147, 0.9612619435741958], [0.9558623053260811, 0.9487129316995117]]
1.1801, [[0.9833387510171299, 0.9893195500252652], [0.9625852654419761, 0.9461165338554826], [0.9670672388525727, 0.9407549752400202], [0.9828028628919502, 0.8824808871483915], [0.959077634077161, 0.9407482305878391], [0.9642416469198052, 0.9201128206164729], [0.9578109894176448, 0.9398327173656729], [0.962146811521374, 0.852967022317669], [0.8058623473779603, 0.9149376196732355], [0.9473855295277784, 0.9068930090955029]]
1.2012, [[0.9758850343668984, 0.9942418265117062], [0.9878694415300158, 0.967238291898265], [0.9985872040336164, 0.9355793344281623], [0.9705748702173873, 0.9726674436584135], [0.9841182246537556, 0.9586334353208692], [0.9910360531788068, 0.9413901455280445], [0.9556187198146355, 0.960126789287519], [0.9789054947088226, 0.9575929994104766], [0.946167601970551, 0.9579965055583629], [0.9810490472095426, 0.8900146636348325]]
1.1669, [[0.9826567115850828, 0.9070249696816575], [0.984264375960623, 0.8545751819942733], [0.9797824025500259, 0.9765423929594071], [0.9810490472095426, 0.8900146636348325], [0.9490906281078968, 0.9724831387064174], [0.9783696065836425, 0.9677450205490988], [0.979295231527135, 0.9156298262590533], [0.9505034240742807, 0.9577306782886981], [0.9645826666358287, 0.9494409142664647], [0.8775739219475069, 0.9420824987367359]]
1.2017, [[0.9771516790264151, 0.9946608746841838], [0.9758850343668984, 0.9942418265117062], [0.9734004621501549, 0.9901573531244737], [0.9833387510171299, 0.9893195500252652], [0.9764209224920787, 0.9883770581943743], [0.9774439816401498, 0.9868059941047668], [0.9901104282353143, 0.9861777150917973], [0.9880643099391719, 0.9812552919824826], [0.9925462833497689, 0.9609376137780025], [0.9984897698290384, 0.8998526185784067]]
1.1816, [[0.9824618431759262, 0.9671064779349842], [0.9827541457896609, 0.9292109165403403], [0.9652647060678763, 0.9815695048004043], [0.9812439156186987, 0.9545760871652349], [0.9735953305593111, 0.9669341960586153], [0.9877232902231484, 0.8972276292740442], [0.984264375960623, 0.8545751819942733], [0.957421252599332, 0.9871202069226883], [0.9666287849319706, 0.9499914831564764], [0.9770055277195477, 0.9489104327101229]]
1.2071, [[0.9896232572124233, 0.9992689383527034], [0.9985872040336164, 0.9355793344281623], [0.979295231527135, 0.9644240124642076], [0.9905001650536267, 0.8750314188142159], [0.9739363502753347, 0.9593665496883947], [0.9761773369806332, 0.8538184613441131], [0.9705748702173873, 0.9726674436584135], [0.9550828316894554, 0.956876746673404], [0.9688697716372691, 0.8379263013306384], [0.8890224409854441, 0.9262067604850936]]
1.2019, [[0.9927898688612145, 0.9731910339397002], [0.993130888577238, 0.8513588626410646], [0.9919129610200107, 0.9523327572006064], [0.988989934882665, 0.94305900707428], [0.9560571737352372, 1.0], [0.9840207904491776, 0.9704681005558363], [0.9734004621501549, 0.9901573531244737], [0.9833387510171299, 0.9893195500252652], [0.9824131260736373, 0.9015991902475997], [0.9821695405621919, 0.9757045898601988]]
1.1930, [[0.9919616781222995, 0.9925662203132897], [0.9711107583425675, 0.9821979304362474], [0.9880643099391719, 0.9812552919824826], [0.9735953305593111, 0.9780086216944585], [0.9716466464677473, 0.9693159380158329], [0.9780285868676188, 0.9683734461849419], [0.9701851333990745, 0.9665930046319691], [0.9877232902231484, 0.9665559090449721], [0.9855797377224285, 0.9651267758969176], [0.9733030279455768, 0.9588768292908877]]
1.1836, [[0.9863592113590537, 0.90251822241873], [0.9737901989684677, 0.9903668772107126], [0.9861643429498974, 0.9177142170288025], [0.9685287519212455, 0.9880628453764526], [0.979295231527135, 0.9156298262590533], [0.9652647060678763, 0.9815695048004043], [0.9558623053260811, 0.9487129316995117], [0.9684800348189562, 0.9600457068384707], [0.9711594754448564, 0.9729816564763347], [0.9655570086816105, 0.9514172439784402]]
1.1853, [[0.9711107583425675, 0.9821979304362474], [0.9730594424341313, 0.9810457678962439], [0.9824618431759262, 0.9671064779349842], [0.9853848693132718, 0.9492246455280444], [0.9770055277195477, 0.9489104327101229], [0.9555212856100574, 0.9458669817247768], [0.24084093984012603, 0.1570213970365891], [0.9785157578905098, 0.9259507569479535], [0.9960539147145837, 0.9217649671551288], [0.9126989526979435, 0.8292712997305035]]
1.1922, [[0.9840207904491776, 0.9704681005558363], [0.9886489151666414, 0.9652314646286004], [1.0, 0.9250883212059964], [0.9814387840278554, 0.9701538877379148], [0.9880643099391719, 0.9336468449553647], [0.9782721723790643, 0.9846066510021896], [0.9841669417560445, 0.9365454325416877], [0.9789054947088226, 0.9575929994104766], [0.9821208234599026, 0.9464306000505307], [0.9696979623761836, 0.9565389275728482]]
1.2078, [[0.9560571737352372, 1.0], [0.9985872040336164, 0.9355793344281623], [0.9919616781222995, 0.9925662203132897], [0.9500649701536785, 0.9956033665150751], [0.9880643099391719, 0.9812552919824826], [0.9833387510171299, 0.9893195500252652], [0.9855797377224285, 0.9651267758969176], [0.9856284548247173, 0.9143121264948627], [0.9538161870299392, 0.9801032760653529], [0.9735953305593111, 0.9780086216944585]]
1.1968, [[0.9985872040336164, 0.9355793344281623], [0.9734004621501549, 0.9901573531244737], [0.9840207904491776, 0.9704681005558363], [0.9824618431759262, 0.9671064779349842], [0.9794900999362917, 0.9659647256189996], [0.9886489151666414, 0.9652314646286004], [0.9791003631179789, 0.9644004061815733], [0.9910360531788068, 0.9413901455280445], [0.9790516460156895, 0.899622860535624], [0.9790516460156895, 0.899622860535624]]
1.1938, [[0.9735953305593111, 0.9669341960586153], [0.9500649701536785, 0.9956033665150751], [0.9914257899971197, 0.9040384083712312], [0.9841669417560445, 0.9365454325416877], [0.9567879302695736, 0.9627991377800237], [0.9548879632802991, 0.9470279416371905], [0.9518675029383754, 0.9446970778170792], [0.8751867839353411, 0.9467650468249958], [0.9531341475978916, 0.938593900707428], [0.9529879962910243, 0.9362139182246927]]
1.1996, [[0.9919616781222995, 0.9925662203132897], [0.9764209224920787, 0.9883770581943743], [0.9901104282353143, 0.9861777150917973], [0.9782721723790643, 0.9846066510021896], [0.9809028959026752, 0.9735052467576217], [0.9841182246537556, 0.9586334353208692], [0.9845566785743572, 0.9561604939363315], [0.979197797322557, 0.9497313741788782], [0.9726697056158184, 0.9454373767054068], [0.9984897698290384, 0.8998526185784067]]
