0.5682, [[0.0, 0.9902659598601595], [0.3773186805078619, 0.9091635669213187], [0.9955384076825764, 0.0], [0.37365133833064124, 0.9357403409728537], [0.4014312483624683, 0.276895178638894], [0.37696739934972784, 0.841978128188527], [0.9944961861716095, 0.0], [0.39782516652861427, 0.27676852996539564], [0.9944159904616001, 0.0], [0.0, 0.2748592842993029]]
0.5226, [[0.37934496294633674, 0.8414723527989979], [0.4014312483624683, 0.276895178638894], [0.996167064596453, 0.0], [0.0, 0.8763744378264084], [0.0031769282932961667, 0.47358539142819955], [0.002145712513290594, 0.6713937328326649], [0.006555077498227341, 0.2769893410036945], [0.0, 0.8735839909361658], [0.002947615926910118, 0.6399416699037488], [0.9944159904616001, 0.0]]
0.5718, [[0.37934496294633674, 0.8414723527989979], [0.9979304020591945, 0.0], [0.37365133833064124, 0.9357403409728537], [0.4014312483624683, 0.276895178638894], [0.0, 0.9985375235875551], [0.38160359317361675, 0.7506243433898729], [0.40244507945043734, 0.2766940381985657], [0.3773186805078619, 0.9091635669213187], [0.37885543209438877, 0.8461806117657212], [0.37941174223955626, 0.7907525903578048]]
0.5820, [[0.37934496294633674, 0.8414723527989979], [0.37941174223955626, 0.7907525903578048], [0.37365133833064124, 0.9357403409728537], [0.0, 0.9871169223531451], [0.37555675576733866, 0.9141105187966707], [0.3773186805078619, 0.9091635669213187], [0.3731689821135019, 0.985457923950108], [0.9997415019568712, 0.0], [0.0011710659692768025, 0.6242019949069878], [0.0031769282932961667, 0.47358539142819955]]
0.5567, [[0.9958020692321848, 0.0], [0.9975950968571835, 0.0], [0.9971294131165654, 0.0], [0.37365133833064124, 0.9357403409728537], [1.0, 0.0], [0.9941424859777652, 0.0], [0.9936877746884163, 0.0], [0.9965436778502997, 0.0], [0.37753833471200543, 0.9072173652725619], [0.0, 0.9356477303293202]]
0.5620, [[0.37885543209438877, 0.8461806117657212], [0.0, 1.0], [0.37934496294633674, 0.8414723527989979], [0.3773186805078619, 0.9091635669213187], [0.4014312483624683, 0.276895178638894], [0.38160359317361675, 0.7506243433898729], [0.37753833471200543, 0.9072173652725619], [1.0, 0.0], [0.4006682535453114, 0.27682932510573566], [0.9997415019568712, 0.0]]
0.5696, [[0.9978645673515812, 0.0], [0.37934496294633674, 0.8414723527989979], [0.0, 0.9871169223531451], [0.37555675576733866, 0.9141105187966707], [0.4014312483624683, 0.276895178638894], [0.37365133833064124, 0.9357403409728537], [0.37941174223955626, 0.7907525903578048], [0.40244507945043734, 0.2766940381985657], [0.37885543209438877, 0.8461806117657212], [0.37753833471200543, 0.9072173652725619]]
0.5615, [[0.3773186805078619, 0.9091635669213187], [0.9963290696122464, 0.0], [0.0, 1.0], [0.4014312483624683, 0.276895178638894], [0.3769260072258314, 0.9149539371574087], [0.996167064596453, 0.0], [0.0, 0.9902659598601595], [0.4006682535453114, 0.27682932510573566], [0.37684625840045766, 0.8794057826405961], [0.3754554830375388, 0.8757757761664313]]
0.5894, [[0.3769260072258314, 0.9149539371574087], [0.38160359317361675, 0.7506243433898729], [0.9963290696122464, 0.0], [0.37934496294633674, 0.8414723527989979], [0.39533832772491884, 0.2768074324963641], [0.0, 0.9902659598601595], [0.37365133833064124, 0.9357403409728537], [0.40244507945043734, 0.2766940381985657], [0.3731689821135019, 0.985457923950108], [0.37753833471200543, 0.9072173652725619]]
0.5657, [[0.9990829935211605, 0.0], [0.37885543209438877, 0.8461806117657212], [0.37941174223955626, 0.7907525903578048], [0.38160359317361675, 0.7506243433898729], [0.37365133833064124, 0.9357403409728537], [0.37555675576733866, 0.9141105187966707], [0.37753833471200543, 0.9072173652725619], [0.37934496294633674, 0.8414723527989979], [0.40244507945043734, 0.2766940381985657], [0.4006682535453114, 0.27682932510573566]]
0.2483, [[0.9934336333538796, 0.0], [0.40017154805855465, 0.27681040513883554], [0.9935156040192412, 0.0], [0.9965806291935435, 0.0], [0.9949699378911017, 0.0], [0.9919833334714563, 0.0], [0.9971084363714926, 0.0], [0.9986407069192778, 0.0], [0.9592536408534007, 0.0], [0.9969564356495031, 0.0]]
0.5858, [[0.0, 0.8113873993698475], [0.9979420199487734, 0.0], [0.46490341171611843, 0.0], [0.9623494857070023, 0.0], [0.37684625840045766, 0.8794057826405961], [0.3731689821135019, 0.985457923950108], [0.9579655073463484, 0.0], [0.9583232415296297, 0.0], [0.40017154805855465, 0.27681040513883554], [0.9596867299593668, 0.0]]
0.5906, [[0.0, 1.0], [0.40244507945043734, 0.2766940381985657], [0.3731689821135019, 0.985457923950108], [0.9986407069192778, 0.0], [0.37365133833064124, 0.9357403409728537], [0.38160359317361675, 0.7506243433898729], [0.3773186805078619, 0.9091635669213187], [0.3769260072258314, 0.9149539371574087], [0.37934496294633674, 0.8414723527989979], [0.4014312483624683, 0.276895178638894]]
0.5826, [[0.9585038028968339, 0.0], [0.9642231931207428, 0.0], [0.9569492647273562, 0.0], [0.9951656670585891, 0.0], [0.9942033185384767, 0.0], [0.9587895707085574, 0.0], [0.9584900873327478, 0.0], [0.9583232415296297, 0.0], [0.39782516652861427, 0.27676852996539564], [0.3731689821135019, 0.985457923950108]]
0.5458, [[0.996769258539622, 0.0], [0.9986011738227942, 0.0], [0.9965436778502997, 0.0], [0.995132588345205, 0.0], [0.9971294131165654, 0.0], [0.37555675576733866, 0.9141105187966707], [0.9971084363714926, 0.0], [0.9979420199487734, 0.0], [0.37696739934972784, 0.841978128188527], [0.5331199378241082, 0.0]]
0.5859, [[0.9995504522171306, 0.0], [0.3731689821135019, 0.985457923950108], [0.47241041851604887, 0.0], [0.007743307401546518, 0.2769074050803257], [0.4661570319191723, 0.0], [0.3769260072258314, 0.9149539371574087], [0.3770173458458961, 0.8555524781388927], [0.3992780300773777, 0.27678761607516006], [0.3974173161344885, 0.27687754478510174], [0.009421068156813761, 0.2766029883231081]]
0.5638, [[0.40244507945043734, 0.2766940381985657], [0.4014312483624683, 0.276895178638894], [0.38160359317361675, 0.7506243433898729], [1.0, 0.0], [0.3773186805078619, 0.9091635669213187], [0.37555675576733866, 0.9141105187966707], [0.37941174223955626, 0.7907525903578048], [0.0, 0.9985375235875551], [0.532830715075703, 0.0], [0.010154260644765285, 0.27673348218793364]]
0.5166, [[0.0, 0.8786533211618961], [0.5078388784858248, 0.0], [0.5220918430688233, 0.0], [0.37941174223955626, 0.7907525903578048], [0.9944961861716095, 0.0], [0.001177412761607591, 0.6992144111528316], [0.37934496294633674, 0.8414723527989979], [0.5222221018545937, 0.0], [0.5225166314424191, 0.0], [0.0, 0.8113873993698475]]
0.5256, [[0.9995504522171306, 0.0], [0.39782516652861427, 0.27676852996539564], [0.0, 0.2139144136112631], [0.3759301127248841, 0.8584876291596534], [0.4014312483624683, 0.276895178638894], [0.3987316540419453, 0.27684046145873387], [0.0005225893615666017, 0.7283377022745917], [0.006555077498227341, 0.2769893410036945], [0.006375435680516967, 0.2768933175997593], [0.007743307401546518, 0.2769074050803257]]
0.5258, [[0.0, 0.9871169223531451], [0.9958020692321848, 0.0], [0.9971294131165654, 0.0], [0.37696739934972784, 0.841978128188527], [0.0, 0.953613092666926], [0.538301825298036, 0.0], [0.0, 0.9356477303293202], [0.5351869517783066, 0.0], [0.0, 0.8814652669515306], [0.5340763750196265, 0.0]]
0.5565, [[0.0, 0.9202873179679754], [0.9965806291935435, 0.0], [0.0, 0.2767934023888731], [0.9626772070088716, 0.0], [0.9995504522171306, 0.0], [0.37696739934972784, 0.841978128188527], [0.9593109235034074, 0.0], [0.37365133833064124, 0.9357403409728537], [0.9623330270300989, 0.0], [0.3773186805078619, 0.9091635669213187]]
0.5866, [[0.3767074568116584, 0.8755177893737314], [0.3949409633355135, 0.27678279195573313], [0.0, 0.2647518002724887], [0.39782516652861427, 0.27676852996539564], [0.0, 0.27215241781875327], [0.3974173161344885, 0.27687754478510174], [0.3731689821135019, 0.985457923950108], [0.37934496294633674, 0.8414723527989979], [0.37696739934972784, 0.841978128188527], [0.9986407069192778, 0.0]]
0.5870, [[0.9990829935211605, 0.0], [0.37885543209438877, 0.8461806117657212], [0.0, 0.1327787987901369], [0.3974173161344885, 0.27687754478510174], [0.37684625840045766, 0.8794057826405961], [0.0002731328282176725, 0.7803879158358136], [0.002947615926910118, 0.6399416699037488], [0.3731689821135019, 0.985457923950108], [0.0, 0.21453836237003138], [0.40017154805855465, 0.27681040513883554]]
0.5886, [[0.9986011738227942, 0.0], [0.4006682535453114, 0.27682932510573566], [0.4006682535453114, 0.27682932510573566], [0.3974173161344885, 0.27687754478510174], [0.3770173458458961, 0.8555524781388927], [0.38160359317361675, 0.7506243433898729], [0.37941174223955626, 0.7907525903578048], [0.3731689821135019, 0.985457923950108], [0.3769260072258314, 0.9149539371574087], [0.37885543209438877, 0.8461806117657212]]
0.5884, [[0.9981054772007643, 0.0], [0.3767074568116584, 0.8755177893737314], [0.0, 0.18750023321915715], [0.3769260072258314, 0.9149539371574087], [0.0, 0.22229628764738069], [0.3770173458458961, 0.8555524781388927], [0.3731689821135019, 0.985457923950108], [0.38160359317361675, 0.7506243433898729], [0.40017154805855465, 0.27681040513883554], [0.37885543209438877, 0.8461806117657212]]
0.0925, [[0.0083553589402279, 0.2769518082549023], [0.4719605432651935, 0.0], [0.1038864492606609, 0.0], [0.5187598715728097, 0.0], [0.520346375339499, 0.0], [0.5237483006278709, 0.0], [0.5134298750350612, 0.0], [0.5217625778047924, 0.0], [0.525280771120463, 0.0], [0.5147216079939516, 0.0]]
0.5518, [[0.0, 0.9871169223531451], [0.9939286845375994, 0.0], [0.9995504522171306, 0.0], [1.0, 0.0], [0.0, 0.953613092666926], [0.5332200441131726, 0.0], [0.0, 0.9356477303293202], [0.5318262751054287, 0.0], [0.3773186805078619, 0.9091635669213187], [0.5306360957554445, 0.0]]
0.5881, [[0.3759301127248841, 0.8584876291596534], [0.3731689821135019, 0.985457923950108], [0.0, 0.9426503077387909], [0.37885543209438877, 0.8461806117657212], [0.9995504522171306, 0.0], [0.37684625840045766, 0.8794057826405961], [0.3767074568116584, 0.8755177893737314], [0.38160359317361675, 0.7506243433898729], [0.001177412761607591, 0.6992144111528316], [0.3992780300773777, 0.27678761607516006]]
0.2468, [[0.39533832772491884, 0.2768074324963641], [0.9936684115391183, 0.0], [0.9945863861754227, 0.0], [0.5290339126904677, 0.0], [0.5108809035735122, 0.0], [0.5134298750350612, 0.0], [0.5108842806531434, 0.0], [0.996769258539622, 0.0], [0.5082241067837423, 0.0], [0.5140683843053102, 0.0]]
0.5900, [[0.3770173458458961, 0.8555524781388927], [0.4006682535453114, 0.27682932510573566], [0.9995504522171306, 0.0], [0.0, 0.9985375235875551], [0.37885543209438877, 0.8461806117657212], [0.38160359317361675, 0.7506243433898729], [0.3731689821135019, 0.985457923950108], [0.3769260072258314, 0.9149539371574087], [0.996447346182542, 0.0], [0.3974173161344885, 0.27687754478510174]]
0.5817, [[0.3767074568116584, 0.8755177893737314], [0.4006682535453114, 0.27682932510573566], [0.3976088236943824, 0.276742683394908], [0.3731689821135019, 0.985457923950108], [0.007937574436366961, 0.2766634428108126], [0.9564506636329316, 0.0], [0.532830715075703, 0.0], [0.2767667255587961, 0.0], [0.12830283530466688, 0.0], [0.5318294109650861, 0.0]]
0.5715, [[0.3769260072258314, 0.9149539371574087], [0.37365133833064124, 0.9357403409728537], [0.4006682535453114, 0.27682932510573566], [0.38160359317361675, 0.7506243433898729], [0.3773186805078619, 0.9091635669213187], [0.37941174223955626, 0.7907525903578048], [0.37934496294633674, 0.8414723527989979], [0.9986407069192778, 0.0], [0.0, 1.0], [0.37885543209438877, 0.8461806117657212]]
0.1279, [[0.001169134336828312, 0.6569800989252876], [0.0, 0.0], [0.0, 0.0], [0.5147305331329767, 0.0], [0.0, 0.2741864810010197], [0.0, 0.1397602462792698], [0.0, 0.0], [0.0, 0.12709534058450003], [0.0, 0.09441180532019332], [0.0, 0.09012639552911458]]
0.5535, [[0.9966803494124286, 0.0], [0.37941174223955626, 0.7907525903578048], [0.468980994150681, 0.0], [0.4719605432651935, 0.0], [0.9623330270300989, 0.0], [0.37555675576733866, 0.9141105187966707], [0.46736578520712735, 0.0], [0.3987316540419453, 0.27684046145873387], [0.9582322347279291, 0.0], [0.4014312483624683, 0.276895178638894]]
0.1162, [[0.0002731328282176725, 0.7803879158358136], [0.0, 0.27365576570989153], [0.0, 0.2741864810010197], [0.0, 0.27728965797656263], [0.0, 0.0], [0.0, 0.0], [0.27994232930412755, 0.0], [0.0, 0.0], [0.0, 0.2767144080308932], [0.0, 0.2764741272003879]]
0.5130, [[0.37934496294633674, 0.8414723527989979], [0.0, 0.1397602462792698], [0.0, 0.27139262139955533], [0.0, 0.2662973723566091], [0.0, 0.27295930199434965], [0.03320691418013132, 0.0], [0.9969406224109096, 0.0], [0.03668578421987705, 0.0], [0.0, 0.2654803702001037], [0.0, 0.2705660427205403]]
0.5248, [[0.3990754846177781, 0.2767293764272221], [0.3759301127248841, 0.8584876291596534], [0.09998041250230436, 0.0], [0.009421068156813761, 0.2766029883231081], [0.46770831756970893, 0.0], [0.09958249621791364, 0.0], [0.007064476569645628, 0.27693382418629536], [0.9984193215789701, 0.0], [0.9981054772007643, 0.0], [0.9979420199487734, 0.0]]
0.3112, [[0.0, 0.9094893579351735], [0.3976088236943824, 0.276742683394908], [0.40017154805855465, 0.27681040513883554], [0.0, 0.2738700493655862], [0.0, 0.2730177544007757], [0.0, 0.0], [0.0, 0.2677264830739397], [0.0, 0.27331168981427306], [0.9949699378911017, 0.0], [0.993957245182814, 0.0]]
0.5601, [[0.37365133833064124, 0.9357403409728537], [0.9946649682896574, 0.0], [0.995132588345205, 0.0], [0.37885543209438877, 0.8461806117657212], [0.9968388045175174, 0.0], [0.38160359317361675, 0.7506243433898729], [0.9586688737445999, 0.0], [0.0, 0.9426503077387909], [0.9585688308065599, 0.0], [0.37934496294633674, 0.8414723527989979]]
0.0936, [[0.5332200441131726, 0.0], [0.00781422590715571, 0.27667148460355406], [0.5299418646712826, 0.0], [0.007283578878803906, 0.27660432105183974], [0.5222737229289545, 0.0], [0.009421068156813761, 0.2766029883231081], [0.5217842876024208, 0.0], [0.0, 0.0], [0.5217797044229214, 0.0], [0.5217423153270058, 0.0]]
0.2061, [[0.9572540729692229, 0.0], [0.0, 0.9426503077387909], [0.9579655073463484, 0.0], [0.007064476569645628, 0.27693382418629536], [0.9976044557126774, 0.0], [0.9984193215789701, 0.0], [0.0, 0.26915413794948095], [0.524702084403679, 0.0], [0.0, 0.26778770253598355], [0.5246150039931918, 0.0]]
0.4793, [[0.38160359317361675, 0.7506243433898729], [0.40017154805855465, 0.27681040513883554], [0.001169134336828312, 0.6569800989252876], [0.4661570319191723, 0.0], [0.1014801871248171, 0.0], [0.0002731328282176725, 0.7803879158358136], [0.2798926587554519, 0.0], [0.28169569967237884, 0.0], [0.9971084363714926, 0.0], [0.532830715075703, 0.0]]
0.2218, [[0.39533832772491884, 0.2768074324963641], [0.0, 0.2779878130025577], [0.0, 0.3004400198939009], [0.28013659633894794, 0.0], [0.0, 0.2773044267623999], [0.0011710659692768025, 0.6242019949069878], [0.0, 0.28430753978779627], [0.0, 0.27715231759140074], [0.0, 0.27795429995486387], [0.0, 0.27712920221835874]]
0.5489, [[0.37753833471200543, 0.9072173652725619], [0.37934496294633674, 0.8414723527989979], [0.39627351377748476, 0.27667182645146193], [0.09830320364202243, 0.0], [0.006733063630981843, 0.27683043073271035], [0.007743307401546518, 0.2769074050803257], [0.008746928432287828, 0.2764511158160451], [0.9927739954011263, 0.0], [0.0, 0.9094893579351735], [0.5083941668651648, 0.0]]
0.5462, [[0.9947104716905077, 0.0], [0.3769260072258314, 0.9149539371574087], [0.9947104716905077, 0.0], [0.3754554830375388, 0.8757757761664313], [0.9938183145866004, 0.0], [0.9979420199487734, 0.0], [0.9986407069192778, 0.0], [0.9969406224109096, 0.0], [0.9984193215789701, 0.0], [0.9958453135989505, 0.0]]
0.1372, [[0.0, 0.275178712482656], [0.9971156975524793, 0.0], [0.0, 0.27456508831642124], [0.9965436778502997, 0.0], [0.0, 0.27407251536301175], [0.9963290696122464, 0.0], [0.03759751473556831, 0.0], [0.9959008212936049, 0.0], [0.9955384076825764, 0.0], [0.9946649682896574, 0.0]]
0.5339, [[0.3767074568116584, 0.8755177893737314], [0.9962737232771697, 0.0], [0.0, 0.9426503077387909], [0.9969406224109096, 0.0], [0.9965806291935435, 0.0], [0.9981054772007643, 0.0], [0.9951656670585891, 0.0], [0.9984193215789701, 0.0], [0.9979304020591945, 0.0], [0.9986407069192778, 0.0]]
0.4945, [[0.3769260072258314, 0.9149539371574087], [0.0, 0.9314752900858934], [0.46490341171611843, 0.0], [0.008369708209845308, 0.2766358726575169], [0.0, 0.27674852349587925], [0.0, 0.2764741272003879], [0.0, 0.2769631250940337], [0.0, 0.2767144080308932], [0.0, 0.27489220449188384], [0.281162017221608, 0.0]]
0.2903, [[0.0, 0.697738980275366], [0.39782516652861427, 0.27676852996539564], [0.0031769282932961667, 0.47358539142819955], [0.0031769282932961667, 0.47358539142819955], [0.0012229440978936267, 0.5863567656782782], [0.0, 0.2770652766595898], [0.009409478362122779, 0.2764956361273174], [0.010561835091398453, 0.2761747915461643], [0.508206497725666, 0.0], [0.996167064596453, 0.0]]
0.5612, [[0.9995504522171306, 0.0], [0.0, 0.9871169223531451], [0.4006682535453114, 0.27682932510573566], [0.37885543209438877, 0.8461806117657212], [0.3769260072258314, 0.9149539371574087], [0.3770173458458961, 0.8555524781388927], [0.9990829935211605, 0.0], [0.3992780300773777, 0.27678761607516006], [0.37684625840045766, 0.8794057826405961], [0.3767074568116584, 0.8755177893737314]]
0.5627, [[0.37941174223955626, 0.7907525903578048], [0.37934496294633674, 0.8414723527989979], [0.40244507945043734, 0.2766940381985657], [0.40017154805855465, 0.27681040513883554], [0.37885543209438877, 0.8461806117657212], [1.0, 0.0], [0.0, 0.9871169223531451], [0.37555675576733866, 0.9141105187966707], [0.38160359317361675, 0.7506243433898729], [0.007239703227473703, 0.27709460864441066]]
0.5718, [[0.37885543209438877, 0.8461806117657212], [0.37365133833064124, 0.9357403409728537], [0.40017154805855465, 0.27681040513883554], [0.38160359317361675, 0.7506243433898729], [1.0, 0.0], [0.0, 0.9985375235875551], [0.40017154805855465, 0.27681040513883554], [0.37941174223955626, 0.7907525903578048], [0.40244507945043734, 0.2766940381985657], [0.3754554830375388, 0.8757757761664313]]
0.5499, [[0.4006682535453114, 0.27682932510573566], [0.4006682535453114, 0.27682932510573566], [0.37885543209438877, 0.8461806117657212], [0.0, 1.0], [0.3770173458458961, 0.8555524781388927], [0.9949899464787095, 0.0], [0.38160359317361675, 0.7506243433898729], [0.37684625840045766, 0.8794057826405961], [0.0, 0.953613092666926], [0.9942033185384767, 0.0]]
0.3150, [[0.9995504522171306, 0.0], [0.007239703227473703, 0.27709460864441066], [0.4014312483624683, 0.276895178638894], [0.40244507945043734, 0.2766940381985657], [0.0083553589402279, 0.2769518082549023], [0.0, 0.9356477303293202], [0.9990829935211605, 0.0], [0.4006682535453114, 0.27682932510573566], [0.3987316540419453, 0.27684046145873387], [0.007064476569645628, 0.27693382418629536]]
0.5527, [[0.4006682535453114, 0.27682932510573566], [0.3769260072258314, 0.9149539371574087], [0.007239703227473703, 0.27709460864441066], [0.0, 0.953613092666926], [0.0083553589402279, 0.2769518082549023], [0.9592423456829768, 0.0], [0.008077203867644111, 0.27686223454086495], [0.9580642594077684, 0.0], [0.2768575122838755, 0.0], [0.2798926587554519, 0.0]]
0.5885, [[0.3769260072258314, 0.9149539371574087], [0.3731689821135019, 0.985457923950108], [0.4006682535453114, 0.27682932510573566], [0.38160359317361675, 0.7506243433898729], [0.3770173458458961, 0.8555524781388927], [0.9995504522171306, 0.0], [0.37684625840045766, 0.8794057826405961], [0.0, 0.9426503077387909], [0.40017154805855465, 0.27681040513883554], [0.9984193215789701, 0.0]]
0.5504, [[0.4006682535453114, 0.27682932510573566], [0.0, 1.0], [0.3974173161344885, 0.27687754478510174], [0.37885543209438877, 0.8461806117657212], [0.38160359317361675, 0.7506243433898729], [0.9995504522171306, 0.0], [0.37684625840045766, 0.8794057826405961], [0.9986407069192778, 0.0], [0.006555077498227341, 0.2769893410036945], [0.007743307401546518, 0.2769074050803257]]
0.5880, [[0.9986407069192778, 0.0], [0.0, 0.9871169223531451], [0.4016837403182363, 0.2766934620772664], [0.37934496294633674, 0.8414723527989979], [0.3773186805078619, 0.9091635669213187], [0.4014312483624683, 0.276895178638894], [0.37941174223955626, 0.7907525903578048], [0.3731689821135019, 0.985457923950108], [0.37365133833064124, 0.9357403409728537], [0.37753833471200543, 0.9072173652725619]]
0.5891, [[0.3731689821135019, 0.985457923950108], [1.0, 0.0], [0.38160359317361675, 0.7506243433898729], [0.37753833471200543, 0.9072173652725619], [0.37885543209438877, 0.8461806117657212], [0.3769260072258314, 0.9149539371574087], [0.4016837403182363, 0.2766934620772664], [0.37753833471200543, 0.9072173652725619], [0.37934496294633674, 0.8414723527989979], [0.4014312483624683, 0.276895178638894]]
0.5873, [[0.3974173161344885, 0.27687754478510174], [0.9997415019568712, 0.0], [0.0, 0.9871169223531451], [0.3770173458458961, 0.8555524781388927], [0.3769260072258314, 0.9149539371574087], [0.3992780300773777, 0.27678761607516006], [0.3731689821135019, 0.985457923950108], [0.37941174223955626, 0.7907525903578048], [0.37365133833064124, 0.9357403409728537], [0.3987316540419453, 0.27684046145873387]]
0.5834, [[0.37934496294633674, 0.8414723527989979], [1.0, 0.0], [0.9976044557126774, 0.0], [0.3731689821135019, 0.985457923950108], [0.37555675576733866, 0.9141105187966707], [0.997821484344393, 0.0], [0.9919833334714563, 0.0], [0.38160359317361675, 0.7506243433898729], [0.3759301127248841, 0.8584876291596534], [0.9946649682896574, 0.0]]
0.5886, [[0.3731689821135019, 0.985457923950108], [0.40017154805855465, 0.27681040513883554], [0.38160359317361675, 0.7506243433898729], [0.9995504522171306, 0.0], [0.37934496294633674, 0.8414723527989979], [0.37365133833064124, 0.9357403409728537], [0.37941174223955626, 0.7907525903578048], [0.37885543209438877, 0.8461806117657212], [0.3769260072258314, 0.9149539371574087], [0.9597532101052901, 0.0]]
0.5871, [[0.3731689821135019, 0.985457923950108], [0.3769260072258314, 0.9149539371574087], [0.3773186805078619, 0.9091635669213187], [0.37885543209438877, 0.8461806117657212], [0.37941174223955626, 0.7907525903578048], [0.46874797565613613, 0.0], [0.3992780300773777, 0.27678761607516006], [0.4719605432651935, 0.0], [0.0, 0.27304489784182284], [0.9974337372796998, 0.0]]
0.5618, [[0.0, 1.0], [0.4014312483624683, 0.276895178638894], [0.37753833471200543, 0.9072173652725619], [0.38160359317361675, 0.7506243433898729], [0.3773186805078619, 0.9091635669213187], [0.9997415019568712, 0.0], [0.0, 0.9902659598601595], [0.39533832772491884, 0.2768074324963641], [0.37696739934972784, 0.841978128188527], [0.9978645673515812, 0.0]]
0.5899, [[0.9990829935211605, 0.0], [0.3974173161344885, 0.27687754478510174], [0.0, 0.9985375235875551], [0.3770173458458961, 0.8555524781388927], [0.37885543209438877, 0.8461806117657212], [0.38160359317361675, 0.7506243433898729], [0.3769260072258314, 0.9149539371574087], [0.4006682535453114, 0.27682932510573566], [0.3731689821135019, 0.985457923950108], [0.9919833334714563, 0.0]]
0.5818, [[0.9944961861716095, 0.0], [0.37696739934972784, 0.841978128188527], [0.37365133833064124, 0.9357403409728537], [0.9951995525698607, 0.0], [0.9943635485989178, 0.0], [0.3731689821135019, 0.985457923950108], [0.37753833471200543, 0.9072173652725619], [0.9997415019568712, 0.0], [0.37934496294633674, 0.8414723527989979], [0.9956883107300588, 0.0]]
0.5892, [[0.4014312483624683, 0.276895178638894], [0.3731689821135019, 0.985457923950108], [0.38160359317361675, 0.7506243433898729], [0.9997415019568712, 0.0], [0.37885543209438877, 0.8461806117657212], [0.37934496294633674, 0.8414723527989979], [0.37365133833064124, 0.9357403409728537], [0.40244507945043734, 0.2766940381985657], [0.37941174223955626, 0.7907525903578048], [0.3769260072258314, 0.9149539371574087]]
0.5181, [[0.5219408393653189, 0.0], [0.9581509095008772, 0.0], [0.46770831756970893, 0.0], [0.3770173458458961, 0.8555524781388927], [0.9966803494124286, 0.0], [0.532830715075703, 0.0], [0.5225166314424191, 0.0], [0.9995504522171306, 0.0], [0.9935156040192412, 0.0], [0.5235828237259477, 0.0]]
0.5897, [[0.0, 1.0], [0.37934496294633674, 0.8414723527989979], [0.3773186805078619, 0.9091635669213187], [0.37753833471200543, 0.9072173652725619], [0.4014312483624683, 0.276895178638894], [0.37941174223955626, 0.7907525903578048], [1.0, 0.0], [0.40244507945043734, 0.2766940381985657], [0.3731689821135019, 0.985457923950108], [0.37555675576733866, 0.9141105187966707]]
0.3147, [[0.0, 0.9426503077387909], [0.3974173161344885, 0.27687754478510174], [0.001177412761607591, 0.6992144111528316], [0.5220575898325651, 0.0], [0.9986407069192778, 0.0], [0.5322759091363103, 0.0], [0.5327817474210523, 0.0], [0.9949699378911017, 0.0], [0.5232371555037086, 0.0], [0.5194386645786578, 0.0]]
0.5590, [[0.5208317099264809, 0.0], [0.0, 1.0], [0.538301825298036, 0.0], [0.5352158981751445, 0.0], [0.37365133833064124, 0.9357403409728537], [0.9585038028968339, 0.0], [0.0, 0.9902659598601595], [0.008746928432287828, 0.2764511158160451], [0.007064476569645628, 0.27693382418629536], [0.9936842247777116, 0.0]]
0.5623, [[0.3769260072258314, 0.9149539371574087], [0.37885543209438877, 0.8461806117657212], [0.9986407069192778, 0.0], [0.38160359317361675, 0.7506243433898729], [0.0, 0.9871169223531451], [0.3974173161344885, 0.27687754478510174], [0.38160359317361675, 0.7506243433898729], [0.40017154805855465, 0.27681040513883554], [0.3769260072258314, 0.9149539371574087], [0.3770173458458961, 0.8555524781388927]]
0.5891, [[0.37885543209438877, 0.8461806117657212], [0.38160359317361675, 0.7506243433898729], [0.3770173458458961, 0.8555524781388927], [0.3731689821135019, 0.985457923950108], [0.9986011738227942, 0.0], [0.3974173161344885, 0.27687754478510174], [0.3769260072258314, 0.9149539371574087], [0.37941174223955626, 0.7907525903578048], [0.4006682535453114, 0.27682932510573566], [0.0, 0.9902659598601595]]
0.5854, [[0.9990829935211605, 0.0], [0.3731689821135019, 0.985457923950108], [0.9986407069192778, 0.0], [0.3769260072258314, 0.9149539371574087], [0.9986011738227942, 0.0], [0.37684625840045766, 0.8794057826405961], [0.9981054772007643, 0.0], [0.3767074568116584, 0.8755177893737314], [0.9979304020591945, 0.0], [0.3976088236943824, 0.276742683394908]]
0.2483, [[0.4014312483624683, 0.276895178638894], [0.0, 0.2705084700346044], [0.0, 0.2733644742389542], [0.0, 0.26767048814757854], [0.0, 0.26971018823450743], [0.0, 0.27040123736605426], [0.0, 0.26718878858723816], [0.0, 0.2697062043915813], [0.0, 0.2703617419799729], [0.9945863861754227, 0.0]]
0.5642, [[0.5306360957554445, 0.0], [0.3987316540419453, 0.27684046145873387], [0.9623330270300989, 0.0], [0.40244507945043734, 0.2766940381985657], [0.9618707318406081, 0.0], [0.532335972909749, 0.0], [0.37934496294633674, 0.8414723527989979], [0.9975950968571835, 0.0], [0.9626478395657697, 0.0], [0.37365133833064124, 0.9357403409728537]]
0.2477, [[0.9986407069192778, 0.0], [0.0, 0.27752149898861567], [0.9984193215789701, 0.0], [0.0, 0.27698941750112843], [0.9981054772007643, 0.0], [0.007743307401546518, 0.2769074050803257], [0.9979420199487734, 0.0], [0.0, 0.27688358449656464], [0.9963290696122464, 0.0], [0.3974173161344885, 0.27687754478510174]]
0.5698, [[0.37365133833064124, 0.9357403409728537], [0.9997415019568712, 0.0], [0.4014312483624683, 0.276895178638894], [0.0, 0.9902659598601595], [0.37941174223955626, 0.7907525903578048], [0.3773186805078619, 0.9091635669213187], [0.37934496294633674, 0.8414723527989979], [0.3987316540419453, 0.27684046145873387], [0.9971156975524793, 0.0], [0.3754554830375388, 0.8757757761664313]]
0.5322, [[0.9944159904616001, 0.0], [0.3759301127248841, 0.8584876291596534], [0.9934336333538796, 0.0], [0.0, 1.0], [0.0, 0.26646777278122336], [0.9575913144861637, 0.0], [0.006733063630981843, 0.27683043073271035], [0.9946649682896574, 0.0], [0.9585038028968339, 0.0], [5.1822939118284324e-05, 0.7715728158314978]]
0.5521, [[0.3773186805078619, 0.9091635669213187], [1.0, 0.0], [0.9997415019568712, 0.0], [0.37753833471200543, 0.9072173652725619], [0.9976412456963437, 0.0], [0.37934496294633674, 0.8414723527989979], [0.9976044557126774, 0.0], [0.4014312483624683, 0.276895178638894], [0.9972375240334795, 0.0], [0.40244507945043734, 0.2766940381985657]]
0.5857, [[0.3976088236943824, 0.276742683394908], [0.3974173161344885, 0.27687754478510174], [0.0, 0.9426503077387909], [0.9986407069192778, 0.0], [0.3990754846177781, 0.2767293764272221], [0.3769260072258314, 0.9149539371574087], [0.39771230400412344, 0.2765846600160484], [0.37684625840045766, 0.8794057826405961], [0.0, 0.8814652669515306], [0.3731689821135019, 0.985457923950108]]
0.4955, [[0.9584189277590776, 0.0], [0.4712043186478039, 0.0], [0.37941174223955626, 0.7907525903578048], [0.46770831756970893, 0.0], [0.40244507945043734, 0.2766940381985657], [1.0, 0.0], [0.3974173161344885, 0.27687754478510174], [0.9966043490514338, 0.0], [0.9997415019568712, 0.0], [0.3990754846177781, 0.2767293764272221]]
0.5866, [[0.9986011738227942, 0.0], [0.3773186805078619, 0.9091635669213187], [0.46490341171611843, 0.0], [0.37365133833064124, 0.9357403409728537], [0.4006682535453114, 0.27682932510573566], [0.4653402610883967, 0.0], [0.3731689821135019, 0.985457923950108], [0.46859817805250015, 0.0], [0.4014312483624683, 0.276895178638894], [0.3770173458458961, 0.8555524781388927]]
0.1825, [[0.010561835091398453, 0.2761747915461643], [0.9942159045855203, 0.0], [0.00524598259313064, 0.2768804660308598], [0.5301444894491478, 0.0], [0.0012229440978936267, 0.5863567656782782], [0.5298856604174225, 0.0], [0.0011710659692768025, 0.6242019949069878], [0.5290339126904677, 0.0], [0.0, 0.697738980275366], [0.5279047619938169, 0.0]]
0.5892, [[0.3731689821135019, 0.985457923950108], [0.3773186805078619, 0.9091635669213187], [0.4016837403182363, 0.2766934620772664], [0.38160359317361675, 0.7506243433898729], [0.4014312483624683, 0.276895178638894], [0.37934496294633674, 0.8414723527989979], [0.3769260072258314, 0.9149539371574087], [0.37753833471200543, 0.9072173652725619], [0.0, 0.9871169223531451], [1.0, 0.0]]
0.5576, [[0.40244507945043734, 0.2766940381985657], [0.38160359317361675, 0.7506243433898729], [0.9995504522171306, 0.0], [0.4014312483624683, 0.276895178638894], [0.0, 0.953613092666926], [0.37934496294633674, 0.8414723527989979], [0.37753833471200543, 0.9072173652725619], [0.3773186805078619, 0.9091635669213187], [0.37885543209438877, 0.8461806117657212], [0.9986407069192778, 0.0]]
0.5634, [[0.0, 0.9871169223531451], [1.0, 0.0], [0.37365133833064124, 0.9357403409728537], [0.37555675576733866, 0.9141105187966707], [0.3773186805078619, 0.9091635669213187], [0.37934496294633674, 0.8414723527989979], [0.9997415019568712, 0.0], [0.0, 0.8786533211618961], [0.9978645673515812, 0.0], [0.0013054523981937593, 0.8015577166904053]]
0.2546, [[1.0, 0.0], [0.0, 0.3344448766578191], [0.4016837403182363, 0.2766934620772664], [0.9976044557126774, 0.0], [0.008077203867644111, 0.27686223454086495], [0.9969564356495031, 0.0], [0.0, 0.2766426068222471], [0.9969052846634407, 0.0], [0.0, 0.27600857935605744], [0.9967681290225797, 0.0]]
0.5478, [[0.9975950968571835, 0.0], [0.9959008212936049, 0.0], [0.9618707318406081, 0.0], [0.9976044557126774, 0.0], [0.9593109235034074, 0.0], [0.9618915472261036, 0.0], [0.37555675576733866, 0.9141105187966707], [1.0, 0.0], [0.37941174223955626, 0.7907525903578048], [0.9951605035521098, 0.0]]
0.5586, [[0.9587895707085574, 0.0], [0.9569226403970714, 0.0], [0.9927739954011263, 0.0], [0.9940534154909944, 0.0], [0.9582010923294746, 0.0], [0.9626478395657697, 0.0], [0.9618555640403249, 0.0], [0.9626772070088716, 0.0], [0.39533832772491884, 0.2768074324963641], [0.37365133833064124, 0.9357403409728537]]
0.5645, [[0.3773186805078619, 0.9091635669213187], [0.40244507945043734, 0.2766940381985657], [0.9981054772007643, 0.0], [0.3987316540419453, 0.27684046145873387], [0.37753833471200543, 0.9072173652725619], [0.37934496294633674, 0.8414723527989979], [0.3759301127248841, 0.8584876291596534], [0.37365133833064124, 0.9357403409728537], [0.37941174223955626, 0.7907525903578048], [0.0, 0.9202873179679754]]
0.4660, [[0.37885543209438877, 0.8461806117657212], [0.5082118045650861, 0.0], [0.0, 0.697738980275366], [0.28169569967237884, 0.0], [0.0, 0.31919008753315503], [0.2798926587554519, 0.0], [0.0, 0.3004400198939009], [0.2777079824562001, 0.0], [0.0, 0.2825952957559664], [0.2768735172384487, 0.0]]
0.5831, [[0.3731689821135019, 0.985457923950108], [0.9596867299593668, 0.0], [0.9984193215789701, 0.0], [0.3759301127248841, 0.8584876291596534], [0.38160359317361675, 0.7506243433898729], [0.9585038028968339, 0.0], [0.37885543209438877, 0.8461806117657212], [0.9949699378911017, 0.0], [0.3770173458458961, 0.8555524781388927], [0.9986407069192778, 0.0]]
0.5887, [[0.38160359317361675, 0.7506243433898729], [0.37885543209438877, 0.8461806117657212], [0.4006682535453114, 0.27682932510573566], [0.3731689821135019, 0.985457923950108], [0.3974173161344885, 0.27687754478510174], [1.0, 0.0], [0.37365133833064124, 0.9357403409728537], [0.3769260072258314, 0.9149539371574087], [0.3773186805078619, 0.9091635669213187], [0.9997415019568712, 0.0]]
0.5152, [[0.37885543209438877, 0.8461806117657212], [0.5332200441131726, 0.0], [0.9969564356495031, 0.0], [0.996447346182542, 0.0], [0.9940864942043786, 0.0], [0.9936877746884163, 0.0], [0.5327689627624489, 0.0], [0.5290339126904677, 0.0], [1.0, 0.0], [0.9951995525698607, 0.0]]
0.5901, [[0.3769260072258314, 0.9149539371574087], [0.38160359317361675, 0.7506243433898729], [0.4006682535453114, 0.27682932510573566], [0.0, 1.0], [0.3770173458458961, 0.8555524781388927], [0.37885543209438877, 0.8461806117657212], [0.3731689821135019, 0.985457923950108], [0.9995504522171306, 0.0], [0.3992780300773777, 0.27678761607516006], [0.9979304020591945, 0.0]]
0.0656, [[0.2798926587554519, 0.0], [0.0, 0.2756840067202728], [0.277342076080956, 0.0], [0.0, 0.27531683338069846], [0.27697920512813096, 0.0], [0.0, 0.271890871896889], [0.2768575122838755, 0.0], [0.0, 0.27128638917400827], [0.13510714857824901, 0.0], [0.0, 0.27105595021648643]]
0.5795, [[0.47093752935694816, 0.0], [0.3769260072258314, 0.9149539371574087], [0.4674198184812248, 0.0], [0.3731689821135019, 0.985457923950108], [0.9981054772007643, 0.0], [0.9938183145866004, 0.0], [0.9951656670585891, 0.0], [0.5138811976057587, 0.0], [0.5200105971361797, 0.0], [0.9632008188378062, 0.0]]
0.5565, [[0.37365133833064124, 0.9357403409728537], [0.9584900873327478, 0.0], [0.3754554830375388, 0.8757757761664313], [0.9582322347279291, 0.0], [0.9626772070088716, 0.0], [0.37753833471200543, 0.9072173652725619], [0.3773186805078619, 0.9091635669213187], [0.9974337372796998, 0.0], [0.9582010923294746, 0.0], [0.37555675576733866, 0.9141105187966707]]
0.3170, [[0.001177412761607591, 0.6992144111528316], [0.0, 0.8786533211618961], [0.40244507945043734, 0.2766940381985657], [0.0, 0.953613092666926], [0.0, 0.8814652669515306], [0.9975950968571835, 0.0], [0.0, 0.9426503077387909], [0.4016837403182363, 0.2766934620772664], [0.9592536408534007, 0.0], [0.5108809035735122, 0.0]]
