0.8319, [[0.0, 0.95674497433704], [0.6704746634370127, 0.6026906987951827], [0.4506510256689131, 0.8633064096385583], [0.9243816150642273, 0.30670791145157006], [0.5088537417459131, 0.7299736867469919], [0.9615113174346286, 0.2892155554401465], [0.9201817754008151, 0.35680798987275825], [0.6490197234059463, 0.3764221867047514], [0.5159871352089008, 0.5904584166666696], [0.0, 0.7698647228915567]]
0.6908, [[0.9335045081991572, 0.408249799013244], [0.0, 0.8701815421686778], [0.484313260875643, 0.5508574448195304], [0.9438256673494781, 0.0], [0.9409588099990456, 0.24258931316541102], [0.5683611516527903, 0.43138768865229665], [0.4474273807198558, 0.6525103614457737], [0.791381331084537, 0.27536566839782056], [0.48368073589718075, 0.5310790142820041], [0.9254215303438567, 0.1138110251882642]]
0.6449, [[0.5106709488016836, 0.4253799610490796], [0.8745812669844724, 0.33511887613606794], [0.4864072906278699, 0.648354746987942], [0.9701686121375426, 0.2654544575434934], [0.4830720236237899, 0.49125673980784273], [0.0, 0.588381124999999], [0.31844926792994027, 0.5227001625551834], [0.9502022387686597, 0.0], [0.9249842932376489, 0.20485808569202668], [0.5902261861086928, 0.1890447260451801]]
0.5929, [[0.47204971776380933, 0.487624535445341], [0.9335872287327641, 0.30962012698000757], [0.0, 0.8427907469879529], [0.8745812669844724, 0.33511887613606794], [0.0, 0.7261759036144564], [0.7620357455089856, 0.3584283313425101], [0.44101878646748255, 0.5197439558556232], [0.480034415433104, 0.4861977551285374], [0.6231937769443087, 0.31656779927291806], [0.46758632385696597, 0.4459135733575693]]
0.8298, [[0.0, 0.953370168674702], [0.5109209822049346, 0.757436048192766], [0.40089115826722044, 0.8440741686746971], [0.6811871299979786, 0.5381454627369526], [0.9389924247430191, 0.4546883456245153], [0.4642078963249438, 0.5550204759802649], [0.5028990771839658, 0.4009384663723732], [0.7452518809998341, 0.30996032537003165], [0.6441385995200903, 0.3952885336276324], [0.502388592318995, 0.4447639374188529]]
0.7717, [[0.4777513723343718, 0.77104318072289], [0.5062149963651751, 0.6120372530120471], [0.5136460486415569, 0.4587457979745522], [0.0, 0.957309097519247], [0.0, 0.9565529640718561], [0.9448372213032994, 0.39323707868086116], [0.7003915518439681, 0.4367472796676202], [0.9562762893792219, 0.30111516722929244], [0.0, 0.7251071807228933], [0.48335777608464825, 0.5697838333333358]]
0.7538, [[0.4922518214288616, 0.6469377349397504], [0.5093210660829418, 0.5094104297585055], [0.0, 0.8308916626505929], [0.9754934510580082, 0.31227132822643255], [0.4935704499721971, 0.5391352640872529], [0.9209853462987105, 0.4736016164632584], [0.0, 0.9683640761334472], [0.461959083989752, 0.6597051566265022], [0.6462290808564508, 0.49688614333939196], [0.9866772672016579, 0.0]]
0.8756, [[0.0, 0.9625978143712572], [0.0, 0.9623259238665527], [0.43377972412573995, 0.9580362061591101], [0.9474819149349022, 0.45170427784991224], [0.0, 0.9760737596236099], [0.5001501980422719, 0.5058060864710465], [0.44853169491754774, 0.9575070615911037], [0.4759192823379316, 0.9046335421686669], [0.4935704499721971, 0.5391352640872529], [0.4932489784537316, 0.7610048192771106]]
0.7703, [[0.4335401087809578, 0.7607280963855311], [0.0, 0.9196004337349434], [0.4746750684979446, 0.6333926265060248], [0.6118111560793417, 0.5008306850168801], [0.48701004972499284, 0.5940918333333327], [0.9389924247430191, 0.4546883456245153], [0.44868647750051255, 0.45163975746559265], [0.7221265563602888, 0.14457405115554117], [0.0, 0.8373898795180643], [0.5119077211713358, 0.41579428486107406]]
1.0212, [[0.7082933712493491, 0.9581360564585113], [0.9787597304135711, 0.31638596909893796], [0.9201415968559205, 0.5404212726564545], [0.9547920466619327, 0.4664603830173996], [0.9426841239857033, 0.49442703687354295], [0.5687012299563132, 0.543131128797715], [0.9448372213032994, 0.39323707868086116], [0.4477815947077948, 0.6217941204819217], [0.8916017111517273, 0.4515942999220976], [0.9593464028979458, 0.25397569462477104]]
0.8280, [[0.32161652699373994, 0.8307819277108397], [0.973716141307369, 0.45449918358867875], [0.46610398296626376, 0.8092547951807274], [0.670514672649192, 0.55403067462997], [0.9788400875033607, 0.36366181433393924], [0.4570700379797552, 0.4739594113217346], [0.0, 0.6350577349397594], [0.7508731753110043, 0.3164431576213959], [0.5683611516527903, 0.43138768865229665], [0.45745252955496646, 0.4651553116073735]]
0.7620, [[0.9195814606712112, 0.4682610882887593], [0.7789330454484873, 0.5410136870942622], [0.5167461651830556, 0.5920981250000027], [0.9420010887224922, 0.024963523240715758], [0.0, 0.8994473734939763], [0.9341804531309162, 0.305430701116592], [0.4633610570008378, 0.6826970120481949], [0.925305721596807, 0.4533451485328506], [0.4449017456882076, 0.6947869397590246], [0.9549338532909731, 0.0]]
0.8083, [[0.0, 0.9592195252352438], [0.9649595819641268, 0.2625847668138167], [0.6879286822501646, 0.31132698441963264], [0.0, 0.9674693926432846], [0.48952675499223935, 0.9267904578313296], [0.5132546273019437, 0.5523663419890954], [0.651710342924994, 0.334796274214491], [0.9474559170529113, 0.29173771591794284], [0.5058890599645087, 0.5742112916666695], [0.0, 0.9626522668947817]]
0.7535, [[0.33540341938912965, 0.7284851084337343], [0.49776297435885186, 0.5676500000000014], [0.0, 0.895458746987954], [0.0, 0.9619287553464498], [0.9809530062760621, 0.3683600714100237], [0.6746956353219121, 0.5648622500000008], [0.663893148033543, 0.3586189597507138], [0.6567715082656556, 0.38682903142041225], [0.9598899949759339, 0.0], [0.0, 0.9583651539777587]]
0.7943, [[0.6410178809701174, 0.5448189233965206], [0.9335895921765814, 0.47630707348740714], [0.9668692445685368, 0.0], [0.0, 0.8212445301204715], [0.49143028310389403, 0.6370663614457803], [0.9371583923407638, 0.4756721342508437], [0.484115317764736, 0.6993958072289127], [0.9547920466619327, 0.4664603830173996], [0.4654788994581363, 0.76693527710843], [0.9164900761581312, 0.461665345364841]]
0.7101, [[0.9205859242935803, 0.42510721578810934], [0.0, 0.9612098331907613], [0.5174903122165406, 0.5332155188262813], [0.920730094366438, 0.31094132848610834], [0.0, 0.866908578313248], [0.5151388075907279, 0.6290986506024034], [0.9616365799569475, 0.04687405920540235], [0.0, 0.8584876144578314], [0.9555672562340201, 0.3107785611529475], [0.9376688962053091, 0.23091552272137322]]
0.8023, [[0.0, 0.8093836144578326], [0.45760433554979746, 0.7812008192771072], [0.46777533720347125, 0.5983570416666656], [0.9846470689625636, 0.34281293196572366], [0.7644663051488682, 0.5858293749999963], [0.9337597601314298, 0.23466650324590785], [0.5174903122165406, 0.5332155188262813], [0.5709417458383454, 0.4478169246948873], [0.6285750159824032, 0.39503778395222083], [0.9301815061919781, 0.1048646873539339]]
0.8364, [[0.0, 0.9631960479041917], [0.48890613636631275, 0.7976467469879398], [0.9509514504587563, 0.3302475871202269], [0.4427690202902394, 0.9159219277108456], [0.5036447125115178, 0.6519760000000007], [0.963520244679367, 0.27269833705531044], [0.45214676120621805, 0.8291025060240953], [0.0, 0.9609870615911036], [0.6154719989937333, 0.49234332173461715], [0.6967207066265317, 0.48073845079200545]]
0.7895, [[0.6804669641787542, 0.44758817060503975], [0.9773109393535422, 0.0], [0.4483962601574534, 0.9245528192771009], [0.0, 0.9653846920444822], [0.5696714533516571, 0.5921546666666663], [0.9679469749492435, 0.14277481225655375], [0.5081229893590309, 0.6366989879517997], [0.0, 0.9603358639863131], [0.6599322360278079, 0.480487701116594], [0.4931090788114364, 0.6951972530120517]]
0.7411, [[0.0, 0.9366284337349378], [0.50537262192327, 0.5360500166190639], [0.895372907604473, 0.17233981199688503], [0.45539124227221284, 0.7823649638554135], [0.9648886786496066, 0.0], [0.7648663972706596, 0.5055802651259437], [0.919831985715849, 0.1722107712282511], [0.604839550857126, 0.4955312152687643], [0.9623550668774187, 0.0], [0.0, 0.5192820485588164]]
0.7700, [[0.4052694281495366, 0.7860959518072254], [0.7631259965408674, 0.5501301241236045], [0.9448372213032994, 0.39323707868086116], [0.4755353024686533, 0.5486476216567153], [0.6967207066265317, 0.48073845079200545], [0.921928360381829, 0.0], [0.7249372035158734, 0.3165575346663223], [0.917771062707129, 0.13358652298104068], [0.4904301494908902, 0.45860355985458306], [0.43731144594666005, 0.4736514731238652]]
0.6496, [[0.0, 0.9683173139435413], [0.5816542123993114, 0.17641192807062955], [0.0, 0.9746159452523526], [0.478441940781446, 0.932701831325297], [0.5458259628928874, 0.43291418229031386], [0.0, 0.9778214499572283], [0.0, 0.9631097177074421], [0.0, 0.9627476518391788], [0.5563183787868676, 0.3555674388470517], [0.499202154721612, 0.3025126200986757]]
0.8367, [[0.46531369881670265, 0.8137586987951706], [0.9371583923407638, 0.4756721342508437], [0.9724635160841792, 0.4544859862373435], [0.9173740041458162, 0.5331700612827862], [0.4995176730638097, 0.6206156626506054], [0.4793617065148335, 0.48344977330563826], [0.4847493310372653, 0.4261307437029364], [0.9517266600308436, 0.0], [0.47604281074549015, 0.5771219583333321], [0.5151388075907279, 0.40674383458841845]]
0.6692, [[0.48027700736602014, 0.7228647710843392], [0.0, 0.9621206415739946], [0.5127992093174509, 0.4510488094001572], [0.7891453119488397, 0.0], [0.9520031829574723, 0.0], [0.9479356961478314, 0.0], [0.7964540909147791, 0.0], [0.46733033727744716, 0.84021436144578], [0.438807181483965, 0.9566984602224123], [0.5428152696764063, 0.0]]
1.0224, [[0.0, 0.9602275791274592], [0.0, 0.9586757442258338], [0.7082933712493491, 0.9581360564585113], [0.9993855046074918, 0.2488184629966244], [0.9409469927799589, 0.29384342664243257], [0.9201415968559205, 0.5404212726564545], [0.9334737834295317, 0.49007337730459943], [0.9458393214818513, 0.265372340690732], [0.9688309029369285, 0.14490398493897458], [0.6410178809701174, 0.5448189233965206]]
0.8737, [[0.0, 0.9637863430282293], [0.47608001809716444, 0.89677556626506], [0.9377445264074641, 0.31590499896130664], [0.9369504092848379, 0.5153902962866796], [0.0, 0.9188084337349429], [0.9652337414469381, 0.14131723811996788], [0.9533007136131917, 0.23868436354193903], [0.9723169825675041, 0.0], [0.4646350367221643, 0.4670381337314998], [0.9220252615783399, 0.3303091747598018]]
0.6478, [[0.0, 0.9329022168674683], [0.0, 0.5513677424045716], [0.0, 0.9695228357570571], [0.9547920466619327, 0.4664603830173996], [0.0, 0.9628155004277161], [0.5712218103235991, 0.4638956977408477], [0.0, 0.9694280710008553], [0.0, 0.5217968771747615], [0.828959801932243, 0.0], [0.7731683087978322, 0.18953449441703496]]
0.8055, [[0.9220087174716186, 0.28221802648662925], [0.47895837882268455, 0.6677635180722803], [0.0, 0.9628838451668091], [0.44853169491754774, 0.9575070615911037], [0.5049916186421257, 0.5610296699558596], [0.677256224901378, 0.4023520493378363], [0.9411100704033551, 0.0], [0.692029626498527, 0.32536603349779514], [0.5157311486293821, 0.4682948148532862], [0.45656997117325326, 0.783529108433737]]
0.7674, [[0.5172060480497493, 0.580558708333336], [0.0, 0.9704489007698887], [0.9212335078995312, 0.1705391067255253], [0.965094298261715, 0.0], [0.48002995055090303, 0.8952249638554209], [0.4823874083529837, 0.7481992289156546], [0.7576247298662351, 0.3466958860036368], [0.7640562107240321, 0.3100952316281496], [0.5142041589166707, 0.40800931394442835], [0.5945471810240408, 0.3160604344326163]]
0.7603, [[0.2777406734922057, 0.8319937831325348], [0.9701686121375426, 0.2654544575434934], [0.9509467235711216, 0.30814495637496947], [0.9334737834295317, 0.49007337730459943], [0.4365925999123134, 0.5349795647883695], [0.4913275908132732, 0.46737100025967265], [0.5709417458383454, 0.4478169246948873], [0.0, 0.5947236250000025], [0.9293164857548318, 0.22884500493378268], [0.6747456468371361, 0.39476943780836243]]
0.6123, [[0.0, 0.9685443028229256], [0.0, 0.833668433734937], [0.0, 0.9782806372968349], [0.6809470747249036, 0.0800243393923628], [0.5088537417459131, 0.7299736867469919], [0.6167622960865109, 0.5543958013503026], [0.15095715626165532, 0.5020639041807353], [0.0, 0.7129218313253032], [0.0, 0.588061541666669], [0.4926194300634032, 0.28536192884964845]]
0.6830, [[0.0, 0.9572233875106927], [0.9337644870190646, 0.35584458322513896], [0.6599322360278079, 0.480487701116594], [0.5168801116490829, 0.6001572530120393], [0.0, 0.7876036144578351], [0.9465081760821583, 0.0], [0.6394675239981755, 0.5296815614126208], [0.0, 0.9589496193327631], [0.7382002573532598, 0.1836719376785265], [0.5609694497026931, 0.5202527870682973]]
0.8962, [[0.0, 0.9573743413173651], [0.46321669247634173, 0.8689410602409631], [0.7239869847266188, 0.5147406933264087], [0.6111109948662067, 0.6309880000000035], [0.6974608770518461, 0.5400180202544831], [0.484115317764736, 0.6993958072289127], [0.9631586377753141, 0.5006195273954848], [1.0, 0.35911166086730806], [0.9267852374264614, 0.4713258065437566], [0.46839595582939775, 0.4724725097377336]]
0.8369, [[0.9949280495679897, 0.24901788963905677], [0.5194398874607412, 0.46289709815632396], [0.43626815180571404, 0.8676099277108473], [0.9724635160841792, 0.4544859862373435], [0.49370290814415746, 0.6732598072289123], [0.9745764348568804, 0.2829497462996616], [0.5253312439541205, 0.40929972163074685], [0.5033723546972623, 0.4437052165671266], [0.923878201531134, 0.38864293404310724], [0.4804139304201813, 0.5796909166666683]]
0.7398, [[0.5167461651830556, 0.5920981250000027], [0.6589320057233292, 0.33352199662425236], [0.4687189156419302, 0.7501172048192745], [0.0, 0.9625474550898203], [0.919274212974957, 0.0], [0.6235638621569655, 0.4186317153985962], [0.46624834749075983, 0.8623712771084258], [0.4404815123093064, 0.961256843455945], [0.6573316372361635, 0.3893511918982085], [0.9160812003777314, 0.028289255777720363]]
0.8263, [[0.9177356110498689, 0.5056917094261254], [0.44825487222109117, 0.7867209638554165], [0.9725273290672473, 0.4983305201246426], [0.9814516929215207, 0.0], [0.0, 0.9595937467921299], [0.5937569990835025, 0.5388859807842138], [0.9603910450652097, 0.3328665281745025], [0.9610339017835259, 0.0], [0.5881457070753777, 0.34596709893534394], [0.0, 0.5451165969877995]]
0.9078, [[0.882090286470026, 0.5184975393404326], [0.4430517961629637, 0.9567298417450814], [0.9701662486937253, 0.4306750316800836], [0.0, 0.9638053207869975], [0.0, 0.9731205474764756], [0.5032800804651101, 0.7178885301204705], [0.5181079542543332, 0.6537508433734884], [0.0, 0.9675778015397773], [0.0, 0.9577257399486738], [0.9651652015762352, 0.2939196780057151]]
0.7580, [[0.0, 0.9603305303678356], [0.4964502989917843, 0.6311979277108424], [0.9465979869472173, 0.5008805416774869], [0.963666778196042, 0.20705177875876188], [0.4406809437142804, 0.6611698795180655], [0.5171628875218073, 0.4109171303557541], [0.9179506844372469, 0.3568270527135828], [0.9236394937055827, 0.07518677694105379], [0.0, 0.5860874999999997], [0.0, 0.4628487078680895]]
0.8533, [[0.4662602538432956, 0.799731710843369], [0.48622720704576655, 0.6838468433734916], [0.5139913328650939, 0.6451438072289105], [0.5435654424047652, 0.5337888704232697], [0.963394982157048, 0.5100424362503242], [0.4864072906278699, 0.648354746987942], [0.0, 0.961734760479042], [0.4388771313051126, 0.8365072289156626], [0.0, 0.957561886227545], [0.44811794916693, 0.8338401927710886]]
0.8286, [[0.963394982157048, 0.5100424362503242], [0.0, 0.8941562409638578], [0.0, 0.9677555474764756], [0.6640331802761702, 0.5571173884705313], [0.5109209822049346, 0.757436048192766], [0.0, 0.965455765611634], [0.0, 0.9724486355859707], [0.0, 0.96228747219846], [0.6118111560793417, 0.5008306850168801], [0.0, 0.9159887228915693]]
0.7948, [[0.936163382493664, 0.3374166816411337], [0.48684931396576014, 0.7348974457831298], [0.4954769546719858, 0.46543392235782777], [0.9737515929646292, 0.0], [0.4752599680662638, 0.91473869879517], [0.949493205623458, 0.0], [0.7640562107240321, 0.3100952316281496], [0.47102874803386785, 0.5349209098935339], [0.93327998103651, 0.0], [0.46777533720347125, 0.5983570416666656]]
0.8904, [[0.5445056588909752, 0.5473234874058699], [0.48890613636631275, 0.7976467469879398], [0.742911342087354, 0.4635305710205151], [0.5165154796026752, 0.5589943451051683], [0.9897615613832857, 0.30014002960269975], [0.49975580011452486, 0.6737464578313137], [0.48444720734167035, 0.8147844819277043], [0.2973031559451197, 0.9585700641573994], [0.9879157117619438, 0.46047905011685303], [0.6722650756820295, 0.5197512877174796]]
0.8230, [[0.6107509119565945, 0.5481299922098176], [0.0, 0.9565590419161676], [0.0, 0.9678374123182207], [0.9374349152673924, 0.46074592988834434], [0.9616365799569475, 0.04687405920540235], [0.4868954510818362, 0.6131298313253045], [0.5122321692779354, 0.5574707842118958], [0.4598650542375251, 0.829221783132533], [0.4817861375499277, 0.71679595180723], [0.4939678244880781, 0.5733730000000058]]
0.8864, [[0.0, 0.9598357442258337], [0.45812970335543785, 0.6581068433734913], [0.9264496284043993, 0.2793424702674633], [0.0, 0.9631097177074421], [0.0, 0.9593677502138579], [0.44775778200272326, 0.9593140419161674], [0.8276582385547465, 0.5551568486107501], [0.9979792555361748, 0.15554691560633407], [0.4487757751445307, 0.7007221686747033], [0.47683160660098434, 0.5451972474681938]]
0.8749, [[0.43530671383845126, 0.8552909879518097], [0.49326386139440126, 0.6973919518072171], [0.434174122053487, 0.8646041445783124], [1.0, 0.35911166086730806], [0.7953527680568969, 0.5252179239158679], [0.934331713535226, 0.4742130937418855], [0.0, 0.9225012530120504], [0.9879157117619438, 0.46047905011685303], [0.438953034302528, 0.7458566265060149], [0.5093642266108839, 0.6538510361445741]]
0.8052, [[0.4626690002596967, 0.809159373493967], [0.6662636938551578, 0.36074519968839525], [0.5301723586277971, 0.5766327500000025], [0.0, 0.9612995124037639], [0.0, 0.966250226689478], [1.0, 0.35911166086730806], [0.0, 0.9576590076988878], [0.5409248344009423, 0.5733902083333394], [0.6154719989937333, 0.49234332173461715], [0.5181079542543332, 0.6537508433734884]]
0.5564, [[0.0, 0.812823566265055], [0.4771575430016507, 0.496202813814594], [0.4915151158657114, 0.4798674256037381], [0.5677009996518346, 0.42892564944170297], [0.0, 0.706533349397585], [0.3052213036046325, 0.5642791511295765], [0.7685172378820067, 0.34814026278888743], [0.468181641483754, 0.5292636452869419], [0.0, 0.5818272083333298], [0.0, 0.9715750384944396]]
0.6528, [[0.4525619952509027, 0.36974579330044405], [0.439250693115922, 0.9402783132530159], [0.6311956193801376, 0.18264694339132703], [0.9648886786496066, 0.0], [0.8016937178446978, 0.0], [0.5146461822545608, 0.18446964424824552], [0.7981227619115688, 0.0], [0.44799888564157236, 0.5570000786808654], [0.47765760980815275, 0.16670014385874], [0.4390393553584123, 0.3005682103349796]]
0.6427, [[0.7736084101318029, 0.042562924435209266], [0.4469883339700996, 0.7690488674698789], [0.700151496570893, 0.3465815089587104], [0.951171250733769, 0.0], [0.4999775559305034, 0.6694095421686628], [0.5445056588909752, 0.5473234874058699], [0.9341568186927428, 0.0], [0.9157479547994866, 0.0], [0.488446253499619, 0.46355843209556313], [0.6442286202474936, 0.3048382866787842]]
0.7273, [[0.47895837882268455, 0.6677635180722803], [0.0, 0.9577605945252351], [0.7239869847266188, 0.5147406933264087], [0.0, 0.9626522668947817], [0.0, 0.9814289606501284], [0.0, 0.9716092728828056], [0.45720249615171554, 0.8882639518072255], [0.0, 0.9545915662650647], [0.6214033646992918, 0.13738296104907557], [0.5114582563631109, 0.16667228278369198]]
0.6757, [[0.0, 0.8352381204819282], [0.811705743825436, 0.13930537522721284], [0.0, 0.9767430667236956], [0.9591076950723944, 0.0], [0.47038729329100376, 0.7035418795180768], [0.959535478403333, 0.0], [0.0, 0.9593145380667235], [0.5037027559801297, 0.6190412048192719], [0.742911342087354, 0.4635305710205151], [0.0, 0.9720443969204446]]
0.4024, [[0.7108539608288142, 0.2947085863412106], [0.0, 0.41074263204362516], [0.0, 0.4467230109062617], [0.9301815061919781, 0.1048646873539339], [0.811372009626078, 0.27046211918981966], [0.2437392158954744, 0.3174080306413928], [0.8115722501456923, 0.15404241755388084], [0.5046984247109325, 0.2585815702414931], [0.0, 0.29475697662944506], [0.7106039032526945, 0.2085533440664757]]
0.7801, [[0.96001762094207, 0.4633736691768383], [0.0, 0.9645305688622755], [0.9355796118707811, 0.47241825396000986], [0.6934099443187076, 0.5928872500000015], [0.8549576960622245, 0.5154416193196588], [0.5136743262288294, 0.6577251566265009], [0.965094298261715, 0.0], [0.0, 0.9329022168674683], [0.6599822475430318, 0.552386871202287], [0.7249372035158734, 0.3165575346663223]]
0.8112, [[0.518429654853218, 0.6236309879518079], [0.0, 0.9701993370402051], [0.48444720734167035, 0.8147844819277043], [0.9552009224423326, 0.2826872656452872], [0.0, 0.9592015397775877], [0.627274716586581, 0.47913717216307805], [0.0, 0.9646438152266896], [0.9434097012376265, 0.434266177616202], [0.4724113732220831, 0.6577537831325205], [0.0, 0.8406151325301225]]
0.8747, [[0.0, 0.9717859024807526], [0.6365468515090982, 0.5437528706829431], [0.4918246810316411, 0.8717846265060141], [0.9195814606712112, 0.4682610882887593], [0.0, 0.9593228485885372], [0.0, 0.9642047219846022], [0.9953676501180149, 0.3540849363801625], [0.5159871352089008, 0.5904584166666696], [0.9754934510580082, 0.31227132822643255], [0.43501054331912425, 0.5910041666666629]]
0.7550, [[0.5301323494156178, 0.20423927655154314], [0.0, 0.9625474550898203], [0.0, 0.9616465697177072], [0.5246110781348954, 0.2584393321215291], [0.4882155679192386, 0.5529001015320729], [0.9636904126342154, 0.18745811113996555], [0.0, 0.9565953849443967], [0.4432571807442056, 0.9565124037639008], [0.4859488960552432, 0.5775128333333321], [0.479138462404788, 0.8743228433734828]]
0.8646, [[0.49513315874251573, 0.9569493883661246], [0.9264496284043993, 0.2793424702674633], [0.504475180600887, 0.47688629057387966], [0.9222474252971699, 0.38622341963126394], [0.9993855046074918, 0.2488184629966244], [0.4697845341938809, 0.7035418795180768], [0.7442016391801315, 0.36737760192157987], [0.4922964702508707, 0.6644905542168672], [0.7452518809998341, 0.30996032537003165], [0.4025679424774662, 0.8090448674698716]]
0.4725, [[0.6039193389770052, 0.3718471049078168], [0.6409478648488042, 0.06990343728901269], [0.0, 0.9056402409638485], [0.46510980252952766, 0.47582903609452043], [0.9287752571206612, 0.0], [0.4726301524499277, 0.40711189405349574], [0.0, 0.8362448192771099], [0.0, 0.5169226554141809], [0.6243840510066376, 0.16742453180992117], [0.9415898494982752, 0.0]]
0.8561, [[0.0, 0.9627211077844312], [0.6722650756820295, 0.5197512877174796], [0.9215596631463241, 0.5183494357309794], [0.9701662486937253, 0.4306750316800836], [0.0, 0.8561831807228959], [0.0, 0.9603358639863131], [0.9278771484700723, 0.4985108839262556], [0.5739324344487367, 0.5228731944949401], [0.47220747693490817, 0.8364499759036064], [0.5150331387119731, 0.5926438749999959]]
0.7532, [[0.46744493592060377, 0.427484205401197], [0.0, 0.9592630624465353], [0.4025679424774662, 0.8090448674698716], [0.43519360348936154, 0.4666026211373688], [0.0, 0.9583992643284857], [1.0, 0.35911166086730806], [0.0, 0.9682557912745936], [0.0, 0.9727644354148847], [0.5087064006332831, 0.34429836717735757], [0.973215091218093, 0.2802633521163322]]
0.8534, [[0.587925656408392, 0.5108328109581921], [0.0, 0.9576590076988878], [0.9979792555361748, 0.15554691560633407], [0.9360901157353265, 0.44279020020774174], [0.9177356110498689, 0.5056917094261254], [0.9806930274561547, 0.226965115554401], [0.9209853462987105, 0.4736016164632584], [0.4804139304201813, 0.5796909166666683], [0.9972513148404343, 0.21588813866528275], [0.43626815180571404, 0.8676099277108473]]
0.7747, [[0.4366565965571932, 0.756138313253012], [0.7590350545955498, 0.5266740316800866], [0.944298356112946, 0.350957164113218], [0.9144625038077462, 0.4400920750454442], [0.9848952305633842, 0.2905088958712045], [0.0, 0.535107139184631], [0.6713248591958195, 0.5083693053752261], [0.0, 0.5548753051155564], [0.7262775121238749, 0.335107145157105], [0.9848621423499414, 0.16130242716177776]]
0.7337, [[0.0, 0.8701815421686778], [0.0, 0.9646438152266896], [0.9215596631463241, 0.5183494357309794], [0.6365468515090982, 0.5437528706829431], [0.9846470689625636, 0.34281293196572366], [0.9201415968559205, 0.5404212726564545], [0.963394982157048, 0.5100424362503242], [0.0, 0.9636250940975192], [0.622413597306815, 0.5420460132433129], [0.9606486604412997, 0.48097307037133186]]
0.6520, [[0.5168801116490829, 0.6001572530120393], [0.0, 0.9680271899059023], [0.6279848801027607, 0.12512702077382576], [0.482372525412314, 0.637023421686751], [0.9273453736111709, 0.025450358867825925], [0.12021611240707626, 0.95745000427716], [0.0, 0.9614293798118049], [0.206756808591635, 0.9569894525235243], [0.593216874719084, 0.5216722355232445], [0.7359097299560036, 0.08541032511036212]]
0.7615, [[0.520630161523071, 0.4731998304336542], [0.48485499991602016, 0.653903518072288], [0.45431520566179356, 0.9231739759036133], [0.8295938969110211, 0.16449911893014843], [0.0, 0.9600278785286568], [0.6544809808683993, 0.4073259844196304], [0.5040971539078767, 0.5818739166666674], [0.0, 0.9598431864841744], [0.4357011117661983, 0.959207865697177], [0.7414009943275914, 0.33851939366398276]]
0.7574, [[0.0, 0.941132337349398], [0.7979892682318251, 0.3997213773045978], [0.0, 0.9784721514114627], [0.5383542425184318, 0.62846886746987], [0.0, 0.9700945252352439], [0.49332339315708007, 0.8772666024096363], [0.0, 0.9762760650128315], [0.6139916581431053, 0.40978069176837295], [0.0, 0.963281757912746], [0.5800138346999663, 0.5097154352116354]]
0.8314, [[0.47221640669931, 0.8095076626505956], [0.0, 0.9685443028229256], [0.5919165753232618, 0.595173500000002], [0.9724635160841792, 0.4544859862373435], [0.9745764348568804, 0.2829497462996616], [0.519879988794712, 0.5344765990651794], [0.6068700183752171, 0.38746690340171513], [0.9565197240924077, 0.2941542975850414], [0.9196263661037404, 0.3544148701635959], [0.7043524638497032, 0.3434625349259946]]
0.7301, [[0.43709266671881536, 0.6363936385542175], [0.9652337414469381, 0.14131723811996788], [0.9366904304649306, 0.29555468319916933], [0.9540428349718362, 0.26765841521682443], [0.7644663051488682, 0.5858293749999963], [0.9334737834295317, 0.49007337730459943], [0.633026040837333, 0.3687471937159203], [0.6007386066087637, 0.5054130986756711], [0.7286880671576683, 0.20334039028823822], [0.9302500460626808, 0.0]]
0.7615, [[0.0, 0.9672405431993155], [0.0, 0.9642717023096664], [0.5139630552778215, 0.640759180722888], [0.5892659650163935, 0.3765864204102846], [0.9201817754008151, 0.35680798987275825], [0.4949322390434748, 0.7863965301204823], [0.9380777719857089, 0.33894757439626266], [0.5605493529748125, 0.527342697481177], [0.0, 0.6674677108433656], [0.9317508328866914, 0.32099184471566]]
0.7815, [[0.021658462715726152, 0.957754392643285], [0.9374349152673924, 0.46074592988834434], [0.0, 0.9678403892215568], [0.9639763893361134, 0.2986575271358105], [0.45413809866782406, 0.7323306024096414], [0.5151388075907279, 0.6290986506024034], [0.6242440187640111, 0.4015880693326442], [0.0, 0.6674677108433656], [0.5205101338865331, 0.44613499558556563], [0.49046884513663136, 0.547408537003376]]
0.6883, [[0.9408595453587172, 0.128682973773045], [0.7050126158506597, 0.2954139114515725], [0.6007386066087637, 0.5054130986756711], [0.9222734231791605, 0.14827957413658596], [0.4657572104486597, 0.7604227469879489], [0.0, 0.9325730120481918], [0.5117767512934425, 0.5721364583333346], [0.9412376963694915, 0.0], [0.47046766117062006, 0.5502254383277064], [0.5707216951713597, 0.48803951882628044]]
0.8601, [[0.882090286470026, 0.5184975393404326], [0.4668927788217579, 0.7031983614457735], [0.46624834749075983, 0.8623712771084258], [0.6741555109574943, 0.5692085833333385], [0.9550213007122148, 0.15539441287976904], [0.0, 0.9728269503849445], [0.9317768307686822, 0.5092256668397859], [0.4732031456657112, 0.585556500000004], [0.0, 0.9605788537211291], [0.4943711521802271, 0.5591776416515207]]
0.8010, [[0.0, 0.96761377245509], [0.670514672649192, 0.55403067462997], [0.4445266955833311, 0.8169934939758965], [0.9897615613832857, 0.30014002960269975], [0.7209862938131829, 0.5187438898987271], [0.4900565876800807, 0.530298904180732], [0.44342982285597415, 0.6373717108433625], [0.9514099585593202, 0.16571767437029097], [0.543955532223512, 0.5012383365359684], [0.48892250760104944, 0.5467310729680621]]
0.8863, [[0.9173740041458162, 0.5331700612827862], [0.9847652411534306, 0.0], [0.9404435792468655, 0.4581064596208771], [0.4629874951900283, 0.8551478554216777], [0.7644663051488682, 0.5858293749999963], [0.0, 0.9658240333618479], [0.4768122587781137, 0.653173542168669], [0.9334737834295317, 0.49007337730459943], [0.0, 0.965408631308811], [0.973716141307369, 0.45449918358867875]]
0.8031, [[0.4916133432741314, 0.4741412414957148], [0.48742528376967753, 0.6260260722891446], [0.0, 0.9592975449101796], [0.973716141307369, 0.45449918358867875], [0.45539124227221284, 0.7823649638554135], [0.47877680694651426, 0.7283849156626486], [0.5599692193982145, 0.38199440171384264], [0.9479640574736393, 0.2852196907296793], [0.0, 0.6459214939759013], [0.0, 0.4957936959231387]]
0.8237, [[0.0, 0.8942516626506012], [0.5049246454091121, 0.5565323058945746], [0.7968545719540077, 0.5524074004154786], [0.49146153727930053, 0.7456514698795184], [0.0, 0.9590607570573138], [0.9445394273823147, 0.5109515871202301], [0.9522655252211969, 0.0], [0.496365466229967, 0.5922259583333364], [0.48179804390246356, 0.7699219759036129], [0.9517266600308436, 0.0]]
0.7682, [[0.6107509119565945, 0.5481299922098176], [0.0, 0.9666545893926431], [0.45610115854215766, 0.731166457831318], [0.0, 0.9724306501283146], [0.9515281307501872, 0.4325270599844224], [0.5112424537234002, 0.5500993303038171], [0.0, 0.9565457698887938], [0.8880307552185983, 0.3532241757984962], [0.0, 0.9649922369546621], [0.4462575815832173, 0.6100143132530164]]
0.8875, [[0.44775778200272326, 0.9593140419161674], [0.9641441938471447, 0.391912944430021], [0.466188815728081, 0.867285493975896], [0.620023046879111, 0.6811416385542134], [0.24029249279663034, 0.9262036144578256], [0.9474795514910848, 0.36740106387951094], [0.963520244679367, 0.27269833705531044], [0.44864034038443645, 0.7007221686747033], [0.5127634902598436, 0.5471519218384856], [0.48742528376967753, 0.6260260722891446]]
0.8235, [[0.0, 0.9587491745081265], [0.0, 0.8712598072289085], [0.9482547610631721, 0.29083882965463786], [0.7347594651058532, 0.5396998174500127], [0.9335045081991572, 0.408249799013244], [0.5626698412203068, 0.5511917777200755], [0.4431485352773168, 0.8511449156626456], [0.9622439850180038, 0.0], [0.46635996954578257, 0.5436971485328522], [0.7285380326119966, 0.18446231238639435]]
0.5820, [[0.0, 0.9614985928143714], [0.8708434439516644, 0.0], [0.6577717385701343, 0.0], [0.4555192355619724, 0.6857839036144464], [0.6322458611998402, 0.3392291178914564], [0.5124524367998469, 0.382918216307451], [0.47397110540426773, 0.41156086782654105], [0.9661365769851616, 0.0], [0.47088289521530474, 0.6615086265060266], [0.45567848302713815, 0.40971910412879803]]
0.8484, [[0.9315097616173228, 0.2983627862892763], [0.5049365517616478, 0.7296444819277154], [0.43812256621315876, 0.9520724337349311], [0.5150748109458483, 0.5598609711763186], [0.4743178779218718, 0.8565219277108399], [0.6410178809701174, 0.5448189233965206], [0.9244785162607382, 0.36415304907816115], [0.6917895712254518, 0.26785490911451737], [0.579993830093877, 0.5353226959231381], [0.4591610911438482, 0.7972841445783013]]
0.7342, [[0.4650740834719205, 0.6962468915662627], [0.944298356112946, 0.350957164113218], [0.4499306913404996, 0.6988280481927608], [0.9827681311277788, 0.2833456668397817], [0.6704746634370127, 0.6026906987951827], [0.9555672562340201, 0.3107785611529475], [0.9660113144628427, 0.27518090547909574], [0.5092674874965308, 0.4405407849909105], [0.48292021762895904, 0.6017555662650501], [0.511599644299473, 0.41825485769930065]]
0.8559, [[0.5151388075907279, 0.6290986506024034], [0.9570774968333, 0.0], [0.6804669641787542, 0.44758817060503975], [0.0, 0.9600374294268605], [0.7576247298662351, 0.3466958860036368], [0.6640331802761702, 0.5571173884705313], [0.48987055092170945, 0.9423251084337241], [0.9509467235711216, 0.30814495637496947], [0.9212335078995312, 0.1705391067255253], [0.7451318533632969, 0.32817413658790207]]
0.8877, [[0.4797412215019109, 0.6858984096385589], [0.5093642266108839, 0.6538510361445741], [0.4581550043545764, 0.8011821204819225], [0.5409248344009423, 0.5733902083333394], [0.0, 0.9490141686746991], [0.44673681227278167, 0.8597567228915657], [0.9897615613832857, 0.30014002960269975], [0.9732859945326132, 0.53985378654895], [0.7347594651058532, 0.5396998174500127], [0.9471108542555798, 0.4283024411841077]]
0.7318, [[0.7273377562466221, 0.4183105798493915], [0.9512114292786636, 0.25154005011685304], [0.49588474724633563, 0.4400524829914332], [0.47089182497970655, 0.5661872916666669], [0.0, 0.9682807228400343], [0.0, 0.8700670361445824], [0.5304624254160953, 0.4393603552324066], [0.0, 0.9619386783575705], [0.43469800156506055, 0.7860959518072254], [0.4513624302329248, 0.7328315662650526]]
0.7381, [[0.47086801227463504, 0.8260919518072181], [0.5090740092678246, 0.5407160135029886], [0.9848621423499414, 0.16130242716177776], [0.9565197240924077, 0.2941542975850414], [0.9651652015762352, 0.2939196780057151], [0.9851670266023782, 0.0], [0.48678234073274645, 0.378645207218907], [0.48086934840467416, 0.44790637340950507], [0.45127759747110757, 0.50869630641392], [0.9259036728825939, 0.018875145157099222]]
0.7461, [[0.5180156800221811, 0.3104383627629183], [0.7146448336827883, 0.23831923682160644], [0.4640709732707826, 0.9575711890504705], [0.4836822241912477, 0.3995674082056604], [0.5935469507195622, 0.24019179433913174], [0.937945419131938, 0.15699715788106874], [0.4794152851012444, 0.4484093391326951], [0.9395809222535366, 0.0], [0.0, 0.9648185842600513], [0.509161818617776, 0.19707604752012559]]
0.8872, [[0.593216874719084, 0.5216722355232445], [0.43801243245220295, 0.9565744225834044], [0.9215596631463241, 0.5183494357309794], [0.9349131207142914, 0.45086991197091647], [0.4880756682769435, 0.7151690120481826], [0.4370078339569981, 0.9580786270316508], [0.4922518214288616, 0.6469377349397504], [0.4389872650660684, 0.8552909879518097], [0.607040057526979, 0.5200196338613381], [0.5122321692779354, 0.5574707842118958]]
0.7930, [[0.4400752080290235, 0.8174228915662586], [0.9334312414408198, 0.3874273113477041], [0.4563750046504802, 0.5860874999999997], [0.0, 0.9633011077844311], [0.0, 0.9602987767322496], [0.7188958124768224, 0.5368887816151663], [0.4739517575813972, 0.42746074344326074], [0.4932192125723922, 0.38997293378343145], [0.6201630791217382, 0.3183201142560382], [0.4493829991238546, 0.5139151256816415]]
0.6905, [[0.6365468515090982, 0.5437528706829431], [0.9816951276347067, 0.17939599584523264], [0.0, 0.9581996877673224], [0.9788400875033607, 0.36366181433393924], [0.49860088391855606, 0.5474627927810997], [0.0, 0.9646106971770744], [0.4903512699053407, 0.5738056666666718], [0.856159139179915, 0.2572999607894033], [0.0, 0.9225012530120504], [0.6301453775604351, 0.31129912334458454]]
0.8978, [[0.9434097012376265, 0.434266177616202], [0.9201415968559205, 0.5404212726564545], [0.06264652118849823, 0.9611997861420019], [1.0, 0.35911166086730806], [0.48444720734167035, 0.8147844819277043], [0.5015119871135496, 0.6525723855421721], [0.9244336108282087, 0.46060075902363057], [0.4639846522148983, 0.8643417349397595], [0.560629371399171, 0.4296925621916398], [0.9648697710990678, 0.0]]
0.8349, [[0.0, 0.9635543926432848], [0.45713105803650095, 0.7348258795180638], [0.9701662486937253, 0.4306750316800836], [0.0, 0.96031750641574], [0.0, 0.959126993156544], [0.44716692925813606, 0.8385540240963877], [0.9334737834295317, 0.49007337730459943], [0.4540235000246674, 0.5956799166666651], [0.5462360573177236, 0.46578731809919754], [0.0, 0.7519922409638479]]
0.7276, [[0.4880250662786665, 0.7704086265060144], [0.965094298261715, 0.0], [0.9565599026373026, 0.31878935341469616], [0.0, 0.9574718349016254], [0.46909247745273974, 0.4465309161256806], [0.45992012111800296, 0.5064322274733865], [0.9430670018841122, 0.1460946793040743], [0.5079012335430523, 0.2701776429498813], [0.9455462544485013, 0.0], [0.8165115162961908, 0.09380237418852325]]
1.0056, [[0.724297056121007, 0.5583344775383015], [0.0, 0.9583992643284857], [0.9712416156306146, 0.4570990618021299], [0.9195814606712112, 0.4682610882887593], [0.7082933712493491, 0.9581360564585113], [0.9451019270108414, 0.33629050766034835], [0.4852002841395572, 0.5614299896130914], [0.5178370847341447, 0.4220219683199204], [0.4946271387597459, 0.5461958470527175], [0.4687218922300642, 0.744434843373498]]
0.8047, [[0.5048249297066251, 0.5652137916666707], [0.9686914597517055, 0.0], [0.9160244777261154, 0.3334809381978691], [0.13689079983122807, 0.9566533105218133], [0.9433553420298275, 0.0], [0.39688550709828774, 0.9503643855421671], [0.47814130537991806, 0.8844280000000029], [0.6312456308953616, 0.29192247883666755], [0.7974219200929177, 0.0], [0.9531234553268911, 0.0]]
0.7775, [[0.9614404141201084, 0.16980592054012061], [0.9787928186270138, 0.0], [0.49326386139440126, 0.6973919518072171], [0.08612150013199901, 0.8640936385542166], [0.0, 0.9614985928143714], [0.882090286470026, 0.5184975393404326], [0.8337655744029954, 0.2450792134510527], [0.5019867529209131, 0.41582361230849446], [0.5104491929857051, 0.4039357314983115], [0.6733153175017321, 0.3611924432614892]]
0.7901, [[0.4431485352773168, 0.8511449156626456], [0.0, 0.9627476518391788], [0.4387357433687504, 0.9164228915662568], [0.5298622872334081, 0.45561069384575653], [0.7383402895958869, 0.3881854258634122], [0.6747456468371361, 0.39476943780836243], [0.9512114292786636, 0.25154005011685304], [0.49429524918281154, 0.4920031233445879], [0.47959983356554875, 0.517940317839524], [0.4702607882953113, 0.7080839518072242]]
0.6995, [[0.752553562222528, 0.4603016190599846], [0.6878786707349407, 0.5478176548948365], [0.49326386139440126, 0.6973919518072171], [0.9419703639528667, 0.0], [0.8551913100017765, 0.44059650714100135], [0.5462360573177236, 0.46578731809919754], [0.49276974776416715, 0.5536919426123078], [0.6867484104908795, 0.4174644829914328], [0.6281949284667018, 0.0], [0.458177328765581, 0.519974176317843]]
0.7791, [[0.49321474769019125, 0.7478461686747008], [0.5043888595450029, 0.6365653975903522], [0.5043888595450029, 0.6365653975903522], [0.967330116112918, 0.3104618247208546], [0.5093210660829418, 0.5094104297585055], [0.9606486604412997, 0.48097307037133186], [0.920730094366438, 0.31094132848610834], [0.5027189936018623, 0.5657792083333334], [0.7034222496665385, 0.3824607081277612], [0.7726381867364589, 0.37303633290054417]]
0.8492, [[0.0, 0.974579602224123], [0.0, 0.9638053207869975], [0.46793458466863697, 0.8659877590361421], [0.622413597306815, 0.5420460132433129], [0.7664267565456468, 0.53963969618281], [0.48558426400883553, 0.7104885783132454], [0.8880307552185983, 0.3532241757984962], [0.49477447987237594, 0.5897602500000015], [0.4388562951881749, 0.956760479041916], [0.48805334386593896, 0.6350768192771115]]
