mean:1.077099,,,,,,,,,,,,,,,,,,,,,,,,,,,,,,
1.0534, [[0.9421975806451623,0.0, 0.8829427696655674], [0.8265927419354768,0.0, 0.9297656617993406], [0.8843951612903145,0.5226159999999929, 0.921961846443712], [0.7687903225806392,1.0, 0.9141580310880835], [0.8843951612903145,0.5226159999999929, 0.9141580310880835], [0.8843951612903145,0.0, 0.921961846443712], [0.7687903225806392,1.0, 0.9063542157324547], [0.8843951612903145,0.5226159999999929, 0.9063542157324547], [0.7687903225806392,0.0, 0.921961846443712], [0.8843951612903145,0.0, 0.9141580310880835]]
0.9899, [[0.9421975806451623,0.0, 0.9141580310880835], [0.8843951612903145,0.0, 0.945373292510598], [0.7687903225806392,1.0, 0.9141580310880835], [0.8843951612903145,0.0, 0.9063542157324547], [0.8843951612903145,0.0, 0.9375694771549694], [0.7687903225806392,1.0, 0.86733513895431], [0.7687903225806392,0.5226159999999929, 0.8907465850211973], [0.8843951612903145,0.0, 0.8751389543099386], [0.7687903225806392,0.0, 0.8985504003768261], [0.8843951612903145,0.0, 0.9297656617993406]]
1.0448, [[0.7687903225806392,1.0, 0.8985504003768261], [0.7687903225806392,1.0, 0.8985504003768261], [0.8843951612903145,0.5226159999999929, 0.921961846443712], [0.8843951612903145,0.5226159999999929, 0.921961846443712], [0.7687903225806392,0.5226159999999929, 0.9297656617993406], [0.8843951612903145,0.0, 0.9297656617993406], [0.4067431025081788,1.0, 0.8829427696655674], [0.8843951612903145,0.5226159999999929, 0.9141580310880835], [0.8843951612903145,0.5226159999999929, 0.9141580310880835], [0.8843951612903145,0.0, 0.9297656617993406]]
1.0948, [[0.38199664667393674,0.5226159999999929, 0.9141580310880835], [0.7687903225806392,0.0, 0.921961846443712], [0.8843951612903145,1.0, 0.9063542157324547], [0.8843951612903145,0.0, 0.9375694771549694], [0.6531854838709639,0.0, 0.921961846443712], [0.7687903225806392,0.0, 0.9141580310880835], [0.7687903225806392,1.0, 0.8985504003768261], [0.8843951612903145,0.5226159999999929, 0.8985504003768261], [0.8843951612903145,0.0, 0.9297656617993406], [0.8843951612903145,0.0, 0.9297656617993406]]
1.0927, [[0.7687903225806392,0.0, 0.9375694771549694], [0.8843951612903145,0.0, 0.9297656617993406], [0.8843951612903145,0.0, 0.9297656617993406], [0.8843951612903145,0.0, 0.9297656617993406], [0.8843951612903145,0.0, 0.9297656617993406], [0.8843951612903145,0.0, 0.9297656617993406], [0.8843951612903145,1.0, 0.9063542157324547], [0.8843951612903145,0.0, 0.921961846443712], [0.6531854838709639,1.0, 0.8985504003768261], [0.8843951612903145,0.5226159999999929, 0.9063542157324547]]
0.9792, [[0.7687903225806392,0.5226159999999929, 0.9141580310880835], [0.8843951612903145,0.0, 0.9297656617993406], [0.7687903225806392,0.0, 0.921961846443712], [0.8843951612903145,0.0, 0.9297656617993406], [0.7687903225806392,1.0, 0.9063542157324547], [0.7687903225806392,0.5226159999999929, 0.9141580310880835], [0.8843951612903145,0.0, 0.9141580310880835], [0.7687903225806392,0.0, 0.9141580310880835], [0.6531854838709639,0.0, 0.9297656617993406], [0.8843951612903145,0.0, 0.9063542157324547]]
1.1216, [[0.7687903225806392,1.0, 0.9141580310880835], [0.8843951612903145,1.0, 0.9063542157324547], [0.8843951612903145,0.5226159999999929, 0.9531771078662281], [0.7687903225806392,1.0, 0.9063542157324547], [0.7687903225806392,1.0, 0.9063542157324547], [0.8843951612903145,0.0, 0.9375694771549694], [0.8843951612903145,0.0, 0.9297656617993406], [0.8843951612903145,0.5226159999999929, 0.9141580310880835], [0.8843951612903145,0.5226159999999929, 0.9141580310880835], [0.7687903225806392,0.0, 0.8829427696655674]]
1.1092, [[0.8843951612903145,0.0, 0.9375694771549694], [0.8843951612903145,1.0, 0.9141580310880835], [0.8843951612903145,0.5226159999999929, 0.9297656617993406], [0.7687903225806392,0.0, 0.945373292510598], [0.7687903225806392,1.0, 0.9063542157324547], [0.8843951612903145,1.0, 0.8907465850211973], [0.8843951612903145,0.5226159999999929, 0.921961846443712], [0.8843951612903145,0.0, 0.9297656617993406], [0.7687903225806392,0.5226159999999929, 0.8829427696655674], [0.3049839694656489,1.0, 0.8751389543099386]]
1.1125, [[0.7687903225806392,0.5226159999999929, 0.9297656617993406], [0.8843951612903145,0.0, 0.945373292510598], [0.8843951612903145,1.0, 0.921961846443712], [0.8843951612903145,0.0, 0.9375694771549694], [0.8843951612903145,1.0, 0.9063542157324547], [0.8843951612903145,0.5226159999999929, 0.921961846443712], [0.8843951612903145,0.5226159999999929, 0.921961846443712], [0.8843951612903145,1.0, 0.9063542157324547], [0.7687903225806392,0.5226159999999929, 0.8985504003768261], [0.8843951612903145,0.0, 0.9297656617993406]]
1.0614, [[0.7687903225806392,1.0, 0.8907465850211973], [0.3246104689203926,1.0, 0.945373292510598], [0.9421975806451623,0.0, 0.8595313235986812], [0.8843951612903145,0.5226159999999929, 0.921961846443712], [0.8843951612903145,0.5226159999999929, 0.921961846443712], [0.8843951612903145,0.0, 0.945373292510598], [0.3246104689203926,1.0, 0.8907465850211973], [0.7687903225806392,0.5226159999999929, 0.921961846443712], [0.8843951612903145,0.0, 0.9297656617993406], [0.7687903225806392,0.0, 0.945373292510598]]
1.113, [[0.8843951612903145,0.0, 0.9531771078662281], [0.8843951612903145,1.0, 0.9063542157324547], [0.8843951612903145,0.5226159999999929, 0.921961846443712], [0.7687903225806392,0.5226159999999929, 0.945373292510598], [0.7687903225806392,1.0, 0.9063542157324547], [0.8843951612903145,0.0, 0.945373292510598], [0.7687903225806392,0.0, 0.921961846443712], [0.8843951612903145,0.5226159999999929, 0.9141580310880835], [0.8843951612903145,1.0, 0.8907465850211973], [0.8843951612903145,0.5226159999999929, 0.9141580310880835]]
1.1056, [[0.8843951612903145,0.5226159999999929, 0.9141580310880835], [0.8843951612903145,0.0, 0.9297656617993406], [0.8843951612903145,0.0, 0.9297656617993406], [0.8843951612903145,0.0, 0.9297656617993406], [0.7687903225806392,0.5226159999999929, 0.9375694771549694], [0.8843951612903145,0.5226159999999929, 0.9141580310880835], [0.7687903225806392,1.0, 0.9063542157324547], [0.8843951612903145,0.0, 0.9297656617993406], [0.8843951612903145,1.0, 0.8751389543099386], [0.7687903225806392,0.5226159999999929, 0.9297656617993406]]
1.1404, [[0.8843951612903145,1.0, 0.9531771078662281], [0.8843951612903145,0.0, 0.9297656617993406], [0.8843951612903145,1.0, 0.8829427696655674], [0.8265927419354768,1.0, 0.8985504003768261], [0.8843951612903145,0.5226159999999929, 0.921961846443712], [0.8843951612903145,1.0, 0.8829427696655674], [0.7687903225806392,0.5226159999999929, 0.9375694771549694], [0.8843951612903145,0.0, 0.9297656617993406], [0.7687903225806392,0.0, 0.921961846443712], [0.31757052889858234,1.0, 0.8829427696655674]]
1.049, [[0.8843951612903145,0.0, 0.921961846443712], [0.7687903225806392,1.0, 0.9063542157324547], [0.7687903225806392,1.0, 0.9063542157324547], [0.8843951612903145,0.5226159999999929, 0.9063542157324547], [0.8843951612903145,0.0, 0.921961846443712], [0.7109879032258015,1.0, 0.921961846443712], [0.7687903225806392,0.0, 0.9297656617993406], [0.7687903225806392,1.0, 0.8985504003768261], [0.8843951612903145,0.5226159999999929, 0.8829427696655674], [0.8265927419354768,0.0, 0.921961846443712]]
1.0491, [[0.7687903225806392,0.5226159999999929, 0.9297656617993406], [0.7687903225806392,1.0, 0.9063542157324547], [0.8843951612903145,0.0, 0.945373292510598], [0.8843951612903145,0.5226159999999929, 0.9141580310880835], [0.7687903225806392,1.0, 0.9063542157324547], [0.7687903225806392,1.0, 0.8985504003768261], [0.8843951612903145,0.0, 0.9375694771549694], [0.8843951612903145,0.5226159999999929, 0.9063542157324547], [0.7687903225806392,1.0, 0.8985504003768261], [0.7687903225806392,0.5226159999999929, 0.921961846443712]]
1.1376, [[0.9421975806451623,0.0, 0.8751389543099386], [0.8843951612903145,1.0, 0.945373292510598], [0.8843951612903145,0.5226159999999929, 0.9375694771549694], [0.8843951612903145,1.0, 0.9141580310880835], [0.8265927419354768,1.0, 0.9297656617993406], [0.8843951612903145,0.0, 0.9375694771549694], [0.8843951612903145,1.0, 0.8985504003768261], [0.8843951612903145,1.0, 0.8985504003768261], [0.8843951612903145,0.5226159999999929, 0.9063542157324547], [0.7687903225806392,1.0, 0.9141580310880835]]
1.1037, [[0.8843951612903145,0.0, 0.9297656617993406], [0.8843951612903145,0.0, 0.9297656617993406], [0.8843951612903145,0.5226159999999929, 0.921961846443712], [0.8843951612903145,0.0, 0.9297656617993406], [0.8843951612903145,1.0, 0.9141580310880835], [0.8843951612903145,0.0, 0.9297656617993406], [0.8843951612903145,0.0, 0.9297656617993406], [0.8265927419354768,1.0, 0.8985504003768261], [0.8843951612903145,0.0, 0.921961846443712], [0.6531854838709639,0.0, 0.9297656617993406]]
1.0389, [[0.8843951612903145,0.5226159999999929, 0.9141580310880835], [0.7687903225806392,0.5226159999999929, 0.921961846443712], [0.7687903225806392,0.0, 0.945373292510598], [0.8843951612903145,0.5226159999999929, 0.9141580310880835], [0.7687903225806392,1.0, 0.8907465850211973], [0.8843951612903145,0.0, 0.9297656617993406], [0.7687903225806392,0.5226159999999929, 0.9141580310880835], [0.7687903225806392,1.0, 0.8829427696655674], [0.6531854838709639,1.0, 0.8907465850211973], [0.8843951612903145,0.5226159999999929, 0.8829427696655674]]
1.0131, [[0.7687903225806392,0.0, 0.9531771078662281], [0.8843951612903145,0.0, 0.9297656617993406], [0.9421975806451623,0.0, 0.8517275082430527], [0.8265927419354768,0.5226159999999929, 0.8907465850211973], [0.7687903225806392,1.0, 0.9063542157324547], [0.7687903225806392,0.0, 0.9375694771549694], [0.8843951612903145,0.0, 0.9141580310880835], [0.7687903225806392,0.5226159999999929, 0.9063542157324547], [0.7687903225806392,1.0, 0.8907465850211973], [0.7687903225806392,0.5226159999999929, 0.9063542157324547]]
1.0721, [[0.8843951612903145,0.0, 0.9297656617993406], [0.9421975806451623,0.0, 0.8517275082430527], [0.7687903225806392,0.0, 0.9609809232218567], [0.8265927419354768,1.0, 0.8985504003768261], [0.8265927419354768,1.0, 0.8985504003768261], [0.8843951612903145,0.0, 0.9297656617993406], [0.8843951612903145,0.0, 0.9297656617993406], [0.7687903225806392,0.5226159999999929, 0.9141580310880835], [0.8843951612903145,0.5226159999999929, 0.8985504003768261], [0.8265927419354768,0.0, 0.8907465850211973]]
1.0996, [[0.7687903225806392,0.5226159999999929, 0.921961846443712], [0.8843951612903145,0.5226159999999929, 0.9141580310880835], [0.7687903225806392,0.5226159999999929, 0.921961846443712], [0.7687903225806392,0.5226159999999929, 0.921961846443712], [0.8843951612903145,1.0, 0.9063542157324547], [0.8843951612903145,0.5226159999999929, 0.9141580310880835], [0.8843951612903145,0.5226159999999929, 0.9141580310880835], [0.8843951612903145,0.0, 0.9297656617993406], [0.8843951612903145,0.5226159999999929, 0.9141580310880835], [0.7687903225806392,0.5226159999999929, 0.921961846443712]]
1.0962, [[0.8843951612903145,0.0, 0.945373292510598], [0.7687903225806392,0.5226159999999929, 0.9141580310880835], [0.7687903225806392,0.5226159999999929, 0.9141580310880835], [0.7687903225806392,1.0, 0.9063542157324547], [0.7687903225806392,0.5226159999999929, 0.9141580310880835], [0.8843951612903145,0.0, 0.9063542157324547], [0.8843951612903145,1.0, 0.8985504003768261], [0.8843951612903145,0.0, 0.9297656617993406], [0.7687903225806392,0.5226159999999929, 0.8907465850211973], [0.8843951612903145,0.5226159999999929, 0.8517275082430527]]
1.1414, [[0.7109879032258015,1.0, 0.921961846443712], [0.9421975806451623,0.5226159999999929, 0.8751389543099386], [0.8843951612903145,1.0, 0.9141580310880835], [0.8843951612903145,0.0, 0.9297656617993406], [0.7687903225806392,0.5226159999999929, 0.921961846443712], [0.8843951612903145,0.0, 0.921961846443712], [0.8843951612903145,0.5226159999999929, 0.9141580310880835], [0.7687903225806392,1.0, 0.8907465850211973], [0.8843951612903145,0.0, 0.921961846443712], [0.8843951612903145,0.0, 0.921961846443712]]
1.1056, [[0.8843951612903145,0.0, 0.945373292510598], [0.8843951612903145,1.0, 0.9063542157324547], [0.8843951612903145,0.5226159999999929, 0.9297656617993406], [0.8843951612903145,0.0, 0.9375694771549694], [0.7687903225806392,1.0, 0.8985504003768261], [0.8843951612903145,1.0, 0.8751389543099386], [0.8843951612903145,0.5226159999999929, 0.921961846443712], [0.8843951612903145,0.5226159999999929, 0.921961846443712], [0.8843951612903145,0.5226159999999929, 0.921961846443712], [0.8843951612903145,0.0, 0.9297656617993406]]
0.9778, [[0.8843951612903145,0.0, 0.945373292510598], [0.7687903225806392,1.0, 0.8907465850211973], [0.7687903225806392,0.5226159999999929, 0.921961846443712], [0.7687903225806392,0.5226159999999929, 0.921961846443712], [0.8843951612903145,0.0, 0.9375694771549694], [0.8843951612903145,0.0, 0.9375694771549694], [0.7687903225806392,1.0, 0.8829427696655674], [0.7687903225806392,1.0, 0.8829427696655674], [0.7687903225806392,1.0, 0.8829427696655674], [0.7687903225806392,0.5226159999999929, 0.9141580310880835]]
1.1352, [[0.9421975806451623,0.0, 0.8985504003768261], [0.8843951612903145,0.5226159999999929, 0.9531771078662281], [0.8843951612903145,1.0, 0.9297656617993406], [0.8843951612903145,0.0, 0.945373292510598], [0.8843951612903145,0.0, 0.945373292510598], [0.8843951612903145,1.0, 0.9141580310880835], [0.8843951612903145,0.0, 0.9375694771549694], [0.8843951612903145,1.0, 0.8985504003768261], [0.8843951612903145,0.5226159999999929, 0.9141580310880835], [0.8843951612903145,0.5226159999999929, 0.8907465850211973]]
1.0414, [[0.9421975806451623,0.0, 0.9141580310880835], [0.8843951612903145,0.0, 0.9297656617993406], [0.7687903225806392,1.0, 0.8829427696655674], [0.8843951612903145,0.5226159999999929, 0.921961846443712], [0.8843951612903145,0.0, 0.9375694771549694], [0.8843951612903145,0.5226159999999929, 0.9063542157324547], [0.8843951612903145,0.0, 0.921961846443712], [0.8843951612903145,0.0, 0.921961846443712], [0.8843951612903145,0.5226159999999929, 0.8985504003768261], [0.7687903225806392,0.0, 0.921961846443712]]
1.1064, [[0.8843951612903145,0.5226159999999929, 0.9141580310880835], [0.8843951612903145,0.0, 0.9375694771549694], [0.8843951612903145,0.0, 0.921961846443712], [0.8843951612903145,1.0, 0.8985504003768261], [0.7687903225806392,1.0, 0.921961846443712], [0.8843951612903145,0.5226159999999929, 0.9063542157324547], [0.8843951612903145,0.0, 0.9297656617993406], [0.7687903225806392,1.0, 0.8985504003768261], [0.7687903225806392,0.5226159999999929, 0.9141580310880835], [0.7687903225806392,0.5226159999999929, 0.9141580310880835]]
1.0558, [[0.8843951612903145,0.0, 0.921961846443712], [0.8843951612903145,0.0, 0.921961846443712], [0.8843951612903145,0.5226159999999929, 0.8907465850211973], [0.8843951612903145,0.0, 0.8985504003768261], [0.7687903225806392,1.0, 0.9297656617993406], [0.6531854838709639,0.0, 0.9297656617993406], [0.8265927419354768,0.5226159999999929, 0.8907465850211973], [0.7687903225806392,0.5226159999999929, 0.9141580310880835], [0.7109879032258015,1.0, 0.9063542157324547], [0.7687903225806392,1.0, 0.8829427696655674]]
1.1071, [[0.8843951612903145,0.0, 0.9687847385774855], [0.7687903225806392,0.5226159999999929, 0.921961846443712], [0.8843951612903145,0.0, 0.921961846443712], [0.8843951612903145,1.0, 0.9141580310880835], [0.8843951612903145,0.0, 0.921961846443712], [0.7687903225806392,0.5226159999999929, 0.921961846443712], [0.8843951612903145,0.0, 0.9375694771549694], [0.32375714285714285,0.5226159999999929, 0.921961846443712], [0.7687903225806392,0.0, 0.945373292510598], [0.7687903225806392,1.0, 0.9063542157324547]]
1.1085, [[0.8843951612903145,0.0, 0.9375694771549694], [0.8843951612903145,1.0, 0.9141580310880835], [0.8843951612903145,0.5226159999999929, 0.9297656617993406], [0.7687903225806392,0.0, 0.9375694771549694], [0.8843951612903145,1.0, 0.8985504003768261], [0.8843951612903145,0.0, 0.9297656617993406], [0.8843951612903145,0.5226159999999929, 0.9063542157324547], [0.31885051799345693,0.5226159999999929, 0.8907465850211973], [0.8843951612903145,0.0, 0.9141580310880835], [0.8843951612903145,0.0, 0.9141580310880835]]
1.1, [[0.8843951612903145,0.0, 0.921961846443712], [0.8843951612903145,0.5226159999999929, 0.9141580310880835], [0.8843951612903145,1.0, 0.8751389543099386], [0.40780976008724096,1.0, 0.9063542157324547], [0.7687903225806392,1.0, 0.8907465850211973], [0.7687903225806392,0.5226159999999929, 0.921961846443712], [0.9421975806451623,0.0, 0.86733513895431], [0.8843951612903145,0.5226159999999929, 0.9141580310880835], [0.8843951612903145,0.0, 0.9141580310880835], [0.7687903225806392,0.5226159999999929, 0.9141580310880835]]
1.1094, [[0.9421975806451623,0.0, 0.8985504003768261], [0.8843951612903145,0.0, 0.9297656617993406], [0.8843951612903145,0.5226159999999929, 0.921961846443712], [0.7687903225806392,0.5226159999999929, 0.9297656617993406], [0.8843951612903145,1.0, 0.9063542157324547], [0.8265927419354768,0.0, 0.9297656617993406], [0.8843951612903145,0.0, 0.921961846443712], [0.8843951612903145,0.0, 0.9063542157324547], [0.8843951612903145,1.0, 0.8985504003768261], [0.8843951612903145,0.5226159999999929, 0.8751389543099386]]
1.097, [[0.8843951612903145,1.0, 0.8907465850211973], [0.8843951612903145,0.0, 0.9375694771549694], [0.8843951612903145,0.0, 0.9297656617993406], [0.8843951612903145,0.5226159999999929, 0.921961846443712], [0.7687903225806392,0.5226159999999929, 0.9297656617993406], [0.8843951612903145,0.5226159999999929, 0.921961846443712], [0.8843951612903145,0.0, 0.9297656617993406], [0.8843951612903145,0.0, 0.9297656617993406], [0.8843951612903145,0.0, 0.9297656617993406], [0.8843951612903145,0.5226159999999929, 0.9141580310880835]]
1.0339, [[0.4058897764449291,1.0, 0.9141580310880835], [0.6531854838709639,0.5226159999999929, 0.9063542157324547], [0.7687903225806392,0.5226159999999929, 0.8985504003768261], [0.7687903225806392,1.0, 0.8751389543099386], [0.8843951612903145,0.0, 0.9375694771549694], [0.8843951612903145,0.0, 0.9375694771549694], [0.8843951612903145,0.0, 0.9375694771549694], [0.7687903225806392,0.5226159999999929, 0.8985504003768261], [0.8843951612903145,0.5226159999999929, 0.8829427696655674], [0.8843951612903145,0.0, 0.921961846443712]]
1.1008, [[0.8843951612903145,0.0, 0.9375694771549694], [0.8843951612903145,0.0, 0.9375694771549694], [0.8843951612903145,0.5226159999999929, 0.921961846443712], [0.8843951612903145,1.0, 0.9063542157324547], [0.8843951612903145,0.0, 0.9297656617993406], [0.8843951612903145,0.0, 0.921961846443712], [0.8843951612903145,1.0, 0.8985504003768261], [0.8843951612903145,0.5226159999999929, 0.9063542157324547], [0.8843951612903145,0.5226159999999929, 0.9063542157324547], [0.8843951612903145,0.0, 0.921961846443712]]
1.1083, [[0.8843951612903145,0.0, 0.945373292510598], [0.7687903225806392,0.5226159999999929, 0.9297656617993406], [0.8843951612903145,1.0, 0.9141580310880835], [0.8843951612903145,0.0, 0.9375694771549694], [0.8843951612903145,0.0, 0.9375694771549694], [0.7687903225806392,1.0, 0.9141580310880835], [0.8843951612903145,0.5226159999999929, 0.9063542157324547], [0.7687903225806392,0.0, 0.9375694771549694], [0.7687903225806392,1.0, 0.8985504003768261], [0.8843951612903145,0.0, 0.921961846443712]]
1.1038, [[0.7687903225806392,1.0, 0.9063542157324547], [0.8843951612903145,0.0, 0.945373292510598], [0.8843951612903145,0.5226159999999929, 0.921961846443712], [0.8843951612903145,1.0, 0.8829427696655674], [0.7687903225806392,0.5226159999999929, 0.9297656617993406], [0.8843951612903145,0.0, 0.9375694771549694], [0.7687903225806392,1.0, 0.8907465850211973], [0.7687903225806392,0.5226159999999929, 0.921961846443712], [0.7687903225806392,1.0, 0.8907465850211973], [0.8843951612903145,0.0, 0.9375694771549694]]
1.1088, [[0.8843951612903145,0.5226159999999929, 0.921961846443712], [0.8843951612903145,1.0, 0.9141580310880835], [0.7687903225806392,0.0, 0.9375694771549694], [0.8265927419354768,0.5226159999999929, 0.9297656617993406], [0.7109879032258015,0.0, 0.945373292510598], [0.8843951612903145,0.5226159999999929, 0.921961846443712], [0.8843951612903145,0.0, 0.921961846443712], [0.8265927419354768,0.5226159999999929, 0.8907465850211973], [0.8265927419354768,1.0, 0.8829427696655674], [0.7687903225806392,0.5226159999999929, 0.921961846443712]]
1.1055, [[0.7687903225806392,0.5226159999999929, 0.921961846443712], [0.7687903225806392,0.0, 0.9531771078662281], [0.8843951612903145,0.0, 0.945373292510598], [0.8843951612903145,0.0, 0.9297656617993406], [0.8843951612903145,1.0, 0.9141580310880835], [0.8843951612903145,0.0, 0.9297656617993406], [0.7687903225806392,0.5226159999999929, 0.921961846443712], [0.8843951612903145,0.0, 0.9375694771549694], [0.7687903225806392,1.0, 0.8985504003768261], [0.8843951612903145,0.5226159999999929, 0.9141580310880835]]
1.0453, [[0.8843951612903145,0.0, 0.9297656617993406], [0.8843951612903145,0.0, 0.9297656617993406], [0.8843951612903145,0.0, 0.9297656617993406], [0.7687903225806392,1.0, 0.8907465850211973], [0.7687903225806392,0.5226159999999929, 0.9375694771549694], [0.8843951612903145,0.5226159999999929, 0.9141580310880835], [0.8843951612903145,0.0, 0.921961846443712], [0.7687903225806392,0.0, 0.9375694771549694], [0.323330479825518,0.5226159999999929, 0.9375694771549694], [0.8843951612903145,0.5226159999999929, 0.8985504003768261]]
1.0342, [[0.8843951612903145,0.0, 0.9531771078662281], [0.30391731188658666,1.0, 0.8985504003768261], [0.8843951612903145,0.5226159999999929, 0.8829427696655674], [0.7687903225806392,1.0, 0.8829427696655674], [0.7687903225806392,0.5226159999999929, 0.9141580310880835], [0.7687903225806392,0.5226159999999929, 0.9141580310880835], [0.7687903225806392,0.5226159999999929, 0.9141580310880835], [0.8843951612903145,0.0, 0.9297656617993406], [0.7687903225806392,0.5226159999999929, 0.9141580310880835], [0.7687903225806392,0.5226159999999929, 0.9141580310880835]]
1.0895, [[0.8843951612903145,0.5226159999999929, 0.9141580310880835], [0.8843951612903145,0.0, 0.9375694771549694], [0.8843951612903145,1.0, 0.8907465850211973], [0.7687903225806392,0.5226159999999929, 0.9141580310880835], [0.8843951612903145,0.5226159999999929, 0.9063542157324547], [0.7687903225806392,0.5226159999999929, 0.9141580310880835], [0.8843951612903145,0.0, 0.9297656617993406], [0.7687903225806392,1.0, 0.8907465850211973], [0.7687903225806392,0.0, 0.9297656617993406], [0.8843951612903145,0.0, 0.8985504003768261]]
1.1035, [[0.8843951612903145,0.5226159999999929, 0.921961846443712], [0.7687903225806392,0.5226159999999929, 0.9297656617993406], [0.8843951612903145,1.0, 0.9063542157324547], [0.8843951612903145,0.5226159999999929, 0.9141580310880835], [0.8843951612903145,0.0, 0.921961846443712], [0.8843951612903145,0.0, 0.921961846443712], [0.8843951612903145,0.0, 0.921961846443712], [0.3032773173391494,0.5226159999999929, 0.921961846443712], [0.304557306434024,1.0, 0.9063542157324547], [0.7687903225806392,1.0, 0.8907465850211973]]
1.0465, [[0.9421975806451623,0.0, 0.8907465850211973], [0.8843951612903145,0.0, 0.9297656617993406], [0.8843951612903145,0.5226159999999929, 0.8907465850211973], [0.8843951612903145,0.0, 0.9297656617993406], [0.7109879032258015,0.0, 0.945373292510598], [0.8265927419354768,0.5226159999999929, 0.9063542157324547], [0.7687903225806392,1.0, 0.9063542157324547], [0.8843951612903145,0.5226159999999929, 0.8907465850211973], [0.7687903225806392,0.5226159999999929, 0.9141580310880835], [0.4075964285714285,0.5226159999999929, 0.9141580310880835]]
0.9906, [[0.7687903225806392,0.0, 0.945373292510598], [0.8843951612903145,0.0, 0.9297656617993406], [0.7687903225806392,1.0, 0.921961846443712], [0.8843951612903145,0.0, 0.9297656617993406], [0.7687903225806392,0.5226159999999929, 0.9063542157324547], [0.7687903225806392,1.0, 0.86733513895431], [0.7687903225806392,0.0, 0.9297656617993406], [0.8843951612903145,0.0, 0.921961846443712], [0.8265927419354768,0.0, 0.921961846443712], [0.8843951612903145,0.0, 0.9141580310880835]]
1.1046, [[0.8843951612903145,1.0, 0.8985504003768261], [0.8843951612903145,0.0, 0.9531771078662281], [0.4058897764449291,1.0, 0.9141580310880835], [0.7687903225806392,0.5226159999999929, 0.9297656617993406], [0.8843951612903145,1.0, 0.8595313235986812], [0.8843951612903145,0.0, 0.921961846443712], [0.7687903225806392,0.0, 0.9375694771549694], [0.8843951612903145,0.0, 0.921961846443712], [0.7687903225806392,0.5226159999999929, 0.9141580310880835], [0.7687903225806392,0.5226159999999929, 0.9141580310880835]]
1.1162, [[0.8843951612903145,0.5226159999999929, 0.9375694771549694], [0.8843951612903145,1.0, 0.921961846443712], [0.8843951612903145,0.0, 0.9375694771549694], [0.7687903225806392,0.0, 0.9297656617993406], [0.7687903225806392,1.0, 0.8907465850211973], [0.8843951612903145,1.0, 0.8829427696655674], [0.7687903225806392,1.0, 0.8907465850211973], [0.8843951612903145,0.5226159999999929, 0.921961846443712], [0.8843951612903145,0.5226159999999929, 0.921961846443712], [0.8843951612903145,0.5226159999999929, 0.921961846443712]]
1.108, [[0.8843951612903145,1.0, 0.9141580310880835], [0.8843951612903145,0.0, 0.9375694771549694], [0.7687903225806392,0.5226159999999929, 0.9297656617993406], [0.7687903225806392,0.5226159999999929, 0.9297656617993406], [0.8843951612903145,0.5226159999999929, 0.921961846443712], [0.8843951612903145,0.5226159999999929, 0.921961846443712], [0.8843951612903145,0.0, 0.9297656617993406], [0.7687903225806392,0.5226159999999929, 0.9141580310880835], [0.40738309705561615,0.0, 0.9297656617993406], [0.7687903225806392,1.0, 0.8595313235986812]]
1.128, [[0.8843951612903145,0.5226159999999929, 0.9687847385774855], [0.8843951612903145,1.0, 0.9063542157324547], [0.8843951612903145,1.0, 0.9063542157324547], [0.8843951612903145,1.0, 0.9063542157324547], [0.8843951612903145,1.0, 0.9063542157324547], [0.8843951612903145,1.0, 0.9063542157324547], [0.8843951612903145,0.5226159999999929, 0.9297656617993406], [0.7687903225806392,1.0, 0.8907465850211973], [0.8843951612903145,0.0, 0.9375694771549694], [0.7687903225806392,1.0, 0.8907465850211973]]
1.0407, [[0.7687903225806392,0.0, 0.9297656617993406], [0.8843951612903145,0.0, 0.921961846443712], [0.8843951612903145,0.0, 0.921961846443712], [0.7687903225806392,1.0, 0.8985504003768261], [0.8843951612903145,0.5226159999999929, 0.9141580310880835], [0.7687903225806392,0.5226159999999929, 0.921961846443712], [0.8265927419354768,0.0, 0.921961846443712], [0.8843951612903145,0.0, 0.9141580310880835], [0.7687903225806392,0.5226159999999929, 0.9141580310880835], [0.7687903225806392,0.0, 0.921961846443712]]
1.097, [[0.9421975806451623,0.0, 0.9063542157324547], [0.8843951612903145,0.0, 0.9375694771549694], [0.8843951612903145,0.0, 0.9375694771549694], [0.8843951612903145,0.0, 0.9375694771549694], [0.8843951612903145,1.0, 0.8751389543099386], [0.38156998364231187,1.0, 0.8907465850211973], [0.8843951612903145,0.5226159999999929, 0.921961846443712], [0.7687903225806392,1.0, 0.8829427696655674], [0.8843951612903145,0.0, 0.9297656617993406], [0.7687903225806392,0.5226159999999929, 0.9141580310880835]]
1.1074, [[0.8843951612903145,0.0, 0.945373292510598], [0.8843951612903145,1.0, 0.9063542157324547], [0.8843951612903145,0.5226159999999929, 0.921961846443712], [0.9421975806451623,0.0, 0.9063542157324547], [0.8843951612903145,1.0, 0.9063542157324547], [0.8265927419354768,0.0, 0.945373292510598], [0.7687903225806392,0.5226159999999929, 0.921961846443712], [0.8843951612903145,0.5226159999999929, 0.9141580310880835], [0.7687903225806392,0.5226159999999929, 0.921961846443712], [0.9421975806451623,0.0, 0.8517275082430527]]
1.1387, [[0.8843951612903145,1.0, 0.8985504003768261], [0.8843951612903145,0.5226159999999929, 0.921961846443712], [0.8843951612903145,0.0, 0.9375694771549694], [0.9421975806451623,0.5226159999999929, 0.8751389543099386], [0.7687903225806392,1.0, 0.9141580310880835], [0.7687903225806392,0.5226159999999929, 0.9141580310880835], [0.8265927419354768,1.0, 0.8985504003768261], [0.8843951612903145,0.0, 0.9297656617993406], [0.8843951612903145,0.5226159999999929, 0.9063542157324547], [0.8843951612903145,0.0, 0.9297656617993406]]
1.1052, [[0.8843951612903145,0.0, 0.9297656617993406], [0.8843951612903145,0.5226159999999929, 0.9141580310880835], [0.8843951612903145,0.0, 0.921961846443712], [0.8843951612903145,0.5226159999999929, 0.9141580310880835], [0.8843951612903145,0.0, 0.9297656617993406], [0.7687903225806392,0.5226159999999929, 0.921961846443712], [0.9421975806451623,0.0, 0.8751389543099386], [0.8843951612903145,1.0, 0.9063542157324547], [0.7687903225806392,0.0, 0.9297656617993406], [0.8843951612903145,0.0, 0.921961846443712]]
0.5584, [[0.9421975806451623,0.0, 0.9141580310880835], [0.8843951612903145,0.0, 0.945373292510598], [0.7109879032258015,0.5226159999999929, 0.8907465850211973], [0.7687903225806392,0.0, 0.9375694771549694], [0.7687903225806392,0.5226159999999929, 0.8829427696655674], [0.7687903225806392,0.5226159999999929, 0.8829427696655674], [0.38135665212649944,0.5226159999999929, 0.8907465850211973], [0.9421975806451623,0.0, 0.8985504003768261], [0.8843951612903145,0.0, 0.9375694771549694], [0.8843951612903145,0.0, 0.9375694771549694]]
1.0793, [[0.8843951612903145,1.0, 0.86733513895431], [0.24357844905320108,1.0, 0.8907465850211973], [0.8843951612903145,0.0, 0.9375694771549694], [0.9421975806451623,0.0, 0.9297656617993406], [0.7687903225806392,0.5226159999999929, 0.8985504003768261], [0.8843951612903145,0.0, 0.9375694771549694], [0.8265927419354768,0.0, 0.9141580310880835], [0.7687903225806392,0.5226159999999929, 0.8985504003768261], [0.8843951612903145,0.0, 0.9375694771549694], [0.8843951612903145,0.5226159999999929, 0.8829427696655674]]
1.0651, [[0.7687903225806392,1.0, 0.921961846443712], [0.7687903225806392,0.0, 0.945373292510598], [0.8843951612903145,0.0, 0.9375694771549694], [0.6531854838709639,1.0, 0.9375694771549694], [0.8843951612903145,0.5226159999999929, 0.9297656617993406], [0.7687903225806392,1.0, 0.8907465850211973], [0.8843951612903145,0.5226159999999929, 0.921961846443712], [0.8843951612903145,0.0, 0.9297656617993406], [0.7687903225806392,0.5226159999999929, 0.921961846443712], [0.8843951612903145,0.5226159999999929, 0.9063542157324547]]
1.1045, [[0.8843951612903145,0.5226159999999929, 0.921961846443712], [0.8843951612903145,0.0, 0.9375694771549694], [0.8843951612903145,1.0, 0.9141580310880835], [0.8843951612903145,0.0, 0.9375694771549694], [0.8843951612903145,1.0, 0.9141580310880835], [0.8843951612903145,0.5226159999999929, 0.921961846443712], [0.8843951612903145,0.0, 0.9375694771549694], [0.8843951612903145,0.0, 0.9297656617993406], [0.7687903225806392,1.0, 0.8751389543099386], [0.8843951612903145,0.0, 0.9297656617993406]]
1.1082, [[0.8843951612903145,1.0, 0.921961846443712], [0.8843951612903145,0.0, 0.9375694771549694], [0.7687903225806392,1.0, 0.9063542157324547], [0.8843951612903145,1.0, 0.8829427696655674], [0.8843951612903145,0.5226159999999929, 0.9063542157324547], [0.8843951612903145,0.0, 0.921961846443712], [0.7687903225806392,0.5226159999999929, 0.921961846443712], [0.7687903225806392,1.0, 0.9063542157324547], [0.7687903225806392,0.0, 0.9375694771549694], [0.8265927419354768,0.0, 0.9297656617993406]]
1.1198, [[0.8843951612903145,1.0, 0.9297656617993406], [0.8843951612903145,0.5226159999999929, 0.9375694771549694], [0.8843951612903145,1.0, 0.9141580310880835], [0.8843951612903145,0.0, 0.9375694771549694], [0.8843951612903145,0.5226159999999929, 0.9297656617993406], [0.8843951612903145,1.0, 0.9063542157324547], [0.7687903225806392,0.0, 0.9297656617993406], [0.8843951612903145,0.5226159999999929, 0.921961846443712], [0.8843951612903145,0.5226159999999929, 0.921961846443712], [0.8843951612903145,0.5226159999999929, 0.921961846443712]]
1.1054, [[0.7687903225806392,0.0, 0.9297656617993406], [0.8843951612903145,0.0, 0.921961846443712], [0.7687903225806392,0.5226159999999929, 0.921961846443712], [0.7687903225806392,1.0, 0.9141580310880835], [0.8843951612903145,0.0, 0.921961846443712], [0.8843951612903145,0.5226159999999929, 0.9063542157324547], [0.8843951612903145,1.0, 0.8595313235986812], [0.8843951612903145,0.0, 0.921961846443712], [0.9421975806451623,0.0, 0.8985504003768261], [0.8843951612903145,0.0, 0.8985504003768261]]
1.0557, [[0.7687903225806392,1.0, 0.9063542157324547], [0.7687903225806392,1.0, 0.9063542157324547], [0.7687903225806392,0.5226159999999929, 0.9375694771549694], [0.8265927419354768,0.0, 1.0], [0.8843951612903145,0.0, 0.9297656617993406], [0.8843951612903145,0.0, 0.9297656617993406], [0.8843951612903145,0.5226159999999929, 0.8829427696655674], [0.7687903225806392,1.0, 0.8985504003768261], [0.8843951612903145,0.0, 0.921961846443712], [0.8265927419354768,0.0, 0.8751389543099386]]
1.068, [[0.7687903225806392,0.0, 0.9375694771549694], [0.8843951612903145,0.0, 0.9141580310880835], [0.9421975806451623,0.0, 0.9141580310880835], [0.7687903225806392,0.0, 0.9531771078662281], [0.6531854838709639,1.0, 0.9375694771549694], [0.8843951612903145,0.0, 0.9375694771549694], [0.7687903225806392,1.0, 0.9063542157324547], [0.7687903225806392,0.0, 0.9375694771549694], [0.8843951612903145,0.5226159999999929, 0.9063542157324547], [0.7687903225806392,1.0, 0.9063542157324547]]
1.1006, [[0.7687903225806392,0.0, 0.9375694771549694], [0.8843951612903145,1.0, 0.9063542157324547], [0.8843951612903145,0.5226159999999929, 0.921961846443712], [0.7687903225806392,0.0, 0.9297656617993406], [0.8843951612903145,0.0, 0.921961846443712], [0.8843951612903145,0.5226159999999929, 0.9063542157324547], [0.8843951612903145,0.0, 0.921961846443712], [0.3032773173391494,0.5226159999999929, 0.9063542157324547], [0.8843951612903145,0.5226159999999929, 0.8985504003768261], [0.8843951612903145,0.0, 0.9141580310880835]]
1.1054, [[0.9421975806451623,0.0, 0.8829427696655674], [0.8843951612903145,1.0, 0.9141580310880835], [0.8843951612903145,0.0, 0.9297656617993406], [0.8843951612903145,1.0, 0.8751389543099386], [0.8843951612903145,0.5226159999999929, 0.9141580310880835], [0.8843951612903145,0.0, 0.9297656617993406], [0.8843951612903145,0.0, 0.9297656617993406], [0.8843951612903145,0.0, 0.9297656617993406], [0.8843951612903145,0.0, 0.9141580310880835], [0.8265927419354768,0.0, 0.9297656617993406]]
1.1071, [[0.8843951612903145,0.5226159999999929, 0.9375694771549694], [0.32375714285714285,1.0, 0.9063542157324547], [0.8843951612903145,0.0, 0.945373292510598], [0.7687903225806392,1.0, 0.8985504003768261], [0.7687903225806392,1.0, 0.8985504003768261], [0.8843951612903145,1.0, 0.8907465850211973], [0.8843951612903145,0.0, 0.945373292510598], [0.8843951612903145,0.5226159999999929, 0.9141580310880835], [0.7687903225806392,1.0, 0.8907465850211973], [0.8843951612903145,0.0, 0.9375694771549694]]
1.0409, [[0.8843951612903145,0.0, 0.9531771078662281], [0.7687903225806392,1.0, 0.8829427696655674], [0.8843951612903145,0.5226159999999929, 0.8985504003768261], [0.7109879032258015,1.0, 0.8985504003768261], [0.7687903225806392,0.0, 0.9531771078662281], [0.7687903225806392,1.0, 0.8829427696655674], [0.8843951612903145,0.0, 0.921961846443712], [0.7687903225806392,0.5226159999999929, 0.9063542157324547], [0.4086630861504907,0.5226159999999929, 0.9297656617993406], [0.7687903225806392,0.5226159999999929, 0.9063542157324547]]
1.0481, [[0.8843951612903145,0.0, 0.9297656617993406], [0.8843951612903145,0.5226159999999929, 0.921961846443712], [0.7687903225806392,0.5226159999999929, 0.9297656617993406], [0.7687903225806392,1.0, 0.9063542157324547], [0.8843951612903145,0.5226159999999929, 0.921961846443712], [0.8843951612903145,0.0, 0.9297656617993406], [0.8843951612903145,0.5226159999999929, 0.921961846443712], [0.7687903225806392,0.0, 0.9297656617993406], [0.8843951612903145,0.0, 0.9141580310880835], [0.7687903225806392,1.0, 0.8751389543099386]]
1.1048, [[0.8843951612903145,0.0, 0.9375694771549694], [0.8843951612903145,0.5226159999999929, 0.9297656617993406], [0.8843951612903145,1.0, 0.9063542157324547], [0.8843951612903145,1.0, 0.9063542157324547], [0.7687903225806392,0.0, 0.9375694771549694], [0.8843951612903145,0.5226159999999929, 0.921961846443712], [0.8843951612903145,0.5226159999999929, 0.921961846443712], [0.8843951612903145,0.0, 0.9297656617993406], [0.8843951612903145,0.0, 0.9297656617993406], [0.8843951612903145,1.0, 0.8985504003768261]]
1.0436, [[0.3194905125408942,1.0, 0.8985504003768261], [0.7687903225806392,1.0, 0.8907465850211973], [0.8843951612903145,0.5226159999999929, 0.9297656617993406], [0.38348996728462376,1.0, 0.8751389543099386], [0.38284997273718646,1.0, 0.8829427696655674], [0.8843951612903145,0.5226159999999929, 0.921961846443712], [0.8843951612903145,0.0, 0.9297656617993406], [0.304557306434024,1.0, 0.8751389543099386], [0.8843951612903145,0.5226159999999929, 0.9141580310880835], [0.8843951612903145,0.5226159999999929, 0.9141580310880835]]
1.0311, [[0.7687903225806392,1.0, 0.8907465850211973], [0.8843951612903145,0.0, 0.945373292510598], [0.7687903225806392,0.5226159999999929, 0.9063542157324547], [0.8843951612903145,0.5226159999999929, 0.8985504003768261], [0.30541063249727374,0.5226159999999929, 0.9063542157324547], [0.8265927419354768,0.5226159999999929, 0.8985504003768261], [0.8843951612903145,0.0, 0.8985504003768261], [0.8843951612903145,0.0, 0.9375694771549694], [0.8843951612903145,0.5226159999999929, 0.86733513895431], [0.8843951612903145,0.5226159999999929, 0.86733513895431]]
1.1033, [[0.8843951612903145,0.0, 0.9375694771549694], [0.8843951612903145,0.5226159999999929, 0.8907465850211973], [0.8843951612903145,1.0, 0.86733513895431], [0.7687903225806392,1.0, 0.921961846443712], [0.8843951612903145,0.0, 0.9297656617993406], [0.8843951612903145,0.5226159999999929, 0.8829427696655674], [0.7687903225806392,0.5226159999999929, 0.921961846443712], [0.7687903225806392,1.0, 0.9063542157324547], [0.8843951612903145,0.0, 0.9063542157324547], [0.7687903225806392,1.0, 0.8829427696655674]]
1.0891, [[0.6531854838709639,0.5226159999999929, 0.9141580310880835], [0.7109879032258015,1.0, 0.8985504003768261], [0.8843951612903145,0.0, 0.9297656617993406], [0.8843951612903145,1.0, 0.8907465850211973], [0.7687903225806392,0.0, 0.9297656617993406], [0.8843951612903145,0.0, 0.9063542157324547], [0.8843951612903145,0.0, 0.921961846443712], [0.7687903225806392,0.0, 0.9297656617993406], [0.8843951612903145,0.5226159999999929, 0.8517275082430527], [0.7687903225806392,0.5226159999999929, 0.8907465850211973]]
1.0501, [[0.7687903225806392,1.0, 0.8985504003768261], [0.8843951612903145,0.5226159999999929, 0.9375694771549694], [0.7687903225806392,1.0, 0.8907465850211973], [0.8843951612903145,0.5226159999999929, 0.9297656617993406], [0.7687903225806392,1.0, 0.8829427696655674], [0.7687903225806392,1.0, 0.8829427696655674], [0.8843951612903145,0.5226159999999929, 0.921961846443712], [0.8843951612903145,0.0, 0.9297656617993406], [0.7687903225806392,0.5226159999999929, 0.9297656617993406], [0.8843951612903145,0.5226159999999929, 0.9063542157324547]]
1.1122, [[0.8843951612903145,1.0, 0.921961846443712], [0.8843951612903145,0.5226159999999929, 0.9297656617993406], [0.8843951612903145,0.0, 0.9375694771549694], [0.7109879032258015,1.0, 0.921961846443712], [0.8843951612903145,1.0, 0.8907465850211973], [0.8843951612903145,0.0, 0.9375694771549694], [0.8843951612903145,0.5226159999999929, 0.921961846443712], [0.8843951612903145,0.0, 0.9375694771549694], [0.8843951612903145,0.5226159999999929, 0.921961846443712], [0.8843951612903145,0.0, 0.9375694771549694]]
1.0508, [[0.8843951612903145,0.0, 0.9609809232218567], [0.7687903225806392,1.0, 0.9141580310880835], [0.8843951612903145,0.5226159999999929, 0.921961846443712], [0.8843951612903145,0.0, 0.9297656617993406], [0.8843951612903145,0.0, 0.9297656617993406], [0.8843951612903145,0.0, 0.9297656617993406], [0.7687903225806392,1.0, 0.9063542157324547], [0.8843951612903145,0.5226159999999929, 0.9141580310880835], [0.7687903225806392,0.5226159999999929, 0.921961846443712], [0.7687903225806392,0.5226159999999929, 0.921961846443712]]
1.1087, [[0.7687903225806392,1.0, 0.9141580310880835], [0.8843951612903145,0.0, 0.9531771078662281], [0.8843951612903145,1.0, 0.8907465850211973], [0.8843951612903145,0.5226159999999929, 0.9297656617993406], [0.8843951612903145,0.0, 0.9375694771549694], [0.8843951612903145,0.0, 0.9375694771549694], [0.8843951612903145,0.0, 0.9375694771549694], [0.7687903225806392,1.0, 0.8907465850211973], [0.8843951612903145,0.5226159999999929, 0.9141580310880835], [0.8843951612903145,0.0, 0.9141580310880835]]
1.039, [[0.8843951612903145,0.0, 0.9375694771549694], [0.7109879032258015,0.5226159999999929, 0.921961846443712], [0.8843951612903145,0.5226159999999929, 0.8751389543099386], [0.7687903225806392,1.0, 0.8985504003768261], [0.8843951612903145,0.0, 0.9375694771549694], [0.8843951612903145,0.5226159999999929, 0.8751389543099386], [0.8843951612903145,0.0, 0.9297656617993406], [0.7687903225806392,0.5226159999999929, 0.9141580310880835], [0.8843951612903145,0.0, 0.9297656617993406], [0.6531854838709639,0.5226159999999929, 0.9141580310880835]]
1.0984, [[0.8843951612903145,0.0, 0.9297656617993406], [0.8843951612903145,1.0, 0.8907465850211973], [0.8843951612903145,0.0, 0.9297656617993406], [0.9421975806451623,0.0, 0.8751389543099386], [0.8843951612903145,0.5226159999999929, 0.921961846443712], [0.8843951612903145,0.0, 0.9297656617993406], [0.8843951612903145,0.5226159999999929, 0.921961846443712], [0.8843951612903145,0.5226159999999929, 0.9141580310880835], [0.8843951612903145,0.0, 0.9297656617993406], [0.7687903225806392,1.0, 0.8907465850211973]]
1.1003, [[0.8843951612903145,0.0, 0.9375694771549694], [0.8843951612903145,1.0, 0.9063542157324547], [0.8843951612903145,0.0, 0.9375694771549694], [0.7687903225806392,0.5226159999999929, 0.921961846443712], [0.8843951612903145,0.0, 0.9375694771549694], [0.8843951612903145,1.0, 0.9063542157324547], [0.8843951612903145,0.5226159999999929, 0.9141580310880835], [0.8843951612903145,0.0, 0.9297656617993406], [0.8843951612903145,1.0, 0.8907465850211973], [0.8843951612903145,0.5226159999999929, 0.8985504003768261]]
1.1096, [[0.7687903225806392,0.0, 0.9531771078662281], [0.8843951612903145,0.0, 0.945373292510598], [0.8843951612903145,0.0, 0.9297656617993406], [0.8843951612903145,1.0, 0.921961846443712], [0.8843951612903145,0.0, 0.9375694771549694], [0.8843951612903145,1.0, 0.8907465850211973], [0.8843951612903145,0.5226159999999929, 0.921961846443712], [0.7687903225806392,1.0, 0.9063542157324547], [0.8843951612903145,0.0, 0.9141580310880835], [0.7687903225806392,1.0, 0.86733513895431]]
1.1052, [[0.7687903225806392,0.0, 0.945373292510598], [0.8843951612903145,1.0, 0.9141580310880835], [0.8843951612903145,0.0, 0.9297656617993406], [0.8843951612903145,0.0, 0.9375694771549694], [0.8843951612903145,0.5226159999999929, 0.921961846443712], [0.8843951612903145,1.0, 0.9063542157324547], [0.8843951612903145,0.0, 0.9297656617993406], [0.8843951612903145,0.5226159999999929, 0.9141580310880835], [0.7687903225806392,0.0, 0.921961846443712], [0.31970384405670665,0.0, 0.9141580310880835]]
1.0935, [[0.8843951612903145,0.0, 0.9375694771549694], [0.8843951612903145,1.0, 0.8907465850211973], [0.8843951612903145,0.5226159999999929, 0.921961846443712], [0.8843951612903145,0.0, 0.9297656617993406], [0.8843951612903145,0.0, 0.9297656617993406], [0.8843951612903145,0.0, 0.9297656617993406], [0.8843951612903145,0.5226159999999929, 0.9141580310880835], [0.8843951612903145,0.0, 0.921961846443712], [0.8843951612903145,0.5226159999999929, 0.9141580310880835], [0.3201305070883315,0.5226159999999929, 0.9141580310880835]]
1.1058, [[0.8843951612903145,0.0, 0.9297656617993406], [0.8843951612903145,0.0, 0.9297656617993406], [0.8843951612903145,1.0, 0.8985504003768261], [0.8843951612903145,0.5226159999999929, 0.921961846443712], [0.9421975806451623,0.0, 0.9141580310880835], [0.7687903225806392,0.5226159999999929, 0.9297656617993406], [0.7687903225806392,1.0, 0.8907465850211973], [0.8843951612903145,1.0, 0.86733513895431], [0.8843951612903145,0.5226159999999929, 0.9141580310880835], [0.8843951612903145,0.5226159999999929, 0.9141580310880835]]
1.1221, [[0.8843951612903145,1.0, 0.9141580310880835], [0.8843951612903145,0.5226159999999929, 0.9531771078662281], [0.7687903225806392,1.0, 0.8829427696655674], [0.8843951612903145,0.0, 0.945373292510598], [0.8843951612903145,0.5226159999999929, 0.9297656617993406], [0.7687903225806392,1.0, 0.8751389543099386], [0.8843951612903145,0.0, 0.9375694771549694], [0.8843951612903145,0.5226159999999929, 0.921961846443712], [0.8843951612903145,0.5226159999999929, 0.921961846443712], [0.7687903225806392,0.5226159999999929, 0.9297656617993406]]
1.1105, [[0.7687903225806392,1.0, 0.921961846443712], [0.8843951612903145,0.5226159999999929, 0.9297656617993406], [0.7687903225806392,1.0, 0.921961846443712], [0.8843951612903145,1.0, 0.9063542157324547], [0.8843951612903145,0.5226159999999929, 0.921961846443712], [0.8843951612903145,0.0, 0.9297656617993406], [0.8843951612903145,0.5226159999999929, 0.921961846443712], [0.8843951612903145,0.5226159999999929, 0.921961846443712], [0.8843951612903145,0.0, 0.9297656617993406], [0.8843951612903145,1.0, 0.8751389543099386]]
1.0532, [[0.7687903225806392,0.0, 0.945373292510598], [0.8843951612903145,0.5226159999999929, 0.9297656617993406], [0.8843951612903145,0.0, 0.9375694771549694], [0.7687903225806392,1.0, 0.9141580310880835], [0.8843951612903145,0.5226159999999929, 0.921961846443712], [0.7687903225806392,0.5226159999999929, 0.9297656617993406], [0.7687903225806392,1.0, 0.9063542157324547], [0.8843951612903145,0.0, 0.9141580310880835], [0.8843951612903145,0.5226159999999929, 0.9063542157324547], [0.7687903225806392,0.5226159999999929, 0.921961846443712]]
1.1119, [[0.7687903225806392,0.5226159999999929, 0.9375694771549694], [0.8843951612903145,0.0, 0.945373292510598], [0.8843951612903145,1.0, 0.9141580310880835], [0.7687903225806392,0.0, 0.9375694771549694], [0.8843951612903145,0.0, 0.9297656617993406], [0.7687903225806392,1.0, 0.8751389543099386], [0.7687903225806392,0.5226159999999929, 0.9141580310880835], [0.32631712104689203,1.0, 0.8985504003768261], [0.7687903225806392,0.5226159999999929, 0.9141580310880835], [0.7687903225806392,1.0, 0.8751389543099386]]
1.1002, [[0.8843951612903145,0.0, 0.9531771078662281], [0.31821052344601963,1.0, 0.9063542157324547], [0.8843951612903145,0.5226159999999929, 0.921961846443712], [0.8843951612903145,0.5226159999999929, 0.921961846443712], [0.8843951612903145,1.0, 0.8985504003768261], [0.8843951612903145,0.0, 0.9375694771549694], [0.8843951612903145,0.5226159999999929, 0.9141580310880835], [0.8843951612903145,0.5226159999999929, 0.9141580310880835], [0.8843951612903145,1.0, 0.8829427696655674], [0.8843951612903145,0.5226159999999929, 0.9141580310880835]]
1.0412, [[0.8843951612903145,0.0, 0.9375694771549694], [0.8843951612903145,0.0, 0.9375694771549694], [0.8843951612903145,0.5226159999999929, 0.921961846443712], [0.7687903225806392,1.0, 0.8829427696655674], [0.6531854838709639,1.0, 0.8985504003768261], [0.8843951612903145,0.0, 0.9297656617993406], [0.6531854838709639,1.0, 0.8907465850211973], [0.8843951612903145,0.5226159999999929, 0.9141580310880835], [0.8843951612903145,0.0, 0.9297656617993406], [0.6531854838709639,1.0, 0.8907465850211973]]
1.1026, [[0.8843951612903145,0.0, 0.921961846443712], [0.7687903225806392,0.5226159999999929, 0.921961846443712], [0.8843951612903145,1.0, 0.8985504003768261], [0.8843951612903145,0.0, 0.921961846443712], [0.8843951612903145,0.0, 0.921961846443712], [0.8843951612903145,0.0, 0.921961846443712], [0.9421975806451623,0.0, 0.8907465850211973], [0.8265927419354768,0.0, 0.945373292510598], [0.8843951612903145,0.5226159999999929, 0.9063542157324547], [0.8265927419354768,0.0, 0.921961846443712]]
1.042, [[0.8843951612903145,0.0, 0.9375694771549694], [0.7687903225806392,1.0, 0.8985504003768261], [0.8843951612903145,0.5226159999999929, 0.921961846443712], [0.8843951612903145,0.0, 0.9375694771549694], [0.7687903225806392,1.0, 0.8907465850211973], [0.8843951612903145,0.5226159999999929, 0.9141580310880835], [0.8843951612903145,0.0, 0.921961846443712], [0.8843951612903145,0.0, 0.921961846443712], [0.8843951612903145,0.0, 0.921961846443712], [0.8843951612903145,0.0, 0.921961846443712]]
1.1096, [[0.8843951612903145,0.5226159999999929, 0.9141580310880835], [0.7687903225806392,0.5226159999999929, 0.9375694771549694], [0.8843951612903145,1.0, 0.8907465850211973], [0.8843951612903145,0.0, 0.921961846443712], [0.8843951612903145,0.0, 0.921961846443712], [0.7687903225806392,1.0, 0.9141580310880835], [0.8843951612903145,0.0, 0.9063542157324547], [0.6531854838709639,0.5226159999999929, 0.9063542157324547], [0.7687903225806392,1.0, 0.8907465850211973], [0.7687903225806392,0.0, 0.921961846443712]]
0.9775, [[0.7687903225806392,1.0, 0.8985504003768261], [0.7687903225806392,0.5226159999999929, 0.9141580310880835], [0.8843951612903145,0.0, 0.945373292510598], [0.7687903225806392,0.5226159999999929, 0.9141580310880835], [0.7687903225806392,0.0, 0.9297656617993406], [0.7687903225806392,1.0, 0.8907465850211973], [0.7687903225806392,1.0, 0.8907465850211973], [0.7687903225806392,0.0, 0.9375694771549694], [0.8843951612903145,0.0, 0.9297656617993406], [0.7687903225806392,0.0, 0.921961846443712]]
1.1083, [[0.8843951612903145,1.0, 0.9063542157324547], [0.8843951612903145,0.5226159999999929, 0.9297656617993406], [0.7687903225806392,0.5226159999999929, 0.9375694771549694], [0.31821052344601963,1.0, 0.9063542157324547], [0.31842385496183206,1.0, 0.8907465850211973], [0.38284997273718646,1.0, 0.86733513895431], [0.8843951612903145,0.0, 0.9297656617993406], [0.8843951612903145,0.0, 0.9297656617993406], [0.8843951612903145,0.5226159999999929, 0.9063542157324547], [0.8843951612903145,0.0, 0.9297656617993406]]
1.1014, [[0.8265927419354768,0.0, 0.945373292510598], [0.8843951612903145,0.0, 0.9297656617993406], [0.8843951612903145,1.0, 0.8985504003768261], [0.8843951612903145,0.0, 0.9297656617993406], [0.7687903225806392,0.5226159999999929, 0.9297656617993406], [0.8843951612903145,0.5226159999999929, 0.921961846443712], [0.8843951612903145,0.0, 0.921961846443712], [0.8265927419354768,0.5226159999999929, 0.8907465850211973], [0.7687903225806392,1.0, 0.8907465850211973], [0.7687903225806392,0.0, 0.9297656617993406]]
1.0348, [[0.7687903225806392,1.0, 0.8907465850211973], [0.8843951612903145,0.5226159999999929, 0.9141580310880835], [0.8843951612903145,0.5226159999999929, 0.9141580310880835], [0.8843951612903145,0.0, 0.9375694771549694], [0.6531854838709639,0.0, 0.921961846443712], [0.7109879032258015,0.0, 0.8985504003768261], [0.7687903225806392,0.0, 0.9297656617993406], [0.8843951612903145,0.0, 0.921961846443712], [0.7687903225806392,0.0, 0.9297656617993406], [0.8843951612903145,0.0, 0.921961846443712]]
0.9968, [[0.8843951612903145,0.0, 0.9375694771549694], [0.7687903225806392,1.0, 0.9297656617993406], [0.8843951612903145,0.0, 0.9297656617993406], [0.8843951612903145,0.0, 0.9297656617993406], [0.8843951612903145,0.0, 0.9297656617993406], [0.7687903225806392,0.5226159999999929, 0.9141580310880835], [0.7687903225806392,1.0, 0.8907465850211973], [0.7687903225806392,0.5226159999999929, 0.9141580310880835], [0.8843951612903145,0.0, 0.9063542157324547], [0.32162382769901854,0.5226159999999929, 0.9141580310880835]]
1.1059, [[0.8843951612903145,0.0, 0.945373292510598], [0.7687903225806392,0.0, 0.9531771078662281], [0.8843951612903145,1.0, 0.9141580310880835], [0.8843951612903145,0.5226159999999929, 0.921961846443712], [0.8843951612903145,0.0, 0.9297656617993406], [0.7687903225806392,0.0, 0.945373292510598], [0.7687903225806392,1.0, 0.9141580310880835], [0.7687903225806392,0.0, 0.921961846443712], [0.8843951612903145,0.5226159999999929, 0.9063542157324547], [0.8843951612903145,0.0, 0.8907465850211973]]
