mean:0.997675,,,,,,,,,,,,,,,,,,,,
mean:0.999095,,,,,,,,,,,,,,,,,,,,
0.9924, [[0.8694188256496541, 0.8313057596453788], [0.8606061266895965, 0.8434322048924635], [0.8954991136998693, 0.19921250409165303], [0.8609285963758537, 0.19630197872340416], [0.8592632392290166, 0.19483760229132568], [0.7604347103263225, 0.9012716417665414], [0.7915224030014208, 0.19232824331696666], [0.7780976831195804, 0.19735931478450627], [0.8222658720898042, 0.8526921950418649], [0.6604807863342749, 0.9272771259234942]]
1.0177, [[0.8307423779126387, 0.9692376026924979], [0.8687120427756645, 0.0], [0.8509982969963007, 0.8501831223116082], [0.550866344652775, 0.8706033235921844], [0.7006043481606129, 0.7946838299129867], [0.8419296444808402, 0.6903518463306512], [0.5160216183915243, 0.8558509463142342], [0.21960579073987793, 0.6859892963388614], [0.6702266166331157, 0.7947554247250045], [0.8590379521879321, 0.1860595591925805]]
0.9841, [[0.7938889401600788, 0.7494273291741909], [0.5127719573395216, 0.7518331515350523], [0.8968552533393374, 0.7936746980791336], [0.8899729551038631, 0.7671940847151533], [0.0, 0.0], [0.5313478886746101, 0.9111049821047444], [0.8694188256496541, 0.8313057596453788], [0.9565577891706321, 0.0], [0.5884950287627372, 0.8384871334756197], [0.7192139358173326, 0.7782480870136275]]
0.7546, [[0.547415884872466, 0.8545536601543264], [0.6892879977473987, 0.7690416450500737], [0.22720752965009866, 0.7249445660811031], [0.0, 0.68858948973896], [0.0, 0.5382365384994247], [0.4924734384193881, 0.1950448668848881], [0.6688282083120906, 0.18980786306601202], [0.5481535128540048, 0.19411310474631743], [0.5378390149121521, 0.19561500600109114], [0.7347039972194578, 0.1930084740861974]]
0.9957, [[0.6124185680393489, 0.9564561536693494], [0.8714464090194115, 0.7636528041372521], [0.9154168137589505, 0.19861063338788867], [0.6986250625370118, 0.8150782925627982], [0.8755678366533627, 0.6362294227548837], [0.5251149322306062, 0.7553297593170243], [0.2152335487523024, 0.7119921178788388], [0.4856666525978069, 0.18637461429350793], [0.5208817672032197, 0.18628434478996184], [0.0, 0.16061831022699505]]
0.9653, [[0.8509982969963007, 0.8501831223116082], [0.8767649501461828, 0.0], [0.8222658720898042, 0.8526921950418649], [0.6604807863342749, 0.9272771259234942], [0.8419296444808402, 0.6903518463306512], [0.6612768033785532, 0.9164473751436553], [0.550866344652775, 0.8706033235921844], [0.5483297239829275, 0.7989321832211452], [0.6702266166331157, 0.7947554247250045], [0.7006043481606129, 0.7946838299129867]]
0.936, [[0.8419296444808402, 0.6903518463306512], [0.8222658720898042, 0.8526921950418649], [0.7604347103263225, 0.9012716417665414], [0.7192139358173326, 0.7782480870136275], [0.6999589289355244, 0.7056681067148252], [0.6828768334448487, 0.6768949801346251], [0.6595771994191547, 0.8304374506649156], [0.6088257343530264, 0.701272421934002], [0.0, 0.6050569824330971], [0.550866344652775, 0.8706033235921844]]
1.0195, [[0.8509982969963007, 0.8501831223116082], [0.8682349643357208, 0.19148852700491], [0.8307423779126387, 0.9692376026924979], [0.8419296444808402, 0.6903518463306512], [0.7761829394184856, 0.7690150188803149], [0.6604807863342749, 0.9272771259234942], [0.6612768033785532, 0.9164473751436553], [0.6210026437330254, 0.8676421976686917], [0.553616057850623, 0.8577414043671001], [0.6217771468031329, 0.8299034480380899]]
1.0204, [[0.8307423779126387, 0.9692376026924979], [0.8601423004285409, 0.7571148960761791], [0.553616057850623, 0.8577414043671001], [0.7334131587692807, 0.8473329387621074], [0.5455021500536951, 0.8573869804629786], [0.5525628890103141, 0.0], [0.5376791955161523, 0.7048622213101295], [0.0, 0.19057519421713034], [0.0, 0.19205989743589733], [0.0, 0.1967198385160938]]
0.9641, [[0.8687120427756645, 0.0], [0.7779685992745614, 0.7279666363487116], [0.6612768033785532, 0.9164473751436553], [0.8419296444808402, 0.6903518463306512], [0.7006043481606129, 0.7946838299129867], [0.6604807863342749, 0.9272771259234942], [0.550866344652775, 0.8706033235921844], [0.8509982969963007, 0.8501831223116082], [0.5160216183915243, 0.8558509463142342], [0.6170010445374814, 0.5282159274339189]]
1.0543, [[0.8968552533393374, 0.7936746980791336], [0.8307423779126387, 0.9692376026924979], [0.6612768033785532, 0.9164473751436553], [0.6894170815924114, 0.720432317846003], [0.6210026437330254, 0.8676421976686917], [0.550866344652775, 0.8706033235921844], [0.5451005525970799, 0.8170749594483668], [0.5190540889822952, 0.8323850070595961], [0.5483297239829275, 0.7989321832211452], [0.5210825659315271, 0.7901277964209494]]
0.9258, [[0.8755678366533627, 0.6362294227548837], [0.9154168137589505, 0.19861063338788867], [0.8714464090194115, 0.7636528041372521], [0.8539712024600188, 0.5963638338532272], [0.8514577058643936, 0.0], [0.7938889401600788, 0.7494273291741909], [0.553616057850623, 0.8577414043671001], [0.6624600719578823, 0.8419506064685605], [0.6986250625370118, 0.8150782925627982], [0.5017813004145928, 0.7346453672631745]]
0.9687, [[0.5190540889822952, 0.8323850070595961], [0.9799025440189029, 0.0], [0.5210825659315271, 0.7901277964209494], [0.17558526345581804, 0.6925387424068299], [0.8509982969963007, 0.8501831223116082], [0.0, 0.5723280945657523], [0.8606061266895965, 0.8434322048924635], [0.550866344652775, 0.8706033235921844], [0.8222658720898042, 0.8526921950418649], [0.7604347103263225, 0.9012716417665414]]
0.9905, [[0.6604807863342749, 0.9272771259234942], [0.7604347103263225, 0.9012716417665414], [0.8606061266895965, 0.8434322048924635], [0.9078355215218085, 0.19796548499727215], [0.6612768033785532, 0.9164473751436553], [0.8222658720898042, 0.8526921950418649], [0.8954991136998693, 0.19921250409165303], [0.5313478886746101, 0.9111049821047444], [0.8656993807752834, 0.20067875777414065], [0.8609285963758537, 0.19630197872340416]]
1.0405, [[0.8448555449679033, 0.8733614989328515], [0.547415884872466, 0.8545536601543264], [0.551304823508468, 0.8513117760630435], [0.9742133786807429, 0.8336041897882114], [0.5492394651601593, 0.8314350444918731], [0.7940395379792687, 0.7854483950090306], [0.0, 0.5467196361845346], [0.7803566504073902, 0.7884030123132486], [0.20807897095443056, 0.7114687657199148], [0.7939534820825915, 0.7926235560663267]]
0.9232, [[0.9154168137589505, 0.19861063338788867], [0.6210026437330254, 0.8676421976686917], [0.7761829394184856, 0.7690150188803149], [0.8755678366533627, 0.6362294227548837], [0.6986250625370118, 0.8150782925627982], [0.7938889401600788, 0.7494273291741909], [0.553616057850623, 0.8577414043671001], [0.831645964827759, 0.6248736571991456], [0.5210825659315271, 0.7901277964209494], [0.5242133869198364, 0.7516009121654904]]
1.0477, [[0.8307423779126387, 0.9692376026924979], [0.9637299728890772, 0.0], [0.8760316629144184, 0.8669437044820227], [0.5313478886746101, 0.9111049821047444], [0.7604347103263225, 0.9012716417665414], [0.8222658720898042, 0.8526921950418649], [0.8606061266895965, 0.8434322048924635], [0.5107475783235207, 0.817882915777376], [0.5107475783235207, 0.817882915777376], [0.5621834383532903, 0.8148368819569862]]
1.0011, [[0.9154168137589505, 0.19861063338788867], [0.8968552533393374, 0.7936746980791336], [0.8694188256496541, 0.8313057596453788], [0.7604347103263225, 0.9012716417665414], [0.8606061266895965, 0.8434322048924635], [0.550866344652775, 0.8706033235921844], [0.5313478886746101, 0.9111049821047444], [0.5390520031484608, 0.6333253951732056], [0.8222658720898042, 0.8526921950418649], [0.6897828191532974, 0.8110911715646035]]
1.0274, [[0.9742133786807429, 0.8336041897882114], [0.8968552533393374, 0.7936746980791336], [0.5076741284004419, 0.5967120449844039], [0.5509360095176985, 0.0], [0.6210026437330254, 0.8676421976686917], [0.6355245762975177, 0.7093969538663611], [0.5210825659315271, 0.7901277964209494], [0.6217771468031329, 0.8299034480380899], [0.5081740762545965, 0.34378029551797834], [0.5081740762545965, 0.34378029551797834]]
0.9459, [[0.8968552533393374, 0.7936746980791336], [0.6210026437330254, 0.8676421976686917], [0.8934847825089988, 0.18732906492089468], [0.5884950287627372, 0.8384871334756197], [0.5884950287627372, 0.8384871334756197], [0.8899729551038631, 0.7671940847151533], [0.6217771468031329, 0.8299034480380899], [0.8755678366533627, 0.6362294227548837], [0.6986250625370118, 0.8150782925627982], [0.5547511853555471, 0.7966177773764579]]
1.0204, [[0.8307423779126387, 0.9692376026924979], [0.553616057850623, 0.8577414043671001], [0.6624600719578823, 0.8419506064685605], [0.595723724083724, 0.8239391860121488], [0.5451005525970799, 0.8170749594483668], [0.45143398521777006, 0.7842836480052544], [0.8601423004285409, 0.7571148960761791], [0.7160728955885735, 0.748953975045149], [0.8419296444808402, 0.6903518463306512], [0.0, 0.2311616912165848]]
0.7679, [[0.5455021500536951, 0.8573869804629786], [0.551304823508468, 0.8513117760630435], [0.5313929659401488, 0.8372016811689375], [0.5049817862678256, 0.8255417855852899], [0.7076824456624223, 0.823119395829914], [0.5128088387385995, 0.8108240223280248], [0.5110631191822905, 0.8057662334592033], [0.0, 0.19329718712493182], [0.6071476443677924, 0.600680823510096], [0.4104939011522391, 0.567877678213758]]
0.9438, [[0.8760316629144184, 0.8669437044820227], [0.8694188256496541, 0.8313057596453788], [0.6595771994191547, 0.8304374506649156], [0.6432050650760739, 0.6829929647020196], [0.5543823713647776, 0.8178917911672963], [0.5693691057259416, 0.6815572224593673], [0.0, 0.7149363805614848], [0.5574722130207792, 0.6662800137908396], [0.4054757597801259, 0.6171215957970784], [0.0, 0.45151184928583127]]
1.1565, [[0.951380009480846, 0.9999881661467743], [0.8307423779126387, 0.9692376026924979], [0.8526724889290632, 0.7866817783615172], [0.6604807863342749, 0.9272771259234942], [0.6612768033785532, 0.9164473751436553], [0.8419296444808402, 0.6903518463306512], [0.550866344652775, 0.8706033235921844], [0.7779685992745614, 0.7279666363487116], [0.7006043481606129, 0.7946838299129867], [0.6859103038027662, 0.7801636920045962]]
0.8232, [[0.5492394651601593, 0.8314350444918731], [0.7939534820825915, 0.7926235560663267], [0.7013788512307204, 0.7367109663437855], [0.6892879977473987, 0.7690416450500737], [0.3537044398817145, 0.7743834463963226], [0.5693691057259416, 0.6815572224593673], [0.531929795193379, 0.7084570500738802], [0.4721027655227026, 0.6967131341323273], [0.5165420559118314, 0.6808424577245116], [0.0, 0.5880464101132824]]
0.5841, [[0.5185541411281406, 0.6869481342965025], [0.8637689800507001, 0.03659171823154888], [0.8394985653996696, 0.1852634233496999], [0.3724852066011064, 0.5610474739780014], [0.7111677094778968, 0.1976490774686307], [0.3509221040714326, 0.18976844080741956], [0.749118359913102, 0.18798654664484452], [0.5476576629330812, 0.18688498417894162], [0.4828346322194815, 0.1853679236224768], [0.22715784508206954, 0.183809543371522]]
1.1778, [[0.951380009480846, 0.9999881661467743], [0.9742133786807429, 0.8336041897882114], [0.6604807863342749, 0.9272771259234942], [0.8968552533393374, 0.7936746980791336], [0.8448555449679033, 0.8733614989328515], [0.7939534820825915, 0.7926235560663267], [0.7909200117246741, 0.7613730123132498], [0.7779685992745614, 0.7279666363487116], [0.7938889401600788, 0.7494273291741909], [0.6894170815924114, 0.720432317846003]]
0.9412, [[0.8968552533393374, 0.7936746980791336], [0.6897828191532974, 0.8110911715646035], [0.6595771994191547, 0.8304374506649156], [0.5421049634053856, 0.864460074536201], [0.8899729551038631, 0.7671940847151533], [0.5313929659401488, 0.8372016811689375], [0.7938889401600788, 0.7494273291741909], [0.5360973932890742, 0.7845345256936465], [0.07517275144556781, 0.7260356473485481], [0.07517275144556781, 0.7260356473485481]]
1.1565, [[0.553616057850623, 0.8577414043671001], [0.6604807863342749, 0.9272771259234942], [0.7761829394184856, 0.7690150188803149], [0.6702266166331157, 0.7947554247250045], [0.5242133869198364, 0.7516009121654904], [0.951380009480846, 0.9999881661467743], [0.0, 0.0], [0.6612768033785532, 0.9164473751436553], [0.7160728955885735, 0.748953975045149], [0.7160728955885735, 0.748953975045149]]
1.1778, [[0.951380009480846, 0.9999881661467743], [0.9742133786807429, 0.8336041897882114], [0.8760316629144184, 0.8669437044820227], [0.8222658720898042, 0.8526921950418649], [0.7604347103263225, 0.9012716417665414], [0.6124185680393489, 0.9564561536693494], [0.5313478886746101, 0.9111049821047444], [0.7192139358173326, 0.7782480870136275], [0.5553126022081621, 0.8182968047939576], [0.5279343102933767, 0.7626661566245283]]
0.9919, [[0.7604347103263225, 0.9012716417665414], [0.8760316629144184, 0.8669437044820227], [0.550866344652775, 0.8706033235921844], [0.8222658720898042, 0.8526921950418649], [0.8968552533393374, 0.7936746980791336], [0.8509982969963007, 0.8501831223116082], [0.6210026437330254, 0.8676421976686917], [0.8682349643357208, 0.19148852700491], [0.7761829394184856, 0.7690150188803149], [0.7192139358173326, 0.7782480870136275]]
0.89, [[0.547415884872466, 0.8545536601543264], [0.6770250324707163, 0.7968645132162208], [0.8526724889290632, 0.7866817783615172], [0.5420885716724628, 0.7843445923493683], [0.5492640527595429, 0.7604295583648015], [0.7297557831604456, 0.6978323208011825], [0.6034902687589574, 0.7089469715974387], [0.5150708978819847, 0.7568010031193576], [0.6948386030831577, 0.6584270687900184], [0.7150187108542572, 0.0]]
0.9541, [[0.8509982969963007, 0.8501831223116082], [0.6612768033785532, 0.9164473751436553], [0.6624600719578823, 0.8419506064685605], [0.7160728955885735, 0.748953975045149], [0.550866344652775, 0.8706033235921844], [0.6210026437330254, 0.8676421976686917], [0.6702266166331157, 0.7947554247250045], [0.553616057850623, 0.8577414043671001], [0.5160216183915243, 0.8558509463142342], [0.5431089570469246, 0.64058013889345]]
1.1565, [[0.951380009480846, 0.9999881661467743], [0.553616057850623, 0.8577414043671001], [0.547415884872466, 0.8545536601543264], [0.7334131587692807, 0.8473329387621074], [0.6770250324707163, 0.7968645132162208], [0.595723724083724, 0.8239391860121488], [0.710801971917017, 0.8068942955179768], [0.8601423004285409, 0.7571148960761791], [0.5827507976594466, 0.664032173370547], [0.5575295840860098, 0.5782784518141522]]
0.9197, [[0.8448555449679033, 0.8733614989328515], [0.8222658720898042, 0.8526921950418649], [0.7336928404334895, 0.6010769617468392], [0.7909200117246741, 0.7613730123132498], [0.533253427626919, 0.7958612983089804], [0.5464979478287721, 0.6503196959448379], [0.5461865049032344, 0.7157413784271887], [0.5100632234739825, 0.7741517987194227], [0.0, 0.5415387752421617], [0.39047102023182984, 0.6820317599737309]]
0.9028, [[0.8694188256496541, 0.8313057596453788], [0.8334961666063474, 0.8157122912493839], [0.5543823713647776, 0.8178917911672963], [0.7940395379792687, 0.7854483950090306], [0.7939534820825915, 0.7926235560663267], [0.6892879977473987, 0.7690416450500737], [0.7013788512307204, 0.7367109663437855], [0.7322729181382934, 0.18547664266230227], [0.0, 0.7149363805614848], [0.569089424061739, 0.596364721392219]]
1.1565, [[0.951380009480846, 0.9999881661467743], [0.6612768033785532, 0.9164473751436553], [0.6604807863342749, 0.9272771259234942], [0.8509982969963007, 0.8501831223116082], [0.8222658720898042, 0.8526921950418649], [0.6702266166331157, 0.7947554247250045], [0.5223570231662974, 0.19054957883251494], [0.5160216183915243, 0.8558509463142342], [0.5107475783235207, 0.817882915777376], [0.0, 0.19421247790507368]]
0.7194, [[0.8850475619507482, 0.19702825259138018], [0.547415884872466, 0.8545536601543264], [0.5492394651601593, 0.8314350444918731], [0.4491484950878951, 0.8207700801182074], [0.5110631191822905, 0.8057662334592033], [0.5025517118619774, 0.7921555271712358], [0.3537044398817145, 0.7743834463963226], [0.0, 0.6680802387128553], [0.5461865049032344, 0.7157413784271887], [0.0, 0.5443070093580686]]
1.1565, [[0.951380009480846, 0.9999881661467743], [0.5621834383532903, 0.8148368819569862], [0.5621834383532903, 0.8148368819569862], [0.8021287922670465, 0.7424311551469392], [0.5025517118619774, 0.7921555271712358], [0.5555912616678553, 0.7741884836644234], [0.27778641991553626, 0.7440272461008056], [0.5461865049032344, 0.7157413784271887], [0.6999589289355244, 0.7056681067148252], [0.0, 0.5415387752421617]]
1.0165, [[0.547415884872466, 0.8545536601543264], [0.9742133786807429, 0.8336041897882114], [0.710801971917017, 0.8068942955179768], [0.6770250324707163, 0.7968645132162208], [0.5693691057259416, 0.6815572224593673], [0.5101779656044436, 0.7697945739615839], [0.5150708978819847, 0.7568010031193576], [0.5219882091755279, 0.7462144380233122], [0.0, 0.7252981024462328], [0.0, 0.5646902298473164]]
1.1565, [[0.951380009480846, 0.9999881661467743], [0.8601423004285409, 0.7571148960761791], [0.7334131587692807, 0.8473329387621074], [0.5455021500536951, 0.8573869804629786], [0.710801971917017, 0.8068942955179768], [0.5049817862678256, 0.8255417855852899], [0.6770250324707163, 0.7968645132162208], [0.40567449805228584, 0.7687827795107531], [0.39787402086989065, 0.7782282653094734], [0.0, 0.6037135442456085]]
1.1565, [[0.951380009480846, 0.9999881661467743], [0.8509982969963007, 0.8501831223116082], [0.7779685992745614, 0.7279666363487116], [0.7192139358173326, 0.7782480870136275], [0.6859103038027662, 0.7801636920045962], [0.6612768033785532, 0.9164473751436553], [0.6604807863342749, 0.9272771259234942], [0.5553126022081621, 0.8182968047939576], [0.5416541907500008, 0.7755147627647354], [0.5313478886746101, 0.9111049821047444]]
1.0405, [[0.8448555449679033, 0.8733614989328515], [0.9742133786807429, 0.8336041897882114], [0.547415884872466, 0.8545536601543264], [0.6217771468031329, 0.8299034480380899], [0.5492394651601593, 0.8314350444918731], [0.7939534820825915, 0.7926235560663267], [0.6770250324707163, 0.7968645132162208], [0.6355245762975177, 0.7093969538663611], [0.7297557831604456, 0.6978323208011825], [0.5447481303392333, 0.6894039546872439]]
1.0405, [[0.9742133786807429, 0.8336041897882114], [0.8448555449679033, 0.8733614989328515], [0.7076824456624223, 0.823119395829914], [0.551304823508468, 0.8513117760630435], [0.5461865049032344, 0.7157413784271887], [0.5460799586392341, 0.722904705631259], [0.5110631191822905, 0.8057662334592033], [0.5025517118619774, 0.7921555271712358], [0.27778641991553626, 0.7440272461008056], [0.0901774909938639, 0.7617221109834182]]
1.1565, [[0.951380009480846, 0.9999881661467743], [0.547415884872466, 0.8545536601543264], [0.5165543497115246, 0.8207937478246587], [0.5555912616678553, 0.7741884836644234], [0.8021287922670465, 0.7424311551469392], [0.5192712794435257, 0.711085348875389], [0.6999589289355244, 0.7056681067148252], [0.6791118879651655, 0.6880383280249556], [0.23734318153041228, 0.6560957997044823], [0.5025681035949002, 0.6444060236414386]]
1.1565, [[0.951380009480846, 0.9999881661467743], [0.6612768033785532, 0.9164473751436553], [0.6702266166331157, 0.7947554247250045], [0.7192139358173326, 0.7782480870136275], [0.6859103038027662, 0.7801636920045962], [0.5553126022081621, 0.8182968047939576], [0.6305978762126764, 0.7132124839927758], [0.533253427626919, 0.7958612983089804], [0.5472724572093889, 0.6002417875554094], [0.5350933996475351, 0.0]]
1.0405, [[0.8448555449679033, 0.8733614989328515], [0.9742133786807429, 0.8336041897882114], [0.551304823508468, 0.8513117760630435], [0.595723724083724, 0.8239391860121488], [0.7076824456624223, 0.823119395829914], [0.5110631191822905, 0.8057662334592033], [0.5460799586392341, 0.722904705631259], [0.6797573071902541, 0.0], [0.5112229385782904, 0.6220785010671479], [0.4549615895486624, 0.6018754509932682]]
1.0144, [[0.9742133786807429, 0.8336041897882114], [0.551304823508468, 0.8513117760630435], [0.5621834383532903, 0.8148368819569862], [0.7803566504073902, 0.7884030123132486], [0.5100632234739825, 0.7741517987194227], [0.5510466537149286, 0.7087623634871114], [0.0901774909938639, 0.7617221109834182], [0.5464979478287721, 0.6503196959448379], [0.27778641991553626, 0.7440272461008056], [0.0, 0.18822346372067641]]
0.9992, [[0.8760316629144184, 0.8669437044820227], [0.8656993807752834, 0.20067875777414065], [0.8509982969963007, 0.8501831223116082], [0.8954991136998693, 0.19921250409165303], [0.8222658720898042, 0.8526921950418649], [0.9078355215218085, 0.19796548499727215], [0.6604807863342749, 0.9272771259234942], [0.6612768033785532, 0.9164473751436553], [0.5553126022081621, 0.8182968047939576], [0.5313478886746101, 0.9111049821047444]]
1.0543, [[0.8307423779126387, 0.9692376026924979], [0.8968552533393374, 0.7936746980791336], [0.6604807863342749, 0.9272771259234942], [0.6612768033785532, 0.9164473751436553], [0.8526724889290632, 0.7866817783615172], [0.5313478886746101, 0.9111049821047444], [0.5547511853555471, 0.7966177773764579], [0.8223519279864876, 0.0], [0.7761829394184856, 0.7690150188803149], [0.7779685992745614, 0.7279666363487116]]
1.1565, [[0.951380009480846, 0.9999881661467743], [0.6124185680393489, 0.9564561536693494], [0.8694188256496541, 0.8313057596453788], [0.5446989551404636, 0.7679671311771474], [0.7604347103263225, 0.9012716417665414], [0.551304823508468, 0.8513117760630435], [0.5223898066321431, 0.7951136946314231], [0.8448555449679033, 0.8733614989328515], [0.4235112579788929, 0.6641567246757522], [0.8334961666063474, 0.8157122912493839]]
0.8086, [[0.7939534820825915, 0.7926235560663267], [0.533253427626919, 0.7958612983089804], [0.879799699111376, 0.0], [0.7803566504073902, 0.7884030123132486], [0.5025517118619774, 0.7921555271712358], [0.8438659021561059, 0.0], [0.7909200117246741, 0.7613730123132498], [0.7336928404334895, 0.6010769617468392], [0.5100632234739825, 0.7741517987194227], [0.8049256089090968, 0.0]]
0.92, [[0.8850475619507482, 0.19702825259138018], [0.8755678366533627, 0.6362294227548837], [0.8526724889290632, 0.7866817783615172], [0.8733458879932584, 0.6081053830241345], [0.6595771994191547, 0.8304374506649156], [0.7192139358173326, 0.7782480870136275], [0.553616057850623, 0.8577414043671001], [0.5421049634053856, 0.864460074536201], [0.5360973932890742, 0.7845345256936465], [0.6770250324707163, 0.7968645132162208]]
0.9714, [[0.8606061266895965, 0.8434322048924635], [0.8509982969963007, 0.8501831223116082], [0.6612768033785532, 0.9164473751436553], [0.6604807863342749, 0.9272771259234942], [0.7779685992745614, 0.7279666363487116], [0.6702266166331157, 0.7947554247250045], [0.5884950287627372, 0.8384871334756197], [0.5313478886746101, 0.9111049821047444], [0.5483297239829275, 0.7989321832211452], [0.5547511853555471, 0.7966177773764579]]
0.9716, [[0.5313478886746101, 0.9111049821047444], [0.8760316629144184, 0.8669437044820227], [0.8222658720898042, 0.8526921950418649], [0.8606061266895965, 0.8434322048924635], [0.6595771994191547, 0.8304374506649156], [0.5543823713647776, 0.8178917911672963], [0.5107475783235207, 0.817882915777376], [0.5268319662542993, 0.793812562469216], [0.7803566504073902, 0.7884030123132486], [0.5464979478287721, 0.6503196959448379]]
0.9623, [[0.8509982969963007, 0.8501831223116082], [0.6986250625370118, 0.8150782925627982], [0.7761829394184856, 0.7690150188803149], [0.7779685992745614, 0.7279666363487116], [0.6612768033785532, 0.9164473751436553], [0.6604807863342749, 0.9272771259234942], [0.6210026437330254, 0.8676421976686917], [0.6217771468031329, 0.8299034480380899], [0.5165543497115246, 0.8207937478246587], [0.5152635007438314, 0.18712565575559184]]
1.0144, [[0.8509982969963007, 0.8501831223116082], [0.8307423779126387, 0.9692376026924979], [0.815790165864754, 0.6611379087177809], [0.550866344652775, 0.8706033235921844], [0.6859103038027662, 0.7801636920045962], [0.6859103038027662, 0.7801636920045962], [0.5160216183915243, 0.8558509463142342], [0.6702266166331157, 0.7947554247250045], [0.6170010445374814, 0.5282159274339189], [0.6129564173935894, 0.5764533758003614]]
1.1778, [[0.951380009480846, 0.9999881661467743], [0.9742133786807429, 0.8336041897882114], [0.8307423779126387, 0.9692376026924979], [0.8307423779126387, 0.9692376026924979], [0.9637299728890772, 0.0], [0.7604347103263225, 0.9012716417665414], [0.7076824456624223, 0.823119395829914], [0.4491484950878951, 0.8207700801182074], [0.8526724889290632, 0.7866817783615172], [0.3537044398817145, 0.7743834463963226]]
1.1565, [[0.951380009480846, 0.9999881661467743], [0.8307423779126387, 0.9692376026924979], [0.5455021500536951, 0.8573869804629786], [0.7334131587692807, 0.8473329387621074], [0.595723724083724, 0.8239391860121488], [0.710801971917017, 0.8068942955179768], [0.5049817862678256, 0.8255417855852899], [0.5555912616678553, 0.7741884836644234], [0.673604310577742, 0.0], [0.0, 0.7252981024462328]]
0.9733, [[0.8760316629144184, 0.8669437044820227], [0.8606061266895965, 0.8434322048924635], [0.8606061266895965, 0.8434322048924635], [0.5227873061555284, 0.7534508392710563], [0.6985390066403345, 0.0], [0.0, 0.0], [0.7604347103263225, 0.9012716417665414], [0.0, 0.0], [0.5258279726127603, 0.7567042613692327], [0.5279343102933767, 0.7626661566245283]]
1.0338, [[0.9759648745264251, 0.0], [0.8307423779126387, 0.9692376026924979], [0.8448555449679033, 0.8733614989328515], [0.7334131587692807, 0.8473329387621074], [0.8601423004285409, 0.7571148960761791], [0.4491484950878951, 0.8207700801182074], [0.5261189258721453, 0.7426057044820225], [0.595723724083724, 0.8239391860121488], [0.8526724889290632, 0.7866817783615172], [0.0, 0.7252981024462328]]
0.8484, [[0.7941471078501168, 0.19919130932896892], [0.7938889401600788, 0.7494273291741909], [0.5547511853555471, 0.7966177773764579], [0.6624600719578823, 0.8419506064685605], [0.5268852393863, 0.6984704613363976], [0.7160728955885735, 0.748953975045149], [0.553616057850623, 0.8577414043671001], [0.5242133869198364, 0.7516009121654904], [0.6210026437330254, 0.8676421976686917], [0.5547511853555471, 0.7966177773764579]]
1.0325, [[0.8968552533393374, 0.7936746980791336], [0.8760316629144184, 0.8669437044820227], [0.6612768033785532, 0.9164473751436553], [0.7604347103263225, 0.9012716417665414], [0.6124185680393489, 0.9564561536693494], [0.6604807863342749, 0.9272771259234942], [0.8509982969963007, 0.8501831223116082], [0.550866344652775, 0.8706033235921844], [0.4308645740489246, 0.5758158269578062], [0.8971600534537452, 0.0]]
1.0295, [[0.8899729551038631, 0.7671940847151533], [0.9637299728890772, 0.0], [0.8606061266895965, 0.8434322048924635], [0.6124185680393489, 0.9564561536693494], [0.7604347103263225, 0.9012716417665414], [0.7909200117246741, 0.7613730123132498], [0.6604807863342749, 0.9272771259234942], [0.6612768033785532, 0.9164473751436553], [0.5621834383532903, 0.8148368819569862], [0.0, 0.6655954253817119]]
0.9716, [[0.8767649501461828, 0.0], [0.8606061266895965, 0.8434322048924635], [0.6624600719578823, 0.8419506064685605], [0.6604807863342749, 0.9272771259234942], [0.5547511853555471, 0.7966177773764579], [0.6217771468031329, 0.8299034480380899], [0.6894170815924114, 0.720432317846003], [0.7779685992745614, 0.7279666363487116], [0.6210026437330254, 0.8676421976686917], [0.7006043481606129, 0.7946838299129867]]
0.8991, [[0.553616057850623, 0.8577414043671001], [0.5455021500536951, 0.8573869804629786], [0.6217771468031329, 0.8299034480380899], [0.5049817862678256, 0.8255417855852899], [0.595723724083724, 0.8239391860121488], [0.6986250625370118, 0.8150782925627982], [0.5547511853555471, 0.7966177773764579], [0.5210825659315271, 0.7901277964209494], [0.7761829394184856, 0.7690150188803149], [0.8601423004285409, 0.7571148960761791]]
0.8762, [[0.8733458879932584, 0.6081053830241345], [0.7803566504073902, 0.7884030123132486], [0.7336928404334895, 0.6010769617468392], [0.5621834383532903, 0.8148368819569862], [0.5574722130207792, 0.6662800137908396], [0.27778641991553626, 0.7440272461008056], [0.5025517118619774, 0.7921555271712358], [0.0, 0.6412907617796745], [0.5492394651601593, 0.8314350444918731], [0.5100632234739825, 0.7741517987194227]]
0.9764, [[0.6604807863342749, 0.9272771259234942], [0.8509982969963007, 0.8501831223116082], [0.8606061266895965, 0.8434322048924635], [0.7604347103263225, 0.9012716417665414], [0.7076824456624223, 0.823119395829914], [0.7336928404334895, 0.6010769617468392], [0.6897828191532974, 0.8110911715646035], [0.5446989551404636, 0.7679671311771474], [0.6828768334448487, 0.6768949801346251], [0.0, 0.0]]
0.9763, [[0.6612768033785532, 0.9164473751436553], [0.9565577891706321, 0.0], [0.8509982969963007, 0.8501831223116082], [0.8222658720898042, 0.8526921950418649], [0.550866344652775, 0.8706033235921844], [0.9078355215218085, 0.19796548499727215], [0.7761829394184856, 0.7690150188803149], [0.6210026437330254, 0.8676421976686917], [0.8954991136998693, 0.19921250409165303], [0.8682349643357208, 0.19148852700491]]
0.9952, [[0.9799025440189029, 0.0], [0.6612768033785532, 0.9164473751436553], [0.7604347103263225, 0.9012716417665414], [0.8760316629144184, 0.8669437044820227], [0.6702266166331157, 0.7947554247250045], [0.5553126022081621, 0.8182968047939576], [0.8694188256496541, 0.8313057596453788], [0.8606061266895965, 0.8434322048924635], [0.5416541907500008, 0.7755147627647354], [0.5268319662542993, 0.793812562469216]]
1.1565, [[0.951380009480846, 0.9999881661467743], [0.5294259579893784, 0.7386502390412075], [0.8419296444808402, 0.6903518463306512], [0.6305978762126764, 0.7132124839927758], [0.8307423779126387, 0.9692376026924979], [0.7779685992745614, 0.7279666363487116], [0.6612768033785532, 0.9164473751436553], [0.710801971917017, 0.8068942955179768], [0.8601423004285409, 0.7571148960761791], [0.6604807863342749, 0.9272771259234942]]
0.7732, [[0.7013788512307204, 0.7367109663437855], [0.7006043481606129, 0.7946838299129867], [0.6770250324707163, 0.7968645132162208], [0.5420885716724628, 0.7843445923493683], [0.5101779656044436, 0.7697945739615839], [0.5150708978819847, 0.7568010031193576], [0.5261189258721453, 0.7426057044820225], [0.05967116621687922, 0.6528947424068292], [0.5575295840860098, 0.5782784518141522], [0.8850475619507482, 0.19702825259138018]]
0.9935, [[0.8968552533393374, 0.7936746980791336], [0.9078355215218085, 0.19796548499727215], [0.8760316629144184, 0.8669437044820227], [0.8656993807752834, 0.20067875777414065], [0.8222658720898042, 0.8526921950418649], [0.5313478886746101, 0.9111049821047444], [0.7915224030014208, 0.19232824331696666], [0.5227873061555284, 0.7534508392710563], [0.5107475783235207, 0.817882915777376], [0.7475048118503806, 0.20710892580469178]]
1.0029, [[0.9742133786807429, 0.8336041897882114], [0.7803566504073902, 0.7884030123132486], [0.7940395379792687, 0.7854483950090306], [0.5100632234739825, 0.7741517987194227], [0.7909200117246741, 0.7613730123132498], [0.7336928404334895, 0.6010769617468392], [0.7013788512307204, 0.7367109663437855], [0.27778641991553626, 0.7440272461008056], [0.23133134879748513, 0.7156967056312594], [0.5094485334893668, 0.6556218538827787]]
1.023, [[0.9799025440189029, 0.0], [0.8760316629144184, 0.8669437044820227], [0.6124185680393489, 0.9564561536693494], [0.8606061266895965, 0.8434322048924635], [0.7604347103263225, 0.9012716417665414], [0.5510466537149286, 0.7087623634871114], [0.5313478886746101, 0.9111049821047444], [0.5553126022081621, 0.8182968047939576], [0.5279343102933767, 0.7626661566245283], [0.17558526345581804, 0.6925387424068299]]
0.9795, [[0.5313478886746101, 0.9111049821047444], [0.8760316629144184, 0.8669437044820227], [0.8760316629144184, 0.8669437044820227], [0.7604347103263225, 0.9012716417665414], [0.8606061266895965, 0.8434322048924635], [0.8509982969963007, 0.8501831223116082], [0.8222658720898042, 0.8526921950418649], [0.550866344652775, 0.8706033235921844], [0.7890052680235793, 0.0], [0.0, 0.4890887709735673]]
0.9903, [[0.5160216183915243, 0.8558509463142342], [0.8899729551038631, 0.7671940847151533], [0.8899729551038631, 0.7671940847151533], [0.8968552533393374, 0.7936746980791336], [0.004123819147372014, 0.6466858154654409], [0.6210026437330254, 0.8676421976686917], [0.8760316629144184, 0.8669437044820227], [0.7192139358173326, 0.7782480870136275], [0.5313478886746101, 0.9111049821047444], [0.553616057850623, 0.8577414043671001]]
1.0196, [[0.8760316629144184, 0.8669437044820227], [0.8899729551038631, 0.7671940847151533], [0.6124185680393489, 0.9564561536693494], [0.7192139358173326, 0.7782480870136275], [0.7915224030014208, 0.19232824331696666], [0.5313478886746101, 0.9111049821047444], [0.7160728955885735, 0.748953975045149], [0.550866344652775, 0.8706033235921844], [0.6897828191532974, 0.8110911715646035], [0.6624600719578823, 0.8419506064685605]]
0.8302, [[0.7761829394184856, 0.7690150188803149], [0.5127719573395216, 0.7518331515350523], [0.5758878398993397, 0.7268817678542117], [0.5447481303392333, 0.6894039546872439], [0.8539712024600188, 0.5963638338532272], [0.0, 0.559158791003119], [0.6728082935334699, 0.18890742880523725], [0.8384013527170178, 0.1908201249318058], [0.5626352318108536, 0.1893255106382979], [1.0, 0.0]]
0.9041, [[0.8733458879932584, 0.6081053830241345], [0.8526724889290632, 0.7866817783615172], [0.547415884872466, 0.8545536601543264], [0.5160216183915243, 0.8558509463142342], [0.8419296444808402, 0.6903518463306512], [0.5451005525970799, 0.8170749594483668], [0.5420885716724628, 0.7843445923493683], [0.5555912616678553, 0.7741884836644234], [0.5492640527595429, 0.7604295583648015], [0.3964331683967134, 0.7244593780988335]]
1.1565, [[0.951380009480846, 0.9999881661467743], [0.8509982969963007, 0.8501831223116082], [0.6210026437330254, 0.8676421976686917], [0.6210026437330254, 0.8676421976686917], [0.553616057850623, 0.8577414043671001], [0.7334131587692807, 0.8473329387621074], [0.6217771468031329, 0.8299034480380899], [0.5210825659315271, 0.7901277964209494], [0.7761829394184856, 0.7690150188803149], [0.5536529392496996, 0.0]]
1.0196, [[0.9742133786807429, 0.8336041897882114], [0.6624600719578823, 0.8419506064685605], [0.7761829394184856, 0.7690150188803149], [0.5884950287627372, 0.8384871334756197], [0.5547511853555471, 0.7966177773764579], [0.553616057850623, 0.8577414043671001], [0.551304823508468, 0.8513117760630435], [0.5313929659401488, 0.8372016811689375], [0.5268852393863, 0.6984704613363976], [0.20405452094314572, 0.8113133521589233]]
1.1565, [[0.951380009480846, 0.9999881661467743], [0.8601423004285409, 0.7571148960761791], [0.5455021500536951, 0.8573869804629786], [0.7334131587692807, 0.8473329387621074], [0.6999589289355244, 0.7056681067148252], [0.6770250324707163, 0.7968645132162208], [0.5110631191822905, 0.8057662334592033], [0.5049817862678256, 0.8255417855852899], [0.5492394651601593, 0.8314350444918731], [0.4104939011522391, 0.567877678213758]]
1.0405, [[0.9742133786807429, 0.8336041897882114], [0.8968552533393374, 0.7936746980791336], [0.8448555449679033, 0.8733614989328515], [0.7076824456624223, 0.823119395829914], [0.6897828191532974, 0.8110911715646035], [0.5460799586392341, 0.722904705631259], [0.5360973932890742, 0.7845345256936465], [0.5313929659401488, 0.8372016811689375], [0.5223898066321431, 0.7951136946314231], [0.0, 0.1933827332242226]]
0.9351, [[0.8764424804599256, 0.0], [0.8714464090194115, 0.7636528041372521], [0.6624600719578823, 0.8419506064685605], [0.8682349643357208, 0.19148852700491], [0.8509982969963007, 0.8501831223116082], [0.8606061266895965, 0.8434322048924635], [0.553616057850623, 0.8577414043671001], [0.5242133869198364, 0.7516009121654904], [0.8021287922670465, 0.7424311551469392], [0.6210026437330254, 0.8676421976686917]]
1.0144, [[0.9742133786807429, 0.8336041897882114], [0.551304823508468, 0.8513117760630435], [0.7940395379792687, 0.7854483950090306], [0.5492394651601593, 0.8314350444918731], [0.7013788512307204, 0.7367109663437855], [0.5110631191822905, 0.8057662334592033], [0.531929795193379, 0.7084570500738802], [0.30148595887093976, 0.6222855934986047], [0.09574216261442767, 0.0], [0.0, 0.6680802387128553]]
1.0405, [[0.9742133786807429, 0.8336041897882114], [0.8968552533393374, 0.7936746980791336], [0.8448555449679033, 0.8733614989328515], [0.8334961666063474, 0.8157122912493839], [0.7334131587692807, 0.8473329387621074], [0.7076824456624223, 0.823119395829914], [0.5421049634053856, 0.864460074536201], [0.5360973932890742, 0.7845345256936465], [0.0, 0.6071358945985874], [0.4549615895486624, 0.6018754509932682]]
1.1565, [[0.951380009480846, 0.9999881661467743], [0.7939534820825915, 0.7926235560663267], [0.7006043481606129, 0.7946838299129867], [0.6999589289355244, 0.7056681067148252], [0.550866344652775, 0.8706033235921844], [0.6210026437330254, 0.8676421976686917], [0.5455021500536951, 0.8573869804629786], [0.5555912616678553, 0.7741884836644234], [0.5451005525970799, 0.8170749594483668], [0.5470101894826186, 0.19990918603382435]]
0.9063, [[0.8694188256496541, 0.8313057596453788], [0.5190540889822952, 0.8323850070595961], [0.6595771994191547, 0.8304374506649156], [0.8334961666063474, 0.8157122912493839], [0.8733458879932584, 0.6081053830241345], [0.831645964827759, 0.6248736571991456], [0.5416541907500008, 0.7755147627647354], [0.6894170815924114, 0.720432317846003], [0.6034902687589574, 0.7089469715974387], [0.3964331683967134, 0.7244593780988335]]
0.8877, [[0.8601423004285409, 0.7571148960761791], [0.5455021500536951, 0.8573869804629786], [0.5049817862678256, 0.8255417855852899], [0.20405452094314572, 0.8113133521589233], [0.5315322956699948, 0.7189891794450822], [0.5376791955161523, 0.7048622213101295], [0.4678795772392434, 0.7203379428665238], [0.3579276281651737, 0.7717678689870311], [0.21066256849255258, 0.7030350743720253], [0.0, 0.3653744150385809]]
1.1565, [[0.951380009480846, 0.9999881661467743], [0.7604347103263225, 0.9012716417665414], [0.8760316629144184, 0.8669437044820227], [0.6124185680393489, 0.9564561536693494], [0.7192139358173326, 0.7782480870136275], [0.7006043481606129, 0.7946838299129867], [0.5553126022081621, 0.8182968047939576], [0.5493910886896971, 0.7961115843047126], [0.5279343102933767, 0.7626661566245283], [0.5258279726127603, 0.7567042613692327]]
1.0139, [[0.6124185680393489, 0.9564561536693494], [0.7604347103263225, 0.9012716417665414], [0.8760316629144184, 0.8669437044820227], [0.6604807863342749, 0.9272771259234942], [0.8606061266895965, 0.8434322048924635], [0.6612768033785532, 0.9164473751436553], [0.8509982969963007, 0.8501831223116082], [0.5313478886746101, 0.9111049821047444], [0.8222658720898042, 0.8526921950418649], [0.5107475783235207, 0.817882915777376]]
0.9738, [[0.6612768033785532, 0.9164473751436553], [0.8954991136998693, 0.19921250409165303], [0.8222658720898042, 0.8526921950418649], [0.8606061266895965, 0.8434322048924635], [0.8934847825089988, 0.18732906492089468], [0.8682349643357208, 0.19148852700491], [0.621067185655538, 0.20258220894708123], [0.5991229320025274, 0.0], [0.5378390149121521, 0.19561500600109114], [0.5177468482816793, 0.18832879159847238]]
1.1565, [[0.951380009480846, 0.9999881661467743], [0.5313478886746101, 0.9111049821047444], [0.7160728955885735, 0.748953975045149], [0.595723724083724, 0.8239391860121488], [0.5601826387555183, 0.704619035626334], [0.550866344652775, 0.8706033235921844], [0.5492640527595429, 0.7604295583648015], [0.5160216183915243, 0.8558509463142342], [0.5416541907500008, 0.7755147627647354], [0.21066256849255258, 0.7030350743720253]]
0.9438, [[0.8760316629144184, 0.8669437044820227], [0.7939534820825915, 0.7926235560663267], [0.5110631191822905, 0.8057662334592033], [0.533253427626919, 0.7958612983089804], [0.533253427626919, 0.7958612983089804], [0.7013788512307204, 0.7367109663437855], [0.5461865049032344, 0.7157413784271887], [0.5518129672290834, 0.0], [0.4721027655227026, 0.6967131341323273], [0.0, 0.6412907617796745]]
1.0037, [[0.0, 0.39130238745690316], [0.8606061266895965, 0.8434322048924635], [0.6604807863342749, 0.9272771259234942], [0.7938889401600788, 0.7494273291741909], [0.8899729551038631, 0.7671940847151533], [0.3869434159009375, 0.6615618565096044], [0.8968552533393374, 0.7936746980791336], [0.6565007011128955, 0.5443854086356932], [0.5421049634053856, 0.864460074536201], [0.8509982969963007, 0.8501831223116082]]
1.1565, [[0.951380009480846, 0.9999881661467743], [0.8509982969963007, 0.8501831223116082], [0.8307423779126387, 0.9692376026924979], [0.7761829394184856, 0.7690150188803149], [0.710801971917017, 0.8068942955179768], [0.6999589289355244, 0.7056681067148252], [0.6770250324707163, 0.7968645132162208], [0.5049817862678256, 0.8255417855852899], [0.19600562092054713, 0.0], [0.5101779656044436, 0.7697945739615839]]
1.0144, [[0.8307423779126387, 0.9692376026924979], [0.6604807863342749, 0.9272771259234942], [0.6604807863342749, 0.9272771259234942], [0.6612768033785532, 0.9164473751436553], [0.7779685992745614, 0.7279666363487116], [0.7006043481606129, 0.7946838299129867], [0.8509982969963007, 0.8501831223116082], [0.6859103038027662, 0.7801636920045962], [0.8419296444808402, 0.6903518463306512], [0.5416541907500008, 0.7755147627647354]]
0.8203, [[0.9759648745264251, 0.0], [0.5455021500536951, 0.8573869804629786], [0.7334131587692807, 0.8473329387621074], [0.5049817862678256, 0.8255417855852899], [0.5493910886896971, 0.7961115843047126], [0.0, 0.5925382449515685], [0.5601826387555183, 0.704619035626334], [0.24246069203859824, 0.6568046475127232], [0.3963834838286698, 0.6935111892956825], [0.0, 0.6395121336397964]]
0.9289, [[0.9078355215218085, 0.19796548499727215], [0.8954991136998693, 0.19921250409165303], [0.8606061266895965, 0.8434322048924635], [0.8222658720898042, 0.8526921950418649], [0.7915224030014208, 0.19232824331696666], [0.7780976831195804, 0.19735931478450627], [0.7757311459609224, 0.0], [0.7008840298248217, 0.0], [0.6822959561422728, 0.48858938236742666], [0.6344273636148722, 0.19143293617021273]]
1.1565, [[0.951380009480846, 0.9999881661467743], [0.8509982969963007, 0.8501831223116082], [0.6604807863342749, 0.9272771259234942], [0.8899729551038631, 0.7671940847151533], [0.6986250625370118, 0.8150782925627982], [0.7761829394184856, 0.7690150188803149], [0.553616057850623, 0.8577414043671001], [0.8755678366533627, 0.6362294227548837], [0.7160728955885735, 0.748953975045149], [0.5165543497115246, 0.8207937478246587]]
1.1565, [[0.951380009480846, 0.9999881661467743], [0.8694188256496541, 0.8313057596453788], [0.710801971917017, 0.8068942955179768], [0.6770250324707163, 0.7968645132162208], [0.7939534820825915, 0.7926235560663267], [0.8526724889290632, 0.7866817783615172], [0.7940395379792687, 0.7854483950090306], [0.5420885716724628, 0.7843445923493683], [0.3537044398817145, 0.7743834463963226], [0.5101779656044436, 0.7697945739615839]]
0.7183, [[0.6210026437330254, 0.8676421976686917], [0.8272571140971581, 0.0], [0.5455021500536951, 0.8573869804629786], [0.7619837164665375, 0.0], [0.547415884872466, 0.8545536601543264], [0.551304823508468, 0.8513117760630435], [0.5492394651601593, 0.8314350444918731], [0.5547511853555471, 0.7966177773764579], [0.5049817862678256, 0.8255417855852899], [0.39787402086989065, 0.7782282653094734]]
0.9056, [[0.8334961666063474, 0.8157122912493839], [0.9154168137589505, 0.19861063338788867], [0.7334131587692807, 0.8473329387621074], [0.831645964827759, 0.6248736571991456], [0.21687313949763962, 0.3740646051551476], [0.6763796132456278, 0.0], [0.0, 0.5943532621901173], [0.0, 0.2950449377770488], [0.29587160268234686, 0.6041395629617479], [0.5305733792939945, 0.6826568832703985]]
0.9731, [[0.8906223118693415, 0.0], [0.5313478886746101, 0.9111049821047444], [0.7604347103263225, 0.9012716417665414], [0.5160216183915243, 0.8558509463142342], [0.8222658720898042, 0.8526921950418649], [0.8606061266895965, 0.8434322048924635], [0.8694188256496541, 0.8313057596453788], [0.537576747185383, 0.773687615826629], [0.5279343102933767, 0.7626661566245283], [0.5227873061555284, 0.7534508392710563]]
0.8548, [[0.8334961666063474, 0.8157122912493839], [0.763446666710069, 0.0], [0.7477414655662478, 0.0], [0.7297557831604456, 0.6978323208011825], [0.6948386030831577, 0.6584270687900184], [0.6894170815924114, 0.720432317846003], [0.6864266391828358, 0.0], [0.6170010445374814, 0.5282159274339189], [0.6088257343530264, 0.701272421934002], [0.6034902687589574, 0.7089469715974387]]
1.0190, [[0.9742133786807429, 0.8336041897882114], [0.547415884872466, 0.8545536601543264], [0.7334131587692807, 0.8473329387621074], [0.710801971917017, 0.8068942955179768], [0.5110631191822905, 0.8057662334592033], [0.6770250324707163, 0.7968645132162208], [0.7939534820825915, 0.7926235560663267], [0.8526724889290632, 0.7866817783615172], [0.5420885716724628, 0.7843445923493683], [0.5827507976594466, 0.664032173370547]]
0.8735, [[0.6770250324707163, 0.7968645132162208], [0.9154168137589505, 0.19861063338788867], [0.8021287922670465, 0.7424311551469392], [0.547415884872466, 0.8545536601543264], [0.8682349643357208, 0.19148852700491], [0.8069694364552106, 0.19413728696126564], [0.5793515897406495, 0.19624128096017454], [0.5288645411367623, 0.6739729059267766], [0.5316265481343021, 0.1889527452264048], [0.0, 0.4038492303398463]]
1.0035, [[0.6124185680393489, 0.9564561536693494], [0.8448555449679033, 0.8733614989328515], [0.8694188256496541, 0.8313057596453788], [0.8714464090194115, 0.7636528041372521], [0.5421049634053856, 0.864460074536201], [0.8334961666063474, 0.8157122912493839], [0.7939534820825915, 0.7926235560663267], [0.5493910886896971, 0.7961115843047126], [0.5110631191822905, 0.8057662334592033], [0.7803566504073902, 0.7884030123132486]]
1.1565, [[0.951380009480846, 0.9999881661467743], [0.8448555449679033, 0.8733614989328515], [0.8601423004285409, 0.7571148960761791], [0.8307423779126387, 0.9692376026924979], [0.8419296444808402, 0.6903518463306512], [0.5049817862678256, 0.8255417855852899], [0.595723724083724, 0.8239391860121488], [0.7076824456624223, 0.823119395829914], [0.7006043481606129, 0.7946838299129867], [0.5451005525970799, 0.8170749594483668]]
0.8963, [[1.0, 0.0], [0.7761829394184856, 0.7690150188803149], [0.6612768033785532, 0.9164473751436553], [0.8627529796693402, 0.0], [0.5190540889822952, 0.8323850070595961], [0.8532820891578787, 0.0], [0.5483297239829275, 0.7989321832211452], [0.763446666710069, 0.0], [0.5547511853555471, 0.7966177773764579], [0.6702266166331157, 0.7947554247250045]]
1.0190, [[0.9742133786807429, 0.8336041897882114], [0.547415884872466, 0.8545536601543264], [0.7334131587692807, 0.8473329387621074], [0.7076824456624223, 0.823119395829914], [0.6770250324707163, 0.7968645132162208], [0.8526724889290632, 0.7866817783615172], [0.5420885716724628, 0.7843445923493683], [0.3964331683967134, 0.7244593780988335], [0.6355245762975177, 0.7093969538663611], [0.5827507976594466, 0.664032173370547]]
0.9990, [[0.8906223118693415, 0.0], [0.6124185680393489, 0.9564561536693494], [0.8222658720898042, 0.8526921950418649], [0.8606061266895965, 0.8434322048924635], [0.8653239023734765, 0.0], [0.5313478886746101, 0.9111049821047444], [0.8609285963758537, 0.19630197872340416], [0.7604347103263225, 0.9012716417665414], [0.858565291140951, 0.0], [0.5553126022081621, 0.8182968047939576]]
1.1778, [[0.951380009480846, 0.9999881661467743], [0.9742133786807429, 0.8336041897882114], [0.6604807863342749, 0.9272771259234942], [0.8448555449679033, 0.8733614989328515], [0.8899729551038631, 0.7671940847151533], [0.8714464090194115, 0.7636528041372521], [0.815790165864754, 0.6611379087177809], [0.710801971917017, 0.8068942955179768], [0.7940395379792687, 0.7854483950090306], [0.0, 0.3907825854539486]]
1.0208, [[0.7334131587692807, 0.8473329387621074], [0.5455021500536951, 0.8573869804629786], [0.9742133786807429, 0.8336041897882114], [0.7006043481606129, 0.7946838299129867], [0.6702266166331157, 0.7947554247250045], [0.8601423004285409, 0.7571148960761791], [0.8526724889290632, 0.7866817783615172], [0.595723724083724, 0.8239391860121488], [0.6859103038027662, 0.7801636920045962], [0.20405452094314572, 0.8113133521589233]]
0.9795, [[0.5313478886746101, 0.9111049821047444], [0.8760316629144184, 0.8669437044820227], [0.7604347103263225, 0.9012716417665414], [0.550866344652775, 0.8706033235921844], [0.6210026437330254, 0.8676421976686917], [0.5421049634053856, 0.864460074536201], [0.553616057850623, 0.8577414043671001], [0.5160216183915243, 0.8558509463142342], [0.6624600719578823, 0.8419506064685605], [0.6595771994191547, 0.8304374506649156]]
1.1778, [[0.9742133786807429, 0.8336041897882114], [0.951380009480846, 0.9999881661467743], [0.7939534820825915, 0.7926235560663267], [0.551304823508468, 0.8513117760630435], [0.7909200117246741, 0.7613730123132498], [0.7779685992745614, 0.7279666363487116], [0.0, 0.0], [0.45143398521777006, 0.7842836480052544], [0.6305978762126764, 0.7132124839927758], [0.3579276281651737, 0.7717678689870311]]
0.9247, [[0.8606061266895965, 0.8434322048924635], [0.8694188256496541, 0.8313057596453788], [0.9565577891706321, 0.0], [0.8714464090194115, 0.7636528041372521], [0.5884950287627372, 0.8384871334756197], [0.8334961666063474, 0.8157122912493839], [0.8539712024600188, 0.5963638338532272], [0.8552699159909745, 0.0], [0.621067185655538, 0.20258220894708123], [0.8532820891578787, 0.0]]
0.9694, [[0.8714464090194115, 0.7636528041372521], [0.8694188256496541, 0.8313057596453788], [0.8539712024600188, 0.5963638338532272], [0.8223519279864876, 0.0], [0.6897828191532974, 0.8110911715646035], [0.6612768033785532, 0.9164473751436553], [0.6217771468031329, 0.8299034480380899], [0.5884950287627372, 0.8384871334756197], [0.5553126022081621, 0.8182968047939576], [0.5519973742244682, 0.0]]
1.0031, [[0.9742133786807429, 0.8336041897882114], [0.7939534820825915, 0.7926235560663267], [0.8082602749053877, 0.20815176868521545], [0.9759648745264251, 0.0], [0.5621834383532903, 0.8148368819569862], [0.7803566504073902, 0.7884030123132486], [0.7909200117246741, 0.7613730123132498], [0.8556144726420452, 0.0], [0.533253427626919, 0.7958612983089804], [0.4235112579788929, 0.6641567246757522]]
0.9282, [[0.8694188256496541, 0.8313057596453788], [0.8850475619507482, 0.19702825259138018], [0.8509982969963007, 0.8501831223116082], [0.8334961666063474, 0.8157122912493839], [0.547415884872466, 0.8545536601543264], [0.5190540889822952, 0.8323850070595961], [0.5165543497115246, 0.8207937478246587], [0.7761829394184856, 0.7690150188803149], [0.6770250324707163, 0.7968645132162208], [0.6859103038027662, 0.7801636920045962]]
0.9129, [[0.9078355215218085, 0.19796548499727215], [0.8526724889290632, 0.7866817783615172], [0.7779685992745614, 0.7279666363487116], [0.7882307649534718, 0.19902385051827604], [0.7160728955885735, 0.748953975045149], [0.7076824456624223, 0.823119395829914], [0.551304823508468, 0.8513117760630435], [0.5455021500536951, 0.8573869804629786], [0.40567449805228584, 0.7687827795107531], [0.5049817862678256, 0.8255417855852899]]
0.9106, [[0.8694188256496541, 0.8313057596453788], [0.8954991136998693, 0.19921250409165303], [0.6595771994191547, 0.8304374506649156], [0.8334961666063474, 0.8157122912493839], [0.7076824456624223, 0.823119395829914], [0.8850475619507482, 0.19702825259138018], [0.7938889401600788, 0.7494273291741909], [0.4491484950878951, 0.8207700801182074], [0.5543823713647776, 0.8178917911672963], [0.6897828191532974, 0.8110911715646035]]
0.9084, [[0.8714464090194115, 0.7636528041372521], [0.831645964827759, 0.6248736571991456], [0.8514577058643936, 0.0], [0.7761829394184856, 0.7690150188803149], [0.816973434444083, 0.0], [0.710801971917017, 0.8068942955179768], [0.6770250324707163, 0.7968645132162208], [0.595723724083724, 0.8239391860121488], [0.553616057850623, 0.8577414043671001], [0.5536529392496996, 0.0]]
0.8625, [[0.5492394651601593, 0.8314350444918731], [0.8755678366533627, 0.6362294227548837], [0.8419296444808402, 0.6903518463306512], [0.5251149322306062, 0.7553297593170243], [0.6355245762975177, 0.7093969538663611], [0.815790165864754, 0.6611379087177809], [0.6791118879651655, 0.6880383280249556], [0.5242133869198364, 0.7516009121654904], [0.6822959561422728, 0.48858938236742666], [0.5288645411367623, 0.6739729059267766]]
1.0214, [[0.6124185680393489, 0.9564561536693494], [0.8760316629144184, 0.8669437044820227], [0.7604347103263225, 0.9012716417665414], [0.5313478886746101, 0.9111049821047444], [0.8606061266895965, 0.8434322048924635], [0.8769151415069053, 0.0], [0.7909200117246741, 0.7613730123132498], [0.7192139358173326, 0.7782480870136275], [0.5621834383532903, 0.8148368819569862], [0.9637299728890772, 0.0]]
0.8521, [[0.7076824456624223, 0.823119395829914], [0.710801971917017, 0.8068942955179768], [0.8419296444808402, 0.6903518463306512], [0.5621834383532903, 0.8148368819569862], [0.6897828191532974, 0.8110911715646035], [0.7006043481606129, 0.7946838299129867], [0.7626721636399616, 0.0], [0.5294259579893784, 0.7386502390412075], [0.5100632234739825, 0.7741517987194227], [0.6305978762126764, 0.7132124839927758]]
0.9479, [[0.6612768033785532, 0.9164473751436553], [0.7334131587692807, 0.8473329387621074], [0.8526724889290632, 0.7866817783615172], [0.5455021500536951, 0.8573869804629786], [0.8069694364552106, 0.19413728696126564], [0.710801971917017, 0.8068942955179768], [0.547415884872466, 0.8545536601543264], [0.6770250324707163, 0.7968645132162208], [0.40567449805228584, 0.7687827795107531], [0.5101779656044436, 0.7697945739615839]]
0.9502, [[0.6210026437330254, 0.8676421976686917], [0.8968552533393374, 0.7936746980791336], [0.553616057850623, 0.8577414043671001], [0.8524516192809415, 0.0], [0.7938889401600788, 0.7494273291741909], [0.7334131587692807, 0.8473329387621074], [0.8223519279864876, 0.0], [0.7761829394184856, 0.7690150188803149], [0.6624600719578823, 0.8419506064685605], [0.5313929659401488, 0.8372016811689375]]
0.9795, [[0.7604347103263225, 0.9012716417665414], [0.8760316629144184, 0.8669437044820227], [0.5313478886746101, 0.9111049821047444], [0.550866344652775, 0.8706033235921844], [0.8222658720898042, 0.8526921950418649], [0.8509982969963007, 0.8501831223116082], [0.8606061266895965, 0.8434322048924635], [0.6595771994191547, 0.8304374506649156], [0.5160216183915243, 0.8558509463142342], [0.5107475783235207, 0.817882915777376]]
1.1565, [[0.951380009480846, 0.9999881661467743], [0.6604807863342749, 0.9272771259234942], [0.6612768033785532, 0.9164473751436553], [0.8509982969963007, 0.8501831223116082], [0.6210026437330254, 0.8676421976686917], [0.5165543497115246, 0.8207937478246587], [0.5160216183915243, 0.8558509463142342], [0.5190540889822952, 0.8323850070595961], [0.550866344652775, 0.8706033235921844], [0.5483297239829275, 0.7989321832211452]]
1.1565, [[0.951380009480846, 0.9999881661467743], [0.8307423779126387, 0.9692376026924979], [0.8850475619507482, 0.19702825259138018], [0.547415884872466, 0.8545536601543264], [0.6770250324707163, 0.7968645132162208], [0.6859103038027662, 0.7801636920045962], [0.6305978762126764, 0.7132124839927758], [0.7464291131418997, 0.0], [0.18105056594029464, 0.7128758108684949], [0.552296523350314, 0.0]]
1.0731, [[0.9742133786807429, 0.8336041897882114], [0.8760316629144184, 0.8669437044820227], [0.6612768033785532, 0.9164473751436553], [0.8606061266895965, 0.8434322048924635], [0.8222658720898042, 0.8526921950418649], [0.5313478886746101, 0.9111049821047444], [0.7803566504073902, 0.7884030123132486], [0.7076824456624223, 0.823119395829914], [0.6859103038027662, 0.7801636920045962], [0.6170010445374814, 0.5282159274339189]]
1.0390, [[0.8307423779126387, 0.9692376026924979], [0.8760316629144184, 0.8669437044820227], [0.6604807863342749, 0.9272771259234942], [0.6612768033785532, 0.9164473751436553], [0.8509982969963007, 0.8501831223116082], [0.8601423004285409, 0.7571148960761791], [0.553616057850623, 0.8577414043671001], [0.8419296444808402, 0.6903518463306512], [0.710801971917017, 0.8068942955179768], [0.6217771468031329, 0.8299034480380899]]
0.9987, [[0.5313478886746101, 0.9111049821047444], [0.7604347103263225, 0.9012716417665414], [0.8448555449679033, 0.8733614989328515], [0.8760316629144184, 0.8669437044820227], [0.5421049634053856, 0.864460074536201], [0.8606061266895965, 0.8434322048924635], [0.5884950287627372, 0.8384871334756197], [0.8694188256496541, 0.8313057596453788], [0.8968552533393374, 0.7936746980791336], [0.7192139358173326, 0.7782480870136275]]
0.9399, [[0.6210026437330254, 0.8676421976686917], [0.553616057850623, 0.8577414043671001], [0.7334131587692807, 0.8473329387621074], [0.6624600719578823, 0.8419506064685605], [0.7076824456624223, 0.823119395829914], [0.6986250625370118, 0.8150782925627982], [0.8899729551038631, 0.7671940847151533], [0.8714464090194115, 0.7636528041372521], [0.7297557831604456, 0.6978323208011825], [0.7938889401600788, 0.7494273291741909]]
0.9623, [[0.8509982969963007, 0.8501831223116082], [0.6604807863342749, 0.9272771259234942], [0.7779685992745614, 0.7279666363487116], [0.7882307649534718, 0.19902385051827604], [0.550866344652775, 0.8706033235921844], [0.6702266166331157, 0.7947554247250045], [0.6894170815924114, 0.720432317846003], [0.7347039972194578, 0.1930084740861974], [0.5160216183915243, 0.8558509463142342], [0.5563657710484708, 0.19717401200218218]]
0.9477, [[0.8509982969963007, 0.8501831223116082], [0.7604347103263225, 0.9012716417665414], [0.8222658720898042, 0.8526921950418649], [0.5483297239829275, 0.7989321832211452], [0.5547511853555471, 0.7966177773764579], [0.7761829394184856, 0.7690150188803149], [0.5190540889822952, 0.8323850070595961], [0.7941471078501168, 0.19919130932896892], [0.5165543497115246, 0.8207937478246587], [0.37616186463611506, 0.0]]
0.8264, [[0.5884950287627372, 0.8384871334756197], [0.5313929659401488, 0.8372016811689375], [0.6595771994191547, 0.8304374506649156], [0.6217771468031329, 0.8299034480380899], [0.5543823713647776, 0.8178917911672963], [0.5128088387385995, 0.8108240223280248], [0.7938889401600788, 0.7494273291741909], [0.5911627615597687, 0.7404554933508465], [0.5017813004145928, 0.7346453672631745], [0.4411989642013837, 0.7321608497783609]]
0.9490, [[0.5421049634053856, 0.864460074536201], [0.5884950287627372, 0.8384871334756197], [0.8694188256496541, 0.8313057596453788], [0.8968552533393374, 0.7936746980791336], [0.6217771468031329, 0.8299034480380899], [0.6986250625370118, 0.8150782925627982], [0.8755678366533627, 0.6362294227548837], [0.831645964827759, 0.6248736571991456], [0.8714464090194115, 0.7636528041372521], [0.08709704777533493, 0.8054786708258085]]
1.0239, [[0.9565577891706321, 0.0], [0.8760316629144184, 0.8669437044820227], [0.6124185680393489, 0.9564561536693494], [0.7604347103263225, 0.9012716417665414], [0.8934847825089988, 0.18732906492089468], [0.8509982969963007, 0.8501831223116082], [0.8606061266895965, 0.8434322048924635], [0.7032505669834797, 0.0], [0.6894170815924114, 0.720432317846003], [0.6702266166331157, 0.7947554247250045]]
1.1570, [[0.9565577891706321, 0.0], [0.951380009480846, 0.9999881661467743], [0.8307423779126387, 0.9692376026924979], [0.8509982969963007, 0.8501831223116082], [0.5190540889822952, 0.8323850070595961], [0.5451005525970799, 0.8170749594483668], [0.5483297239829275, 0.7989321832211452], [0.7006043481606129, 0.7946838299129867], [0.5025517118619774, 0.7921555271712358], [0.6894170815924114, 0.720432317846003]]
0.9955, [[0.8968552533393374, 0.7936746980791336], [0.8694188256496541, 0.8313057596453788], [0.8606061266895965, 0.8434322048924635], [0.8222658720898042, 0.8526921950418649], [0.7604347103263225, 0.9012716417665414], [0.5884950287627372, 0.8384871334756197], [0.5421049634053856, 0.864460074536201], [0.5360973932890742, 0.7845345256936465], [0.5313929659401488, 0.8372016811689375], [0.5313478886746101, 0.9111049821047444]]
1.0229, [[0.9742133786807429, 0.8336041897882114], [0.7940395379792687, 0.7854483950090306], [0.7076824456624223, 0.823119395829914], [0.6897828191532974, 0.8110911715646035], [0.5981117752165528, 0.0], [0.551304823508468, 0.8513117760630435], [0.5421049634053856, 0.864460074536201], [0.5360973932890742, 0.7845345256936465], [0.525303437159222, 0.0], [0.5223898066321431, 0.7951136946314231]]
1.0270, [[0.8307423779126387, 0.9692376026924979], [0.8606061266895965, 0.8434322048924635], [0.8971600534537452, 0.0], [0.7604347103263225, 0.9012716417665414], [0.547415884872466, 0.8545536601543264], [0.5107475783235207, 0.817882915777376], [0.5621834383532903, 0.8148368819569862], [0.7803566504073902, 0.7884030123132486], [0.6859103038027662, 0.7801636920045962], [0.5294259579893784, 0.7386502390412075]]
0.9986, [[0.6604807863342749, 0.9272771259234942], [0.8222658720898042, 0.8526921950418649], [0.8606061266895965, 0.8434322048924635], [0.5884950287627372, 0.8384871334756197], [0.5313929659401488, 0.8372016811689375], [0.5446989551404636, 0.7679671311771474], [0.8899729551038631, 0.7671940847151533], [0.6088257343530264, 0.701272421934002], [0.0, 0.35181134000985004], [0.8954991136998693, 0.19921250409165303]]
0.9855, [[0.8694188256496541, 0.8313057596453788], [0.8899729551038631, 0.7671940847151533], [0.6612768033785532, 0.9164473751436553], [0.6897828191532974, 0.8110911715646035], [0.7938889401600788, 0.7494273291741909], [0.6210026437330254, 0.8676421976686917], [0.7297557831604456, 0.6978323208011825], [0.6034902687589574, 0.7089469715974387], [0.5884950287627372, 0.8384871334756197], [0.553616057850623, 0.8577414043671001]]
1.1565, [[0.951380009480846, 0.9999881661467743], [0.550866344652775, 0.8706033235921844], [0.8509982969963007, 0.8501831223116082], [0.5160216183915243, 0.8558509463142342], [0.6999589289355244, 0.7056681067148252], [0.6770250324707163, 0.7968645132162208], [0.6595771994191547, 0.8304374506649156], [0.6859103038027662, 0.7801636920045962], [0.5165543497115246, 0.8207937478246587], [0.6088257343530264, 0.701272421934002]]
0.9701, [[0.8509982969963007, 0.8501831223116082], [0.6604807863342749, 0.9272771259234942], [0.8601423004285409, 0.7571148960761791], [0.6612768033785532, 0.9164473751436553], [0.7761829394184856, 0.7690150188803149], [0.7334131587692807, 0.8473329387621074], [0.816973434444083, 0.0], [0.7779685992745614, 0.7279666363487116], [0.5455021500536951, 0.8573869804629786], [0.714222693809985, 0.19726640098199666]]
1.1565, [[0.951380009480846, 0.9999881661467743], [0.8606061266895965, 0.8434322048924635], [0.8769151415069053, 0.0], [0.831645964827759, 0.6248736571991456], [0.815790165864754, 0.6611379087177809], [0.8556144726420452, 0.0], [0.8620461967953505, 0.0], [0.8212547153038359, 0.0], [0.7939534820825915, 0.7926235560663267], [0.8030323791821666, 0.0]]
1.0029, [[0.9742133786807429, 0.8336041897882114], [0.7076824456624223, 0.823119395829914], [0.815790165864754, 0.6611379087177809], [0.8495714790694334, 0.19147952427714127], [0.7013788512307204, 0.7367109663437855], [0.5758878398993397, 0.7268817678542117], [0.5185541411281406, 0.6869481342965025], [0.5165420559118314, 0.6808424577245116], [0.5112229385782904, 0.6220785010671479], [0.13081946765114774, 0.6061196624527998]]
0.9570, [[0.9759648745264251, 0.0], [0.8760316629144184, 0.8669437044820227], [0.8934847825089988, 0.18732906492089468], [0.9565577891706321, 0.0], [0.8606061266895965, 0.8434322048924635], [0.8656993807752834, 0.20067875777414065], [0.8682349643357208, 0.19148852700491], [0.8971600534537452, 0.0], [0.7475048118503806, 0.20710892580469178], [0.5447481303392333, 0.6894039546872439]]
1.0169, [[0.8592632392290166, 0.19483760229132568], [0.8509982969963007, 0.8501831223116082], [0.8307423779126387, 0.9692376026924979], [0.6612768033785532, 0.9164473751436553], [0.6604807863342749, 0.9272771259234942], [0.8222658720898042, 0.8526921950418649], [0.5313478886746101, 0.9111049821047444], [0.7941471078501168, 0.19919130932896892], [0.6702266166331157, 0.7947554247250045], [0.7192139358173326, 0.7782480870136275]]
0.9618, [[0.9637299728890772, 0.0], [0.5313478886746101, 0.9111049821047444], [0.8976106275359127, 0.0], [0.7604347103263225, 0.9012716417665414], [0.8448555449679033, 0.8733614989328515], [0.550866344652775, 0.8706033235921844], [0.5160216183915243, 0.8558509463142342], [0.551304823508468, 0.8513117760630435], [0.7076824456624223, 0.823119395829914], [0.5621834383532903, 0.8148368819569862]]
0.9542, [[0.8760316629144184, 0.8669437044820227], [0.9799025440189029, 0.0], [0.8222658720898042, 0.8526921950418649], [0.8906223118693415, 0.0], [0.8606061266895965, 0.8434322048924635], [0.5492394651601593, 0.8314350444918731], [0.8694188256496541, 0.8313057596453788], [0.6595771994191547, 0.8304374506649156], [0.8334961666063474, 0.8157122912493839], [0.5258279726127603, 0.7567042613692327]]
0.9290, [[0.6210026437330254, 0.8676421976686917], [0.8694188256496541, 0.8313057596453788], [0.6770250324707163, 0.7968645132162208], [0.7939534820825915, 0.7926235560663267], [0.7940395379792687, 0.7854483950090306], [0.6892879977473987, 0.7690416450500737], [0.5132964927930611, 0.7086963897553765], [0.5447481303392333, 0.6894039546872439], [0.3365632639076742, 0.6888462843539648], [0.6948386030831577, 0.6584270687900184]]
1.0405, [[0.9742133786807429, 0.8336041897882114], [0.8448555449679033, 0.8733614989328515], [0.9078355215218085, 0.19796548499727215], [0.8656993807752834, 0.20067875777414065], [0.0901774909938639, 0.7617221109834182], [0.8620461967953505, 0.0], [0.8592632392290166, 0.19483760229132568], [0.5376791955161523, 0.7048622213101295], [0.5217546269813735, 0.667303346248564], [0.5094485334893668, 0.6556218538827787]]
1.0311, [[0.8307423779126387, 0.9692376026924979], [0.9078355215218085, 0.19796548499727215], [0.5313478886746101, 0.9111049821047444], [0.8954991136998693, 0.19921250409165303], [0.7604347103263225, 0.9012716417665414], [0.8609285963758537, 0.19630197872340416], [0.8222658720898042, 0.8526921950418649], [0.8590379521879321, 0.1860595591925805], [0.5165543497115246, 0.8207937478246587], [0.8526724889290632, 0.7866817783615172]]
0.9349, [[0.550866344652775, 0.8706033235921844], [0.8509982969963007, 0.8501831223116082], [0.5160216183915243, 0.8558509463142342], [0.8606061266895965, 0.8434322048924635], [0.8694188256496541, 0.8313057596453788], [0.8764424804599256, 0.0], [0.7941471078501168, 0.19919130932896892], [0.5268319662542993, 0.793812562469216], [0.8521600713454205, 0.0], [0.5416541907500008, 0.7755147627647354]]
0.9883, [[0.5313478886746101, 0.9111049821047444], [0.8760316629144184, 0.8669437044820227], [0.9637299728890772, 0.0], [0.7604347103263225, 0.9012716417665414], [0.8733458879932584, 0.6081053830241345], [0.5421049634053856, 0.864460074536201], [0.8670687725936382, 0.0], [0.8222658720898042, 0.8526921950418649], [0.5313929659401488, 0.8372016811689375], [0.5492394651601593, 0.8314350444918731]]
1.0312, [[0.6124185680393489, 0.9564561536693494], [0.8760316629144184, 0.8669437044820227], [0.7604347103263225, 0.9012716417665414], [0.8968552533393374, 0.7936746980791336], [0.8899729551038631, 0.7671940847151533], [0.5313478886746101, 0.9111049821047444], [0.8694188256496541, 0.8313057596453788], [0.8606061266895965, 0.8434322048924635], [0.8222658720898042, 0.8526921950418649], [0.537576747185383, 0.773687615826629]]
0.8130, [[0.7803566504073902, 0.7884030123132486], [0.533253427626919, 0.7958612983089804], [0.8918812688636355, 0.0], [0.849686331286457, 0.2009573578832515], [0.7006043481606129, 0.7946838299129867], [0.8769151415069053, 0.0], [0.5025517118619774, 0.7921555271712358], [0.537576747185383, 0.773687615826629], [0.6892879977473987, 0.7690416450500737], [0.5461865049032344, 0.7157413784271887]]
0.8897, [[0.6624600719578823, 0.8419506064685605], [0.8682349643357208, 0.19148852700491], [0.7160728955885735, 0.748953975045149], [0.7347039972194578, 0.1930084740861974], [0.6124185680393489, 0.9564561536693494], [0.6595771994191547, 0.8304374506649156], [0.6894170815924114, 0.720432317846003], [0.550866344652775, 0.8706033235921844], [0.5543823713647776, 0.8178917911672963], [0.6170010445374814, 0.5282159274339189]]
0.9215, [[0.5884950287627372, 0.8384871334756197], [0.9154168137589505, 0.19861063338788867], [0.8694188256496541, 0.8313057596453788], [0.8934847825089988, 0.18732906492089468], [0.8334961666063474, 0.8157122912493839], [0.6034902687589574, 0.7089469715974387], [0.6060074037368052, 0.19938442389525363], [0.6148281331463487, 0.0], [0.5547511853555471, 0.7966177773764579], [0.5449038518020022, 0.19234423022367705]]
1.1565, [[0.951380009480846, 0.9999881661467743], [0.7940395379792687, 0.7854483950090306], [0.710801971917017, 0.8068942955179768], [0.6217771468031329, 0.8299034480380899], [0.553616057850623, 0.8577414043671001], [0.7006043481606129, 0.7946838299129867], [0.5455021500536951, 0.8573869804629786], [0.5049817862678256, 0.8255417855852899], [0.5219882091755279, 0.7462144380233122], [0.5132964927930611, 0.7086963897553765]]
0.9518, [[0.9565577891706321, 0.0], [0.8760316629144184, 0.8669437044820227], [0.8606061266895965, 0.8434322048924635], [0.8682349643357208, 0.19148852700491], [0.5547511853555471, 0.7966177773764579], [0.7761829394184856, 0.7690150188803149], [0.8627529796693402, 0.0], [0.5493910886896971, 0.7961115843047126], [0.7779685992745614, 0.7279666363487116], [0.8532820891578787, 0.0]]
1.0543, [[0.8307423779126387, 0.9692376026924979], [0.6210026437330254, 0.8676421976686917], [0.7334131587692807, 0.8473329387621074], [0.8419296444808402, 0.6903518463306512], [0.5020066867422852, 0.0], [0.0, 0.0], [0.0, 0.6496214986044987], [0.5053260126592103, 0.0], [0.40567449805228584, 0.7687827795107531], [0.8968552533393374, 0.7936746980791336]]
1.0091, [[0.8968552533393374, 0.7936746980791336], [0.7604347103263225, 0.9012716417665414], [0.8694188256496541, 0.8313057596453788], [0.8606061266895965, 0.8434322048924635], [0.6604807863342749, 0.9272771259234942], [0.8222658720898042, 0.8526921950418649], [0.6210026437330254, 0.8676421976686917], [0.7761829394184856, 0.7690150188803149], [0.5165543497115246, 0.8207937478246587], [0.5360973932890742, 0.7845345256936465]]
0.8941, [[0.8968552533393374, 0.7936746980791336], [0.5227873061555284, 0.7534508392710563], [0.6194321236186457, 0.2007776061102019], [0.8656993807752834, 0.20067875777414065], [0.5413960209564614, 0.2001577703218766], [0.8954991136998693, 0.19921250409165303], [0.7941471078501168, 0.19919130932896892], [0.7882307649534718, 0.19902385051827604], [0.5149151764192159, 0.19885564484451715], [0.9078355215218085, 0.19796548499727215]]
1.0083, [[0.8760316629144184, 0.8669437044820227], [0.6604807863342749, 0.9272771259234942], [0.8968552533393374, 0.7936746980791336], [0.8222658720898042, 0.8526921950418649], [0.6612768033785532, 0.9164473751436553], [0.8670687725936382, 0.0], [0.5107475783235207, 0.817882915777376], [0.8653239023734765, 0.0], [0.537576747185383, 0.773687615826629], [0.8592632392290166, 0.19483760229132568]]
1.1778, [[0.951380009480846, 0.9999881661467743], [0.9742133786807429, 0.8336041897882114], [0.8448555449679033, 0.8733614989328515], [0.8526724889290632, 0.7866817783615172], [0.8569131861730007, 0.0], [0.7939534820825915, 0.7926235560663267], [0.551304823508468, 0.8513117760630435], [0.8212547153038359, 0.0], [0.7803566504073902, 0.7884030123132486], [0.4491484950878951, 0.8207700801182074]]
0.9404, [[0.6217771468031329, 0.8299034480380899], [0.6897828191532974, 0.8110911715646035], [0.8968552533393374, 0.7936746980791336], [0.5421049634053856, 0.864460074536201], [0.831645964827759, 0.6248736571991456], [0.5360973932890742, 0.7845345256936465], [0.8220292183739433, 0.18702771576650293], [0.6828768334448487, 0.6768949801346251], [0.5491288209629279, 0.0], [0.5476576629330812, 0.18688498417894162]]
0.9952, [[0.8307423779126387, 0.9692376026924979], [0.5492394651601593, 0.8314350444918731], [0.4491484950878951, 0.8207700801182074], [0.5621834383532903, 0.8148368819569862], [0.7939534820825915, 0.7926235560663267], [0.7803566504073902, 0.7884030123132486], [0.5100632234739825, 0.7741517987194227], [0.27778641991553626, 0.7440272461008056], [0.20807897095443056, 0.7114687657199148], [0.5510466537149286, 0.7087623634871114]]
1.0254, [[0.6124185680393489, 0.9564561536693494], [0.8968552533393374, 0.7936746980791336], [0.8448555449679033, 0.8733614989328515], [0.8899729551038631, 0.7671940847151533], [0.5421049634053856, 0.864460074536201], [0.710801971917017, 0.8068942955179768], [0.6897828191532974, 0.8110911715646035], [0.6595771994191547, 0.8304374506649156], [0.7938889401600788, 0.7494273291741909], [0.5313929659401488, 0.8372016811689375]]
0.9834, [[0.8968552533393374, 0.7936746980791336], [0.7604347103263225, 0.9012716417665414], [0.8539712024600188, 0.5963638338532272], [0.831645964827759, 0.6248736571991456], [0.815790165864754, 0.6611379087177809], [0.7761829394184856, 0.7690150188803149], [0.6986250625370118, 0.8150782925627982], [0.5360973932890742, 0.7845345256936465], [0.5210825659315271, 0.7901277964209494], [0.5758878398993397, 0.7268817678542117]]
0.9969, [[0.5313478886746101, 0.9111049821047444], [0.9078355215218085, 0.19796548499727215], [0.8899729551038631, 0.7671940847151533], [0.8954991136998693, 0.19921250409165303], [0.7604347103263225, 0.9012716417665414], [0.8906223118693415, 0.0], [0.6210026437330254, 0.8676421976686917], [0.8760316629144184, 0.8669437044820227], [0.8222658720898042, 0.8526921950418649], [0.8509982969963007, 0.8501831223116082]]
1.1565, [[0.951380009480846, 0.9999881661467743], [0.8307423779126387, 0.9692376026924979], [0.7939534820825915, 0.7926235560663267], [0.710801971917017, 0.8068942955179768], [0.6604807863342749, 0.9272771259234942], [0.6612768033785532, 0.9164473751436553], [0.7941471078501168, 0.19919130932896892], [0.7779685992745614, 0.7279666363487116], [0.7761829394184856, 0.7690150188803149], [0.550866344652775, 0.8706033235921844]]
1.1291, [[0.8307423779126387, 0.9692376026924979], [0.9742133786807429, 0.8336041897882114], [0.7334131587692807, 0.8473329387621074], [0.8539712024600188, 0.5963638338532272], [0.7803566504073902, 0.7884030123132486], [0.8021287922670465, 0.7424311551469392], [0.5049817862678256, 0.8255417855852899], [0.5621834383532903, 0.8148368819569862], [0.8106698400123811, 0.0], [0.7761829394184856, 0.7690150188803149]]
0.9744, [[0.8601423004285409, 0.7571148960761791], [0.8509982969963007, 0.8501831223116082], [0.8448555449679033, 0.8733614989328515], [0.6604807863342749, 0.9272771259234942], [0.7938889401600788, 0.7494273291741909], [0.6210026437330254, 0.8676421976686917], [0.7779685992745614, 0.7279666363487116], [0.553616057850623, 0.8577414043671001], [0.553616057850623, 0.8577414043671001], [0.7761829394184856, 0.7690150188803149]]
0.9966, [[0.8968552533393374, 0.7936746980791336], [0.7604347103263225, 0.9012716417665414], [0.8222658720898042, 0.8526921950418649], [0.8899729551038631, 0.7671940847151533], [0.5313478886746101, 0.9111049821047444], [0.9078355215218085, 0.19796548499727215], [0.8954991136998693, 0.19921250409165303], [0.8934847825089988, 0.18732906492089468], [0.8755678366533627, 0.6362294227548837], [0.5884950287627372, 0.8384871334756197]]
0.9411, [[0.8222658720898042, 0.8526921950418649], [0.9078355215218085, 0.19796548499727215], [0.8954991136998693, 0.19921250409165303], [0.5313478886746101, 0.9111049821047444], [0.7192139358173326, 0.7782480870136275], [0.7475048118503806, 0.20710892580469178], [0.5553126022081621, 0.8182968047939576], [0.8592632392290166, 0.19483760229132568], [0.8670687725936382, 0.0], [0.5107475783235207, 0.817882915777376]]
1.1565, [[0.951380009480846, 0.9999881661467743], [0.8307423779126387, 0.9692376026924979], [0.8968552533393374, 0.7936746980791336], [0.7604347103263225, 0.9012716417665414], [0.15422089919831863, 0.6787907634214418], [0.6985390066403345, 0.0], [0.5360973932890742, 0.7845345256936465], [0.0, 0.559158791003119], [0.5493910886896971, 0.7961115843047126], [0.5140873939065995, 0.0]]
0.9868, [[0.6124185680393489, 0.9564561536693494], [0.8606061266895965, 0.8434322048924635], [0.5421049634053856, 0.864460074536201], [0.7939534820825915, 0.7926235560663267], [0.7940395379792687, 0.7854483950090306], [0.5492394651601593, 0.8314350444918731], [0.6897828191532974, 0.8110911715646035], [0.8524516192809415, 0.0], [0.7909200117246741, 0.7613730123132498], [0.8445758633037007, 0.0]]
1.0226, [[0.8307423779126387, 0.9692376026924979], [0.8509982969963007, 0.8501831223116082], [0.6859103038027662, 0.7801636920045962], [0.8526724889290632, 0.7866817783615172], [0.8448555449679033, 0.8733614989328515], [0.0, 0.1901326273867975], [0.6696027113821981, 0.0], [0.8419296444808402, 0.6903518463306512], [0.3869434159009375, 0.6615618565096044], [0.8601423004285409, 0.7571148960761791]]
0.9855, [[0.8760316629144184, 0.8669437044820227], [0.8971600534537452, 0.0], [0.5313478886746101, 0.9111049821047444], [0.8954991136998693, 0.19921250409165303], [0.8694188256496541, 0.8313057596453788], [0.7604347103263225, 0.9012716417665414], [0.7604347103263225, 0.9012716417665414], [0.8656993807752834, 0.20067875777414065], [0.8222658720898042, 0.8526921950418649], [0.5543823713647776, 0.8178917911672963]]
0.9560, [[0.8760316629144184, 0.8669437044820227], [0.9154168137589505, 0.19861063338788867], [0.6210026437330254, 0.8676421976686917], [0.8222658720898042, 0.8526921950418649], [0.8714464090194115, 0.7636528041372521], [0.7761829394184856, 0.7690150188803149], [0.5547511853555471, 0.7966177773764579], [0.8682349643357208, 0.19148852700491], [0.8539712024600188, 0.5963638338532272], [0.6034902687589574, 0.7089469715974387]]
0.9800, [[0.6604807863342749, 0.9272771259234942], [0.6612768033785532, 0.9164473751436553], [0.6210026437330254, 0.8676421976686917], [0.553616057850623, 0.8577414043671001], [0.8509982969963007, 0.8501831223116082], [0.6624600719578823, 0.8419506064685605], [0.5190540889822952, 0.8323850070595961], [0.5483297239829275, 0.7989321832211452], [0.5416541907500008, 0.7755147627647354], [0.8714464090194115, 0.7636528041372521]]
0.9301, [[0.8733458879932584, 0.6081053830241345], [0.8526724889290632, 0.7866817783615172], [0.8509982969963007, 0.8501831223116082], [0.9078355215218085, 0.19796548499727215], [0.5190540889822952, 0.8323850070595961], [0.831645964827759, 0.6248736571991456], [0.8954991136998693, 0.19921250409165303], [0.710801971917017, 0.8068942955179768], [0.6702266166331157, 0.7947554247250045], [0.5420885716724628, 0.7843445923493683]]
1.0274, [[0.9799025440189029, 0.0], [0.8307423779126387, 0.9692376026924979], [0.9637299728890772, 0.0], [0.7604347103263225, 0.9012716417665414], [0.4491484950878951, 0.8207700801182074], [0.6770250324707163, 0.7968645132162208], [0.8526724889290632, 0.7866817783615172], [0.5101779656044436, 0.7697945739615839], [0.7297557831604456, 0.6978323208011825], [0.0, 0.5880464101132824]]
0.9080, [[0.8509982969963007, 0.8501831223116082], [0.8767649501461828, 0.0], [0.8764424804599256, 0.0], [0.8539712024600188, 0.5963638338532272], [0.5165543497115246, 0.8207937478246587], [0.6986250625370118, 0.8150782925627982], [0.5210825659315271, 0.7901277964209494], [0.831645964827759, 0.6248736571991456], [0.5127719573395216, 0.7518331515350523], [0.7297557831604456, 0.6978323208011825]]
1.0929, [[0.6124185680393489, 0.9564561536693494], [0.9742133786807429, 0.8336041897882114], [0.8606061266895965, 0.8434322048924635], [0.9154168137589505, 0.19861063338788867], [0.7940395379792687, 0.7854483950090306], [0.879799699111376, 0.0], [0.7909200117246741, 0.7613730123132498], [0.8220292183739433, 0.18702771576650293], [0.710801971917017, 0.8068942955179768], [0.8178124794366969, 0.19989194762684118]]
0.9498, [[0.8760316629144184, 0.8669437044820227], [0.8714464090194115, 0.7636528041372521], [0.8448555449679033, 0.8733614989328515], [0.7803566504073902, 0.7884030123132486], [0.5621834383532903, 0.8148368819569862], [0.6948386030831577, 0.6584270687900184], [0.551304823508468, 0.8513117760630435], [0.6508640398804593, 0.0], [0.5455021500536951, 0.8573869804629786], [0.5507720921884677, 0.0]]
1.0029, [[0.9742133786807429, 0.8336041897882114], [0.6897828191532974, 0.8110911715646035], [0.8733458879932584, 0.6081053830241345], [0.5911627615597687, 0.7404554933508465], [0.6791118879651655, 0.6880383280249556], [0.5251149322306062, 0.7553297593170243], [0.831645964827759, 0.6248736571991456], [0.5758878398993397, 0.7268817678542117], [0.5574722130207792, 0.6662800137908396], [0.5458955516438494, 0.7036439261205061]]
1.0075, [[0.8760316629144184, 0.8669437044820227], [0.6124185680393489, 0.9564561536693494], [0.8694188256496541, 0.8313057596453788], [0.5421049634053856, 0.864460074536201], [0.7940395379792687, 0.7854483950090306], [0.6595771994191547, 0.8304374506649156], [0.6897828191532974, 0.8110911715646035], [0.5553126022081621, 0.8182968047939576], [0.7915224030014208, 0.19232824331696666], [0.5570214403653944, 0.0]]
0.9359, [[0.553616057850623, 0.8577414043671001], [1.0, 0.0], [0.8899729551038631, 0.7671940847151533], [0.6217771468031329, 0.8299034480380899], [0.595723724083724, 0.8239391860121488], [0.5621834383532903, 0.8148368819569862], [0.6897828191532974, 0.8110911715646035], [0.8539712024600188, 0.5963638338532272], [0.7324665439058188, 0.1929045390070922], [0.5005150390462846, 0.0]]
0.9438, [[0.8760316629144184, 0.8669437044820227], [0.5160216183915243, 0.8558509463142342], [0.5190540889822952, 0.8323850070595961], [0.4491484950878951, 0.8207700801182074], [0.5621834383532903, 0.8148368819569862], [0.5483297239829275, 0.7989321832211452], [0.6702266166331157, 0.7947554247250045], [0.5268319662542993, 0.793812562469216], [0.8419296444808402, 0.6903518463306512], [0.5288645411367623, 0.6739729059267766]]
1.1565, [[0.951380009480846, 0.9999881661467743], [0.8419296444808402, 0.6903518463306512], [0.8307423779126387, 0.9692376026924979], [0.815790165864754, 0.6611379087177809], [0.7006043481606129, 0.7946838299129867], [0.550866344652775, 0.8706033235921844], [0.8021287922670465, 0.7424311551469392], [0.5451005525970799, 0.8170749594483668], [0.7350051928578375, 0.0], [0.6999589289355244, 0.7056681067148252]]
0.9443, [[0.8448555449679033, 0.8733614989328515], [0.8714464090194115, 0.7636528041372521], [0.8694188256496541, 0.8313057596453788], [0.8438659021561059, 0.0], [0.8030323791821666, 0.0], [0.7939534820825915, 0.7926235560663267], [0.5492394651601593, 0.8314350444918731], [0.5827507976594466, 0.664032173370547], [0.6305978762126764, 0.7132124839927758], [0.7626721636399616, 0.0]]
0.9438, [[0.8760316629144184, 0.8669437044820227], [0.8767649501461828, 0.0], [0.8509982969963007, 0.8501831223116082], [0.553616057850623, 0.8577414043671001], [0.7803566504073902, 0.7884030123132486], [0.7814753770642129, 0.0], [0.7334131587692807, 0.8473329387621074], [0.6624600719578823, 0.8419506064685605], [0.7160728955885735, 0.748953975045149], [0.7076824456624223, 0.823119395829914]]
1.0313, [[0.6124185680393489, 0.9564561536693494], [0.8760316629144184, 0.8669437044820227], [0.8968552533393374, 0.7936746980791336], [0.8971600534537452, 0.0], [0.5313478886746101, 0.9111049821047444], [0.8606061266895965, 0.8434322048924635], [0.7604347103263225, 0.9012716417665414], [0.5421049634053856, 0.864460074536201], [0.5100632234739825, 0.7741517987194227], [0.5279343102933767, 0.7626661566245283]]
