0.2719, [[0.36752592592590405, 1.0, 0.0], [0.36752592592590405, 0.9878496042216363, 0.4275652173913011], [0.36752592592590405, 0.0, 0.4917], [0.36752592592590405, 0.9878496042216363, 0.4275652173913011], [0.36752592592590405, 0.0, 0.4917], [0.0, 0.9878496042216363, 0.21378260869565055], [0.0, 0.0, 0.4917], [0.0, 1.0, 0.0], [0.36752592592590405, 0.9756992084432723, 0.21378260869565055], [0.0, 0.9878496042216363, 0.10689130434782528]]
0.1957, [[0.0, 1.0, 0.0], [0.0, 1.0, 0.0], [0.0, 0.9878496042216363, 0.4275652173913011], [0.5529411764706459, 0.0, 0.0], [0.36752592592590405, 0.0, 0.4917], [0.36752592592590405, 0.9878496042216363, 0.21378260869565055], [0.36752592592590405, 0.0, 0.3206739130434758], [0.36752592592590405, 0.0, 0.3206739130434758], [0.36752592592590405, 0.9756992084432723, 0.10689130434782528], [0.36752592592590405, 0.9878496042216363, 0.0]]
0.2753, [[0.36752592592590405, 0.9878496042216363, 0.4275652173913011], [0.0, 1.0, 0.0], [0.0, 0.9756992084432723, 0.4917], [0.36752592592590405, 0.9878496042216363, 0.3206739130434758], [0.0, 0.0, 0.4275652173913011], [0.0, 0.0, 0.4275652173913011], [0.0, 0.9756992084432723, 0.4275652173913011], [0.0, 0.0, 0.4275652173913011], [0.36752592592590405, 0.9756992084432723, 0.0], [0.0, 0.9878496042216363, 0.21378260869565055]]
0.0699, [[0.0, 1.0, 0.21378260869565055], [0.36752592592590405, 0.0, 0.4986714285714131], [0.0, 0.9878496042216363, 0.3206739130434758], [0.0, 0.9878496042216363, 0.0], [0.0, 1.0, 0.0], [0.0, 0.0, 0.4917], [0.36752592592590405, 0.0, 0.4917], [0.0, 0.9756992084432723, 0.10689130434782528], [0.0, 0.0, 0.4917], [0.36752592592590405, 0.0, 0.4275652173913011]]
0.2395, [[0.0, 0.9756992084432723, 0.4917], [0.36752592592590405, 0.0, 0.4917], [0.0, 1.0, 0.10689130434782528], [0.36752592592590405, 1.0, 0.0], [0.0, 1.0, 0.21378260869565055], [0.36752592592590405, 0.9878496042216363, 0.3206739130434758], [0.0, 0.9756992084432723, 0.4275652173913011], [0.36752592592590405, 1.0, 0.0], [0.0, 0.9878496042216363, 0.3206739130434758], [0.36752592592590405, 0.9878496042216363, 0.21378260869565055]]
0.1060, [[0.36752592592590405, 0.9878496042216363, 0.0], [0.36752592592590405, 0.0, 0.4917], [0.0, 1.0, 0.3206739130434758], [0.36752592592590405, 0.9756992084432723, 0.0], [0.36752592592590405, 0.0, 0.4917], [0.36752592592590405, 0.0, 0.4917], [0.0, 1.0, 0.21378260869565055], [0.36752592592590405, 0.0, 0.4275652173913011], [0.0, 1.0, 0.0], [0.0, 0.9878496042216363, 0.21378260869565055]]
0.0994, [[0.0, 1.0, 0.0], [0.0, 0.0, 0.4917], [0.0, 0.0, 0.4917], [0.36752592592590405, 0.9878496042216363, 0.0], [0.36752592592590405, 0.0, 0.3206739130434758], [0.0, 0.9878496042216363, 0.3206739130434758], [0.0, 1.0, 0.0], [0.36752592592590405, 0.0, 0.21378260869565055], [0.0, 0.9878496042216363, 0.10689130434782528], [0.36752592592590405, 0.0, 0.0]]
0.0249, [[0.36752592592590405, 0.0, 0.3206739130434758], [0.0, 0.0, 0.4917], [0.0, 0.0, 0.4917], [0.36752592592590405, 0.0, 0.3206739130434758], [0.0, 0.3553, 0.0], [0.0, 0.3553, 0.0], [0.36752592592590405, 0.0, 0.3206739130434758], [0.0, 0.3553, 0.0], [0.0, 0.3553, 0.0], [0.0, 0.3553, 0.0]]
0.3205, [[0.36752592592590405, 0.9756992084432723, 0.4917], [0.36752592592590405, 1.0, 0.0], [0.36752592592590405, 0.9878496042216363, 0.3206739130434758], [0.36752592592590405, 0.9756992084432723, 0.4917], [0.5529411764706459, 0.9756992084432723, 0.0], [0.36752592592590405, 1.0, 0.0], [0.36752592592590405, 0.9878496042216363, 0.10689130434782528], [0.0, 0.9878496042216363, 0.3206739130434758], [0.36752592592590405, 0.9878496042216363, 0.10689130434782528], [0.36752592592590405, 0.9756992084432723, 0.4275652173913011]]
0.2324, [[0.36752592592590405, 0.9878496042216363, 0.21378260869565055], [0.36752592592590405, 0.9756992084432723, 0.3206739130434758], [0.36752592592590405, 0.0, 0.4917], [0.0, 1.0, 0.21378260869565055], [0.36752592592590405, 0.0, 0.4917], [0.0, 0.9878496042216363, 0.4275652173913011], [0.36752592592590405, 0.0, 0.4275652173913011], [0.36752592592590405, 0.9756992084432723, 0.0], [0.0, 0.9878496042216363, 0.21378260869565055], [0.0, 0.9756992084432723, 0.3206739130434758]]
0.2714, [[0.36752592592590405, 0.0, 0.4917], [0.36752592592590405, 0.0, 0.4917], [0.36752592592590405, 0.9878496042216363, 0.4275652173913011], [0.0, 1.0, 0.0], [0.36752592592590405, 0.0, 0.4917], [0.36752592592590405, 0.9878496042216363, 0.21378260869565055], [0.0, 1.0, 0.0], [0.0, 0.0, 0.4275652173913011], [0.0, 0.9878496042216363, 0.21378260869565055], [0.36752592592590405, 0.9878496042216363, 0.10689130434782528]]
0.2707, [[0.36752592592590405, 0.0, 0.4917], [0.36752592592590405, 0.9756992084432723, 0.4275652173913011], [0.36752592592590405, 0.9878496042216363, 0.21378260869565055], [0.36752592592590405, 1.0, 0.0], [0.36752592592590405, 0.0, 0.4917], [0.36752592592590405, 0.0, 0.3206739130434758], [0.0, 1.0, 0.0], [0.0, 0.0, 0.4917], [0.36752592592590405, 1.0, 0.0], [0.0, 0.9878496042216363, 0.21378260869565055]]
0.3013, [[0.0, 1.0, 0.21378260869565055], [0.0, 0.9756992084432723, 0.4917], [0.36752592592590405, 0.9878496042216363, 0.4917], [0.0, 1.0, 0.0], [0.0, 1.0, 0.0], [0.36752592592590405, 0.9878496042216363, 0.4275652173913011], [0.36752592592590405, 0.9878496042216363, 0.0], [0.0, 0.9756992084432723, 0.4275652173913011], [0.36752592592590405, 0.0, 0.21378260869565055], [0.0, 0.9878496042216363, 0.3206739130434758]]
0.0840, [[0.0, 0.9878496042216363, 0.21378260869565055], [0.0, 0.9756992084432723, 0.4917], [0.0, 1.0, 0.10689130434782528], [0.36752592592590405, 0.0, 0.4275652173913011], [0.0, 1.0, 0.0], [0.0, 0.9878496042216363, 0.4917], [0.0, 1.0, 0.0], [0.36752592592590405, 0.0, 0.3206739130434758], [0.0, 0.0, 0.4275652173913011], [0.36752592592590405, 0.0, 0.3206739130434758]]
0.2802, [[0.0, 1.0, 0.0], [0.0, 1.0, 0.4917], [0.36752592592590405, 0.0, 0.4917], [0.5529411764706459, 0.0, 0.0], [0.0, 0.0, 0.4917], [0.36752592592590405, 0.9878496042216363, 0.4275652173913011], [0.0, 1.0, 0.0], [0.0, 0.9878496042216363, 0.3206739130434758], [0.36752592592590405, 0.0, 0.4275652173913011], [0.0, 0.9756992084432723, 0.10689130434782528]]
0.2309, [[0.36752592592590405, 0.0, 0.4917], [0.36752592592590405, 0.9878496042216363, 0.0], [0.0, 0.9878496042216363, 0.21378260869565055], [0.0, 0.9756992084432723, 0.4275652173913011], [0.0, 1.0, 0.0], [0.36752592592590405, 0.9756992084432723, 0.3206739130434758], [0.36752592592590405, 0.0, 0.3206739130434758], [0.0, 0.0, 0.4275652173913011], [0.0, 0.9878496042216363, 0.10689130434782528], [0.36752592592590405, 0.0, 0.3206739130434758]]
0.0375, [[0.36752592592590405, 0.0, 0.4917], [0.36752592592590405, 0.0, 0.4917], [0.0, 0.9878496042216363, 0.0], [0.36752592592590405, 0.0, 0.4275652173913011], [0.36752592592590405, 0.0, 0.4275652173913011], [0.0, 0.0340654671199156, 0.0], [0.0, 0.3553, 0.0], [0.0, 0.03304858750439573, 0.0], [0.0, 0.3553, 0.0], [0.0, 0.3553, 0.0]]
0.0588, [[0.0, 0.9878496042216363, 0.21378260869565055], [0.0, 0.0, 0.4917], [0.36752592592590405, 0.0, 0.4917], [0.0, 1.0, 0.0], [0.0, 0.0, 0.4917], [0.36752592592590405, 0.0, 0.3206739130434758], [0.0, 1.0, 0.0], [0.0, 0.9878496042216363, 0.10689130434782528], [0.36752592592590405, 0.0, 0.3206739130434758], [0.0, 0.9878496042216363, 0.10689130434782528]]
0.0481, [[0.36752592592590405, 0.0, 0.4917], [0.0, 0.9878496042216363, 0.10689130434782528], [0.0, 0.9756992084432723, 0.10689130434782528], [0.0, 0.9878496042216363, 0.0], [0.0, 0.0, 0.4917], [0.36752592592590405, 0.0, 0.4917], [0.0, 0.9878496042216363, 0.10689130434782528], [0.0, 0.9878496042216363, 0.0], [0.36752592592590405, 0.0, 0.4275652173913011], [0.0, 0.0, 0.4917]]
0.2692, [[0.0, 1.0, 0.10689130434782528], [0.0, 1.0, 0.10689130434782528], [0.0, 0.0, 0.4917], [0.36752592592590405, 0.9878496042216363, 0.4275652173913011], [0.0, 0.0, 0.4917], [0.0, 1.0, 0.10689130434782528], [0.36752592592590405, 0.0, 0.3206739130434758], [0.0, 0.9878496042216363, 0.21378260869565055], [0.0, 0.0, 0.4275652173913011], [0.36752592592590405, 0.9756992084432723, 0.21378260869565055]]
0.2995, [[0.36752592592590405, 0.9756992084432723, 0.4917], [0.0, 1.0, 0.0], [0.36752592592590405, 0.9878496042216363, 0.21378260869565055], [0.36752592592590405, 0.0, 0.4917], [0.0, 0.9878496042216363, 0.0], [0.36752592592590405, 0.9756992084432723, 0.0], [0.0, 0.9756992084432723, 0.21378260869565055], [0.0, 0.9878496042216363, 0.10689130434782528], [0.0, 0.9756992084432723, 0.0], [0.0, 0.9878496042216363, 0.0]]
0.0696, [[0.36752592592590405, 0.0, 0.4917], [0.0, 0.9878496042216363, 0.3206739130434758], [0.0, 0.9878496042216363, 0.3206739130434758], [0.0, 1.0, 0.21378260869565055], [0.36752592592590405, 0.0, 0.4275652173913011], [0.0, 0.0, 0.4917], [0.0, 1.0, 0.0], [0.0, 1.0, 0.10689130434782528], [0.0, 0.9878496042216363, 0.21378260869565055], [0.36752592592590405, 0.0, 0.0]]
0.2190, [[0.36752592592590405, 0.9878496042216363, 0.3206739130434758], [0.36752592592590405, 0.0, 0.4275652173913011], [0.0, 0.9878496042216363, 0.3206739130434758], [0.36752592592590405, 0.9756992084432723, 0.21378260869565055], [0.36752592592590405, 0.9878496042216363, 0.0], [0.36752592592590405, 0.0, 0.3206739130434758], [0.36752592592590405, 0.0, 0.3206739130434758], [0.36752592592590405, 0.0, 0.3206739130434758], [0.0, 0.0, 0.3206739130434758], [0.0, 0.9878496042216363, 0.21378260869565055]]
0.2708, [[0.36752592592590405, 0.0, 0.4917], [0.0, 1.0, 0.0], [0.36752592592590405, 0.9756992084432723, 0.4275652173913011], [0.36752592592590405, 0.9878496042216363, 0.3206739130434758], [0.36752592592590405, 0.0, 0.4917], [0.0, 1.0, 0.0], [0.36752592592590405, 0.9878496042216363, 0.10689130434782528], [0.0, 0.9878496042216363, 0.10689130434782528], [0.36752592592590405, 0.0, 0.4917], [0.0, 0.9878496042216363, 0.10689130434782528]]
0.1872, [[0.36752592592590405, 0.0, 0.3206739130434758], [0.36752592592590405, 0.0, 0.3206739130434758], [0.0, 0.0, 0.4917], [0.36752592592590405, 0.0, 0.3206739130434758], [0.0, 0.9756992084432723, 0.4275652173913011], [0.36752592592590405, 0.9878496042216363, 0.21378260869565055], [0.0, 0.0, 0.4275652173913011], [0.36752592592590405, 0.0, 0.21378260869565055], [0.0, 0.9756992084432723, 0.21378260869565055], [0.0, 0.9878496042216363, 0.10689130434782528]]
0.1056, [[0.0, 0.9756992084432723, 0.3206739130434758], [0.36752592592590405, 0.0, 0.4917], [0.0, 0.9756992084432723, 0.21378260869565055], [0.0, 0.9756992084432723, 0.10689130434782528], [0.0, 1.0, 0.0], [0.36752592592590405, 0.9878496042216363, 0.0], [0.36752592592590405, 0.9756992084432723, 0.0], [0.0, 0.9878496042216363, 0.3206739130434758], [0.36752592592590405, 0.0, 0.4275652173913011], [0.0, 0.0, 0.4917]]
0.0377, [[0.0, 0.0, 0.4917], [0.36752592592590405, 0.0, 0.4917], [0.0, 1.0, 0.0], [0.36752592592590405, 0.0, 0.4917], [0.0, 0.9878496042216363, 0.0], [0.36752592592590405, 0.0, 0.4917], [0.0, 0.9878496042216363, 0.0], [0.0, 0.9756992084432723, 0.0], [0.36752592592590405, 0.0, 0.4275652173913011], [0.0, 0.9878496042216363, 0.0]]
0.2705, [[0.36752592592590405, 0.9878496042216363, 0.10689130434782528], [0.36752592592590405, 0.0, 0.4917], [0.0, 1.0, 0.4275652173913011], [0.36752592592590405, 0.9756992084432723, 0.4275652173913011], [0.0, 0.0, 0.4917], [0.0, 0.9878496042216363, 0.21378260869565055], [0.0, 0.9878496042216363, 0.4275652173913011], [0.36752592592590405, 0.0, 0.21378260869565055], [0.193571428571429, 0.0, 0.3206739130434758], [0.0, 0.9756992084432723, 0.4275652173913011]]
0.2175, [[0.0, 0.9878496042216363, 0.0], [0.0, 1.0, 0.0], [0.36752592592590405, 0.0, 0.4275652173913011], [0.0, 0.9878496042216363, 0.21378260869565055], [0.0, 0.9878496042216363, 0.0], [0.36752592592590405, 0.0, 0.4275652173913011], [0.36752592592590405, 0.9878496042216363, 0.0], [0.36752592592590405, 0.9756992084432723, 0.3206739130434758], [0.36752592592590405, 0.0, 0.4275652173913011], [0.36752592592590405, 0.0, 0.21378260869565055]]
0.2221, [[0.36752592592590405, 0.0, 0.4917], [0.0, 1.0, 0.0], [0.36752592592590405, 0.9878496042216363, 0.3206739130434758], [0.36752592592590405, 0.0, 0.4275652173913011], [0.0, 0.0, 0.4917], [0.36752592592590405, 0.9878496042216363, 0.10689130434782528], [0.36752592592590405, 0.0, 0.21378260869565055], [0.0, 0.0, 0.4275652173913011], [0.36752592592590405, 0.9878496042216363, 0.0], [0.0, 0.9878496042216363, 0.0]]
0.2206, [[0.0, 0.9878496042216363, 0.21378260869565055], [0.36752592592590405, 0.9878496042216363, 0.0], [0.0, 0.9878496042216363, 0.3206739130434758], [0.0, 0.0, 0.4917], [0.36752592592590405, 0.9756992084432723, 0.3206739130434758], [0.0, 1.0, 0.0], [0.36752592592590405, 0.0, 0.4917], [0.36752592592590405, 0.9878496042216363, 0.0], [0.36752592592590405, 0.0, 0.3206739130434758], [0.36752592592590405, 0.0, 0.3206739130434758]]
0.0355, [[0.5529411764706459, 0.0, 0.3206739130434758], [0.36752592592590405, 0.0, 0.4917], [0.36752592592590405, 0.0, 0.4275652173913011], [0.36752592592590405, 0.0, 0.4275652173913011], [0.36752592592590405, 0.0, 0.4275652173913011], [0.36752592592590405, 0.0, 0.4275652173913011], [0.193571428571429, 0.0, 0.4917], [0.36752592592590405, 0.0, 0.4275652173913011], [0.36752592592590405, 0.0, 0.3206739130434758], [0.0, 0.0, 0.4275652173913011]]
0.2197, [[0.36752592592590405, 0.0, 0.4275652173913011], [0.0, 0.0, 0.4917], [0.36752592592590405, 0.9878496042216363, 0.3206739130434758], [0.0, 1.0, 0.0], [0.0, 0.0, 0.4917], [0.0, 0.9878496042216363, 0.21378260869565055], [0.36752592592590405, 0.9756992084432723, 0.10689130434782528], [0.36752592592590405, 0.0, 0.3206739130434758], [0.36752592592590405, 0.0, 0.3206739130434758], [0.0, 0.0, 0.4275652173913011]]
0.0454, [[0.36752592592590405, 0.0, 0.4275652173913011], [0.0, 1.0, 0.10689130434782528], [0.36752592592590405, 0.0, 0.3206739130434758], [0.36752592592590405, 0.0, 0.3206739130434758], [0.0, 0.9878496042216363, 0.10689130434782528], [0.0, 0.9878496042216363, 0.10689130434782528], [0.0, 0.9878496042216363, 0.10689130434782528], [0.0, 1.0, 0.0], [0.0, 1.0, 0.0], [0.0, 0.9756992084432723, 0.10689130434782528]]
0.2225, [[0.36752592592590405, 1.0, 0.0], [0.36752592592590405, 0.0, 0.4917], [0.36752592592590405, 0.0, 0.4917], [0.36752592592590405, 0.9878496042216363, 0.3206739130434758], [0.36752592592590405, 0.0, 0.4275652173913011], [0.36752592592590405, 0.0, 0.4275652173913011], [0.193571428571429, 0.0, 0.4917], [0.0, 0.9878496042216363, 0.3206739130434758], [0.0, 0.9878496042216363, 0.21378260869565055], [0.36752592592590405, 0.9878496042216363, 0.10689130434782528]]
0.2981, [[0.36752592592590405, 0.0, 0.4917], [0.36752592592590405, 0.9756992084432723, 0.4917], [0.0, 1.0, 0.10689130434782528], [0.0, 0.0, 0.4917], [0.36752592592590405, 0.0, 0.4275652173913011], [0.193571428571429, 0.9756992084432723, 0.10689130434782528], [0.0, 0.9878496042216363, 0.10689130434782528], [0.0, 1.0, 0.0], [0.0, 0.0, 0.4917], [0.0, 0.9756992084432723, 0.0]]
0.1169, [[0.36752592592590405, 0.0, 0.3206739130434758], [0.0, 0.0, 0.4917], [0.0, 1.0, 0.4917], [0.36752592592590405, 0.9878496042216363, 0.0], [0.36752592592590405, 0.0, 0.3206739130434758], [0.0, 0.9756992084432723, 0.3206739130434758], [0.0, 1.0, 0.21378260869565055], [0.0, 0.0, 0.4917], [0.0, 1.0, 0.0], [0.36752592592590405, 0.0, 0.21378260869565055]]
0.0951, [[0.0, 0.0, 0.4917], [0.36752592592590405, 0.0, 0.4917], [0.36752592592590405, 0.0, 0.4917], [0.36752592592590405, 0.0, 0.4917], [0.0, 0.9878496042216363, 0.21378260869565055], [0.36752592592590405, 0.9878496042216363, 0.0], [0.0, 1.0, 0.0], [0.36752592592590405, 0.0, 0.4917], [0.0, 0.9878496042216363, 0.0], [0.0, 0.9878496042216363, 0.0]]
0.2720, [[0.0, 1.0, 0.4275652173913011], [0.36752592592590405, 0.0, 0.4917], [0.36752592592590405, 0.0, 0.4917], [0.36752592592590405, 0.9878496042216363, 0.4275652173913011], [0.0, 1.0, 0.0], [0.36752592592590405, 0.9878496042216363, 0.3206739130434758], [0.36752592592590405, 0.9756992084432723, 0.4275652173913011], [0.36752592592590405, 0.0, 0.4275652173913011], [0.36752592592590405, 0.9878496042216363, 0.21378260869565055], [0.36752592592590405, 0.9756992084432723, 0.3206739130434758]]
0.2759, [[0.36752592592590405, 1.0, 0.0], [0.0, 1.0, 0.10689130434782528], [0.5529411764706459, 0.0, 0.10689130434782528], [0.36752592592590405, 0.0, 0.4917], [0.0, 1.0, 0.10689130434782528], [0.36752592592590405, 0.9878496042216363, 0.4275652173913011], [0.36752592592590405, 0.0, 0.3206739130434758], [0.0, 0.0, 0.4917], [0.36752592592590405, 0.9878496042216363, 0.10689130434782528], [0.0, 0.9878496042216363, 0.21378260869565055]]
0.0585, [[0.36752592592590405, 0.0, 0.4917], [0.0, 1.0, 0.0], [0.0, 0.9756992084432723, 0.10689130434782528], [0.0, 1.0, 0.0], [0.0, 0.9756992084432723, 0.21378260869565055], [0.0, 0.0, 0.4917], [0.36752592592590405, 0.0, 0.10689130434782528], [0.36752592592590405, 0.0, 0.10689130434782528], [0.36752592592590405, 0.0, 0.10689130434782528], [0.0, 0.9756992084432723, 0.0]]
0.2412, [[0.36752592592590405, 1.0, 0.3206739130434758], [0.36752592592590405, 0.0, 0.4917], [0.0, 0.9878496042216363, 0.4917], [0.36752592592590405, 0.9878496042216363, 0.0], [0.36752592592590405, 0.9756992084432723, 0.3206739130434758], [0.36752592592590405, 0.0, 0.4917], [0.0, 0.9756992084432723, 0.4275652173913011], [0.0, 0.9756992084432723, 0.4917], [0.36752592592590405, 0.0, 0.3206739130434758], [0.0, 0.9878496042216363, 0.0]]
0.1432, [[0.36752592592590405, 1.0, 0.10689130434782528], [0.36752592592590405, 0.0, 0.4275652173913011], [0.0, 0.0, 0.4917], [0.0, 0.9878496042216363, 0.3206739130434758], [0.36752592592590405, 0.0, 0.3206739130434758], [0.0, 0.0, 0.4917], [0.0, 0.9756992084432723, 0.3206739130434758], [0.0, 0.9756992084432723, 0.10689130434782528], [0.0, 0.9878496042216363, 0.0], [0.0, 0.9878496042216363, 0.10689130434782528]]
0.1260, [[0.0, 1.0, 0.4275652173913011], [0.36752592592590405, 0.0, 0.21378260869565055], [0.0, 0.9878496042216363, 0.21378260869565055], [0.36752592592590405, 0.9878496042216363, 0.0], [0.5529411764706459, 0.9878496042216363, 0.0], [0.0, 1.0, 0.0], [0.36752592592590405, 0.0, 0.21378260869565055], [0.0, 0.9878496042216363, 0.10689130434782528], [0.0, 0.0, 0.21378260869565055], [0.0, 0.9878496042216363, 0.3206739130434758]]
0.2721, [[0.36752592592590405, 0.0, 0.4917], [0.36752592592590405, 0.0, 0.4917], [0.36752592592590405, 0.9878496042216363, 0.4275652173913011], [0.36752592592590405, 0.0, 0.4917], [0.193571428571429, 1.0, 0.10689130434782528], [0.36752592592590405, 0.9756992084432723, 0.4275652173913011], [0.0, 0.0, 0.4917], [0.0, 1.0, 0.10689130434782528], [0.0, 0.9878496042216363, 0.10689130434782528], [0.0, 0.9878496042216363, 0.10689130434782528]]
0.1748, [[0.0, 0.9878496042216363, 0.21378260869565055], [0.0, 0.0, 0.4275652173913011], [0.5529411764706459, 0.0, 0.0], [0.0, 0.9756992084432723, 0.3206739130434758], [0.193571428571429, 0.0, 0.3206739130434758], [0.36752592592590405, 0.9756992084432723, 0.21378260869565055], [0.0, 0.0, 0.4275652173913011], [0.193571428571429, 0.0, 0.3206739130434758], [0.0, 1.0, 0.0], [0.36752592592590405, 0.0, 0.10689130434782528]]
0.3011, [[0.0, 1.0, 0.0], [0.0, 1.0, 0.0], [0.36752592592590405, 0.9878496042216363, 0.4917], [0.0, 1.0, 0.0], [0.36752592592590405, 0.9878496042216363, 0.10689130434782528], [0.36752592592590405, 0.0, 0.4917], [0.36752592592590405, 0.9878496042216363, 0.10689130434782528], [0.0, 0.9878496042216363, 0.4917], [0.36752592592590405, 0.9878496042216363, 0.0], [0.0, 0.9878496042216363, 0.4917]]
0.0693, [[0.0, 0.9878496042216363, 0.3206739130434758], [0.36752592592590405, 0.0, 0.4917], [0.0, 1.0, 0.0], [0.0, 1.0, 0.0], [0.0, 0.9878496042216363, 0.3206739130434758], [0.0, 0.9878496042216363, 0.10689130434782528], [0.0, 0.9878496042216363, 0.10689130434782528], [0.36752592592590405, 0.0, 0.3206739130434758], [0.0, 0.0, 0.4275652173913011], [0.0, 0.0, 0.3206739130434758]]
0.0798, [[0.0, 0.9878496042216363, 0.3206739130434758], [0.36752592592590405, 0.0, 0.4917], [0.0, 0.9756992084432723, 0.4275652173913011], [0.36752592592590405, 0.0, 0.4917], [0.0, 1.0, 0.0], [0.36752592592590405, 0.0, 0.21378260869565055], [0.0, 0.9878496042216363, 0.10689130434782528], [0.0, 0.0, 0.4917], [0.0, 0.0, 0.3206739130434758], [0.0, 1.0, 0.0]]
0.0520, [[0.36752592592590405, 0.0, 0.3206739130434758], [0.0, 0.0, 0.4275652173913011], [0.0, 0.0, 0.4275652173913011], [0.0, 0.9878496042216363, 0.21378260869565055], [0.0, 1.0, 0.10689130434782528], [0.0, 0.9878496042216363, 0.21378260869565055], [0.36752592592590405, 0.0, 0.3206739130434758], [0.0, 1.0, 0.0], [0.36752592592590405, 0.0, 0.21378260869565055], [0.36752592592590405, 0.0, 0.10689130434782528]]
0.2219, [[0.36752592592590405, 0.0, 0.4917], [0.36752592592590405, 0.9878496042216363, 0.3206739130434758], [0.36752592592590405, 0.9878496042216363, 0.3206739130434758], [0.36752592592590405, 0.0, 0.4917], [0.36752592592590405, 0.0, 0.4917], [0.0, 0.9878496042216363, 0.21378260869565055], [0.36752592592590405, 0.9878496042216363, 0.0], [0.36752592592590405, 0.9756992084432723, 0.21378260869565055], [0.36752592592590405, 0.9878496042216363, 0.0], [0.36752592592590405, 0.0, 0.10689130434782528]]
0.2348, [[0.36752592592590405, 0.0, 0.4917], [0.0, 0.0, 0.4917], [0.36752592592590405, 1.0, 0.3206739130434758], [0.0, 0.9756992084432723, 0.4275652173913011], [0.36752592592590405, 0.0, 0.4275652173913011], [0.0, 0.0, 0.4917], [0.0, 1.0, 0.3206739130434758], [0.36752592592590405, 0.9756992084432723, 0.21378260869565055], [0.36752592592590405, 0.0, 0.3206739130434758], [0.0, 0.9878496042216363, 0.10689130434782528]]
0.2225, [[0.36752592592590405, 1.0, 0.0], [0.36752592592590405, 0.0, 0.4917], [0.36752592592590405, 0.0, 0.4917], [0.36752592592590405, 0.9878496042216363, 0.3206739130434758], [0.36752592592590405, 0.9878496042216363, 0.3206739130434758], [0.0, 0.9756992084432723, 0.3206739130434758], [0.36752592592590405, 0.0, 0.4275652173913011], [0.0, 0.0, 0.4917], [0.36752592592590405, 0.0, 0.4275652173913011], [0.36752592592590405, 0.9878496042216363, 0.21378260869565055]]
0.2412, [[0.0, 0.9878496042216363, 0.4917], [0.36752592592590405, 0.0, 0.4917], [0.36752592592590405, 1.0, 0.3206739130434758], [0.36752592592590405, 0.0, 0.4275652173913011], [0.0, 0.0, 0.4917], [0.0, 1.0, 0.0], [0.36752592592590405, 0.9756992084432723, 0.3206739130434758], [0.0, 1.0, 0.10689130434782528], [0.0, 0.9878496042216363, 0.3206739130434758], [0.36752592592590405, 0.9878496042216363, 0.21378260869565055]]
0.2743, [[0.36752592592590405, 0.9878496042216363, 0.10689130434782528], [0.36752592592590405, 0.9756992084432723, 0.4275652173913011], [0.5529411764706459, 0.0, 0.3206739130434758], [0.36752592592590405, 0.9878496042216363, 0.10689130434782528], [0.36752592592590405, 0.0, 0.4275652173913011], [0.0, 0.9756992084432723, 0.21378260869565055], [0.0, 0.9878496042216363, 0.10689130434782528], [0.36752592592590405, 0.9756992084432723, 0.10689130434782528], [0.0, 0.9878496042216363, 0.0], [0.36752592592590405, 0.0, 0.3206739130434758]]
0.0351, [[0.36752592592590405, 0.0, 0.4275652173913011], [0.0, 0.9756992084432723, 0.0], [0.0, 0.0, 0.4917], [0.36752592592590405, 0.0, 0.4275652173913011], [0.0, 0.3051200427008273, 0.0], [0.0, 0.035590786543195405, 0.0], [0.36752592592590405, 0.0, 0.3206739130434758], [0.36752592592590405, 0.0, 0.3206739130434758], [0.36752592592590405, 0.0, 0.3206739130434758], [0.36752592592590405, 0.0, 0.0]]
0.0842, [[0.36752592592590405, 0.0, 0.4917], [0.0, 0.9878496042216363, 0.0], [0.0, 1.0, 0.0], [0.36752592592590405, 0.9756992084432723, 0.0], [0.0, 1.0, 0.10689130434782528], [0.36752592592590405, 0.0, 0.3206739130434758], [0.36752592592590405, 0.0, 0.3206739130434758], [0.36752592592590405, 0.0, 0.3206739130434758], [0.0, 0.9878496042216363, 0.0], [0.0, 0.9878496042216363, 0.0]]
0.1744, [[0.36752592592590405, 0.0, 0.4917], [0.36752592592590405, 1.0, 0.21378260869565055], [0.36752592592590405, 0.0, 0.4917], [0.0, 1.0, 0.21378260869565055], [0.0, 0.0, 0.3206739130434758], [0.36752592592590405, 0.0, 0.21378260869565055], [0.0, 1.0, 0.0], [0.0, 0.9878496042216363, 0.21378260869565055], [0.0, 0.9756992084432723, 0.21378260869565055], [0.0, 0.9878496042216363, 0.0]]
0.3040, [[0.36752592592590405, 1.0, 0.10689130434782528], [0.5529411764706459, 0.0, 0.0], [0.36752592592590405, 1.0, 0.10689130434782528], [0.36752592592590405, 0.9878496042216363, 0.4917], [0.36752592592590405, 0.0, 0.4917], [0.0, 0.9878496042216363, 0.4917], [0.36752592592590405, 0.9878496042216363, 0.21378260869565055], [0.36752592592590405, 0.0, 0.4275652173913011], [0.0, 0.9878496042216363, 0.10689130434782528], [0.36752592592590405, 0.0, 0.4275652173913011]]
0.0672, [[0.0, 0.9878496042216363, 0.3206739130434758], [0.0, 1.0, 0.0], [0.0, 0.0, 0.4917], [0.0, 1.0, 0.21378260869565055], [0.36752592592590405, 0.0, 0.4275652173913011], [0.0, 0.9756992084432723, 0.10689130434782528], [0.36752592592590405, 0.0, 0.21378260869565055], [0.0, 0.9878496042216363, 0.3206739130434758], [0.0, 0.9756992084432723, 0.3206739130434758], [0.0, 0.0, 0.4275652173913011]]
0.1940, [[0.0, 0.9878496042216363, 0.4275652173913011], [0.0, 1.0, 0.10689130434782528], [0.0, 0.0, 0.4917], [0.36752592592590405, 0.9878496042216363, 0.21378260869565055], [0.36752592592590405, 0.0, 0.4917], [0.36752592592590405, 0.0, 0.3206739130434758], [0.0, 0.0, 0.4917], [0.36752592592590405, 0.0, 0.3206739130434758], [0.36752592592590405, 0.9756992084432723, 0.21378260869565055], [0.36752592592590405, 0.9878496042216363, 0.0]]
0.1714, [[0.36752592592590405, 0.0, 0.4275652173913011], [0.36752592592590405, 0.0, 0.4275652173913011], [0.36752592592590405, 1.0, 0.21378260869565055], [0.36752592592590405, 0.0, 0.4275652173913011], [0.0, 1.0, 0.21378260869565055], [0.36752592592590405, 0.9878496042216363, 0.0], [0.0, 0.9878496042216363, 0.10689130434782528], [0.36752592592590405, 0.0, 0.3206739130434758], [0.36752592592590405, 0.0, 0.3206739130434758], [0.36752592592590405, 0.0, 0.3206739130434758]]
0.3063, [[0.36752592592590405, 0.9878496042216363, 0.4986714285714131], [0.36752592592590405, 1.0, 0.21378260869565055], [0.0, 0.0, 0.4917], [0.36752592592590405, 0.9756992084432723, 0.4917], [0.0, 0.9878496042216363, 0.3206739130434758], [0.0, 1.0, 0.0], [0.36752592592590405, 0.9878496042216363, 0.10689130434782528], [0.36752592592590405, 0.9756992084432723, 0.3206739130434758], [0.0, 0.9878496042216363, 0.10689130434782528], [0.36752592592590405, 0.9878496042216363, 0.0]]
0.0482, [[0.0, 1.0, 0.0], [0.36752592592590405, 0.0, 0.4917], [0.36752592592590405, 0.0, 0.4917], [0.0, 1.0, 0.0], [0.0, 0.9878496042216363, 0.10689130434782528], [0.36752592592590405, 0.0, 0.4917], [0.36752592592590405, 0.0, 0.4917], [0.0, 0.0, 0.4917], [0.0, 0.9878496042216363, 0.0], [0.0, 0.9878496042216363, 0.10689130434782528]]
0.2191, [[0.36752592592590405, 0.0, 0.4275652173913011], [0.0, 1.0, 0.0], [0.36752592592590405, 0.9878496042216363, 0.3206739130434758], [0.0, 1.0, 0.0], [0.0, 1.0, 0.0], [0.36752592592590405, 0.9878496042216363, 0.21378260869565055], [0.36752592592590405, 0.0, 0.3206739130434758], [0.0, 0.9878496042216363, 0.3206739130434758], [0.0, 0.9878496042216363, 0.3206739130434758], [0.0, 0.9878496042216363, 0.10689130434782528]]
0.1051, [[0.0, 1.0, 0.0], [0.0, 0.9756992084432723, 0.3206739130434758], [0.0, 0.9878496042216363, 0.21378260869565055], [0.0, 0.9878496042216363, 0.21378260869565055], [0.36752592592590405, 0.0, 0.4917], [0.36752592592590405, 0.9756992084432723, 0.0], [0.36752592592590405, 0.0, 0.4275652173913011], [0.36752592592590405, 0.0, 0.4275652173913011], [0.0, 0.9756992084432723, 0.21378260869565055], [0.0, 0.9878496042216363, 0.0]]
0.1256, [[0.36752592592590405, 0.0, 0.4917], [0.36752592592590405, 1.0, 0.0], [0.5529411764706459, 0.0, 0.0], [0.36752592592590405, 0.9878496042216363, 0.10689130434782528], [0.36752592592590405, 0.0, 0.4917], [0.0, 0.9878496042216363, 0.10689130434782528], [0.0, 0.0, 0.4917], [0.0, 0.0, 0.4917], [0.36752592592590405, 0.9878496042216363, 0.0], [0.36752592592590405, 0.0, 0.4275652173913011]]
0.0587, [[0.0, 0.0, 0.4917], [0.0, 0.9878496042216363, 0.21378260869565055], [0.36752592592590405, 0.0, 0.4917], [0.0, 0.9878496042216363, 0.0], [0.0, 0.9878496042216363, 0.0], [0.0, 0.9878496042216363, 0.0], [0.193571428571429, 0.0, 0.4275652173913011], [0.36752592592590405, 0.0, 0.21378260869565055], [0.36752592592590405, 0.0, 0.21378260869565055], [0.0, 0.0, 0.4917]]
0.3016, [[0.0, 1.0, 0.4275652173913011], [0.36752592592590405, 0.9878496042216363, 0.4917], [0.36752592592590405, 0.0, 0.3206739130434758], [0.36752592592590405, 0.9878496042216363, 0.10689130434782528], [0.36752592592590405, 0.0, 0.3206739130434758], [0.0, 0.9878496042216363, 0.21378260869565055], [0.0, 0.9756992084432723, 0.4275652173913011], [0.0, 0.9878496042216363, 0.21378260869565055], [0.36752592592590405, 0.9878496042216363, 0.0], [0.36752592592590405, 0.9756992084432723, 0.10689130434782528]]
0.0798, [[0.36752592592590405, 0.0, 0.4917], [0.0, 1.0, 0.10689130434782528], [0.0, 0.9756992084432723, 0.4275652173913011], [0.0, 0.9878496042216363, 0.21378260869565055], [0.36752592592590405, 0.0, 0.4275652173913011], [0.0, 0.9756992084432723, 0.4275652173913011], [0.0, 0.9756992084432723, 0.21378260869565055], [0.0, 0.9756992084432723, 0.21378260869565055], [0.0, 0.9878496042216363, 0.10689130434782528], [0.36752592592590405, 0.0, 0.0]]
0.2713, [[0.36752592592590405, 0.0, 0.4917], [0.36752592592590405, 0.9878496042216363, 0.4275652173913011], [0.0, 0.0, 0.4917], [0.0, 0.0, 0.4917], [0.36752592592590405, 0.0, 0.4275652173913011], [0.36752592592590405, 0.9878496042216363, 0.21378260869565055], [0.0, 0.9878496042216363, 0.3206739130434758], [0.0, 0.9878496042216363, 0.10689130434782528], [0.0, 0.0, 0.4275652173913011], [0.36752592592590405, 0.0, 0.3206739130434758]]
0.2406, [[0.0, 0.9878496042216363, 0.4917], [0.36752592592590405, 0.9878496042216363, 0.3206739130434758], [0.36752592592590405, 0.0, 0.4917], [0.36752592592590405, 1.0, 0.21378260869565055], [0.0, 0.9878496042216363, 0.3206739130434758], [0.36752592592590405, 0.0, 0.4917], [0.36752592592590405, 1.0, 0.0], [0.36752592592590405, 0.9878496042216363, 0.0], [0.36752592592590405, 0.9756992084432723, 0.10689130434782528], [0.36752592592590405, 0.0, 0.4917]]
0.0802, [[0.5529411764706459, 0.0, 0.21378260869565055], [0.36752592592590405, 0.0, 0.4917], [0.36752592592590405, 0.0, 0.4917], [0.36752592592590405, 0.0, 0.4917], [0.36752592592590405, 1.0, 0.0], [0.36752592592590405, 0.0, 0.4275652173913011], [0.36752592592590405, 0.0, 0.4275652173913011], [0.0, 0.9878496042216363, 0.0], [0.0, 0.09456980424334778, 0.0], [0.0, 0.0, 0.4275652173913011]]
0.0882, [[0.0, 0.0, 0.4917], [0.36752592592590405, 0.0, 0.10689130434782528], [0.36752592592590405, 0.0, 0.10689130434782528], [0.0, 1.0, 0.21378260869565055], [0.36752592592590405, 0.0, 0.10689130434782528], [0.193571428571429, 0.0, 0.4917], [0.36752592592590405, 0.0, 0.10689130434782528], [0.36752592592590405, 0.9756992084432723, 0.0], [0.193571428571429, 0.0, 0.4275652173913011], [0.0, 0.9756992084432723, 0.0]]
0.2329, [[0.0, 0.9878496042216363, 0.4275652173913011], [0.36752592592590405, 0.9878496042216363, 0.3206739130434758], [0.36752592592590405, 0.0, 0.4917], [0.0, 1.0, 0.21378260869565055], [0.0, 0.9878496042216363, 0.4275652173913011], [0.0, 1.0, 0.0], [0.193571428571429, 0.0, 0.4917], [0.36752592592590405, 0.9756992084432723, 0.3206739130434758], [0.36752592592590405, 0.0, 0.4275652173913011], [0.36752592592590405, 0.9878496042216363, 0.0]]
0.1823, [[0.36752592592590405, 0.9756992084432723, 0.21378260869565055], [0.36752592592590405, 0.0, 0.4917], [0.0, 1.0, 0.3206739130434758], [0.36752592592590405, 0.0, 0.4275652173913011], [0.36752592592590405, 0.0, 0.4275652173913011], [0.0, 1.0, 0.0], [0.0, 0.9878496042216363, 0.21378260869565055], [0.36752592592590405, 0.0, 0.3206739130434758], [0.0, 1.0, 0.0], [0.0, 0.9756992084432723, 0.0]]
0.3015, [[0.36752592592590405, 0.9878496042216363, 0.4917], [0.0, 1.0, 0.0], [0.36752592592590405, 1.0, 0.0], [0.36752592592590405, 0.0, 0.3206739130434758], [0.36752592592590405, 0.9878496042216363, 0.0], [0.36752592592590405, 0.0, 0.3206739130434758], [0.0, 0.9878496042216363, 0.4275652173913011], [0.36752592592590405, 0.9756992084432723, 0.10689130434782528], [0.0, 0.0, 0.4917], [0.0, 1.0, 0.0]]
0.0567, [[0.0, 1.0, 0.21378260869565055], [0.0, 1.0, 0.21378260869565055], [0.0, 0.0, 0.4917], [0.36752592592590405, 0.0, 0.4275652173913011], [0.36752592592590405, 0.0, 0.4275652173913011], [0.36752592592590405, 0.0, 0.4275652173913011], [0.36752592592590405, 0.0, 0.4275652173913011], [0.0, 0.0, 0.4275652173913011], [0.0, 0.0, 0.4275652173913011], [0.36752592592590405, 0.0, 0.3206739130434758]]
0.1914, [[0.36752592592590405, 0.0, 0.4275652173913011], [0.36752592592590405, 0.9756992084432723, 0.21378260869565055], [0.0, 0.9878496042216363, 0.4275652173913011], [0.36752592592590405, 1.0, 0.10689130434782528], [0.36752592592590405, 0.0, 0.4275652173913011], [0.36752592592590405, 0.9878496042216363, 0.10689130434782528], [0.36752592592590405, 0.0, 0.3206739130434758], [0.36752592592590405, 0.0, 0.21378260869565055], [0.0, 0.0, 0.3206739130434758], [0.36752592592590405, 0.0, 0.21378260869565055]]
0.2005, [[0.36752592592590405, 0.0, 0.4917], [0.0, 1.0, 0.3206739130434758], [0.0, 0.9878496042216363, 0.4917], [0.36752592592590405, 0.9878496042216363, 0.21378260869565055], [0.36752592592590405, 0.0, 0.4917], [0.0, 0.0, 0.4917], [0.0, 1.0, 0.10689130434782528], [0.0, 0.9878496042216363, 0.3206739130434758], [0.0, 0.9878496042216363, 0.3206739130434758], [0.36752592592590405, 0.9878496042216363, 0.10689130434782528]]
0.1137, [[0.0, 0.9878496042216363, 0.10689130434782528], [0.36752592592590405, 0.0, 0.4275652173913011], [0.0, 0.9756992084432723, 0.4275652173913011], [0.0, 0.9878496042216363, 0.3206739130434758], [0.0, 0.9878496042216363, 0.10689130434782528], [0.0, 0.9878496042216363, 0.10689130434782528], [0.0, 1.0, 0.10689130434782528], [0.0, 0.9756992084432723, 0.3206739130434758], [0.36752592592590405, 1.0, 0.0], [0.36752592592590405, 0.0, 0.3206739130434758]]
0.1449, [[0.0, 0.9878496042216363, 0.21378260869565055], [0.0, 0.9756992084432723, 0.3206739130434758], [0.193571428571429, 1.0, 0.10689130434782528], [0.36752592592590405, 0.0, 0.4917], [0.36752592592590405, 0.9878496042216363, 0.10689130434782528], [0.36752592592590405, 0.0, 0.3206739130434758], [0.36752592592590405, 0.9756992084432723, 0.0], [0.0, 1.0, 0.0], [0.0, 1.0, 0.0], [0.36752592592590405, 0.9878496042216363, 0.0]]
0.0343, [[0.193571428571429, 0.0, 0.4917], [0.36752592592590405, 0.0, 0.4275652173913011], [0.36752592592590405, 0.0, 0.4275652173913011], [0.5529411764706459, 0.0, 0.3206739130434758], [0.36752592592590405, 0.0, 0.4275652173913011], [0.36752592592590405, 0.0, 0.4275652173913011], [0.0, 0.0, 0.4917], [0.0, 0.0, 0.4917], [0.5529411764706459, 0.0, 0.0], [0.36752592592590405, 0.0, 0.3206739130434758]]
0.1163, [[0.0, 0.9878496042216363, 0.3206739130434758], [0.0, 0.9756992084432723, 0.4275652173913011], [0.36752592592590405, 0.9878496042216363, 0.0], [0.36752592592590405, 0.0, 0.4917], [0.0, 1.0, 0.21378260869565055], [0.36752592592590405, 0.0, 0.4275652173913011], [0.0, 1.0, 0.0], [0.36752592592590405, 0.9878496042216363, 0.0], [0.0, 0.9878496042216363, 0.0], [0.0, 0.9878496042216363, 0.10689130434782528]]
0.2707, [[0.36752592592590405, 0.9878496042216363, 0.4275652173913011], [0.36752592592590405, 1.0, 0.3206739130434758], [0.36752592592590405, 0.0, 0.4275652173913011], [0.0, 0.9878496042216363, 0.4275652173913011], [0.36752592592590405, 0.0, 0.4275652173913011], [0.0, 1.0, 0.21378260869565055], [0.36752592592590405, 0.9878496042216363, 0.3206739130434758], [0.36752592592590405, 0.9878496042216363, 0.0], [0.0, 0.9756992084432723, 0.3206739130434758], [0.0, 1.0, 0.10689130434782528]]
0.2997, [[0.0, 0.0, 0.4917], [0.36752592592590405, 0.0, 0.4917], [0.0, 0.9878496042216363, 0.4275652173913011], [0.36752592592590405, 0.9878496042216363, 0.10689130434782528], [0.0, 0.9878496042216363, 0.21378260869565055], [0.36752592592590405, 1.0, 0.0], [0.36752592592590405, 0.9756992084432723, 0.4917], [0.36752592592590405, 0.0, 0.4917], [0.0, 0.9756992084432723, 0.21378260869565055], [0.0, 0.9878496042216363, 0.10689130434782528]]
0.1557, [[0.193571428571429, 0.0, 0.4917], [0.36752592592590405, 0.0, 0.4917], [0.36752592592590405, 1.0, 0.10689130434782528], [0.0, 0.9756992084432723, 0.4275652173913011], [0.36752592592590405, 0.0, 0.4275652173913011], [0.0, 0.0, 0.4917], [0.36752592592590405, 0.9756992084432723, 0.10689130434782528], [0.0, 1.0, 0.0], [0.0, 0.9878496042216363, 0.10689130434782528], [0.36752592592590405, 0.0, 0.3206739130434758]]
0.0585, [[0.36752592592590405, 0.0, 0.4917], [0.0, 0.9878496042216363, 0.10689130434782528], [0.0, 0.9756992084432723, 0.21378260869565055], [0.36752592592590405, 0.0, 0.4917], [0.0, 0.9878496042216363, 0.0], [0.36752592592590405, 0.0, 0.4275652173913011], [0.36752592592590405, 0.0, 0.4275652173913011], [0.36752592592590405, 0.0, 0.4275652173913011], [0.0, 0.9756992084432723, 0.0], [0.0, 0.9756992084432723, 0.0]]
0.1450, [[0.36752592592590405, 1.0, 0.0], [0.0, 1.0, 0.21378260869565055], [0.36752592592590405, 0.0, 0.4917], [0.36752592592590405, 0.9878496042216363, 0.10689130434782528], [0.0, 0.9756992084432723, 0.3206739130434758], [0.0, 1.0, 0.0], [0.36752592592590405, 0.0, 0.4917], [0.36752592592590405, 0.0, 0.4917], [0.36752592592590405, 0.9878496042216363, 0.0], [0.0, 0.9878496042216363, 0.21378260869565055]]
0.0482, [[0.36752592592590405, 0.0, 0.4917], [0.0, 1.0, 0.0], [0.0, 0.9878496042216363, 0.10689130434782528], [0.0, 0.9878496042216363, 0.0], [0.36752592592590405, 0.0, 0.4917], [0.36752592592590405, 0.0, 0.4917], [0.0, 0.9878496042216363, 0.0], [0.0, 0.9878496042216363, 0.0], [0.0, 0.9878496042216363, 0.0], [0.0, 0.0, 0.4275652173913011]]
0.1521, [[0.0, 0.0, 0.4917], [0.36752592592590405, 0.0, 0.4275652173913011], [0.0, 0.9878496042216363, 0.4275652173913011], [0.0, 1.0, 0.3206739130434758], [0.36752592592590405, 0.9756992084432723, 0.10689130434782528], [0.36752592592590405, 0.0, 0.4275652173913011], [0.0, 1.0, 0.0], [0.193571428571429, 0.0, 0.4275652173913011], [0.36752592592590405, 0.0, 0.3206739130434758], [0.36752592592590405, 0.9756992084432723, 0.0]]
0.0608, [[0.5529411764706459, 0.0, 0.0], [0.36752592592590405, 0.0, 0.4917], [0.0, 1.0, 0.10689130434782528], [0.0, 0.9878496042216363, 0.21378260869565055], [0.0, 1.0, 0.0], [0.0, 0.0, 0.3206739130434758], [0.36752592592590405, 0.0, 0.21378260869565055], [0.0, 0.0, 0.3206739130434758], [0.36752592592590405, 0.0, 0.21378260869565055], [0.0, 0.9878496042216363, 0.0]]
0.2284, [[0.0, 1.0, 0.0], [0.0, 1.0, 0.0], [0.0, 1.0, 0.0], [0.193571428571429, 0.0, 0.4275652173913011], [0.36752592592590405, 0.9878496042216363, 0.3206739130434758], [0.0, 0.9878496042216363, 0.4275652173913011], [0.0, 0.0, 0.4917], [0.36752592592590405, 0.0, 0.3206739130434758], [0.0, 0.9878496042216363, 0.10689130434782528], [0.36752592592590405, 0.9756992084432723, 0.10689130434782528]]
0.2331, [[0.36752592592590405, 0.9878496042216363, 0.3206739130434758], [0.0, 0.9878496042216363, 0.4917], [0.36752592592590405, 1.0, 0.0], [0.36752592592590405, 0.0, 0.3206739130434758], [0.0, 0.9878496042216363, 0.3206739130434758], [0.0, 1.0, 0.0], [0.36752592592590405, 0.9878496042216363, 0.21378260869565055], [0.0, 0.9756992084432723, 0.4275652173913011], [0.0, 0.0, 0.4275652173913011], [0.36752592592590405, 1.0, 0.0]]
0.2708, [[0.36752592592590405, 0.0, 0.4917], [0.36752592592590405, 0.9878496042216363, 0.3206739130434758], [0.0, 1.0, 0.0], [0.36752592592590405, 0.9756992084432723, 0.4275652173913011], [0.36752592592590405, 0.0, 0.4275652173913011], [0.0, 0.0, 0.4917], [0.0, 0.9878496042216363, 0.21378260869565055], [0.0, 0.9878496042216363, 0.21378260869565055], [0.36752592592590405, 0.9878496042216363, 0.10689130434782528], [0.0, 0.9878496042216363, 0.21378260869565055]]
0.0692, [[0.0, 0.9878496042216363, 0.3206739130434758], [0.0, 0.9878496042216363, 0.0], [0.36752592592590405, 0.0, 0.4917], [0.0, 0.9878496042216363, 0.3206739130434758], [0.0, 0.9878496042216363, 0.10689130434782528], [0.0, 0.9878496042216363, 0.0], [0.36752592592590405, 0.0, 0.3206739130434758], [0.36752592592590405, 0.0, 0.3206739130434758], [0.0, 0.9878496042216363, 0.0], [0.193571428571429, 0.0, 0.3206739130434758]]
0.0667, [[0.36752592592590405, 0.0, 0.4275652173913011], [0.0, 0.9878496042216363, 0.10689130434782528], [0.36752592592590405, 0.0, 0.4275652173913011], [0.0, 0.9878496042216363, 0.10689130434782528], [0.0, 0.9878496042216363, 0.10689130434782528], [0.0, 1.0, 0.0], [0.0, 0.9878496042216363, 0.0], [0.0, 1.0, 0.3206739130434758], [0.0, 0.9756992084432723, 0.10689130434782528], [0.0, 0.9878496042216363, 0.21378260869565055]]
0.2716, [[0.36752592592590405, 0.0, 0.4917], [0.0, 1.0, 0.10689130434782528], [0.36752592592590405, 0.9878496042216363, 0.4275652173913011], [0.36752592592590405, 0.9878496042216363, 0.4275652173913011], [0.193571428571429, 0.0, 0.4917], [0.0, 0.9756992084432723, 0.10689130434782528], [0.36752592592590405, 0.0, 0.4275652173913011], [0.0, 0.9756992084432723, 0.0], [0.0, 0.9878496042216363, 0.0], [0.36752592592590405, 0.9878496042216363, 0.0]]
0.0499, [[0.36752592592590405, 0.0, 0.4917], [0.5529411764706459, 0.0, 0.0], [0.0, 1.0, 0.0], [0.0, 0.0, 0.4917], [0.0, 0.9756992084432723, 0.10689130434782528], [0.193571428571429, 0.0, 0.4917], [0.0, 0.9878496042216363, 0.0], [0.0, 0.9878496042216363, 0.0], [0.36752592592590405, 0.0, 0.4275652173913011], [0.0, 1.0, 0.0]]
0.2687, [[0.0, 1.0, 0.21378260869565055], [0.0, 1.0, 0.0], [0.36752592592590405, 0.9878496042216363, 0.4275652173913011], [0.0, 1.0, 0.0], [0.36752592592590405, 0.0, 0.4275652173913011], [0.36752592592590405, 0.0, 0.4275652173913011], [0.36752592592590405, 0.9878496042216363, 0.3206739130434758], [0.36752592592590405, 0.0, 0.4275652173913011], [0.36752592592590405, 0.9878496042216363, 0.21378260869565055], [0.0, 0.9878496042216363, 0.3206739130434758]]
