0.2759, [[0.0, 1.0, 0.0], [0.0, 0.9878496042216363, 0.4917], [0.0, 1.0, 0.0], [0.36752592592590405, 0.9878496042216363, 0.4275652173913011], [0.36752592592590405, 1.0, 0.0], [0.36752592592590405, 0.9878496042216363, 0.3206739130434758], [0.0, 0.0, 0.4275652173913011], [0.36752592592590405, 0.9878496042216363, 0.3206739130434758], [0.36752592592590405, 0.9878496042216363, 0.10689130434782528], [0.0, 0.9878496042216363, 0.10689130434782528]]
0.2143, [[0.0, 1.0, 0.21378260869565055], [0.0, 1.0, 0.0], [0.36752592592590405, 0.9878496042216363, 0.3206739130434758], [0.0, 0.9878496042216363, 0.0], [0.36752592592590405, 0.0, 0.0], [0.36752592592590405, 0.0, 0.10689130434782528], [0.0, 0.9878496042216363, 0.0], [0.0, 0.9756992084432723, 0.0], [0.0, 0.9756992084432723, 0.0], [0.193571428571429, 0.0, 0.0]]
0.1716, [[0.36752592592590405, 0.9878496042216363, 0.0], [0.36752592592590405, 0.9756992084432723, 0.21378260869565055], [0.36752592592590405, 0.0, 0.4917], [0.0, 0.9878496042216363, 0.21378260869565055], [0.0, 0.9878496042216363, 0.0], [0.0, 0.9756992084432723, 0.21378260869565055], [0.193571428571429, 0.9756992084432723, 0.0], [0.36752592592590405, 0.0, 0.4275652173913011], [0.36752592592590405, 0.0, 0.4275652173913011], [0.36752592592590405, 0.0, 0.4275652173913011]]
0.2735, [[0.0, 1.0, 0.0], [0.0, 0.9756992084432723, 0.4917], [0.36752592592590405, 0.9878496042216363, 0.10689130434782528], [0.36752592592590405, 0.9756992084432723, 0.4275652173913011], [0.36752592592590405, 0.9878496042216363, 0.0], [0.36752592592590405, 0.9756992084432723, 0.21378260869565055], [0.0, 0.0, 0.4275652173913011], [0.0, 0.9756992084432723, 0.3206739130434758], [0.0, 0.9878496042216363, 0.0], [0.0, 0.9878496042216363, 0.0]]
0.0661, [[0.36752592592590405, 0.0, 0.4275652173913011], [0.0, 0.9878496042216363, 0.21378260869565055], [0.0, 0.9756992084432723, 0.3206739130434758], [0.0, 0.9756992084432723, 0.21378260869565055], [0.36752592592590405, 0.0, 0.10689130434782528], [0.36752592592590405, 0.0, 0.10689130434782528], [0.0, 0.9878496042216363, 0.0], [0.36752592592590405, 0.0, 0.10689130434782528], [0.0, 0.9878496042216363, 0.0], [0.0, 0.9878496042216363, 0.0]]
0.1053, [[0.36752592592590405, 0.0, 0.4917], [0.36752592592590405, 0.0, 0.4275652173913011], [0.0, 0.9756992084432723, 0.3206739130434758], [0.36752592592590405, 0.0, 0.4917], [0.36752592592590405, 0.9878496042216363, 0.0], [0.0, 0.9756992084432723, 0.10689130434782528], [0.0, 1.0, 0.0], [0.36752592592590405, 0.0, 0.3206739130434758], [0.0, 0.9878496042216363, 0.0], [0.0, 0.9878496042216363, 0.0]]
0.0995, [[0.193571428571429, 1.0, 0.0], [0.36752592592590405, 0.0, 0.4917], [0.36752592592590405, 0.0, 0.0], [0.36752592592590405, 0.0, 0.0], [0.0, 1.0, 0.0], [0.0, 0.9878496042216363, 0.0], [0.0, 0.9878496042216363, 0.4275652173913011], [0.0, 0.9878496042216363, 0.0], [0.0, 1.0, 0.21378260869565055], [0.0, 0.9878496042216363, 0.0]]
0.0711, [[0.0, 0.9878496042216363, 0.3206739130434758], [0.0, 0.9878496042216363, 0.0], [0.0, 0.9878496042216363, 0.0], [0.0, 0.9878496042216363, 0.0], [0.0, 0.9878496042216363, 0.0], [0.5529411764706459, 0.0, 0.0], [0.36752592592590405, 0.0, 0.4917], [0.36752592592590405, 0.0, 0.0], [0.36752592592590405, 0.0, 0.21378260869565055], [0.36752592592590405, 0.0, 0.0]]
0.1822, [[0.0, 0.9878496042216363, 0.3206739130434758], [0.0, 0.0, 0.4917], [0.36752592592590405, 0.9756992084432723, 0.21378260869565055], [0.0, 0.9878496042216363, 0.10689130434782528], [0.0, 0.9878496042216363, 0.10689130434782528], [0.0, 0.9878496042216363, 0.0], [0.36752592592590405, 0.9878496042216363, 0.0], [0.36752592592590405, 0.0, 0.4917], [0.0, 0.0, 0.4917], [0.36752592592590405, 0.0, 0.4275652173913011]]
0.0404, [[0.0, 0.9756992084432723, 0.10689130434782528], [0.36752592592590405, 0.0, 0.0], [0.0, 0.9756992084432723, 0.0], [0.36752592592590405, 0.0, 0.0], [0.0, 1.0, 0.10689130434782528], [0.36752592592590405, 0.0, 0.3206739130434758], [0.36752592592590405, 0.0, 0.0], [0.0, 0.9756992084432723, 0.0], [0.36752592592590405, 0.0, 0.21378260869565055], [0.36752592592590405, 0.0, 0.0]]
0.1686, [[0.36752592592590405, 0.0, 0.4275652173913011], [0.193571428571429, 0.9756992084432723, 0.21378260869565055], [0.0, 1.0, 0.0], [0.0, 0.9878496042216363, 0.10689130434782528], [0.0, 0.9756992084432723, 0.21378260869565055], [0.0, 1.0, 0.0], [0.36752592592590405, 0.9756992084432723, 0.21378260869565055], [0.0, 0.9878496042216363, 0.0], [0.0, 0.9878496042216363, 0.0], [0.36752592592590405, 0.9878496042216363, 0.0]]
0.0810, [[0.0, 0.9878496042216363, 0.10689130434782528], [0.0, 0.9878496042216363, 0.0], [0.0, 0.9878496042216363, 0.0], [0.0, 0.9878496042216363, 0.0], [0.0, 0.9878496042216363, 0.10689130434782528], [0.36752592592590405, 0.9756992084432723, 0.0], [0.36752592592590405, 0.0, 0.21378260869565055], [0.36752592592590405, 0.0, 0.4275652173913011], [0.36752592592590405, 0.0, 0.0], [0.36752592592590405, 0.0, 0.21378260869565055]]
0.3043, [[0.36752592592590405, 1.0, 0.4917], [0.0, 0.9878496042216363, 0.4917], [0.0, 1.0, 0.10689130434782528], [0.36752592592590405, 0.0, 0.4275652173913011], [0.0, 0.0, 0.4275652173913011], [0.0, 0.9878496042216363, 0.10689130434782528], [0.0, 0.9878496042216363, 0.0], [0.36752592592590405, 0.0, 0.3206739130434758], [0.36752592592590405, 0.0, 0.3206739130434758], [0.36752592592590405, 0.0, 0.3206739130434758]]
0.1834, [[0.36752592592590405, 0.9878496042216363, 0.21378260869565055], [0.0, 0.9878496042216363, 0.3206739130434758], [0.0, 0.9756992084432723, 0.3206739130434758], [0.0, 1.0, 0.10689130434782528], [0.36752592592590405, 0.0, 0.4917], [0.0, 1.0, 0.0], [0.36752592592590405, 0.0, 0.4275652173913011], [0.0, 0.9878496042216363, 0.0], [0.36752592592590405, 0.0, 0.3206739130434758], [0.36752592592590405, 0.0, 0.10689130434782528]]
0.2004, [[0.0, 0.9878496042216363, 0.4917], [0.36752592592590405, 0.0, 0.4917], [0.36752592592590405, 0.9878496042216363, 0.21378260869565055], [0.36752592592590405, 0.9878496042216363, 0.0], [0.36752592592590405, 0.0, 0.0], [0.0, 0.0, 0.4275652173913011], [0.0, 0.0, 0.4275652173913011], [0.0, 0.9756992084432723, 0.0], [0.0, 1.0, 0.21378260869565055], [0.0, 0.9878496042216363, 0.0]]
0.1297, [[0.36752592592590405, 0.9756992084432723, 0.10689130434782528], [0.0, 1.0, 0.0], [0.0, 0.9756992084432723, 0.21378260869565055], [0.0, 0.9756992084432723, 0.0], [0.0, 0.9878496042216363, 0.0], [0.0, 0.9756992084432723, 0.0], [0.0, 1.0, 0.0], [0.36752592592590405, 0.0, 0.3206739130434758], [0.36752592592590405, 0.0, 0.4275652173913011], [0.36752592592590405, 0.0, 0.3206739130434758]]
0.0579, [[0.0, 1.0, 0.21378260869565055], [0.36752592592590405, 0.0, 0.4275652173913011], [0.0, 0.9756992084432723, 0.21378260869565055], [0.0, 0.9878496042216363, 0.21378260869565055], [0.193571428571429, 0.0, 0.4917], [0.36752592592590405, 0.0, 0.3206739130434758], [0.36752592592590405, 0.0, 0.10689130434782528], [0.36752592592590405, 0.0, 0.10689130434782528], [0.36752592592590405, 0.0, 0.0], [0.36752592592590405, 0.0, 0.0]]
0.0377, [[0.0, 1.0, 0.0], [0.36752592592590405, 0.0, 0.4917], [0.0, 0.9756992084432723, 0.0], [0.36752592592590405, 0.0, 0.21378260869565055], [0.36752592592590405, 0.0, 0.21378260869565055], [0.36752592592590405, 0.0, 0.21378260869565055], [0.36752592592590405, 0.0, 0.21378260869565055], [0.36752592592590405, 0.0, 0.10689130434782528], [0.36752592592590405, 0.0, 0.0], [0.36752592592590405, 0.0, 0.0]]
0.1233, [[0.36752592592590405, 0.9878496042216363, 0.10689130434782528], [0.0, 1.0, 0.0], [0.0, 0.9878496042216363, 0.10689130434782528], [0.36752592592590405, 0.0, 0.4917], [0.36752592592590405, 0.0, 0.3206739130434758], [0.36752592592590405, 0.0, 0.3206739130434758], [0.36752592592590405, 0.0, 0.3206739130434758], [0.36752592592590405, 0.0, 0.3206739130434758], [0.36752592592590405, 0.0, 0.0], [0.0, 0.0, 0.0]]
0.0864, [[0.36752592592590405, 0.9878496042216363, 0.0], [0.0, 1.0, 0.0], [0.0, 0.9756992084432723, 0.21378260869565055], [0.193571428571429, 0.0, 0.4275652173913011], [0.0, 0.0, 0.3206739130434758], [0.0, 0.9878496042216363, 0.0], [0.36752592592590405, 0.0, 0.0], [0.36752592592590405, 0.0, 0.0], [0.0, 0.9878496042216363, 0.10689130434782528], [0.36752592592590405, 0.0, 0.10689130434782528]]
0.0736, [[0.0, 1.0, 0.0], [0.36752592592590405, 0.0, 0.3206739130434758], [0.0, 0.9878496042216363, 0.0], [0.0, 0.9878496042216363, 0.4275652173913011], [0.0, 0.0, 0.4917], [0.0, 0.9756992084432723, 0.0], [0.36752592592590405, 0.0, 0.21378260869565055], [0.36752592592590405, 0.0, 0.21378260869565055], [0.36752592592590405, 0.0, 0.21378260869565055], [0.36752592592590405, 0.0, 0.0]]
0.2758, [[0.0, 0.9756992084432723, 0.4917], [0.0, 0.9878496042216363, 0.4275652173913011], [0.0, 1.0, 0.0], [0.36752592592590405, 0.0, 0.4917], [0.36752592592590405, 0.9756992084432723, 0.4275652173913011], [0.0, 0.9878496042216363, 0.10689130434782528], [0.36752592592590405, 0.9878496042216363, 0.0], [0.0, 0.9756992084432723, 0.0], [0.36752592592590405, 0.0, 0.4917], [0.0, 0.9756992084432723, 0.0]]
0.0347, [[0.36752592592590405, 0.0, 0.0], [0.0, 1.0, 0.0], [0.36752592592590405, 0.0, 0.0], [0.36752592592590405, 0.0, 0.0], [0.36752592592590405, 0.0, 0.21378260869565055], [0.36752592592590405, 0.0, 0.0], [0.36752592592590405, 0.0, 0.4275652173913011], [0.36752592592590405, 0.0, 0.21378260869565055], [0.36752592592590405, 0.0, 0.21378260869565055], [0.36752592592590405, 0.0, 0.21378260869565055]]
0.0347, [[0.36752592592590405, 0.0, 0.0], [0.0, 1.0, 0.0], [0.36752592592590405, 0.0, 0.21378260869565055], [0.36752592592590405, 0.0, 0.21378260869565055], [0.36752592592590405, 0.0, 0.4275652173913011], [0.36752592592590405, 0.0, 0.3206739130434758], [0.36752592592590405, 0.0, 0.3206739130434758], [0.36752592592590405, 0.0, 0.0], [0.36752592592590405, 0.0, 0.0], [0.36752592592590405, 0.0, 0.0]]
0.2388, [[0.0, 0.9878496042216363, 0.4917], [0.36752592592590405, 0.0, 0.4917], [0.0, 0.9878496042216363, 0.4275652173913011], [0.36752592592590405, 0.9878496042216363, 0.3206739130434758], [0.36752592592590405, 0.0, 0.4275652173913011], [0.0, 0.9878496042216363, 0.21378260869565055], [0.0, 0.9878496042216363, 0.10689130434782528], [0.0, 0.9878496042216363, 0.0], [0.193571428571429, 0.9878496042216363, 0.0], [0.0, 0.9756992084432723, 0.0]]
0.2713, [[0.36752592592590405, 1.0, 0.4275652173913011], [0.36752592592590405, 0.9878496042216363, 0.21378260869565055], [0.0, 1.0, 0.0], [0.0, 1.0, 0.0], [0.36752592592590405, 0.9878496042216363, 0.0], [0.36752592592590405, 0.9878496042216363, 0.0], [0.36752592592590405, 0.9756992084432723, 0.10689130434782528], [0.36752592592590405, 0.9756992084432723, 0.4275652173913011], [0.36752592592590405, 0.9756992084432723, 0.10689130434782528], [0.36752592592590405, 0.9756992084432723, 0.21378260869565055]]
0.1134, [[0.0, 0.9756992084432723, 0.4275652173913011], [0.0, 0.0, 0.4917], [0.0, 0.0, 0.4917], [0.0, 1.0, 0.21378260869565055], [0.36752592592590405, 0.0, 0.4275652173913011], [0.0, 0.0, 0.4275652173913011], [0.36752592592590405, 0.0, 0.4275652173913011], [0.0, 0.9878496042216363, 0.21378260869565055], [0.36752592592590405, 0.9756992084432723, 0.0], [0.36752592592590405, 0.0, 0.3206739130434758]]
0.2783, [[0.36752592592590405, 1.0, 0.4275652173913011], [0.0, 0.9878496042216363, 0.4917], [0.0, 1.0, 0.0], [0.36752592592590405, 0.9878496042216363, 0.21378260869565055], [0.0, 1.0, 0.0], [0.36752592592590405, 0.9756992084432723, 0.0], [0.36752592592590405, 0.9756992084432723, 0.0], [0.0, 0.9878496042216363, 0.0], [0.0, 0.9878496042216363, 0.0], [0.36752592592590405, 0.0, 0.21378260869565055]]
0.1227, [[0.0, 0.9756992084432723, 0.4917], [0.0, 0.9878496042216363, 0.21378260869565055], [1.0, 0.0, 0.0], [0.36752592592590405, 1.0, 0.0], [0.0, 0.9756992084432723, 0.3206739130434758], [0.0, 0.9756992084432723, 0.0], [0.36752592592590405, 0.0, 0.3206739130434758], [0.36752592592590405, 0.0, 0.3206739130434758], [0.0, 0.0, 0.3206739130434758], [0.0, 0.9756992084432723, 0.0]]
0.0588, [[0.36752592592590405, 0.0, 0.4917], [0.0, 0.9878496042216363, 0.21378260869565055], [0.36752592592590405, 0.0, 0.3206739130434758], [0.0, 1.0, 0.0], [0.0, 0.9878496042216363, 0.0], [0.0, 0.9878496042216363, 0.0], [0.0, 0.9756992084432723, 0.0], [0.0, 0.9756992084432723, 0.0], [0.0, 0.9878496042216363, 0.0], [0.0, 0.9878496042216363, 0.0]]
0.2713, [[0.36752592592590405, 1.0, 0.4275652173913011], [0.36752592592590405, 0.0, 0.3206739130434758], [0.36752592592590405, 0.0, 0.3206739130434758], [0.0, 1.0, 0.0], [0.0, 0.0, 0.10689130434782528], [0.0, 0.9878496042216363, 0.0], [0.36752592592590405, 0.9756992084432723, 0.0], [0.0, 0.9756992084432723, 0.0], [0.0, 0.9756992084432723, 0.0], [0.36752592592590405, 0.0, 0.0]]
0.3029, [[0.5529411764706459, 0.0, 0.0], [0.0, 1.0, 0.0], [0.36752592592590405, 0.9878496042216363, 0.4917], [0.36752592592590405, 0.9878496042216363, 0.21378260869565055], [0.36752592592590405, 0.0, 0.3206739130434758], [0.36752592592590405, 0.0, 0.21378260869565055], [0.36752592592590405, 0.0, 0.3206739130434758], [0.0, 0.9878496042216363, 0.21378260869565055], [0.36752592592590405, 0.0, 0.3206739130434758], [0.36752592592590405, 0.0, 0.10689130434782528]]
0.1551, [[0.0, 0.9878496042216363, 0.4917], [0.0, 1.0, 0.0], [0.36752592592590405, 0.9878496042216363, 0.10689130434782528], [0.0, 1.0, 0.0], [0.36752592592590405, 0.0, 0.0], [0.36752592592590405, 0.0, 0.10689130434782528], [0.36752592592590405, 0.0, 0.10689130434782528], [0.0, 0.9878496042216363, 0.3206739130434758], [0.36752592592590405, 0.0, 0.3206739130434758], [0.36752592592590405, 0.0, 0.10689130434782528]]
0.0697, [[0.36752592592590405, 0.0, 0.4917], [0.0, 0.0, 0.4917], [0.0, 1.0, 0.3206739130434758], [0.193571428571429, 0.0, 0.4917], [0.0, 1.0, 0.0], [0.0, 0.9878496042216363, 0.0], [0.0, 0.9878496042216363, 0.0], [0.0, 0.9878496042216363, 0.0], [0.36752592592590405, 0.0, 0.4275652173913011], [0.36752592592590405, 0.0, 0.3206739130434758]]
0.2135, [[0.36752592592590405, 0.9878496042216363, 0.0], [0.36752592592590405, 0.9756992084432723, 0.3206739130434758], [0.0, 0.9878496042216363, 0.21378260869565055], [0.0, 0.0, 0.4275652173913011], [0.36752592592590405, 0.0, 0.3206739130434758], [0.36752592592590405, 0.0, 0.3206739130434758], [0.0, 0.9756992084432723, 0.3206739130434758], [0.0, 0.9878496042216363, 0.10689130434782528], [0.36752592592590405, 0.0, 0.21378260869565055], [0.0, 0.9878496042216363, 0.0]]
0.2988, [[0.36752592592590405, 0.9756992084432723, 0.4917], [0.0, 0.0, 0.4917], [0.36752592592590405, 0.9878496042216363, 0.10689130434782528], [0.36752592592590405, 0.0, 0.3206739130434758], [0.0, 0.9756992084432723, 0.0], [0.36752592592590405, 0.0, 0.10689130434782528], [0.36752592592590405, 0.0, 0.10689130434782528], [0.193571428571429, 0.0, 0.21378260869565055], [0.0, 0.3553, 0.0], [0.36752592592590405, 0.0, 0.0]]
0.0692, [[0.0, 0.9878496042216363, 0.3206739130434758], [0.36752592592590405, 0.0, 0.4917], [0.0, 0.9878496042216363, 0.0], [0.36752592592590405, 0.0, 0.4917], [0.0, 0.3553, 0.0], [0.36752592592590405, 0.0, 0.4275652173913011], [0.0, 0.35083928476114223, 0.0], [0.36752592592590405, 0.0, 0.3206739130434758], [0.36752592592590405, 0.0, 0.3206739130434758], [0.36752592592590405, 0.0, 0.21378260869565055]]
0.2315, [[0.36752592592590405, 0.9756992084432723, 0.3206739130434758], [0.0, 1.0, 0.10689130434782528], [0.36752592592590405, 0.9756992084432723, 0.3206739130434758], [0.36752592592590405, 0.9878496042216363, 0.0], [0.5529411764706459, 0.0, 0.4917], [0.0, 1.0, 0.0], [0.0, 1.0, 0.0], [0.0, 1.0, 0.0], [0.36752592592590405, 0.0, 0.4917], [0.36752592592590405, 0.0, 0.21378260869565055]]
0.1113, [[0.0, 0.0, 0.4917], [0.0, 0.9756992084432723, 0.4917], [0.36752592592590405, 0.0, 0.21378260869565055], [0.36752592592590405, 0.9756992084432723, 0.0], [0.0, 1.0, 0.0], [0.36752592592590405, 0.9756992084432723, 0.0], [0.36752592592590405, 0.0, 0.0], [0.0, 0.9878496042216363, 0.0], [0.0, 0.9756992084432723, 0.10689130434782528], [0.0, 0.9878496042216363, 0.0]]
0.0870, [[0.36752592592590405, 0.9878496042216363, 0.0], [0.36752592592590405, 0.0, 0.21378260869565055], [0.0, 0.9878496042216363, 0.21378260869565055], [0.36752592592590405, 0.0, 0.3206739130434758], [0.0, 0.9878496042216363, 0.0], [0.36752592592590405, 0.0, 0.0], [0.36752592592590405, 0.0, 0.0], [0.36752592592590405, 0.0, 0.21378260869565055], [0.36752592592590405, 0.0, 0.10689130434782528], [0.36752592592590405, 0.0, 0.0]]
0.3012, [[0.36752592592590405, 0.9878496042216363, 0.4917], [0.0, 1.0, 0.10689130434782528], [0.0, 1.0, 0.0], [0.36752592592590405, 0.9878496042216363, 0.3206739130434758], [0.36752592592590405, 0.9878496042216363, 0.10689130434782528], [0.36752592592590405, 0.9756992084432723, 0.21378260869565055], [0.36752592592590405, 0.0, 0.0], [0.36752592592590405, 0.0, 0.3206739130434758], [0.36752592592590405, 0.0, 0.3206739130434758], [0.36752592592590405, 0.0, 0.4275652173913011]]
0.1550, [[0.36752592592590405, 1.0, 0.10689130434782528], [0.36752592592590405, 0.0, 0.4917], [0.193571428571429, 0.9756992084432723, 0.21378260869565055], [0.0, 1.0, 0.0], [0.0, 1.0, 0.0], [0.36752592592590405, 0.0, 0.4917], [0.36752592592590405, 0.9878496042216363, 0.0], [0.36752592592590405, 0.9878496042216363, 0.10689130434782528], [0.36752592592590405, 0.0, 0.4275652173913011], [0.36752592592590405, 0.9756992084432723, 0.0]]
0.1055, [[0.0, 0.9878496042216363, 0.3206739130434758], [0.36752592592590405, 0.0, 0.4917], [0.36752592592590405, 0.9878496042216363, 0.0], [0.36752592592590405, 0.0, 0.21378260869565055], [0.36752592592590405, 0.0, 0.3206739130434758], [0.0, 0.0, 0.21378260869565055], [0.36752592592590405, 0.0, 0.10689130434782528], [0.36752592592590405, 0.0, 0.10689130434782528], [0.36752592592590405, 0.0, 0.10689130434782528], [0.36752592592590405, 0.0, 0.10689130434782528]]
0.1938, [[0.36752592592590405, 0.0, 0.4917], [0.0, 1.0, 0.0], [0.36752592592590405, 0.9878496042216363, 0.21378260869565055], [0.36752592592590405, 0.9878496042216363, 0.21378260869565055], [0.0, 1.0, 0.0], [0.36752592592590405, 0.9756992084432723, 0.10689130434782528], [0.0, 0.9878496042216363, 0.4275652173913011], [0.0, 0.9878496042216363, 0.0], [0.0, 0.9878496042216363, 0.0], [0.36752592592590405, 0.0, 0.21378260869565055]]
0.3087, [[0.5529411764706459, 0.0, 0.3206739130434758], [0.36752592592590405, 0.9878496042216363, 0.0], [0.36752592592590405, 0.9878496042216363, 0.4917], [0.36752592592590405, 0.9878496042216363, 0.0], [0.0, 0.9878496042216363, 0.3206739130434758], [0.0, 0.9878496042216363, 0.0], [0.36752592592590405, 0.9756992084432723, 0.4917], [0.0, 0.9878496042216363, 0.0], [0.36752592592590405, 0.0, 0.3206739130434758], [0.36752592592590405, 0.0, 0.3206739130434758]]
0.0868, [[0.0, 1.0, 0.4917], [0.36752592592590405, 0.0, 0.4917], [0.36752592592590405, 0.0, 0.4917], [0.0, 1.0, 0.0], [0.36752592592590405, 0.0, 0.4917], [0.0, 0.2896743528155858, 0.0], [0.36752592592590405, 0.0, 0.3206739130434758], [0.0, 0.0, 0.3206739130434758], [0.36752592592590405, 0.0, 0.3206739130434758], [0.36752592592590405, 0.0, 0.21378260869565055]]
0.0587, [[0.0, 0.9878496042216363, 0.21378260869565055], [0.0, 0.9878496042216363, 0.0], [0.0, 0.9878496042216363, 0.0], [0.36752592592590405, 0.0, 0.4917], [0.0, 0.9756992084432723, 0.0], [0.0, 0.9878496042216363, 0.0], [0.0, 0.9756992084432723, 0.0], [0.36752592592590405, 0.0, 0.3206739130434758], [0.0, 0.9878496042216363, 0.0], [0.36752592592590405, 0.0, 0.21378260869565055]]
0.1122, [[0.0, 0.9756992084432723, 0.4917], [0.36752592592590405, 1.0, 0.0], [0.0, 0.0, 0.3206739130434758], [0.36752592592590405, 0.0, 0.21378260869565055], [0.0, 0.9878496042216363, 0.0], [0.0, 0.9878496042216363, 0.0], [0.0, 0.9878496042216363, 0.0], [0.0, 1.0, 0.0], [0.36752592592590405, 0.0, 0.0], [0.0, 0.9756992084432723, 0.0]]
0.0345, [[0.36752592592590405, 0.0, 0.4275652173913011], [0.36752592592590405, 0.0, 0.4275652173913011], [0.36752592592590405, 0.0, 0.4275652173913011], [0.0, 0.9878496042216363, 0.0], [0.36752592592590405, 0.0, 0.3206739130434758], [0.36752592592590405, 0.0, 0.3206739130434758], [0.36752592592590405, 0.0, 0.3206739130434758], [0.36752592592590405, 0.0, 0.3206739130434758], [0.0, 0.9878496042216363, 0.0], [0.36752592592590405, 0.0, 0.21378260869565055]]
0.2719, [[0.36752592592590405, 0.0, 0.4917], [0.36752592592590405, 1.0, 0.0], [0.36752592592590405, 0.9878496042216363, 0.4275652173913011], [0.0, 1.0, 0.0], [0.0, 0.9878496042216363, 0.3206739130434758], [0.36752592592590405, 0.9878496042216363, 0.21378260869565055], [0.0, 0.9878496042216363, 0.21378260869565055], [0.36752592592590405, 0.9878496042216363, 0.0], [0.0, 0.9878496042216363, 0.10689130434782528], [0.36752592592590405, 0.9878496042216363, 0.0]]
0.0820, [[0.36752592592590405, 0.0, 0.4275652173913011], [0.36752592592590405, 0.0, 0.3206739130434758], [0.36752592592590405, 0.0, 0.3206739130434758], [0.36752592592590405, 0.0, 0.3206739130434758], [0.36752592592590405, 0.0, 0.21378260869565055], [0.36752592592590405, 0.0, 0.10689130434782528], [0.0, 0.9878496042216363, 0.10689130434782528], [0.36752592592590405, 1.0, 0.0], [0.36752592592590405, 0.0, 0.0], [0.36752592592590405, 0.0, 0.0]]
0.1298, [[0.36752592592590405, 0.0, 0.4275652173913011], [0.0, 1.0, 0.0], [0.36752592592590405, 0.9756992084432723, 0.10689130434782528], [0.0, 0.9756992084432723, 0.21378260869565055], [0.0, 0.9878496042216363, 0.10689130434782528], [0.36752592592590405, 0.0, 0.3206739130434758], [0.36752592592590405, 0.0, 0.3206739130434758], [0.0, 0.9878496042216363, 0.0], [0.36752592592590405, 0.0, 0.21378260869565055], [0.0, 0.9756992084432723, 0.0]]
0.1056, [[0.36752592592590405, 0.0, 0.4917], [0.0, 0.9878496042216363, 0.3206739130434758], [0.36752592592590405, 0.0, 0.4275652173913011], [0.36752592592590405, 0.9878496042216363, 0.0], [0.0, 1.0, 0.0], [0.0, 0.9756992084432723, 0.0], [0.0, 0.9756992084432723, 0.0], [0.0, 0.0, 0.3206739130434758], [0.0, 0.0, 0.3206739130434758], [0.0, 0.0, 0.21378260869565055]]
0.2141, [[0.0, 0.9756992084432723, 0.10689130434782528], [0.0, 1.0, 0.0], [0.36752592592590405, 0.9878496042216363, 0.0], [0.0, 1.0, 0.0], [0.0, 1.0, 0.0], [0.0, 0.9878496042216363, 0.0], [0.0, 0.9756992084432723, 0.10689130434782528], [0.36752592592590405, 0.9878496042216363, 0.3206739130434758], [0.0, 0.9756992084432723, 0.0], [0.0, 0.9878496042216363, 0.0]]
0.2127, [[0.36752592592590405, 0.9878496042216363, 0.10689130434782528], [0.36752592592590405, 0.9756992084432723, 0.3206739130434758], [0.0, 0.9878496042216363, 0.0], [0.36752592592590405, 0.0, 0.3206739130434758], [0.36752592592590405, 0.0, 0.3206739130434758], [0.0, 0.9756992084432723, 0.10689130434782528], [0.0, 0.9878496042216363, 0.0], [0.0, 0.9878496042216363, 0.0], [0.0, 0.9878496042216363, 0.0], [0.36752592592590405, 0.0, 0.21378260869565055]]
0.0794, [[0.0, 0.9878496042216363, 0.10689130434782528], [0.36752592592590405, 0.0, 0.4917], [0.36752592592590405, 0.0, 0.4917], [0.36752592592590405, 0.0, 0.4917], [0.36752592592590405, 0.0, 0.4275652173913011], [0.0, 0.9756992084432723, 0.4275652173913011], [0.0, 0.9878496042216363, 0.0], [0.0, 0.9878496042216363, 0.0], [0.36752592592590405, 0.0, 0.3206739130434758], [0.36752592592590405, 0.0, 0.3206739130434758]]
0.0377, [[0.0, 1.0, 0.0], [0.36752592592590405, 0.0, 0.4917], [0.36752592592590405, 0.0, 0.4275652173913011], [0.36752592592590405, 0.0, 0.3206739130434758], [0.36752592592590405, 0.0, 0.3206739130434758], [0.36752592592590405, 0.0, 0.3206739130434758], [0.36752592592590405, 0.0, 0.3206739130434758], [0.36752592592590405, 0.0, 0.21378260869565055], [0.36752592592590405, 0.0, 0.21378260869565055], [0.36752592592590405, 0.0, 0.10689130434782528]]
0.1196, [[0.0, 1.0, 0.0], [0.0, 0.9878496042216363, 0.4917], [0.193571428571429, 0.0, 0.4917], [0.0, 0.9878496042216363, 0.21378260869565055], [0.0, 0.9756992084432723, 0.3206739130434758], [0.0, 0.9878496042216363, 0.0], [0.0, 0.9878496042216363, 0.0], [0.36752592592590405, 0.0, 0.3206739130434758], [0.36752592592590405, 0.9878496042216363, 0.0], [0.36752592592590405, 0.0, 0.3206739130434758]]
0.2725, [[0.36752592592590405, 0.9878496042216363, 0.3206739130434758], [0.36752592592590405, 0.0, 0.10689130434782528], [0.36752592592590405, 0.0, 0.21378260869565055], [0.0, 0.9878496042216363, 0.3206739130434758], [0.0, 0.9756992084432723, 0.0], [0.36752592592590405, 0.0, 0.4275652173913011], [0.0, 0.9878496042216363, 0.4275652173913011], [0.36752592592590405, 0.0, 0.21378260869565055], [0.193571428571429, 1.0, 0.4917], [0.36752592592590405, 0.0, 0.0]]
0.0563, [[0.0, 0.0, 0.4917], [0.0, 0.9878496042216363, 0.21378260869565055], [0.36752592592590405, 0.0, 0.4275652173913011], [0.0, 0.9878496042216363, 0.0], [0.36752592592590405, 0.0, 0.3206739130434758], [0.36752592592590405, 0.0, 0.3206739130434758], [0.0, 0.0, 0.3206739130434758], [0.0, 0.0, 0.3206739130434758], [0.36752592592590405, 0.0, 0.3206739130434758], [0.0, 0.9878496042216363, 0.0]]
0.1834, [[0.36752592592590405, 0.9878496042216363, 0.21378260869565055], [0.0, 0.9878496042216363, 0.4275652173913011], [0.36752592592590405, 0.9878496042216363, 0.0], [0.36752592592590405, 0.9756992084432723, 0.0], [0.36752592592590405, 0.9756992084432723, 0.0], [0.36752592592590405, 0.9756992084432723, 0.0], [0.0, 1.0, 0.3206739130434758], [0.0, 0.0, 0.3206739130434758], [0.0, 0.9878496042216363, 0.10689130434782528], [0.0, 0.9756992084432723, 0.10689130434782528]]
0.2674, [[0.36752592592590405, 0.9756992084432723, 0.4275652173913011], [0.5529411764706459, 0.0, 0.0], [0.0, 1.0, 0.0], [0.36752592592590405, 0.0, 0.4275652173913011], [0.0, 0.9878496042216363, 0.0], [0.0, 0.0, 0.4275652173913011], [0.36752592592590405, 0.0, 0.3206739130434758], [0.0, 0.9756992084432723, 0.0], [0.0, 0.3553, 0.0], [0.0, 0.0, 0.10689130434782528]]
0.1764, [[0.5529411764706459, 0.0, 0.10689130434782528], [0.36752592592590405, 0.9878496042216363, 0.21378260869565055], [0.36752592592590405, 0.0, 0.4917], [0.36752592592590405, 0.9878496042216363, 0.0], [0.0, 0.9878496042216363, 0.0], [0.36752592592590405, 0.9756992084432723, 0.21378260869565055], [0.36752592592590405, 0.0, 0.4275652173913011], [0.36752592592590405, 0.0, 0.3206739130434758], [0.36752592592590405, 0.0, 0.3206739130434758], [0.0, 0.9756992084432723, 0.0]]
0.2302, [[0.36752592592590405, 0.9878496042216363, 0.0], [1.0, 0.0, 0.10689130434782528], [0.36752592592590405, 0.9756992084432723, 0.3206739130434758], [0.36752592592590405, 0.0, 0.10689130434782528], [0.36752592592590405, 0.0, 0.0], [0.0, 0.9756992084432723, 0.21378260869565055], [0.0, 0.9756992084432723, 0.0], [0.36752592592590405, 0.0, 0.0], [0.36752592592590405, 0.0, 0.4275652173913011], [0.0, 0.9756992084432723, 0.0]]
0.1842, [[0.0, 1.0, 0.4275652173913011], [0.193571428571429, 0.0, 0.3206739130434758], [0.0, 0.9878496042216363, 0.21378260869565055], [0.36752592592590405, 0.9756992084432723, 0.21378260869565055], [0.0, 0.9878496042216363, 0.0], [0.36752592592590405, 0.0, 0.21378260869565055], [0.0, 0.0, 0.21378260869565055], [0.0, 0.9878496042216363, 0.0], [0.0, 0.9756992084432723, 0.0], [0.36752592592590405, 0.0, 0.10689130434782528]]
0.2173, [[0.0, 1.0, 0.10689130434782528], [0.0, 0.9878496042216363, 0.3206739130434758], [0.36752592592590405, 0.9756992084432723, 0.3206739130434758], [0.36752592592590405, 0.0, 0.4275652173913011], [0.0, 1.0, 0.0], [0.0, 1.0, 0.0], [0.0, 0.9756992084432723, 0.21378260869565055], [0.36752592592590405, 0.0, 0.3206739130434758], [0.36752592592590405, 0.0, 0.0], [0.0, 0.0, 0.10689130434782528]]
0.0800, [[0.0, 0.0, 0.4275652173913011], [0.36752592592590405, 0.0, 0.3206739130434758], [0.36752592592590405, 0.0, 0.3206739130434758], [0.0, 1.0, 0.0], [0.36752592592590405, 0.0, 0.10689130434782528], [0.36752592592590405, 0.0, 0.10689130434782528], [0.36752592592590405, 0.0, 0.0], [0.0, 0.9878496042216363, 0.4917], [0.36752592592590405, 0.0, 0.0], [0.0, 0.9878496042216363, 0.0]]
0.1050, [[0.0, 0.9756992084432723, 0.3206739130434758], [0.0, 1.0, 0.21378260869565055], [0.193571428571429, 0.0, 0.4275652173913011], [0.193571428571429, 1.0, 0.0], [0.36752592592590405, 0.0, 0.3206739130434758], [0.36752592592590405, 0.0, 0.3206739130434758], [0.36752592592590405, 0.9878496042216363, 0.0], [0.36752592592590405, 0.0, 0.21378260869565055], [0.36752592592590405, 0.9756992084432723, 0.0], [0.5529411764706459, 0.0, 0.10689130434782528]]
0.0664, [[0.36752592592590405, 1.0, 0.0], [0.36752592592590405, 0.0, 0.3206739130434758], [0.0, 1.0, 0.0], [0.36752592592590405, 0.0, 0.3206739130434758], [0.36752592592590405, 0.0, 0.0], [0.36752592592590405, 0.0, 0.3206739130434758], [0.36752592592590405, 0.0, 0.0], [0.36752592592590405, 0.0, 0.3206739130434758], [0.36752592592590405, 0.0, 0.0], [0.36752592592590405, 0.0, 0.0]]
0.0377, [[0.0, 1.0, 0.0], [0.36752592592590405, 0.0, 0.4917], [0.0, 1.0, 0.0], [0.36752592592590405, 0.0, 0.4917], [0.0, 0.9878496042216363, 0.0], [0.0, 0.9878496042216363, 0.0], [0.0, 0.9878496042216363, 0.0], [0.36752592592590405, 0.0, 0.3206739130434758], [0.36752592592590405, 0.0, 0.3206739130434758], [0.36752592592590405, 0.0, 0.3206739130434758]]
0.0380, [[0.0, 0.0, 0.4917], [0.0, 0.9878496042216363, 0.10689130434782528], [0.0, 1.0, 0.0], [0.0, 1.0, 0.0], [0.36752592592590405, 0.0, 0.21378260869565055], [0.36752592592590405, 0.0, 0.21378260869565055], [0.36752592592590405, 0.0, 0.21378260869565055], [0.0, 0.0, 0.21378260869565055], [0.0, 0.9878496042216363, 0.0], [0.36752592592590405, 0.0, 0.10689130434782528]]
0.2759, [[0.0, 0.9878496042216363, 0.4917], [0.36752592592590405, 1.0, 0.0], [0.36752592592590405, 0.9878496042216363, 0.4275652173913011], [0.0, 1.0, 0.0], [0.36752592592590405, 0.0, 0.4275652173913011], [0.36752592592590405, 0.0, 0.4275652173913011], [0.36752592592590405, 0.9878496042216363, 0.0], [0.36752592592590405, 0.0, 0.3206739130434758], [0.0, 0.9878496042216363, 0.0], [0.0, 0.9756992084432723, 0.0]]
0.1478, [[0.0, 0.9878496042216363, 0.21378260869565055], [0.36752592592590405, 0.0, 0.3206739130434758], [0.36752592592590405, 0.0, 0.3206739130434758], [0.36752592592590405, 0.0, 0.3206739130434758], [0.36752592592590405, 0.0, 0.3206739130434758], [0.36752592592590405, 0.0, 0.3206739130434758], [0.36752592592590405, 0.9878496042216363, 0.10689130434782528], [0.0, 0.9756992084432723, 0.4275652173913011], [0.0, 1.0, 0.0], [0.0, 0.9878496042216363, 0.0]]
0.2981, [[0.36752592592590405, 0.9878496042216363, 0.0], [0.36752592592590405, 0.9756992084432723, 0.4917], [0.36752592592590405, 0.9756992084432723, 0.0], [0.36752592592590405, 0.0, 0.21378260869565055], [0.0, 0.9756992084432723, 0.0], [0.36752592592590405, 0.0, 0.0], [0.36752592592590405, 0.0, 0.4917], [0.36752592592590405, 0.0, 0.0], [0.36752592592590405, 0.0, 0.3206739130434758], [0.36752592592590405, 0.0, 0.3206739130434758]]
0.0690, [[0.0, 0.9878496042216363, 0.10689130434782528], [0.0, 0.9756992084432723, 0.21378260869565055], [0.0, 0.9756992084432723, 0.3206739130434758], [0.36752592592590405, 0.0, 0.4917], [0.0, 0.9878496042216363, 0.0], [0.36752592592590405, 0.0, 0.3206739130434758], [0.36752592592590405, 0.0, 0.10689130434782528], [0.0, 0.0, 0.10689130434782528], [0.36752592592590405, 0.0, 0.0], [0.36752592592590405, 0.0, 0.0]]
0.1321, [[0.36752592592590405, 0.9878496042216363, 0.0], [0.36752592592590405, 0.9878496042216363, 0.0], [0.0, 1.0, 0.0], [0.36752592592590405, 0.9878496042216363, 0.0], [0.36752592592590405, 0.9756992084432723, 0.10689130434782528], [0.36752592592590405, 0.0, 0.21378260869565055], [0.0, 0.9878496042216363, 0.3206739130434758], [0.0, 1.0, 0.0], [0.36752592592590405, 0.0, 0.0], [0.36752592592590405, 0.0, 0.0]]
0.0692, [[0.0, 0.9878496042216363, 0.3206739130434758], [0.0, 0.9878496042216363, 0.0], [0.36752592592590405, 0.0, 0.4917], [0.36752592592590405, 0.0, 0.0], [0.36752592592590405, 0.0, 0.0], [0.36752592592590405, 0.0, 0.0], [0.36752592592590405, 0.0, 0.0], [0.36752592592590405, 0.0, 0.0], [0.36752592592590405, 0.0, 0.3206739130434758], [0.36752592592590405, 0.0, 0.21378260869565055]]
0.0482, [[0.193571428571429, 0.0, 0.4917], [0.0, 1.0, 0.0], [0.0, 0.9878496042216363, 0.10689130434782528], [0.0, 0.9878496042216363, 0.0], [0.36752592592590405, 0.0, 0.4917], [0.0, 0.9878496042216363, 0.0], [0.0, 0.9878496042216363, 0.0], [0.0, 0.9756992084432723, 0.10689130434782528], [0.0, 0.0, 0.4275652173913011], [0.36752592592590405, 0.0, 0.4275652173913011]]
0.1967, [[0.36752592592590405, 0.9878496042216363, 0.0], [0.36752592592590405, 0.9878496042216363, 0.10689130434782528], [0.36752592592590405, 0.9756992084432723, 0.21378260869565055], [0.0, 0.9878496042216363, 0.10689130434782528], [0.36752592592590405, 0.0, 0.0], [0.0, 0.9756992084432723, 0.4275652173913011], [0.36752592592590405, 0.0, 0.21378260869565055], [0.0, 0.9756992084432723, 0.4917], [0.36752592592590405, 0.0, 0.4275652173913011], [0.36752592592590405, 0.0, 0.4275652173913011]]
0.0606, [[0.5529411764706459, 0.0, 0.0], [0.0, 0.9878496042216363, 0.21378260869565055], [0.36752592592590405, 0.0, 0.4917], [0.36752592592590405, 0.0, 0.4917], [0.36752592592590405, 0.0, 0.3206739130434758], [0.36752592592590405, 0.0, 0.3206739130434758], [0.36752592592590405, 0.0, 0.3206739130434758], [0.0, 1.0, 0.0], [0.36752592592590405, 0.0, 0.0], [0.0, 0.9878496042216363, 0.0]]
0.0912, [[0.5529411764706459, 0.0, 0.21378260869565055], [0.36752592592590405, 0.0, 0.4917], [0.0, 0.9756992084432723, 0.4917], [0.36752592592590405, 0.0, 0.3206739130434758], [0.0, 0.9756992084432723, 0.0], [0.36752592592590405, 0.0, 0.21378260869565055], [0.36752592592590405, 0.0, 0.21378260869565055], [0.36752592592590405, 0.0, 0.21378260869565055], [0.36752592592590405, 0.0, 0.21378260869565055], [0.36752592592590405, 0.0, 0.0]]
0.0590, [[0.0, 1.0, 0.21378260869565055], [0.0, 0.9878496042216363, 0.0], [0.36752592592590405, 0.0, 0.4917], [0.0, 0.9878496042216363, 0.0], [0.36752592592590405, 0.0, 0.4275652173913011], [0.36752592592590405, 0.0, 0.4275652173913011], [0.0, 0.2896743528155858, 0.0], [0.36752592592590405, 0.0, 0.3206739130434758], [0.36752592592590405, 0.0, 0.3206739130434758], [0.36752592592590405, 0.0, 0.21378260869565055]]
0.1721, [[0.0, 1.0, 0.0], [0.36752592592590405, 0.9878496042216363, 0.10689130434782528], [0.36752592592590405, 0.9878496042216363, 0.0], [0.36752592592590405, 0.9756992084432723, 0.21378260869565055], [0.0, 0.9878496042216363, 0.10689130434782528], [0.0, 0.9756992084432723, 0.0], [0.0, 0.0, 0.4275652173913011], [0.36752592592590405, 0.0, 0.3206739130434758], [0.36752592592590405, 0.0, 0.4917], [0.36752592592590405, 0.0, 0.0]]
0.2713, [[0.36752592592590405, 0.0, 0.4917], [0.36752592592590405, 0.9878496042216363, 0.4275652173913011], [0.0, 0.9878496042216363, 0.3206739130434758], [0.0, 0.9878496042216363, 0.21378260869565055], [0.36752592592590405, 0.0, 0.4917], [0.36752592592590405, 0.0, 0.4917], [0.0, 0.9756992084432723, 0.10689130434782528], [0.0, 0.9878496042216363, 0.0], [0.0, 0.9878496042216363, 0.0], [0.36752592592590405, 0.0, 0.4917]]
0.1119, [[0.0, 1.0, 0.0], [0.0, 0.9878496042216363, 0.4917], [0.0, 0.9878496042216363, 0.3206739130434758], [0.36752592592590405, 0.0, 0.21378260869565055], [0.36752592592590405, 0.9756992084432723, 0.0], [0.0, 1.0, 0.0], [0.0, 0.9878496042216363, 0.21378260869565055], [0.0, 1.0, 0.0], [0.0, 0.9878496042216363, 0.0], [0.0, 0.9878496042216363, 0.10689130434782528]]
0.2370, [[0.0, 0.9756992084432723, 0.4917], [0.0, 0.9878496042216363, 0.4275652173913011], [0.36752592592590405, 1.0, 0.0], [0.36752592592590405, 1.0, 0.0], [0.36752592592590405, 0.0, 0.4275652173913011], [0.36752592592590405, 0.9878496042216363, 0.3206739130434758], [0.0, 0.9878496042216363, 0.0], [0.0, 0.9878496042216363, 0.0], [0.36752592592590405, 0.0, 0.21378260869565055], [0.0, 0.0, 0.21378260869565055]]
0.0653, [[0.36752592592590405, 0.9756992084432723, 0.0], [0.36752592592590405, 0.0, 0.21378260869565055], [0.0, 0.3553, 0.0], [0.36752592592590405, 0.0, 0.3206739130434758], [0.36752592592590405, 0.0, 0.21378260869565055], [0.36752592592590405, 0.0, 0.0], [0.36752592592590405, 0.0, 0.0], [0.36752592592590405, 0.0, 0.21378260869565055], [0.36752592592590405, 0.0, 0.10689130434782528], [0.0, 0.0, 0.10689130434782528]]
0.3011, [[0.36752592592590405, 0.9878496042216363, 0.4275652173913011], [0.36752592592590405, 0.9756992084432723, 0.4917], [0.36752592592590405, 1.0, 0.0], [0.0, 0.9878496042216363, 0.3206739130434758], [0.36752592592590405, 0.9878496042216363, 0.3206739130434758], [0.36752592592590405, 0.0, 0.4917], [0.36752592592590405, 0.0, 0.3206739130434758], [0.36752592592590405, 0.9878496042216363, 0.0], [0.0, 0.9878496042216363, 0.0], [0.0, 0.9878496042216363, 0.0]]
0.1169, [[0.36752592592590405, 1.0, 0.0], [0.0, 1.0, 0.0], [0.36752592592590405, 0.9756992084432723, 0.10689130434782528], [0.0, 0.9878496042216363, 0.10689130434782528], [0.0, 0.9878496042216363, 0.0], [0.0, 0.9878496042216363, 0.21378260869565055], [0.36752592592590405, 0.0, 0.0], [0.0, 0.9878496042216363, 0.0], [0.193571428571429, 0.0, 0.0], [0.0, 0.9878496042216363, 0.0]]
0.2199, [[0.0, 0.9878496042216363, 0.21378260869565055], [0.36752592592590405, 0.9756992084432723, 0.3206739130434758], [0.36752592592590405, 0.0, 0.4917], [0.0, 0.9878496042216363, 0.0], [0.0, 0.9878496042216363, 0.0], [0.0, 0.9756992084432723, 0.3206739130434758], [0.36752592592590405, 0.0, 0.4275652173913011], [0.36752592592590405, 0.0, 0.10689130434782528], [0.36752592592590405, 0.0, 0.21378260869565055], [0.36752592592590405, 0.0, 0.0]]
0.2760, [[0.36752592592590405, 0.0, 0.4917], [0.0, 0.9756992084432723, 0.4917], [0.0, 1.0, 0.10689130434782528], [0.36752592592590405, 0.9756992084432723, 0.4275652173913011], [0.0, 1.0, 0.10689130434782528], [0.36752592592590405, 0.0, 0.4917], [0.0, 0.9756992084432723, 0.3206739130434758], [0.36752592592590405, 0.9878496042216363, 0.10689130434782528], [0.0, 0.9878496042216363, 0.0], [0.0, 0.9878496042216363, 0.0]]
0.0452, [[0.0, 1.0, 0.0], [0.36752592592590405, 0.0, 0.10689130434782528], [0.36752592592590405, 0.0, 0.10689130434782528], [0.36752592592590405, 0.0, 0.0], [0.36752592592590405, 0.0, 0.0], [0.36752592592590405, 0.0, 0.0], [0.36752592592590405, 0.0, 0.21378260869565055], [0.0, 0.9878496042216363, 0.0], [0.36752592592590405, 0.0, 0.4275652173913011], [0.0, 0.9878496042216363, 0.10689130434782528]]
0.1232, [[0.36752592592590405, 0.9878496042216363, 0.10689130434782528], [0.36752592592590405, 0.0, 0.4917], [0.0, 0.9878496042216363, 0.10689130434782528], [0.36752592592590405, 0.0, 0.21378260869565055], [0.36752592592590405, 0.0, 0.3206739130434758], [0.36752592592590405, 0.0, 0.3206739130434758], [0.36752592592590405, 0.0, 0.0], [0.36752592592590405, 0.0, 0.3206739130434758], [0.36752592592590405, 0.0, 0.10689130434782528], [0.36752592592590405, 0.0, 0.21378260869565055]]
0.0764, [[0.0, 0.9878496042216363, 0.10689130434782528], [0.0, 0.9878496042216363, 0.0], [0.36752592592590405, 0.0, 0.4275652173913011], [0.0, 0.9756992084432723, 0.4275652173913011], [0.0, 0.9878496042216363, 0.0], [0.0, 0.9878496042216363, 0.0], [0.0, 0.9878496042216363, 0.0], [0.36752592592590405, 0.0, 0.10689130434782528], [0.36752592592590405, 0.0, 0.3206739130434758], [0.36752592592590405, 0.0, 0.3206739130434758]]
0.3206, [[0.0, 0.9878496042216363, 0.4917], [0.36752592592590405, 1.0, 0.10689130434782528], [0.36752592592590405, 0.9756992084432723, 0.4917], [0.36752592592590405, 0.9878496042216363, 0.0], [0.5529411764706459, 0.9878496042216363, 0.0], [0.0, 0.9756992084432723, 0.4275652173913011], [0.36752592592590405, 0.9878496042216363, 0.0], [0.0, 0.9878496042216363, 0.0], [0.36752592592590405, 0.9878496042216363, 0.0], [0.36752592592590405, 0.9878496042216363, 0.0]]
0.0688, [[0.0, 0.9878496042216363, 0.0], [0.0, 0.9878496042216363, 0.0], [0.0, 0.9756992084432723, 0.3206739130434758], [0.193571428571429, 0.0, 0.4917], [0.0, 0.9878496042216363, 0.0], [0.36752592592590405, 0.0, 0.4917], [0.0, 0.9756992084432723, 0.0], [0.0, 0.9756992084432723, 0.0], [0.36752592592590405, 0.0, 0.4917], [0.36752592592590405, 0.0, 0.4275652173913011]]
0.0799, [[0.36752592592590405, 0.0, 0.4917], [0.0, 1.0, 0.0], [0.0, 0.9878496042216363, 0.4275652173913011], [0.0, 0.9878496042216363, 0.4275652173913011], [0.0, 0.9878496042216363, 0.0], [0.36752592592590405, 0.0, 0.3206739130434758], [0.0, 1.0, 0.0], [0.0, 0.9878496042216363, 0.0], [0.36752592592590405, 0.0, 0.3206739130434758], [0.36752592592590405, 0.0, 0.3206739130434758]]
0.2216, [[0.0, 1.0, 0.0], [0.0, 0.9878496042216363, 0.3206739130434758], [0.36752592592590405, 0.0, 0.4917], [0.0, 1.0, 0.0], [0.36752592592590405, 0.9878496042216363, 0.21378260869565055], [0.36752592592590405, 0.9756992084432723, 0.3206739130434758], [0.36752592592590405, 0.9878496042216363, 0.0], [0.0, 0.9878496042216363, 0.0], [0.0, 0.9878496042216363, 0.0], [0.0, 0.0, 0.10689130434782528]]
0.0404, [[0.36752592592590405, 0.0, 0.3206739130434758], [0.36752592592590405, 0.0, 0.21378260869565055], [0.36752592592590405, 0.0, 0.21378260869565055], [0.36752592592590405, 0.0, 0.10689130434782528], [0.0, 1.0, 0.10689130434782528], [0.36752592592590405, 0.0, 0.0], [0.36752592592590405, 0.0, 0.0], [0.36752592592590405, 0.0, 0.0], [0.0, 0.9878496042216363, 0.0], [0.0, 0.9756992084432723, 0.10689130434782528]]
0.1698, [[0.0, 0.9878496042216363, 0.21378260869565055], [0.0, 0.9878496042216363, 0.21378260869565055], [0.36752592592590405, 0.9756992084432723, 0.21378260869565055], [0.0, 0.9878496042216363, 0.3206739130434758], [0.0, 0.9878496042216363, 0.3206739130434758], [0.36752592592590405, 0.9756992084432723, 0.0], [0.0, 0.9878496042216363, 0.0], [0.36752592592590405, 0.9756992084432723, 0.0], [0.0, 0.9878496042216363, 0.0], [0.0, 0.9878496042216363, 0.0]]
