mean:0.518374,,,,,,,,,,,,,,,,,,,,
0.6337, [[0.7508731753110043, 0.3164431576213959], [0.3896194421872027, 0.8078330120481934], [0.48557979912663457, 0.5610883248506899], [0.0, 0.9576542942686055], [0.49155678809958653, 0.375340003895094], [0.5045347123635658, 0.29530393352375783], [0.46744493592060377, 0.427484205401197], [0.0, 0.8093836144578326], [0.0, 0.729086265060231], [0.5000430408694502, 0.0]]
0.5646, [[0.0, 0.9598431864841744], [0.4816179603203602, 0.8142024096385426], [0.5036447125115178, 0.6519760000000007], [0.5067120865835432, 0.34090958062841087], [0.5103688251060887, 0.0], [0.45595530572359455, 0.4588939015840055], [0.0, 0.5948539166666633], [0.49768558306736943, 0.3784780407686344], [0.4983731749263096, 0.10529873357569264], [0.5001516863363389, 0.0]]
0.5511, [[0.0, 0.8212779277108334], [0.9335872287327641, 0.30962012698000757], [0.5136460486415569, 0.4587457979745522], [0.545885976711156, 0.27725435601142573], [0.0, 0.5574942461698268], [0.508960898918735, 0.370022937678526], [0.446775507918523, 0.42705895741366173], [0.6342463218087974, 0.0], [0.4681563404846156, 0.39889287691508607], [0.5023513849673208, 0.39059174292391496]]
0.5819, [[0.48316429785594217, 0.582085333333333], [0.7004315610561473, 0.2860555229810422], [0.6797267937534399, 0.36856536354194014], [0.0, 0.9582712574850298], [0.7884110967102532, 0.23633963412100598], [0.9569616880862504, 0.0], [0.6456789541889876, 0.31030932199428957], [0.0, 0.6997011566264949], [0.5028782410670282, 0.3496946175019474], [0.46673055476845815, 0.48128980680343]]
0.3377, [[0.0, 0.40143996572319096], [0.5109924203201492, 0.3975012895351869], [0.6658235925211871, 0.0], [0.5920766121719783, 0.22010835834848058], [0.4830467226246515, 0.34477200545312725], [0.4390304255940105, 0.36976192339651875], [0.6358866995081417, 0.0], [0.5179412653188327, 0.10249209685795799], [0.5084950628757734, 0.15945919709166242], [0.0, 0.36102967592832835]]
0.3775, [[0.3052213036046325, 0.5642791511295765], [0.9315428498307655, 0.07290510153206796], [0.1524476311152093, 0.10220175512853555], [0.0, 0.5014304313165443], [0.8621997281882933, 0.0], [0.0, 0.38389628667878306], [0.8443449485226435, 0.0], [0.0, 0.3325937829135271], [0.7150549281076244, 0.0], [0.0, 0.06837401090625607]]
0.7684, [[0.43469800156506055, 0.7860959518072254], [0.9547920466619327, 0.4664603830173996], [0.450009570926049, 0.45069248091404807], [0.0, 0.706533349397585], [0.5125923364421421, 0.4105769319657249], [0.6068700183752171, 0.38746690340171513], [0.4714901191946286, 0.4493536829394951], [0.7803013556658543, 0.29606204803947117], [0.4790134457031625, 0.432428813035576], [0.929276307209937, 0.2508171285380442]]
0.4992, [[0.6111309994722959, 0.22219940534925753], [0.19287676151789948, 0.7279459759036189], [0.0, 0.8843039518072229], [0.7731683087978322, 0.18953449441703496], [0.5189897838237258, 0.3449582347442244], [0.9508001900544465, 0.0], [0.2764365079953435, 0.3636750116852797], [0.0, 0.47481137366917736], [0.6732453013804182, 0.0], [0.5045704314211732, 0.2512306455466113]]
0.6123, [[0.7661266874543033, 0.0], [0.5909463519279179, 0.38932039807842106], [0.0, 0.905435084337352], [0.7043524638497032, 0.3434625349259946], [0.4734933630087703, 0.7401981204819158], [0.7607954599314319, 0.0], [0.5318127363271414, 0.3464685982861616], [0.0, 0.8285490602409532], [0.605999818010321, 0.24816152817450224], [0.4663540163695148, 0.4756354749415774]]
0.4807, [[0.5171450279930037, 0.0], [0.0, 0.974579602224123], [0.4878226582855586, 0.4936542586341221], [0.511547554007129, 0.4161564788366673], [0.46524077240742107, 0.6458833253011971], [0.0, 0.8448566265060131], [0.5078774208379808, 0.0], [0.0, 0.31595485562191866], [0.5064441936514885, 0.0], [0.0, 0.19353475824461394]]
0.2958, [[0.49892384373108856, 0.27751830303817243], [0.0, 0.45993502596728486], [0.9866772672016579, 0.0], [0.513393038650172, 0.09393874681900835], [0.5081215010649638, 0.11596219345624377], [0.14098960567850663, 0.2856493378343263], [0.0, 0.45606087016359514], [0.9155470620750127, 0.0], [0.49580437936671923, 0.0610582791482735], [0.4388414122475053, 0.06963802388989884]]
0.3456, [[0.5304624254160953, 0.4393603552324066], [0.5863352902242716, 0.0], [0.45951828171992104, 0.33406895351856514], [0.0, 0.435157732017661], [0.5106352297440764, 0.05351086055569878], [0.4653241168751714, 0.08587809789664776], [0.5110058149667519, 0.0], [0.0, 0.3237280955595962], [0.5093835744337545, 0.0], [0.0, 0.30487201324331115]]
0.6031, [[0.973716141307369, 0.45449918358867875], [0.504482622071222, 0.4673035471306189], [0.6174424526935566, 0.0], [0.5907363035639774, 0.20420848273175568], [0.6088204674689505, 0.19301272968060454], [0.556068321210748, 0.3869272783692535], [0.6126013380198799, 0.0], [0.5685712000167307, 0.08487363282263995], [0.5433553940408249, 0.10226334276811047], [0.0, 0.2884266471046458]]
0.5468, [[0.9392594938943786, 0.0], [0.0, 0.9624521941830624], [0.6917795689224072, 0.5010183806803443], [0.93327998103651, 0.0], [0.0, 0.8212826987951757], [0.510752804975367, 0.4486102321474946], [0.5619896846132618, 0.16441113658789777], [0.4582428137045277, 0.4179542513632824], [0.0, 0.42083127395481545], [0.4975233590140697, 0.3577156743702919]]
0.3892, [[0.5197699634612195, 0.36330988496494704], [0.9396612793433262, 0.0], [0.0, 0.963525243798118], [0.48505294302692714, 0.2538319901324347], [0.5056926051476687, 0.20016276136068686], [0.5133320185934263, 0.08353336847571988], [0.45639435247335075, 0.30206537652557647], [0.750863173007959, 0.0], [0.0, 0.6085209638554164], [0.6456289426737636, 0.0]]
0.2378, [[0.46982471813368903, 0.2657667948584798], [0.4801505023703277, 0.22968816904700196], [0.0, 0.44772014411841315], [0.4864712872727497, 0.10890014411841212], [0.5507070867787427, 0.0], [0.13064943638196097, 0.14815933160218073], [0.4667484142972619, 0.12676789145676412], [0.0, 0.41913468112178626], [0.5216503964336389, 0.0], [0.06749056446255718, 0.10276924123603998]]
0.6412, [[0.9434097012376265, 0.434266177616202], [0.4589304055634678, 0.5841306666666638], [0.731088619888417, 0.30361826486626936], [0.5042206823154352, 0.3241152178654876], [0.4557603392008215, 0.5638671004933817], [0.6883187720689115, 0.0], [0.46364829775576305, 0.24505868423786106], [0.2804421591642762, 0.4582105720592076], [0.6784965104789309, 0.0], [0.46394149168695614, 0.22010395923136883]]
0.318, [[0.48027998395415405, 0.04617753232926399], [0.44476631092811336, 0.14062364398857416], [0.7996913126485502, 0.0], [0.0, 0.49596086237341125], [0.49303317581402095, 0.03523692807063088], [0.43760910476005405, 0.400643725525839], [0.4516824134573234, 0.043889991430794084], [0.7396805982038884, 0.0], [0.0, 0.3537418052453938], [0.4366268306758538, 0.13001004076862982]]
0.366, [[0.4580151047122812, 0.5034232313684748], [0.5085010160520412, 0.3861706302259177], [0.45872353268815896, 0.43334822851207777], [0.4666814410642482, 0.41302724019735043], [0.5531176418125361, 0.0], [0.4792158536962704, 0.2691746442482458], [0.47697745941954733, 0.31939203245909975], [0.5127158648497007, 0.0], [0.5124896441515211, 0.0], [0.4640560903301129, 0.24543554193715664]]
0.5416, [[0.46423915050035014, 0.35480785795897135], [0.45055875143676094, 0.8086584096385558], [0.4755353024686533, 0.24985225551804738], [0.4581550043545764, 0.8011821204819225], [0.7533937556782901, 0.0], [0.47453368056158246, 0.006639734095041067], [0.43986684685964766, 0.5248630618021312], [0.5259113775307176, 0.0], [0.0, 0.3686108210854352], [0.5067954310512934, 0.0]]
0.9746, [[0.9431237245357285, 0.17547051700856903], [0.7216564481171833, 0.9856535585970915], [0.9175843506455593, 0.28546457491560673], [0.593216874719084, 0.5216722355232445], [0.630175384469569, 0.5004362308491322], [0.6792666878133798, 0.08747204466372394], [0.5143812659106402, 0.24833895923137064], [0.5289820845654674, 0.10094214126200973], [0.5161493592622006, 0.18479517891456718], [0.49459588458433956, 0.47009258737990134]]
0.8178, [[0.9594291234315526, 0.0], [0.6599822475430318, 0.552386871202287], [0.43530671383845126, 0.8552909879518097], [0.9474819149349022, 0.45170427784991224], [0.44410997324457946, 0.5406031028304346], [0.8065328637353879, 0.2980739109322262], [0.6713748707110434, 0.3115088145936128], [0.9390940528271648, 0.0], [0.5132293263028053, 0.3406441672292918], [0.0, 0.28037186367177447]]
0.6551, [[0.4876038790577139, 0.5573417434432618], [0.9724635160841792, 0.4544859862373435], [0.3559906033038615, 0.47035653440664804], [0.0, 0.476877492339651], [0.9337644870190646, 0.35584458322513896], [0.4723622595178731, 0.44757790599844394], [0.6436084774587171, 0.41451854089846835], [0.6983510820228315, 0.3010301176317864], [0.7147848659254155, 0.21866398156322997], [0.5298622872334081, 0.39882835653077164]]
0.2907, [[0.5149096103044146, 0.0], [0.4594334489581038, 0.40968391119189884], [0.5079458823650614, 0.0], [0.0, 0.3419081802129346], [0.5031669701160204, 0.0], [0.0, 0.25069688600363377], [0.49350645332731735, 0.0], [0.0, 0.24534462685016656], [0.48796702281005466, 0.0], [0.0, 0.2209471233445881]]
0.4906, [[0.4781264224392483, 0.6273524337349352], [0.5673109098330877, 0.32720779719553295], [0.18281605625639816, 0.7177883373494018], [0.520630161523071, 0.4731998304336542], [0.5689812944415675, 0.0], [0.46682282900061034, 0.38028314515710065], [0.44871326679371804, 0.44733448818488886], [0.4754817238822424, 0.35482692079979067], [0.5161895432020088, 0.25919744663723715], [0.0, 0.36031115346663123]]
0.7612, [[0.0, 0.966250226689478], [0.7170853956257163, 0.5270582212412386], [0.4880250662786665, 0.7704086265060144], [0.9806930274561547, 0.226965115554401], [0.5063519194193364, 0.46827281926772224], [0.5304624254160953, 0.4393603552324066], [0.7231167843617227, 0.18238739548169206], [0.7363698358960644, 0.07415445079200317], [0.4723622595178731, 0.44757790599844394], [0.5655605068002502, 0.0]]
0.3358, [[0.9168894981632616, 0.0], [0.5020269368607212, 0.3398391287977164], [0.47325672425212206, 0.39126920695923406], [0.78660893203372, 0.0], [0.4856408191833803, 0.02057613710724538], [0.4766381283722782, 0.17236034121007665], [0.441192916873318, 0.35750158400415716], [0.45078050725273955, 0.3301566720332368], [0.4577204224870211, 0.2190906959231375], [0.4699467582471805, 0.14995123863931178]]
0.6087, [[0.5136549784059588, 0.36615024824720865], [0.4784047334297717, 0.8541173012048187], [0.9177379744936864, 0.0], [0.4950230249815599, 0.0222741963126469], [0.0, 0.28876537912230793], [0.6785765289032895, 0.0], [0.4420501742558929, 0.016570007790182313], [0.0, 0.22873209426122862], [0.5707016905652704, 0.0], [0.0, 0.22575389197610968]]
0.1469, [[0.45373923585787607, 0.08997807504544034], [0.0, 0.31517034640352964], [0.47207353046888084, 0.08133380991950061], [0.19967705303724845, 0.13686533160217793], [0.5244910504983582, 0.02305430641391894], [0.31425730740431584, 0.08450264061282846], [0.0, 0.3122258706829375], [0.4556472288517318, 0.081036136328227], [0.48685526714202804, 0.007406646844972647], [0.5162743759638261, 0.0]]
0.4824, [[0.0, 0.9572233875106927], [0.5670308453478342, 0.2104552290314213], [0.5627798665538001, 0.5669075833333402], [0.0, 0.8093836144578326], [0.5642001935861594, 0.0], [0.4868656852004968, 0.0747996546351572], [0.47459023573612724, 0.2238153477018977], [0.0, 0.5574033310828367], [0.45523050651298014, 0.19690301558036896], [0.4702786478241149, 0.07889083354972627]]
0.8533, [[0.9434616970016079, 0.2736661428200467], [0.46321669247634173, 0.8689410602409631], [0.9648886786496066, 0.0], [0.47204971776380933, 0.6597480963855317], [0.0, 0.9667992172797263], [0.9369504092848379, 0.5153902962866796], [0.46938269479579897, 0.718308385542165], [0.48147061920773015, 0.3529719597507124], [0.46037256251436187, 0.42823938717216564], [0.0, 0.9573743413173651]]
0.4783, [[0.05798878727113776, 0.7246014457831229], [0.4978998974130132, 0.05834695663464068], [0.7219365126024376, 0.0], [0.0, 0.8498758072289112], [0.4978522720028701, 0.6117653012048099], [0.5919665868384858, 0.0], [0.0, 0.7241959036144551], [0.44778754788406266, 0.520793878473126], [0.43576957329327903, 0.5542784915606368], [0.4740172425203438, 0.09532886782653521]]
0.3772, [[0.0, 0.961929747647562], [0.7610955290227756, 0.0], [0.45054684508422516, 0.43251532900545425], [0.0, 0.5412160464814341], [0.4804124421261144, 0.0], [0.0, 0.5378096634640351], [0.47961471650621845, 0.0], [0.0, 0.5375603801610013], [0.46974435025407263, 0.0], [0.0, 0.3051946151648934]]
0.5609, [[0.4903557347875417, 0.6116364819277046], [0.6527505824416518, 0.255839453908078], [0.5195399104911891, 0.354590834848092], [0.7286880671576683, 0.20334039028823822], [0.9438256673494781, 0.0], [0.5130209651334294, 0.41801730537522963], [0.0, 0.9525590843373495], [0.2983278574069376, 0.5347038867826546], [0.5171346099345349, 0.20582002596727889], [0.5047951638252857, 0.3623655411581419]]
0.4601, [[0.0, 0.9619185842600514], [0.48185459907700845, 0.5880639999999961], [0.7056427609424808, 0.0], [0.0, 0.9239612048192716], [0.44765657800616926, 0.4635774949363824], [0.47173866430381256, 0.15151145884186107], [0.46451002002053876, 0.15927590054530993], [0.5819542814906549, 0.0], [0.1217997419389761, 0.23520906102310887], [0.5127560487895088, 0.0]]
0.4347, [[0.485561939597831, 0.5089133295247994], [0.6436284820648064, 0.21143329940275338], [0.9327623868405126, 0.0], [0.0, 0.04085020150610017], [0.9256082424054265, 0.0], [0.0, 0.018559875097373384], [0.6844778876997133, 0.0], [0.6771361972648401, 0.0], [0.6222635627611433, 0.0], [0.6015287885493011, 0.0]]
0.5834, [[0.4464912437517316, 0.587712458333335], [0.6402377013326237, 0.5158067460399914], [0.27867222027567784, 0.7655612048192678], [0.0, 0.9749359623609922], [0.4400082347960098, 0.5676500000000014], [0.44883233031907566, 0.4480178177096868], [0.0, 0.9720443969204446], [0.44572030742504115, 0.0], [0.0, 0.5940598750000015], [0.4385943554323882, 0.0]]
0.4811, [[0.4900952833258219, 0.6685841445783174], [0.6348464599914846, 0.09033293715917713], [0.0, 0.5296493012204663], [0.4856958860638583, 0.22108349597507324], [0.4799957197873628, 0.5148345411581434], [0.5133320185934263, 0.08353336847571988], [0.604529479462737, 0.0], [0.47585528569305185, 0.23257252350039145], [0.47478073737669946, 0.5040860316800863], [0.5156686402785693, 0.0]]
0.4758, [[0.4378636030455059, 0.46234720851727173], [0.0, 0.9697733917878529], [0.7151949603502515, 0.34189205011685475], [0.0, 0.39365939392365695], [0.48893590224765215, 0.1964543056348974], [0.20265800274435644, 0.33810147753830394], [0.6654034957933064, 0.0], [0.0, 0.36967247468190095], [0.44572030742504115, 0.08950003765255886], [0.5171584226396064, 0.0]]
0.3658, [[0.45567848302713815, 0.40971910412879803], [0.49530133597208337, 0.3281052170864708], [0.3052213036046325, 0.5642791511295765], [0.5054991269189626, 0.19374005037652517], [0.46982471813368903, 0.2657667948584798], [0.46908057110020396, 0.26768041080238836], [0.0, 0.4805830153206958], [0.49273105211842594, 0.0], [0.0, 0.28881963490002643], [0.21001722233378733, 0.10988847909634002]]
0.6228, [[0.4876113205280488, 0.37933880135030074], [0.4687189156419302, 0.7501172048192745], [0.9372765645316308, 0.18284197091664245], [0.6088204674689505, 0.19301272968060454], [0.9500273439261766, 0.04797383848351198], [0.46573786262578915, 0.204639596208775], [0.0, 0.46446025110361266], [0.450258116035233, 0.3846573339392358], [0.9247290413053761, 0.0], [0.8891654514964134, 0.0]]
0.5961, [[0.0, 0.5459157699298909], [0.9205859242935803, 0.42510721578810934], [0.5678710388035957, 0.5097887538301733], [0.0, 0.5423040947805755], [0.6169623421474065, 0.0], [0.5449157533158113, 0.1839109563749646], [0.4923991625414917, 0.5038015554401479], [0.4793706362792353, 0.40936277564268886], [0.5011086594214007, 0.16254004544273962], [0.0, 0.45813138795118047]]
0.5719, [[0.0, 0.9621817921300256], [0.6231937769443087, 0.31656779927291806], [0.48507973232013263, 0.5780831666666665], [0.45577373384742426, 0.6113072771084281], [0.5093166012007408, 0.5558739047000801], [0.5246510873470747, 0.5405737753830194], [0.9053849335852112, 0.09447103998961356], [0.5172700446946291, 0.3679289579330044], [0.8891654514964134, 0.0], [0.5521174115080574, 0.2699562207218902]]
0.4458, [[0.0, 0.969034375534645], [0.6781064206601848, 0.3543914082056596], [0.9857933392139732, 0.0], [0.0, 0.9659298374679214], [0.4908230591245703, 0.19840018177096577], [0.6726951747129549, 0.16413839132692756], [0.9636336899825992, 0.0], [0.0, 0.9609190889649271], [0.6069000252843518, 0.034230996624250755], [0.9585002900113382, 0.0]]
0.7381, [[0.9205859242935803, 0.42510721578810934], [0.0, 0.9853363943541489], [0.9359506725501034, 0.0], [0.47560674058386787, 0.7291196626505929], [0.6222635627611433, 0.0], [0.45812970335543785, 0.6581068433734913], [0.47195744353165725, 0.015697516229547872], [0.46313930118485935, 0.3702223643209584], [0.4632881305915563, 0.07010872942092912], [0.0, 0.5338577899246959]]
0.2739, [[0.4564702554707662, 0.27023483147234445], [0.0, 0.905435084337352], [0.48277287651632894, 0.028648517008568918], [0.49147642021997023, 0.0], [0.4632375285932793, 0.04302629810438836], [0.4356743224729929, 0.12901730667359015], [0.0, 0.44344713502986394], [0.46309465236285025, 0.03666664113217391], [0.0, 0.31183874837704617], [0.07522240276537148, 0.09232573721111284]]
0.3834, [[0.0, 0.43542461178914715], [0.7448617911810873, 0.3427953354972714], [0.6442286202474936, 0.3048382866787842], [0.677256224901378, 0.0], [0.47779750945044785, 0.22954153180992104], [0.0, 0.283996736172425], [0.5085754307553897, 0.0], [0.0, 0.2802486883926246], [0.4750664898375577, 0.0], [0.0, 0.18329214723448628]]
0.5909, [[0.9335872287327641, 0.30962012698000757], [0.5007737932563324, 0.5877640833333356], [0.9373663753966898, 0.0], [0.47204971776380933, 0.487624535445341], [0.0, 0.5590720628408231], [0.48852215649703457, 0.40440350428460237], [0.5022710170877044, 0.0], [0.4627776457265856, 0.2966016730719276], [0.46570809674444974, 0.09063061075045598], [0.0, 0.37070186808621214]]
0.514, [[0.5609294404905146, 0.11514689041807252], [0.5172060480497493, 0.580558708333336], [0.5485565916241136, 0.3913410592053996], [0.0, 0.9572664285714285], [0.5574986505461527, 0.12750107764216878], [0.9415898494982752, 0.0], [0.47733613828968713, 0.2860804513113456], [0.49955636870955084, 0.2605215808880826], [0.0, 0.9050724819277136], [0.9228524669144087, 0.0]]
0.6504, [[0.0, 0.9602275791274592], [0.7644663051488682, 0.5858293749999963], [0.9648886786496066, 0.0], [0.0, 0.9599589136013685], [0.5289820845654674, 0.10094214126200973], [0.5172908808115667, 0.5139297894053492], [0.9623550668774187, 0.0], [0.4918544469129805, 0.5088576073747085], [0.93327998103651, 0.0], [0.0, 0.5007822947286457]]
0.4776, [[0.4461906083502037, 0.3918660205141536], [0.0, 0.9618461462788709], [0.7072331271266019, 0.15876120384315695], [0.5016355155211082, 0.28318289950662084], [0.4432303914510001, 0.566762541666673], [0.0, 0.8840320000000026], [0.4537496539163449, 0.1011840927031925], [0.4368470981977653, 0.4877257151389269], [0.7030821713630157, 0.0], [0.4382341882681815, 0.2266703747078668]]
0.3649, [[0.9257500490344668, 0.0], [0.4988018036175971, 0.3701651757984952], [0.48984971480477185, 0.41460798961308615], [0.0, 0.5240814853284868], [0.5146179046672883, 0.20956074188522292], [0.4999329071084943, 0.36283331394443274], [0.47922031857847136, 0.41408596104907675], [0.0, 0.49712222929109584], [0.512891483549603, 0.06487817917423945], [0.48797892916259045, 0.09732313425084324]]
0.4364, [[0.663723108881782, 0.0], [0.5135329382924673, 0.403774430537523], [0.4913275908132732, 0.46737100025967265], [0.0, 0.965539615055603], [0.600758611214853, 0.283545093482214], [0.5897760824716775, 0.2854059200207764], [0.0, 0.7101641445783111], [0.5108421026193852, 0.0], [0.4869177754928407, 0.35750158400415716], [0.5004627397963357, 0.30351268605557175]]
0.4758, [[0.0, 0.7003166265060186], [0.5564184018173155, 0.5241196110101306], [0.9449932085952438, 0.0], [0.9420010887224922, 0.024963523240715758], [0.0, 0.5614006621656711], [0.5195399104911891, 0.354590834848092], [0.6452288505519722, 0.0], [0.0, 0.4654676489223599], [0.5055050800952304, 0.24381959958452168], [0.6059898157072764, 0.0]]
0.4122, [[0.0, 0.9598357442258337], [0.49536235602882916, 0.3512533713321244], [0.6896290737677782, 0.32536603349779514], [0.0, 0.3438349935081785], [0.5775932773631283, 0.2224589532588925], [0.636166763993396, 0.0], [0.49352133626798705, 0.2603514816930653], [0.4579317602445309, 0.29982475954297394], [0.0, 0.12225293092703211], [0.5136624198762936, 0.0]]
0.559, [[0.9549787587235026, 0.06264782679823273], [0.9228902820154862, 0.354743337574657], [0.0, 0.9572233875106927], [0.45064804908077916, 0.4176712414957164], [0.7438015470583401, 0.07842745988054718], [0.731088619888417, 0.30361826486626936], [0.0, 0.5916851249999974], [0.45987547229599385, 0.28964666891716584], [0.49180533320877057, 0.14036409607893918], [0.4418046057348428, 0.3016357294209295]]
0.6111, [[0.5085010160520412, 0.3861706302259177], [0.47915483363952466, 0.42409248610750566], [0.43530671383845126, 0.8552909879518097], [0.0, 0.9694428314798973], [0.5432353664042877, 0.003344795377823928], [0.9403584952694414, 0.0], [0.5367138648190867, 0.12171037314983107], [0.47046766117062006, 0.5502254383277064], [0.45864614139667653, 0.24680220098675765], [0.940259230629113, 0.0]]
0.483, [[0.43750790076350005, 0.6299288192771081], [0.5155004630490017, 0.559535436509997], [0.0, 0.7768877590361336], [0.7607954599314319, 0.0], [0.49184254056044485, 0.3780645237600621], [0.5085873371079255, 0.22431538068034312], [0.0, 0.6185497831325283], [0.5615095740671118, 0.0], [0.0, 0.5643172768112203], [0.44191027461359766, 0.2959139444300179]]
0.3466, [[0.0, 0.5653342500000056], [0.9187046230149781, 0.0], [0.5043680234280652, 0.3563299524798768], [0.0970205974986198, 0.4292159911711254], [0.5236408547395515, 0.070487053492597], [0.588135704772333, 0.0], [0.49741173695904695, 0.15171235185666052], [0.49364635296961257, 0.25502415086990154], [0.0, 0.3759925396001044], [0.0, 0.2731015894572817]]
0.4316, [[0.5092868353194014, 0.27413244923396524], [0.015882872658201888, 0.9611675363558597], [0.5451157993767071, 0.0], [0.48368073589718075, 0.5310790142820041], [0.5106962498008221, 0.21012822799272732], [0.0, 0.4735898854842902], [0.47676016848576974, 0.27266607686315064], [0.544465649678796, 0.0], [0.48503210690998966, 0.032324712542193365], [0.46368401681337035, 0.3076801163334181]]
0.7885, [[0.8616991268892564, 0.4955854710464829], [0.9355796118707811, 0.47241825396000986], [0.49317009886818214, 0.7511334457831236], [0.9738815823745828, 0.4694429844196303], [0.0, 0.48879909971436086], [0.7607054392040288, 0.364293820825758], [0.7618457017511344, 0.16239634095040334], [0.752553562222528, 0.4603016190599846], [0.504482622071222, 0.4673035471306189], [0.5144705635546584, 0.4451583915866007]]
0.7165, [[0.4804139304201813, 0.5796909166666683], [0.9949280495679897, 0.24901788963905677], [0.9206450103890138, 0.33758824720851804], [0.4716062061318522, 0.7603416385542153], [0.4657572104486597, 0.7604227469879489], [0.4852315383149636, 0.3712224302778492], [0.933565957738408, 0.0], [0.9158306753330935, 0.3285641916385381], [0.4213851875036065, 0.5564824492339678], [0.4754995834110461, 0.3387261521682663]]
0.3898, [[0.0, 0.96761377245509], [0.4567694025782273, 0.4445307842118937], [0.49539807508643646, 0.23697017424045766], [0.5061584411906304, 0.15966448922357887], [0.6915895251645562, 0.0], [0.0, 0.964832600513259], [0.44266335141148455, 0.3833258678265392], [0.49314926275124454, 0.21996172111139964], [0.6364168215695157, 0.0], [0.0, 0.956739268605646]]
0.4674, [[0.466142678612005, 0.5724412916666668], [0.9540168370898455, 0.0], [0.5488266538063233, 0.4580536702155309], [0.0, 0.5603184793560138], [0.9357686873761683, 0.0], [0.5096395610132733, 0.19639125162295537], [0.44873559120472256, 0.2573395528434195], [0.0, 0.4128791365879023], [0.9158023140072854, 0.0], [0.5026683916035855, 0.05640108049857233]]
0.2349, [[0.44968512281944956, 0.23814327213710515], [0.6501499836500074, 0.0], [0.0, 0.3663467421448964], [0.44652398622120504, 0.2549772269540394], [0.5033187761108513, 0.16048859049597364], [0.6337362043535127, 0.0], [0.0, 0.362309819008051], [0.4381240545072257, 0.11613082627888868], [0.45906584032356207, 0.056858588678262136], [0.4602579638712051, 0.031202937678524983]]
0.4999, [[0.0, 0.9670175235243795], [0.5321928238428436, 0.16864601999480838], [0.46049013774565256, 0.6608549879517989], [0.5096380727192064, 0.480036058426383], [0.6152319437206583, 0.0], [0.0, 0.8063014939759063], [0.4813262546832341, 0.2537967971955355], [0.5055050800952304, 0.24381959958452168], [0.4365568808547061, 0.25594649909114275], [0.5813041317927438, 0.0]]
0.5953, [[0.6486696427993788, 0.0], [0.0, 0.9660376261762188], [0.6197129754847228, 0.6035208674698703], [0.6209932702744557, 0.36696848403012455], [0.49760075030555223, 0.7026115180722865], [0.4559597706057955, 0.4662272298104403], [0.4717252696572098, 0.4293948886003661], [0.0, 0.8402000481927703], [0.6448187561271361, 0.0], [0.4370003924866633, 0.6573816385542146]]
0.5808, [[0.4663703876042514, 0.4763935894572855], [0.0, 0.9588413344739092], [0.7637361370265993, 0.18145038353674328], [0.4626035153207501, 0.7068386987951842], [0.5569085146665101, 0.35623463827577495], [0.6663537145825611, 0.0], [0.0, 0.6991954216867415], [0.5081810328276426, 0.21712575694624983], [0.45647174376483324, 0.3088825416774859], [0.5229006843142371, 0.20277143780836146]]
0.4012, [[0.517326599869174, 0.31025213347182634], [0.0, 0.7918880481927719], [0.7679070973962747, 0.0], [0.46984704254469356, 0.4385010610231126], [0.5711517942022858, 0.26792236224357113], [0.47744031887437505, 0.27778811555440325], [0.0, 0.5240814853284868], [0.7430013628147571, 0.0], [0.5331930541473222, 0.0], [0.0, 0.4793615271358086]]
0.6275, [[0.0, 0.96228747219846], [0.6167622960865109, 0.5543958013503026], [0.4516109753421088, 0.8115878554216825], [0.46050502068632226, 0.7244917108433697], [0.510752804975367, 0.4486102321474946], [0.47708759318050314, 0.5051740799792278], [0.4474273807198558, 0.6525103614457737], [0.0, 0.5830072083333373], [0.4653330466395732, 0.484743113736691], [0.4740202191084778, 0.27011898805505097]]
0.4203, [[0.9622912538943506, 0.0], [0.4770920580627041, 0.24191624824720892], [0.46764883220777875, 0.42976441443781055], [0.47432234280407265, 0.4135360714100245], [0.686878440430462, 0.20459413866527995], [0.0, 0.5502738286159461], [0.7461620905769095, 0.1788461062061804], [0.4246456012457588, 0.4324904006751509], [0.44888144402328567, 0.34157091456764477], [0.5052446286335106, 0.17952210386912193]]
0.1354, [[0.0, 0.5195474619579354], [0.7341493246201214, 0.0], [0.0, 0.4128791365879023], [0.5774632474235457, 0.0], [0.0, 0.2819614113217337], [0.5328029643285754, 0.0], [0.0, 0.27903159932484917], [0.5197499588551294, 0.0], [0.0, 0.21047869098935237], [0.511351099190289, 0.0]]
0.5645, [[0.5092674874965308, 0.4405407849909105], [0.0, 0.9608261847733104], [0.5180156800221811, 0.3104383627629183], [0.5050511504048045, 0.631689349397586], [0.9175299914377605, 0.0], [0.7147848659254155, 0.21866398156322997], [0.5317527225088728, 0.19082930122045996], [0.0, 0.6269087228915633], [0.4984297301008545, 0.2958464913009589], [0.4630485152467741, 0.5469407642170903]]
0.4857, [[0.0, 0.9678374123182207], [0.6867784174000142, 0.3871413687353934], [0.49440389464970036, 0.47683350116852824], [0.5128795771970673, 0.23109735289535335], [0.6326259487155416, 0.0], [0.0, 0.3867923721111407], [0.6088604766811297, 0.0], [0.0, 0.09057195585562046], [0.6052596475850067, 0.0], [0.5964376162995055, 0.0]]
0.5986, [[0.0, 0.9568543755346448], [0.6617426528789141, 0.2605685048039447], [0.5766830677860528, 0.6592996144578344], [0.9054516804250818, 0.0], [0.0, 0.9195097831325253], [0.531192593538365, 0.1748942326668411], [0.5127292594963033, 0.37271079823422776], [0.88793063495879, 0.0], [0.7631560034500013, 0.0], [0.5032622209363065, 0.25685564996104876]]
0.6581, [[0.9287445323510357, 0.0], [0.4687189156419302, 0.7501172048192745], [0.7175354992627316, 0.5169373191378885], [0.7468922586991791, 0.0], [0.44881595908433897, 0.5189653121267235], [0.49376839308310416, 0.3888511589197631], [0.5028127561280815, 0.3772653508179707], [0.4501256578632727, 0.4093437128018696], [0.6187027428771995, 0.0], [0.5019793114505782, 0.05356218358867789]]
0.6468, [[0.46411115721059076, 0.4045178813295235], [0.4578305562479769, 0.48093054557258136], [0.4380555929801451, 0.9557843373493908], [0.5641201751618008, 0.2076617896650219], [0.5018260171616803, 0.24852372215009022], [0.4984297301008545, 0.2958464913009589], [0.6686442419798165, 0.16853310932225432], [0.4935525904433935, 0.36460029265126037], [0.0, 0.9156690602409604], [0.6456789541889876, 0.1370720901064667]]
0.4843, [[0.6480495000106024, 0.3149298613347192], [0.7831380963603969, 0.0], [0.43517276737242394, 0.5396748891197093], [0.0, 0.9223533493975932], [0.6586519412380757, 0.17113005479096077], [0.6813871760588742, 0.0], [0.0, 0.45279085977668143], [0.5019361509226361, 0.16579245936120635], [0.4431931840993259, 0.09765893352376073], [0.4502209086835588, 0.061171189820822335]]
0.3954, [[0.0, 0.43958324383277003], [0.6653834911872164, 0.37492502051415455], [0.9196216392161058, 0.0], [0.490537306663712, 0.2185070797195532], [0.0, 0.3629946149052212], [0.7785993112491294, 0.0], [0.46937078844326313, 0.13326392105946366], [0.0, 0.2844615762139712], [0.6301353752573897, 0.0], [0.0, 0.2659046338613373]]
0.3003, [[0.4338526505350215, 0.23515187250065092], [0.44674425374311655, 0.08636786626850255], [0.0, 0.9282981204819224], [0.9433198903725675, 0.0], [0.0, 0.3790953835367456], [0.9210042538492493, 0.0], [0.0, 0.34453738587380084], [0.7525035507073041, 0.0], [0.0, 0.3398303305634929], [0.5471962784100229, 0.0]]
0.5925, [[0.9539152090056998, 0.0], [0.9346602322258362, 0.3266784367696724], [0.6722650756820295, 0.5197512877174796], [0.6722650756820295, 0.5197512877174796], [0.5665207278925495, 0.36300048039470534], [0.932138437672735, 0.024805155024666677], [0.6713748707110434, 0.3115088145936128], [0.7276878368531896, 0.2649705546611279], [0.45336567404706657, 0.44083405946507753], [0.9166696978882489, 0.2385538564009328]]
0.5807, [[0.9540168370898455, 0.0], [0.0, 0.9582583575705731], [0.4701432130640206, 0.6092557108433777], [0.7765590895300148, 0.17491182913528808], [0.7043524638497032, 0.3434625349259946], [0.46775301279246667, 0.39509497247468406], [0.4903974070214169, 0.3186881737211102], [0.0, 0.9520819759036157], [0.6308655433796594, 0.30051982004673994], [0.7053326895480925, 0.05816512646066052]]
0.6608, [[0.47790615491733673, 0.47773971929368964], [0.4366565965571932, 0.756138313253012], [0.9413345975660024, 0.24795183692547404], [0.0, 0.9184839999999916], [0.4393206429370697, 0.2793659322253943], [0.9211886024670018, 0.12349934744222267], [0.0, 0.4408237948584817], [0.5772531990596054, 0.03683234121007417], [0.48203617095317874, 0.08702626746299706], [0.0, 0.3089675912749919]]
0.6752, [[0.5565184248477634, 0.41765511139963646], [0.7274977930953386, 0.3471665915346671], [0.47599965021754803, 0.6593854939758932], [0.9423177901940157, 0.2888386977408458], [0.4471833004928727, 0.7254602409638472], [0.4675952536213678, 0.4026409246948865], [0.45875329856949837, 0.5517489992209841], [0.5492867597463833, 0.021882674889638555], [0.0, 0.6872581686746944], [0.0, 0.5459201690470026]]
0.8443, [[0.932653668424915, 0.19989881433394013], [0.47596541945400767, 0.9567568819503851], [0.7664267565456468, 0.53963969618281], [0.9305478399836657, 0.0], [0.651710342924994, 0.334796274214491], [0.488845116309567, 0.4593954009348233], [0.46866682534958626, 0.4809188145936133], [0.49184254056044485, 0.3780645237600621], [0.6983510820228315, 0.3010301176317864], [0.5030613012372654, 0.0]]
0.6967, [[0.4431485352773168, 0.8511449156626456], [0.0, 0.9635543926432848], [0.7210263030253622, 0.3335747860296038], [0.9301815061919781, 0.1048646873539339], [0.4771575430016507, 0.496202813814594], [0.5010401978943201, 0.0690338784731229], [0.42390036381897844, 0.5680777500000044], [0.5786535214858755, 0.024221538821082363], [0.0, 0.5741473749999982], [0.46458294642982034, 0.46350417631783936]]
0.8027, [[0.0, 0.9608800171086396], [0.9491150546126836, 0.0], [0.7626858952068967, 0.28917156426901863], [0.5678010226822825, 0.9604897946963217], [0.43718642924503454, 0.8569370120481923], [0.5045570367745704, 0.3558651124383306], [0.4631348363026584, 0.39086302181251814], [0.5635700484943376, 0.0], [0.473808881350968, 0.2639323630225932], [0.0, 0.772145301204815]]
0.4737, [[0.9156699611535145, 0.0], [0.4474273807198558, 0.6525103614457737], [0.45007803245312955, 0.21375163412100556], [0.0, 0.7958051084337282], [0.8088690031308935, 0.0], [0.43969122815974526, 0.4941616234744239], [0.6455889334615843, 0.0], [0.0, 0.4890557148792512], [0.5433553940408249, 0.0], [0.0, 0.42790798701635996]]
0.5688, [[0.5557482475133151, 0.07896855128538109], [0.47604281074549015, 0.5771219583333321], [0.6540208749283394, 0.0], [0.517671884092711, 0.5249935689431322], [0.5133335068874932, 0.5279043180991974], [0.45026406921150086, 0.8242312289156544], [0.6255343158567881, 0.0], [0.5115430891249282, 0.2790829223578283], [0.5010342447180522, 0.32311075279148505], [0.0, 0.8102376385542147]]
0.4829, [[0.5677009996518346, 0.42892564944170297], [0.0, 0.9695228357570571], [0.9339653797435384, 0.0], [0.4960722722987738, 0.5076199890937415], [0.5667607831656245, 0.2056030028563995], [0.5246110781348954, 0.2584393321215291], [0.0, 0.9575617621899059], [0.9230533596388825, 0.0], [0.4671056048733347, 0.48762893456245276], [0.5069070531063162, 0.40670864165151926]]
0.4853, [[0.6713248591958195, 0.5083693053752261], [0.0, 0.6688608674698799], [0.5735723515391238, 0.0], [0.5386043000945514, 0.16058830381718717], [0.5106754136838846, 0.39744116826798426], [0.0, 0.5380369511815104], [0.511348122602155, 0.0], [0.4871216717800156, 0.38819275772526857], [0.49352133626798705, 0.2603514816930653], [0.0, 0.533412012723969]]
0.5762, [[0.6430183415790746, 0.08469326902103211], [0.48795809304565285, 0.5235770532329296], [0.9299546155855134, 0.0], [0.43979392045036614, 0.5341994546870974], [0.43443457351520676, 0.8082910361445752], [0.5457059352563496, 0.035222264346923306], [0.45955251248346135, 0.39195253648403194], [0.4799689304941573, 0.09752989275512679], [0.4796697833866963, 0.34377047312386405], [0.9284065598851561, 0.0]]
0.4329, [[0.4409220473531295, 0.550329550766037], [0.45923104096499573, 0.4894662991430789], [0.44343875262037596, 0.5271022124123613], [0.9544824355218613, 0.0], [0.5119806475806173, 0.289348995325887], [0.4908498484177757, 0.4603162827836922], [0.0, 0.49947722331861955], [0.5767430816043214, 0.0], [0.5000936428677272, 0.11719687899246621], [0.47377613888149467, 0.4531853139444292]]
0.7536, [[0.4400752080290235, 0.8174228915662586], [0.0, 0.8357056867469775], [0.5994183026068515, 0.43560204284601556], [0.9189740556101548, 0.4052686639833804], [0.5127634902598436, 0.5471519218384856], [0.9324173240431811, 0.0], [0.8424426635863018, 0.10282789613087548], [0.7220065287237508, 0.361507713321215], [0.0, 0.6782742168674682], [0.5042861672543819, 0.4094082331861839]]
0.4176, [[0.7021219502707163, 0.0], [0.1348413969075854, 0.5897651666666646], [0.5146461822545608, 0.18446964424824552], [0.4925985939464656, 0.18558262087769564], [0.0, 0.9681312574850297], [0.4794152851012444, 0.4484093391326951], [0.4777558372165728, 0.2657242700597242], [0.6148818631140908, 0.0], [0.4631884148890693, 0.31439316904700226], [0.49555285766940127, 0.13540775746559208]]
0.4897, [[0.9160812003777314, 0.028289255777720363], [0.48795809304565285, 0.5235770532329296], [0.7618957132663584, 0.26283258374448354], [0.516481248839135, 0.39845003245910376], [0.741721068025025, 0.013907075564789168], [0.51374278775591, 0.21575176603479768], [0.48477463203640375, 0.3725069724746837], [0.6940300871074842, 0.0], [0.4946509514648174, 0.04770989145676525], [0.4817935790202626, 0.3255581282783711]]
0.3768, [[0.4797263385612412, 0.3812128252401983], [0.49946111788926484, 0.17492502648662855], [0.0, 0.8738600481927756], [0.9307652768148609, 0.0], [0.4657973943884679, 0.2773100781615166], [0.4908736611228473, 0.024982586081535082], [0.4901012365020898, 0.16394483017397926], [0.0, 0.42325812022851517], [0.5761529457246789, 0.0], [0.0, 0.3472179145676462]]
0.4865, [[0.4716806208352007, 0.3658804357309778], [0.5557882567254944, 0.31270390807582427], [0.4564256066487571, 0.5574282594131401], [0.0, 0.9598899486740803], [0.9419916349472228, 0.0], [0.5142116003870055, 0.1958677566865737], [0.4758597505752528, 0.28746030771228187], [0.0, 0.6119418313253038], [0.6948902851693356, 0.0], [0.0, 0.43424124928589863]]
0.5501, [[0.6107509119565945, 0.5481299922098176], [0.0, 0.9727014242942688], [0.7252172680011277, 0.13675388730199622], [0.9235638635034279, 0.0], [0.6101307691678173, 0.23412541184107913], [0.44370664555243056, 0.4214515494676713], [0.5008779738410203, 0.25918718203064134], [0.4782097669069986, 0.35424917008569046], [0.605999818010321, 0.24816152817450224], [0.0, 0.678608192771087]]
0.5871, [[0.0, 0.9597522668947817], [0.4655860566309581, 0.6418851566265072], [0.7685172378820067, 0.34814026278888743], [0.4365925999123134, 0.39208744274214474], [0.0, 0.45948191690470164], [0.7108539608288142, 0.2947085863412106], [0.4556025800297227, 0.29527020695923095], [0.507715196784681, 0.1637439371591798], [0.20647734455659067, 0.2864441116593111], [0.0, 0.30770211191898206]]
