mean:0.830259,,,,,,,,,,,,,,,,,,,,
1.0439, [[0.9283361714764455, 0.9151214293038314], [0.9284424735728096, 0.27189197811949894], [0.9203184709879523, 0.912012519562871], [0.9076523059465799, 0.272014732371212], [0.8964203183409021, 0.8943891985518979], [0.9025173741730506, 0.2752378106260092], [0.8942113968130609, 0.8559410702464476], [0.866327816417573, 0.2662493636323959], [0.5908900760854583, 0.6876014401421123], [0.6103325493374427, 0.29601426134396325]]
1.0516, [[0.9347323145627715, 0.9163041035707862], [0.5908900760854583, 0.6876014401421123], [0.6636079169204214, 0.6799711135096245], [0.9313630786271576, 0.3014916572297307], [0.6058282232203117, 0.6550640917431196], [0.895687014049033, 0.28242200173123644], [0.8458313308541798, 0.2971950681437944], [0.580185995500708, 0.5249294221615499], [0.8814767660147078, 0.27604301264239056], [0.8479699848945939, 0.27966542112690396]]
0.9464, [[0.9063550600248462, 0.8404106403579784], [0.899434613378486, 0.28175097052533565], [0.8849955455774108, 0.30240982412674394], [0.8882350569208513, 0.2734660919301104], [0.6419961602104268, 0.30277638095930864], [0.8585425391567236, 0.2713862114436184], [0.5665865340878662, 0.27059130401384984], [0.4356, 0.19155491039367023], [0.009883406709114438, 0.2667079877940556], [0.4356, 0.24944867280825492]]
1.1363, [[0.9813881244840146, 0.27598546400046553], [0.9640320550894851, 0.9617491776848354], [0.9683129666312065, 0.2776698657055152], [0.8887539552895452, 0.8743566534448644], [0.908198230271976, 0.26817756135705656], [0.4356, 0.46835828137234714], [0.877815649746704, 0.2747623503207879], [0.4356, 0.36706294879455986], [0.4356, 0.3076785069467681], [0.4356, 0.3045593849891616]]
0.9696, [[0.8937861884276037, 0.8622509301133299], [0.928586612008558, 0.283107034624729], [0.6275733079833733, 0.650981877271092], [0.8852243653441608, 0.3009873340267978], [0.9228210745786303, 0.27208846103263157], [0.86536208889806, 0.27262759817856463], [0.4356, 0.2834164627347716], [0.4356, 0.2783296050162212], [0.4356, 0.2763182632497781], [0.5554860728048084, 0.2717765855798187]]
1.0513, [[0.9188969056653858, 0.9317831516909518], [0.908030669340419, 0.27876204326636306], [0.4356, 0.2842996450965273], [0.4356, 0.2811100226079113], [0.918414041905629, 0.2777247045550431], [0.9063388444508247, 0.26875081039323795], [0.07326378716696451, 0.26879647662830786], [0.4356, 0.21528501469001546], [0.4356, 0.1981302423437627], [0.0, 0.04875968650233723]]
0.6299, [[0.6033436369341018, 0.6265037815704266], [0.9191779756150944, 0.27660752866723887], [0.4356, 0.37362429636307476], [0.9058145408907905, 0.27066637772960705], [0.4356, 0.3563976384710484], [0.8964004993059866, 0.2661953318154705], [0.8653566837067197, 0.2761156652603401], [0.4356, 0.18829176562370303], [0.4356, 0.186099234182643], [0.4356, 0.18964393493235907]]
1.1081, [[0.9485155524811925, 0.9487840831084728], [0.9710696142148907, 0.27576646290935014], [0.4356, 0.3783243738924378], [0.9130358765217748, 0.2836059841715524], [0.595216030888351, 0.49729042447970356], [0.9036038176325023, 0.27196477508474326], [0.0, 0.27743595747559535], [0.8877053481694768, 0.27528179718346735], [0.0, 0.27712732983691457], [0.8662215143212089, 0.27680800737594013]]
1.0773, [[0.9584304751302211, 0.9178330462763089], [0.9363106304342144, 0.3909052702967232], [0.9419446415415216, 0.27558843676622485], [0.9045299070821844, 0.8401972496402231], [0.9206445841988327, 0.35754478116628835], [0.6497472045927855, 0.7441791115758231], [0.9076523059465799, 0.26906980479217885], [0.4356, 0.42265216448588516], [0.4356, 0.3076799438584751], [0.8959374545811454, 0.272209712760231]]
0.3894, [[0.8967860696216129, 0.2667363126700321], [0.8809758849504831, 0.28195072093632245], [0.6044138648195325, 0.2946374046728836], [0.8628324593506793, 0.272465233716921], [0.5617218618813647, 0.29180105906571424], [0.46514550646918185, 0.0], [0.48334298398239117, 0.0], [0.0, 0.285226558127355], [0.4588394499051984, 0.0], [0.5139435738917323, 0.0]]
1.0112, [[0.9083261531337026, 0.8941366683306352], [0.9316549589595473, 0.27458081391390365], [0.8994220012653578, 0.4013286548526684], [0.9190482510229214, 0.2799718376274786], [0.4356, 0.32345972511848353], [0.4356, 0.39938205264784626], [0.4356, 0.4267788219657939], [0.8896638291652055, 0.27463568556963497], [0.4356, 0.2870768214353259], [0.8860387475061383, 0.27534137324875974]]
1.0629, [[0.920087849490755, 0.9250418636895128], [0.9092882771923216, 0.9318531202554416], [0.9378565151576136, 0.48562170471873123], [0.9199148833678574, 0.27208707661085], [0.8594253870756813, 0.30794266905742174], [0.9108269549939335, 0.2825147645518425], [0.4356, 0.3220600657840514], [0.8354785877065658, 0.2781814128344269], [0.8999336927122643, 0.2722861315303257], [0.8680935122554883, 0.27761444946680824]]
1.066, [[0.9487299584043678, 0.28156679649970173], [0.9155943337563051, 0.9372211299694189], [0.5885658438090187, 0.7011279810667386], [0.8931303585449495, 0.27297016055399564], [0.6145305812786088, 0.6402309347904299], [0.4356, 0.32319147347001864], [0.5710908602049973, 0.26433117179975846], [0.4356, 0.3059638119935406], [0.4356, 0.18315990068332086], [0.0, 0.28250763904447385]]
1.1353, [[0.9445661593416919, 0.9868476970678184], [0.901459758400748, 0.27052220758834394], [0.8824208727688589, 0.28301139798070907], [0.8926456930547464, 0.27697533213553105], [0.8566543256484225, 0.27306580375925626], [0.8605820980225607, 0.2729384107103888], [0.8475285609351151, 0.27178048295677726], [0.4356, 0.16360219619885444], [0.0, 0.2662921035541266], [0.4356, 0.1284133181730153]]
0.4034, [[0.9499227039601843, 0.27752821508066977], [0.9077892374605407, 0.28289883333575805], [0.4356, 0.28599398708119356], [0.918414041905629, 0.2777247045550431], [0.8769273966364055, 0.2785152421985248], [0.1005174212413005, 0.2810569421708832], [0.8580632788578608, 0.2739921656458676], [0.8512112979684813, 0.27787277863450544], [0.009883406709114438, 0.2667079877940556], [0.6244166762404877, 0.2537078455750127]]
0.6086, [[0.9791143406600866, 0.46401859607459306], [0.8908277470338718, 0.3083167910004801], [0.944103114616851, 0.27536507901130397], [0.8768156893487009, 0.3516220631568104], [0.9198482193413238, 0.27276531862024816], [0.6231626718494783, 0.304240823632105], [0.9122971670385651, 0.27206397448244757], [0.4356, 0.2855564245020876], [0.6317911589594548, 0.2689910239754426], [0.4356, 0.28539218352561213]]
1.0952, [[0.9519514524433397, 0.937984797085807], [0.8996201916145115, 0.941245350062961], [0.9493299346431695, 0.3487666128683291], [0.9324693411215248, 0.2733794048183656], [0.9180194629377685, 0.2817208675531373], [0.8787147132396833, 0.26413428865094485], [0.6060588447175086, 0.2683753696408048], [0.558493160920605, 0.152950140924558], [0.4356, 0.20655874977176494], [0.5405154945219119, 0.0]]
1.0942, [[0.9370295208825083, 0.9550891175571146], [0.9266461483172976, 0.3829179375128786], [0.9223544263928956, 0.3942339812487121], [0.6314578388267872, 0.3013232301817071], [0.6171052540871608, 0.3042587555028587], [0.9007931181354125, 0.2732791818671167], [0.6062155952663849, 0.303580585667108], [0.8605694859094326, 0.26666649450805235], [0.4356, 0.2873185703478476], [0.4356, 0.2870101657913496]]
0.9604, [[0.9307649041188024, 0.28174892341824637], [0.8714843689564649, 0.8653124792678542], [0.8955662981090936, 0.28139239216142686], [0.5849353569586111, 0.293518700016003], [0.4356, 0.32493442834329256], [0.8914439388466955, 0.27103647107089335], [0.4356, 0.2908205538210861], [0.4356, 0.2901563791116865], [0.6286020960685261, 0.2693429820475144], [0.4356, 0.28874335688202857]]
0.7258, [[0.9459372762117465, 0.2731233524011813], [0.6493400135117973, 0.720636074698687], [0.901007524058588, 0.27378057875671036], [0.8644846461704432, 0.2738342234604361], [0.9024020634244521, 0.2675641772116909], [0.4356, 0.2891097890510205], [0.6320812375613977, 0.27165589155767633], [0.6412196143878333, 0.2650259612581288], [0.6171232713916293, 0.2592362826237309], [0.6151900146221564, 0.24854970791490272]]
1.0335, [[0.954722513870599, 0.8795063576632488], [0.9558990438523934, 0.27088957145351117], [0.8852243653441608, 0.3009873340267978], [0.9193707607729078, 0.27440738063924813], [0.9304135666816662, 0.27399537409255564], [0.9144142003136169, 0.28311183745290014], [0.9147565290985187, 0.2731653377802348], [0.9184338609405446, 0.26672793396569533], [0.8958743940155054, 0.2774555887076829], [0.8992904749427377, 0.274356852524841]]
1.0268, [[0.9294334253185785, 0.8951296321730526], [0.9357052490040719, 0.28351413336339965], [0.8974292873911394, 0.35856861585617145], [0.6378467749913254, 0.734759895169995], [0.9330134637164744, 0.2762030347411147], [0.6077722903724654, 0.6094419069077178], [0.4356, 0.3088734007303199], [0.6017797349062342, 0.21912893252552074], [0.4356, 0.28453312684580356], [0.4356, 0.1011278580795082]]
1.0454, [[0.9120863645762838, 0.8718762991095521], [0.9108900155595734, 0.9330144375787015], [0.8860585665410539, 0.2769279796616087], [0.6636079169204214, 0.6799711135096245], [0.8189963575787602, 0.23696139508119585], [0.4356, 0.39854295301875153], [0.4356, 0.40211722089429214], [0.5710548255960602, 0.14878788530168444], [0.5323032071451583, 0.0], [0.5266151441244457, 0.0]]
1.061, [[0.9465012178416111, 0.9122241230886854], [0.9511352685509158, 0.27370601025648483], [0.944103114616851, 0.27536507901130397], [0.9217670622672216, 0.472871354368432], [0.9380907401157044, 0.2744965478999665], [0.8982202470573075, 0.32990502699361235], [0.9161853013428729, 0.27464287668941034], [0.857074128842539, 0.30469328022753395], [0.8783039186978012, 0.27510179610690016], [0.9081027385582929, 0.27286325169850295]]
1.0546, [[0.9421482370820161, 0.2738651859551624], [0.9274100820267634, 0.921060000044972], [0.8989913876885602, 0.40988396095198804], [0.9054920311408039, 0.27135855581419027], [0.4356, 0.30806279225162575], [0.8854712024153798, 0.27645502575032366], [0.4356, 0.17764416211580453], [0.8502293548749467, 0.2734756647802493], [0.4356, 0.12771125271806757], [0.8483627621320076, 0.2724712372521349]]
0.5046, [[0.4356, 0.45510713409231385], [0.9355394898029612, 0.2751687666904287], [0.9480561112172451, 0.2728623856147344], [0.9819016176613675, 0.2704858123863421], [0.5913405086971714, 0.2913768354888924], [0.9028687116101868, 0.27284038577476466], [0.836383056390886, 0.2594752913934763], [0.9141169147898861, 0.27250979766355815], [0.8845577250788255, 0.2709886986775681], [0.9226985569082444, 0.2663290367778634]]
1.1115, [[0.9431680165149342, 0.9468212995592732], [0.9629257925951178, 0.8866940862115487], [0.9301919538367035, 0.27723030850924535], [0.883591997559313, 0.27352491345272556], [0.4356, 0.2766318511864061], [0.9016507418281143, 0.2731335354467026], [0.8816731546334151, 0.27247206396845947], [0.6281534651872595, 0.2688540711989176], [0.4356, 0.14427299139624294], [0.4356, 0.13526575433645927]]
1.057, [[0.9245381236944803, 0.9051518471397737], [0.9210986202714392, 0.9265423900431737], [0.9210986202714392, 0.9265423900431737], [0.9280749205616519, 0.27019264959192285], [0.9189473541178975, 0.9304670635456022], [0.8779651933737926, 0.9170270227109195], [0.9144430280007665, 0.2813602223984171], [0.5773572786991497, 0.6505928055855371], [0.4356, 0.41885730388419584], [0.4356, 0.3747791552647848]]
0.4312, [[0.8445683178109362, 0.3012493834179554], [0.9117782686698719, 0.27511059473064], [0.9842384620509348, 0.27252002007652354], [0.4356, 0.27553798082546516], [0.8159460279322394, 0.25460593471104076], [0.6034175078824229, 0.18883305662987204], [0.4356, 0.19762128137881407], [0.4356, 0.17034954148338713], [0.03021263026417572, 0.049839276343818184], [0.4356, 0.13931226403297634]]
0.6368, [[0.9241849845268977, 0.2755159219343294], [0.6085740604213146, 0.6312913113419683], [0.9046524247525707, 0.27559326583935867], [0.4356, 0.33869923289717674], [0.883591997559313, 0.27352491345272556], [0.8814064985272807, 0.27577239427091665], [0.4356, 0.32512249196373383], [0.4356, 0.28464205000218223], [0.572007941002445, 0.2193990306802777], [0.4356, 0.28610343513682585]]
0.707, [[0.9434526899255372, 0.27387475224406066], [0.6728868287217113, 0.6833280854919951], [0.9276695312111101, 0.2720573607518512], [0.4356, 0.3772678587986816], [0.8973247870252217, 0.26600002992565863], [0.4356, 0.3059713049303868], [0.863924308001472, 0.275881343672258], [0.651170571645799, 0.26777974021269474], [0.4356, 0.16264652601875654], [0.4356, 0.2081030748333191]]
0.5204, [[0.9091873802872978, 0.4096034541520713], [0.9255975411972298, 0.27411811522178736], [0.8742608355750638, 0.3821550921594885], [0.4356, 0.38563131882340773], [0.9059821018223475, 0.2747427518949037], [0.9054794190276758, 0.2754788837307418], [0.8869936646429701, 0.2711676105881839], [0.8825920371613099, 0.2706985146864134], [0.6558352517727002, 0.2692873886553094], [0.6369909530290705, 0.2687241455111512]]
0.4144, [[0.5617218618813647, 0.29180105906571424], [0.9724515414676267, 0.2776181959352314], [0.4356, 0.287430131122976], [0.4356, 0.2798663788061742], [0.4356, 0.2789182860904607], [0.8895106820772232, 0.27572430037679846], [0.8730752969410351, 0.2769824642041404], [0.8860387475061383, 0.2757148128227883], [0.8649314753212624, 0.2669350067212709], [0.8493248861906266, 0.26541165066849004]]
0.9998, [[0.9212986123510398, 0.28266777924553005], [0.9176879445355478, 0.41504337971357874], [0.88987282989704, 0.8941691058643643], [0.8951392879931899, 0.26491289795888673], [0.6643718506298867, 0.2978090362395798], [0.5642460862374046, 0.2951427514293612], [0.6518534274851564, 0.26986740889186317], [0.5545167418244016, 0.2856117357609439], [0.6456861041655804, 0.26817807969506957], [0.6399836273012924, 0.267582102521204]]
1.0956, [[0.9387916132595299, 0.9451170333243387], [0.9654139823422211, 0.27475833484149725], [0.6100172465092435, 0.6705113278467354], [0.9491299425635693, 0.27314039850444444], [0.9205418855633619, 0.2738772061480716], [0.881184885682318, 0.27487457378122404], [0.9058145408907905, 0.27066637772960705], [0.8860387475061383, 0.27534137324875974], [0.8962978006705158, 0.26136561357789007], [0.8598055521999672, 0.2727313576385353]]
1.1069, [[0.9201040650647769, 0.9428598992624573], [0.9833772348973396, 0.480390419328251], [0.9558792248174779, 0.539577202812694], [0.9309937238855528, 0.9316429464831804], [0.9342530542639087, 0.45701500396661876], [0.9477714378066422, 0.2750710829393194], [0.542747838545562, 0.5557370573356696], [0.9304243770643473, 0.47975557222336734], [0.9039533533391916, 0.4211938014630127], [0.9346620470753444, 0.27256480710534353]]
1.0132, [[0.9194067953818448, 0.8858498167386221], [0.8711600574760314, 0.8455581999460334], [0.9223544263928956, 0.3942339812487121], [0.4356, 0.3249298893983097], [0.9089657674423351, 0.3053972094941589], [0.4356, 0.31939555378116624], [0.908818025545693, 0.26789039553661054], [0.8679259513239312, 0.26623115618953397], [0.9406473956197878, 0.27126896863406896], [0.8889719646736138, 0.2724071404920203]]
0.4747, [[0.9109008259422546, 0.27425839454733253], [0.4356, 0.4542223424170614], [0.8479375537465503, 0.2670509307214455], [0.4356, 0.4431197803935714], [0.6540173057518257, 0.2695966396118538], [0.4356, 0.4254797759118076], [0.6112514318653374, 0.15406636661410308], [0.4356, 0.3956856871522765], [0.5852975047784285, 0.26492336969899755], [0.4356, 0.3885395721718529]]
1.0254, [[0.9217454415018591, 0.9035993135006297], [0.9075207796239593, 0.2740975457322839], [0.4356, 0.41211333942921885], [0.8975085635308009, 0.27642234421054157], [0.8927231674639607, 0.2725621104354278], [0.8446710164464071, 0.276416911503266], [0.7239082315156775, 0.299255415816809], [0.5902018150547604, 0.3001545813608391], [0.6419961602104268, 0.30277638095930864], [0.629589444353401, 0.30291042710621646]]
0.6266, [[0.9880797513636244, 0.4758791619101589], [0.8947879505560536, 0.40613675927261483], [0.9118251136614902, 0.39559400046363064], [0.9526361100131436, 0.3678130851019989], [0.923509335609328, 0.3025198626940367], [0.4356, 0.3361398731197192], [0.8968707509526153, 0.27717097520985784], [0.9089747760945694, 0.2708947220274379], [0.5540573005604542, 0.29179208328847633], [0.4356, 0.2817940122641372]]
0.7558, [[0.8868567331290091, 0.35579138671955424], [0.917316788063496, 0.272832282642536], [0.641628607199269, 0.7529755809498111], [0.9025173741730506, 0.2752378106260092], [0.6039724408600537, 0.3017209660299402], [0.4356, 0.3709599356583553], [0.4356, 0.4254797759118076], [0.4356, 0.3392110745930349], [0.891764646866235, 0.27503086909524704], [0.6487922874559537, 0.2679914911328687]]
0.601, [[0.9498290139769477, 0.28074020483873313], [0.5874505726624171, 0.5735012776117867], [0.4356, 0.3245717666391917], [0.0, 0.2880282275775783], [0.4356, 0.28437644441858095], [0.4356, 0.2006221368301656], [0.005284752394786956, 0.06572171925747614], [0.4356, 0.12949093756051644], [0.4356, 0.12949093756051644], [0.5298996987290574, 0.0]]
0.5384, [[0.9203040571443772, 0.28145447462065554], [0.9141403372856955, 0.4286184563671957], [0.4356, 0.42861754857819934], [0.901571465688453, 0.3049592401181314], [0.8764030930763719, 0.3940061262105915], [0.9032795061520689, 0.2755149639931914], [0.4356, 0.3466805137543782], [0.6301912223226496, 0.3053623233775114], [0.6459275360454584, 0.2687100060375052], [0.6275498854875639, 0.18470495554264493]]
1.0717, [[0.9065352330695314, 0.9226841107213533], [0.9609673115993895, 0.5473937199670311], [0.926293009149715, 0.9089238050908437], [0.9525964719433132, 0.28267250333881316], [0.9374222981199221, 0.4552579783638992], [0.8870044750256514, 0.876927260973197], [0.8833721864447968, 0.34659805625386375], [0.4356, 0.3688916897280033], [0.5849353569586111, 0.30003352647045983], [0.4356, 0.168207074169364]]
1.0553, [[0.9308207577626548, 0.3289374752215119], [0.9424689451015557, 0.2742656709632366], [0.9241399412657263, 0.923344746222342], [0.9020543294482093, 0.9029796046950893], [0.9128773242424518, 0.4238708712136822], [0.9148754433080111, 0.2747182719059604], [0.8871954584530177, 0.8950113200665589], [0.8942510348828914, 0.3650602149701219], [0.8714843689564649, 0.8653124792678542], [0.8786066094128722, 0.27558280066048846]]
0.5321, [[0.8982202470573075, 0.32990502699361235], [0.4356, 0.5116790313723473], [0.9131313682354582, 0.27399193600244404], [0.4356, 0.30664341874099826], [0.9020651398308904, 0.2721144107394853], [0.4356, 0.3057602363792426], [0.8947122778772857, 0.27311644997599543], [0.6513777706471869, 0.3030220469325109], [0.4356, 0.30142291511122105], [0.6673284902931715, 0.2691080568252906]]
0.7567, [[0.5964736387402537, 0.6604504201744922], [0.9646914884330332, 0.49346878410261746], [0.6413979857020715, 0.6296434310127726], [0.9184374644014385, 0.27244261055908753], [0.9166231218414579, 0.26438637151752326], [0.9131313682354582, 0.27399193600244404], [0.8987769817653848, 0.2678874954682339], [0.9227742295870119, 0.27106088544743], [0.9710696142148907, 0.27576646290935014], [0.4356, 0.3045593849891616]]
0.6289, [[0.9669688757178545, 0.28079180243536955], [0.5690873359480972, 0.6122511045601731], [0.8949356924526952, 0.2829611388771695], [0.4356, 0.36502980403873864], [0.8926168653675965, 0.2657747759721838], [0.5823732962631867, 0.29105783452871087], [0.8398874221100139, 0.27307634111177387], [0.0, 0.2835954336965535], [0.4356, 0.18818236893794746], [0.4356, 0.21588578421445728]]
0.4331, [[0.9024110720766862, 0.3320378772408821], [0.601293267685584, 0.3033527269010867], [0.8952059520197231, 0.3022449991998487], [0.4356, 0.30573446382588704], [0.8845865527659752, 0.2715336162765322], [0.4356, 0.28956793424211125], [0.4356, 0.28040276023102545], [0.0, 0.27899257901857805], [0.04069615255162726, 0.2870124687868251], [0.4356, 0.28124043382748737]]
0.5159, [[0.9325197895740365, 0.39966407242942537], [0.6298254710419388, 0.2745277137931536], [0.6293263917081604, 0.2688412242896838], [0.6081182226182607, 0.27119099484993525], [0.5986951723812226, 0.26991106738728776], [0.5906828770840702, 0.27031492487306685], [0.4356, 0.15364957910753282], [0.4356, 0.198552868232495], [0.4356, 0.1275277815586354], [0.4356, 0.1261876539131876]]
1.135, [[0.9671094106927093, 0.2837344270189272], [0.9569620648160364, 0.9701793620705165], [0.6447077645329397, 0.6008998625077281], [0.5703341334173193, 0.6497119880374173], [0.937800661513761, 0.4297613627137853], [0.9359520860752903, 0.40716165304966], [0.4356, 0.28811894329109505], [0.4356, 0.28183193623521535], [0.4356, 0.278272259772757], [0.4356, 0.27556276919272005]]
1.0332, [[0.9226300911512637, 0.9054435168645439], [0.8694177841339248, 0.7647313720992988], [0.9210769995060772, 0.3498479408613226], [0.936022353562718, 0.2739405418042684], [0.058065322754938024, 0.2870669336456348], [0.9236606809668635, 0.2733064044546605], [0.8741437230960185, 0.2657921829436839], [0.8265329960379437, 0.2707435510423789], [0.4356, 0.16744669787257546], [0.4356, 0.10785243367361007]]
0.4099, [[0.4356, 0.30728117789545656], [0.9473516346125257, 0.27472396050162207], [0.9069153981938174, 0.2746178521174913], [0.4356, 0.2858595406986048], [0.8889719646736138, 0.2724071404920203], [0.0, 0.28413962955904387], [0.876399489615478, 0.2734048755546503], [0.0069656398338168975, 0.2830987871452056], [0.6518534274851564, 0.26986740889186317], [0.5865425005172031, 0.2511653761031345]]
0.4265, [[0.4356, 0.45510713409231385], [0.8189963575787602, 0.23696139508119585], [0.4356, 0.3309678966103441], [0.4356, 0.18214066511743685], [0.4356, 0.18830431814535067], [0.4356, 0.28891846327305526], [0.4356, 0.17785864968047138], [0.4356, 0.15917349141007517], [0.4356, 0.2846511307592708], [0.4356, 0.14989579129664984]]
0.4112, [[0.9394078050723536, 0.27873458447415506], [0.9215004061610876, 0.2831233786752404], [0.6174872209418931, 0.3013499147475159], [0.8838532484741066, 0.2725123434249385], [0.4356, 0.2898385263686224], [0.6622169810154511, 0.26605935666380554], [0.6469707379741864, 0.268501430757816], [0.5967384931159413, 0.2648342286832419], [0.0, 0.2663059280882203], [0.10816070186028598, 0.26721912812604565]]
1.0481, [[0.9514685886835834, 0.8968288049109554], [0.8962113176090671, 0.8780046696348266], [0.9266749760044474, 0.3941472873995462], [0.652357912010275, 0.6686219085267138], [0.8934474631035956, 0.41503339403461775], [0.8975932448618026, 0.3473748210385328], [0.8997445110153448, 0.2749087250389164], [0.572652960502418, 0.5853453519472491], [0.895683410588139, 0.27130801457730186], [0.5429982790776744, 0.5212932733360807]]
0.7503, [[0.9791143406600866, 0.46401859607459306], [0.6039724408600537, 0.6652407200935423], [0.8628324593506793, 0.272465233716921], [0.6319280904734152, 0.3019277828971296], [0.9319558479441719, 0.27142405011856785], [0.8579119335003252, 0.23727579196060505], [0.8478546741459954, 0.26958349744678994], [0.6064804496420719, 0.3017546776845076], [0.5972429776410599, 0.3017293381730363], [0.6177358597435592, 0.27405487142296]]
1.0773, [[0.9658193716927629, 0.2827488958639452], [0.9237417588369718, 0.9366086592912397], [0.9306694124051194, 0.2746485784075534], [0.6709121321519609, 0.6155440950710561], [0.9305090583953497, 0.27251024382792377], [0.580185995500708, 0.5249294221615499], [0.6369909530290705, 0.2687241455111512], [0.0, 0.2764777932554519], [0.4356, 0.12023688289484606], [0.4356, 0.16740772667164633]]
1.0648, [[0.943818441206248, 0.9120882071415722], [0.9595655653117381, 0.4287901797856994], [0.932137822719304, 0.2708657738335976], [0.9277542125421119, 0.2733803365145409], [0.9126665217801699, 0.30050311446528066], [0.887298157088488, 0.26498684970248915], [0.8612000915658309, 0.27258254213887717], [0.4356, 0.2898385263686224], [0.4356, 0.2879623395987605], [0.4356, 0.2861715211312684]]
0.5977, [[0.9170231060006593, 0.28005748150195675], [0.9029642033238697, 0.2816863226210047], [0.9225039700199841, 0.2754605385018258], [0.6564514435855234, 0.5560155972594278], [0.8964851806369885, 0.2664787380450121], [0.6310614581284797, 0.29710563187220856], [0.055936903440107225, 0.28401181002953285], [0.04746551265723903, 0.28277460936613463], [0.0, 0.27743595747559535], [0.4356, 0.17947471386283764]]
0.4331, [[0.9024110720766862, 0.3320378772408821], [0.871176273050053, 0.3013688636105736], [0.9013732753392993, 0.2822558317500036], [0.5783698512102811, 0.289825633530704], [0.8958077299889722, 0.2743967186231578], [0.4356, 0.2857871177240787], [0.6148512892981484, 0.25467979024538684], [0.5962898622346746, 0.26432844232363933], [0.4356, 0.22747796497634643], [0.4356, 0.1806935491188753]]
1.0507, [[0.925118280898367, 0.9249717164058285], [0.5892378892656944, 0.6860524808868508], [0.871176273050053, 0.3013688636105736], [0.4356, 0.2868390223896882], [0.4356, 0.2869682263409808], [0.4356, 0.28871943459854227], [0.4356, 0.28610343513682585], [0.4356, 0.1860793836832929], [0.4356, 0.2853785820737012], [0.4356, 0.28649670278016204]]
1.0095, [[0.9194067953818448, 0.8858498167386221], [0.9312513713394525, 0.2831990953925833], [0.8711600574760314, 0.8455581999460334], [0.9235778013663082, 0.27466883295750466], [0.8805434696432385, 0.383514052287245], [0.6217050719179747, 0.6931495988037417], [0.9084973175261536, 0.2801376336179932], [0.8440548246335833, 0.2786675942069045], [0.8702033386087527, 0.2659607215327989], [0.8965500429330752, 0.2722894777630679]]
0.4163, [[0.6240599336120111, 0.3012721968517683], [0.9525964719433132, 0.28267250333881316], [0.6186024920884952, 0.29304802941647146], [0.6065453119381587, 0.29508260453613044], [0.569907123301415, 0.2985046983429594], [0.6375332738935732, 0.2675574519400032], [0.5913405086971714, 0.2913768354888924], [0.6281534651872595, 0.2688540711989176], [0.4356, 0.28715931591428195], [0.4356, 0.2872438903065307]]
1.0688, [[0.9472056944463306, 0.27116961832782926], [0.9155943337563051, 0.9372211299694189], [0.921617518640133, 0.8638605645349888], [0.9448490310218478, 0.2743797118873387], [0.9208067399390494, 0.8566982141122503], [0.9274425131748066, 0.27094591282715275], [0.8834028158623934, 0.851792729672603], [0.8967031900210576, 0.27682502723424063], [0.8758697808641034, 0.2723789730858198], [0.8546363875479478, 0.26611837502364083]]
0.9253, [[0.9166105097283297, 0.8077933151196263], [0.9229652130143784, 0.2817815590293437], [0.6488301237953378, 0.3008005289436548], [0.8856874100690021, 0.2747581642492398], [0.6301912223226496, 0.3053623233775114], [0.8390370053390994, 0.27167287860977346], [0.6487616580383575, 0.2718159661463258], [0.6646132825097648, 0.26745934170825025], [0.6461491488904216, 0.2701880829684158], [0.6254364556734062, 0.2680568607736736]]
0.5297, [[0.9406690163851502, 0.27447351138397075], [0.933370206344951, 0.40991301019987675], [0.8824821316040518, 0.3700147760148366], [0.4356, 0.38671325200906614], [0.9040272242875127, 0.2812039336456348], [0.8477663893540992, 0.3030175852888546], [0.4356, 0.31473299819699163], [0.8995120877877004, 0.2715394426582481], [0.5757339195665356, 0.2985037141568588], [0.8618361024135701, 0.2662051605539956]]
1.071, [[0.9347791595543898, 0.914140439647419], [0.9712227613028731, 0.49138056681434134], [0.638144060515056, 0.27167149418799186], [0.4356, 0.27839691022302393], [0.4356, 0.2830828564528565], [0.4356, 0.20252778476775365], [0.0, 0.25169046559880465], [0.4356, 0.15917349141007517], [0.4356, 0.06929283868647425], [0.4356, 0.16733190068332046]]
1.0116, [[0.932955808342175, 0.2744375951525379], [0.9083261531337026, 0.8941366683306352], [0.922091373747655, 0.27427414152494284], [0.6039147854857542, 0.7163503884241775], [0.8951771243325739, 0.3018590670235827], [0.4356, 0.3549524383886252], [0.8772120700470085, 0.27240269853208604], [0.8599388802530343, 0.2701830308130992], [0.6586621668438115, 0.2711164591559131], [0.6484013119489871, 0.26851278826541747]]
0.9323, [[0.9337053282080656, 0.7924956669814714], [0.9496236167060067, 0.40314983087780737], [0.4356, 0.42847078935709865], [0.9540738909097322, 0.2843629282627988], [0.4356, 0.3438668217597357], [0.9275722377669802, 0.2810599865865545], [0.9325287982262708, 0.2658351065801533], [0.9086000161616243, 0.2677734873503353], [0.9058055322385562, 0.2661230006983138], [0.6097812198207058, 0.26854643430757813]]
0.6646, [[0.9564864079780674, 0.2770367978381367], [0.9026579091479048, 0.3759213051205437], [0.6077722903724654, 0.6094419069077178], [0.8522923362365927, 0.27593036270131077], [0.5988861558085891, 0.6097560058913474], [0.7239082315156775, 0.299255415816809], [0.5690873359480972, 0.6122511045601731], [0.6563415380282653, 0.3026244160641285], [0.4356, 0.31939555378116624], [0.6367242969229365, 0.3026715717008307]]
1.0037, [[0.9129151605818359, 0.8772203604515201], [0.9490668819979294, 0.28271723787770775], [0.6029472562357943, 0.6615305096240336], [0.9313522682444764, 0.2760654848916886], [0.4356, 0.30284491967935756], [0.08869482719948542, 0.2913353750090926], [0.011603056751560373, 0.28797065269069055], [0.024828152262419505, 0.28280387249952715], [0.026135509159442568, 0.0], [0.0, 0.0]]
0.9002, [[0.8515211956053401, 0.8112218641392339], [0.9265452514122743, 0.2841816936729854], [0.5987510260250751, 0.6951465177190146], [0.9380907401157044, 0.2744965478999665], [0.9236048273230111, 0.271022141321268], [0.4356, 0.4277530308572013], [0.5956124115866586, 0.6901549799874083], [0.9192482431025221, 0.27572212860613643], [0.022590492883417246, 0.2875186553821086], [0.9180663079293867, 0.26913691972300213]]
0.6569, [[0.6275733079833733, 0.650981877271092], [0.9193779676946952, 0.27789707490870996], [0.9199148833678574, 0.27208707661085], [0.6237121996357682, 0.30211529659426506], [0.9187005170466784, 0.26867533644179986], [0.6093253820176519, 0.30069797675196763], [0.9045064845863755, 0.27332619315652407], [0.5507078836597556, 0.2916350990441829], [0.8731906076896336, 0.27351461886611284], [0.6073849183263921, 0.2666770187380886]]
0.7114, [[0.9870113252086411, 0.47104352122398496], [0.5484683327143184, 0.6108554863734486], [0.8700844243992603, 0.2805658792353463], [0.011603056751560373, 0.28797065269069055], [0.6493562290858188, 0.2756549349404251], [0.6380395601491388, 0.26563330906207716], [0.5879136173872579, 0.26776389481647433], [0.5583688415197723, 0.0], [0.5209126672601577, 0.0], [0.5173668617407519, 0.0]]
1.0828, [[0.9510037422282958, 0.93023964337111], [0.9479299900859655, 0.2837614921366949], [0.9252371951078593, 0.2850050900097473], [0.4356, 0.28797111197753755], [0.9036668781981422, 0.27331934978250433], [0.8975932448618026, 0.273711292055225], [0.8579749940659651, 0.2744738591297263], [0.8830334611207886, 0.26556347121637547], [0.850998693775753, 0.27379168693716627], [0.8761868854227495, 0.2716607862432169]]
1.0546, [[0.9743415567063748, 0.8816292736103619], [0.9127692204156408, 0.8122055345835582], [0.9525964719433132, 0.28267250333881316], [0.9494848834615989, 0.4921562725118483], [0.8920006735547727, 0.434620454615702], [0.897917556342236, 0.30812423827050933], [0.9071766491086111, 0.399893591747373], [0.6709121321519609, 0.6155440950710561], [0.8655656844385546, 0.2710161246635727], [0.8930474789443942, 0.273677731309193]]
0.7294, [[0.9067532424536007, 0.40959483015660375], [0.9455030591740551, 0.27522671556803463], [0.7557952569640718, 0.44466513986194117], [0.9212986123510398, 0.28266777924553005], [0.6171845302268222, 0.6840600299514306], [0.5972627966759749, 0.6776317686184572], [0.5825786935341277, 0.6139842339449547], [0.4356, 0.4267788219657939], [0.9163258363177272, 0.27617689475828155], [0.00628553233752162, 0.28737441962843885]]
1.0005, [[0.9449499279268717, 0.857498876101817], [0.4356, 0.4617069113950134], [0.9061604731365858, 0.2798758597989438], [0.4356, 0.2872008748126918], [0.4356, 0.2853785820737012], [0.0487904889194516, 0.2657490231025503], [0.4356, 0.18099043085179947], [0.4356, 0.1641623159874952], [0.4356, 0.1994284795972001], [0.4356, 0.19490497407807003]]
0.9823, [[0.9178519020062115, 0.2709311959643278], [0.8962113176090671, 0.8780046696348266], [0.901459758400748, 0.27052220758834394], [0.6223356775743731, 0.3008011128940745], [0.6148530910285953, 0.6679316056395038], [0.8388099873027963, 0.2661617054570318], [0.6608062260755659, 0.2697150109547987], [0.5429982790776744, 0.5212932733360807], [0.7309620062151048, 0.14959453077710452], [0.6159755690969841, 0.24360832019254675]]
0.9618, [[0.9337864060781741, 0.4081307178034207], [0.8581839947978, 0.8636483354919953], [0.917316788063496, 0.272832282642536], [0.6202294546820027, 0.7294336163878401], [0.9110846024478337, 0.27177420384945516], [0.6199411778105064, 0.7213102034988311], [0.8994256047262517, 0.27514693088147574], [0.8848009586891505, 0.2762576439472191], [0.8493248861906266, 0.26541165066849004], [0.4356, 0.385335228312384]]
1.0997, [[0.9485155524811925, 0.9487840831084728], [0.8925483996106158, 0.8332625874707681], [0.8785543592299135, 0.8952819902860227], [0.9174411074643288, 0.27439616747894147], [0.8776607009282746, 0.3009904243711538], [0.4356, 0.45964063234081987], [0.8834460573931178, 0.27250095967237437], [0.6175394711248523, 0.2708449418944673], [0.4356, 0.3514026808159894], [0.5824129343330177, 0.27232774291866096]]
1.1255, [[0.9691453660976526, 0.9527091140492893], [0.9608592077725785, 0.44234967272820935], [0.5935404215727782, 0.6114195241500271], [0.9342152179245247, 0.42891000793323764], [0.9593547628494566, 0.2744659069060331], [0.4356, 0.46683243936740226], [0.922275150253234, 0.3988127176488766], [0.9384528879355217, 0.27401638318518406], [0.8982202470573075, 0.32990502699361235], [0.935436791167491, 0.2727544269607344]]
0.4839, [[0.4356, 0.47620868931588733], [0.9166231218414579, 0.26438637151752326], [0.5264043416621637, 0.0], [0.4356, 0.19772542352062386], [0.4356, 0.28459041303810173], [0.4356, 0.12101251196503146], [0.4356, 0.16878521996292872], [0.4356, 0.1981049183611364], [0.4356, 0.17194604708551173], [0.4356, 0.24428528060419916]]
1.0736, [[0.9299108838869944, 0.416569070420359], [0.9337864060781741, 0.4081307178034207], [0.9166627599112889, 0.9473053604964923], [0.9229129628314198, 0.3071194826803614], [0.9143205103303809, 0.4491523408716256], [0.9094414242803042, 0.9310630920579245], [0.9196374168790418, 0.27169788349797047], [0.9137619738918565, 0.27360807717823005], [0.90383984432104, 0.2795723696117084], [0.6135684572199892, 0.6698499774689695]]
0.4068, [[0.9616970124303648, 0.2722378801664314], [0.9130358765217748, 0.2836059841715524], [0.9467462531823831, 0.27446551323159285], [0.9316549589595473, 0.27458081391390365], [0.9169492350523383, 0.28045854389921], [0.8821938547325554, 0.27844745802115306], [0.9191779756150944, 0.27660752866723887], [0.918414041905629, 0.2754459725475362], [0.8470709214016148, 0.2733269214542386], [0.8680358568811889, 0.26966550639393627]]
0.5204, [[0.8824442952646677, 0.3980232438182565], [0.9647689628422481, 0.27770176645765743], [0.4356, 0.28741167435296855], [0.8939987926203321, 0.2767103367473122], [0.9163258363177272, 0.27617689475828155], [0.8848009586891505, 0.2762576439472191], [0.6670348082303343, 0.25702915522726605], [0.6670348082303343, 0.25702915522726605], [0.654725385817439, 0.26753578672330763], [0.6297696173980862, 0.2683143238576021]]
0.5622, [[0.9546198152351283, 0.4331097424273648], [0.4356, 0.2805511164438366], [0.9394834777511211, 0.2798019671065074], [0.9407392838725774, 0.2549729500096825], [0.8730752969410351, 0.2769824642041404], [0.921637337675048, 0.27539558221918325], [0.8934852994429792, 0.2720021610340864], [0.8916853707265737, 0.26484229244802654], [0.8554489679794783, 0.26428853029663785], [0.6717751610360032, 0.23755749389990866]]
0.4422, [[0.9308207577626548, 0.3289374752215119], [0.4356, 0.30185080642157786], [0.9213166296555084, 0.2855000175160394], [0.9300279963660398, 0.27119367183612897], [0.4356, 0.2842996450965273], [0.8769255949059591, 0.2667898392714258], [0.8764048948068183, 0.21688750463385625], [0.4356, 0.2766318511864061], [0.4356, 0.2754043545979603], [0.4356, 0.2520587945334325]]
1.0317, [[0.9683129666312065, 0.2776698657055152], [0.944124735382213, 0.8793867051627989], [0.9063550600248462, 0.8404106403579784], [0.9107386702020379, 0.40570450041211636], [0.9217220190060502, 0.281016944847753], [0.9205508942155962, 0.2814048782024237], [0.9130358765217748, 0.2836059841715524], [0.4356, 0.2876234515181052], [0.8753202530778135, 0.2821500645503877], [0.881184885682318, 0.269283806217903]]
0.5405, [[0.9171780548190882, 0.40159736039563143], [0.9971676797375478, 0.2783558434176644], [0.5743880269227372, 0.29507114860991895], [0.4356, 0.2842996450965273], [0.4356, 0.2823395072522804], [0.8955662981090936, 0.28139239216142686], [0.9112197322313477, 0.2779385878784352], [0.8446710164464071, 0.276416911503266], [0.8452727944156557, 0.2712133358744198], [0.8959374545811454, 0.272209712760231]]
1.0543, [[0.9086666801881575, 0.9060168480392157], [0.9451535234673657, 0.49212147393365], [0.6271895393981934, 0.7229719345655694], [0.9295595464498582, 0.2825141740401821], [0.8968707509526153, 0.27717097520985784], [0.9624591444093832, 0.2752889620582801], [0.8811884891432115, 0.2753494304523037], [0.901459758400748, 0.27052220758834394], [0.9309937238855528, 0.27310794660808585], [0.9938777199415952, 0.2656249303577403]]
0.76, [[0.9057460751338098, 0.3999828576653612], [0.6179953089279058, 0.7098545712358342], [0.9966127467599175, 0.28194217163972823], [0.9024543136074108, 0.28202724468626794], [0.6174872209418931, 0.3013499147475159], [0.5935818613730557, 0.29813877795073973], [0.9421482370820161, 0.2738651859551624], [0.9239381474556787, 0.27623458118626065], [0.8869936646429701, 0.2711676105881839], [0.8727852183390918, 0.27337998876878533]]
0.7342, [[0.9700210070948229, 0.27529434883687093], [0.6357477590207423, 0.7254658715596332], [0.8978382802025746, 0.2805637337096469], [0.9029317721758265, 0.2763442326403538], [0.6256382494834539, 0.715444103390898], [0.8988148181047688, 0.2707667778343541], [0.6206006111540545, 0.29168049626838527], [0.8814767660147078, 0.27604301264239056], [0.8663854717918724, 0.27525317705166064], [0.638673769266431, 0.2755762656647802]]
0.4139, [[0.932647712435763, 0.27631768586059907], [0.924986754575747, 0.28433854669246544], [0.6902248808117718, 0.30592978539942095], [0.5435712293597732, 0.00030082264088271757], [0.5135237706976159, 0.0], [0.4356, 0.3046045197637371], [0.5140066344573722, 0.0], [0.4356, 0.27392953204242254], [0.4356, 0.28415110516897735], [0.4356, 0.30323551689774064]]
0.9632, [[0.9063550600248462, 0.8404106403579784], [0.9388600790165106, 0.41724718880074163], [0.9206698084250886, 0.28367286289771154], [0.4356, 0.3368975743354626], [0.9205508942155962, 0.2814048782024237], [0.4356, 0.3080983476148217], [0.9050397967986439, 0.2825738354016032], [0.4356, 0.3042262708002968], [0.8989139132793458, 0.27904063354525216], [0.8862153170899296, 0.27188557434860405]]
1.0962, [[0.9510451820285731, 0.9429405909785933], [0.9364583723308559, 0.2849810955526136], [0.7239082315156775, 0.299255415816809], [0.9151763322926356, 0.2697039552642681], [0.9142808722605498, 0.2776761776190407], [0.9137007150566632, 0.2718624984651643], [0.8848009586891505, 0.2762576439472191], [0.8829469780593395, 0.27384808736197386], [0.4356, 0.14484026320303192], [0.4356, 0.03507218336238119]]
1.0024, [[0.9047821493447437, 0.8495405103885596], [0.8942113968130609, 0.8559410702464476], [0.8903538919263498, 0.891333368411585], [0.8871954584530177, 0.8950113200665589], [0.9137007150566632, 0.2718624984651643], [0.8515211956053401, 0.8112218641392339], [0.8686268244677567, 0.8040588881993165], [0.8938960939848617, 0.27413022071082527], [0.624874315773988, 0.6608852439737366], [0.8931844104583551, 0.2699134688013733]]
0.577, [[0.5303987780628356, 0.48298109782608706], [0.9317702697081462, 0.4220235206058114], [0.8740824642608256, 0.3027012744373481], [0.9180663079293867, 0.2693246302573577], [0.9232877227643649, 0.26450526119848117], [0.8941231120211652, 0.27423144753189693], [0.5729484442957017, 0.29206692053770167], [0.8636144103646131, 0.2689040612915896], [0.5912468187139348, 0.12056302951835564], [0.5672261483964989, 0.19250094724320124]]
0.5856, [[0.938045696854533, 0.28240237706038956], [0.9297919696775021, 0.4655902814238614], [0.9181672048344106, 0.2832238640761162], [0.9271686501468848, 0.27497512479450653], [0.4356, 0.27752766393645345], [0.9124899521963785, 0.2718010393237994], [0.904385768646436, 0.2732675619098884], [0.8846351994880404, 0.27495283625994726], [0.8216863411359107, 0.2353205907544195], [0.4356, 0.23120299875508343]]
