0.1190, [[0.984796992481202, 0.9971002496386809, 0.0], [0.984796992481202, 0.0, 0.0], [0.9695939849624053, 0.9971002496386809, 0.0], [0.984796992481202, 0.0, 0.0], [0.984796992481202, 0.0, 0.0], [0.984796992481202, 0.0, 0.0], [0.984796992481202, 0.0, 0.0], [0.984796992481202, 0.0, 0.0], [0.984796992481202, 0.0, 0.0], [0.984796992481202, 0.0, 0.0]]
0.1175, [[0.984796992481202, 0.0, 0.0], [0.9695939849624053, 0.9971002496386809, 0.0], [0.984796992481202, 0.0, 0.0], [0.984796992481202, 0.0, 0.0], [0.984796992481202, 0.0, 0.0], [0.984796992481202, 0.0, 0.0], [0.984796992481202, 0.0, 0.0], [0.984796992481202, 0.0, 0.0], [0.984796992481202, 0.0, 0.0], [0.984796992481202, 0.0, 0.0]]
0.1807, [[0.984796992481202, 1.0, 0.0], [0.9695939849624053, 0.0, 0.5741173913043479], [0.984796992481202, 0.0, 0.0], [0.9695939849624053, 1.0, 0.0], [0.984796992481202, 0.0, 0.0], [0.984796992481202, 0.0, 0.0], [0.984796992481202, 0.0, 0.0], [0.984796992481202, 0.0, 0.0], [0.984796992481202, 0.0, 0.0], [0.984796992481202, 0.0, 0.0]]
0.0794, [[0.984796992481202, 0.0, 0.6323782608695593], [0.984796992481202, 0.0, 0.0], [0.984796992481202, 0.0, 0.0], [0.984796992481202, 0.0, 0.0], [0.984796992481202, 0.0, 0.0], [0.984796992481202, 0.0, 0.0], [0.984796992481202, 0.0, 0.0], [0.984796992481202, 0.0, 0.0], [0.984796992481202, 0.0, 0.0], [0.984796992481202, 0.0, 0.0]]
0.0858, [[0.984796992481202, 0.0, 0.6908009803921568], [0.984796992481202, 0.0, 0.0], [0.984796992481202, 0.0, 0.0], [0.984796992481202, 0.0, 0.0], [0.984796992481202, 0.0, 0.0], [0.984796992481202, 0.0, 0.0], [0.984796992481202, 0.0, 0.0], [0.984796992481202, 0.0, 0.0], [0.984796992481202, 0.0, 0.0], [0.984796992481202, 0.0, 0.0]]
0.1190, [[0.984796992481202, 0.9971002496386809, 0.0], [0.9695939849624053, 0.9971002496386809, 0.0], [0.984796992481202, 0.0, 0.0], [0.984796992481202, 0.0, 0.0], [0.9695939849624053, 0.9971002496386809, 0.0], [0.984796992481202, 0.0, 0.0], [0.984796992481202, 0.0, 0.0], [0.984796992481202, 0.0, 0.0], [0.984796992481202, 0.0, 0.0], [0.984796992481202, 0.0, 0.0]]
0.1873, [[0.984796992481202, 0.0, 0.6323782608695593], [0.984796992481202, 0.9942004992773619, 0.0], [0.984796992481202, 0.9942004992773619, 0.0], [0.9695939849624053, 0.9942004992773619, 0.0], [0.984796992481202, 0.0, 0.0], [0.9771954887218037, 0.0, 0.5741173913043479], [0.984796992481202, 0.0, 0.0], [0.984796992481202, 0.0, 0.0], [0.984796992481202, 0.0, 0.0], [0.984796992481202, 0.0, 0.0]]
0.1167, [[0.984796992481202, 0.0, 0.0], [0.984796992481202, 0.0, 0.0], [0.984796992481202, 0.0, 0.0], [0.984796992481202, 0.0, 0.0], [0.984796992481202, 0.0, 0.0], [0.984796992481202, 0.0, 0.0], [0.9619924812030071, 0.9971002496386809, 0.0], [0.984796992481202, 0.0, 0.0], [0.984796992481202, 0.0, 0.0], [0.984796992481202, 0.0, 0.0]]
0.1863, [[0.984796992481202, 0.0, 0.5741173913043479], [0.9695939849624053, 1.0, 0.0], [0.9695939849624053, 0.0, 0.6323782608695593], [0.9695939849624053, 1.0, 0.0], [0.6933538999533737, 1.0, 0.0], [0.984796992481202, 0.0, 0.0], [0.984796992481202, 0.0, 0.0], [0.9695939849624053, 0.9971002496386809, 0.0], [0.984796992481202, 0.0, 0.0], [0.984796992481202, 0.0, 0.0]]
0.1620, [[0.9695939849624053, 0.9971002496386809, 0.0], [0.984796992481202, 0.0, 0.0], [0.984796992481202, 0.0, 0.0], [0.6743937083401073, 0.0, 0.5741173913043479], [0.984796992481202, 0.0, 0.0], [0.984796992481202, 0.0, 0.0], [0.984796992481202, 0.0, 0.0], [0.984796992481202, 0.0, 0.0], [0.6928443415706388, 0.9971002496386809, 0.0], [0.9695939849624053, 0.9942004992773619, 0.0]]
0.1193, [[0.9695939849624053, 1.0, 0.0], [0.984796992481202, 0.9971002496386809, 0.0], [0.9695939849624053, 0.9971002496386809, 0.0], [0.984796992481202, 0.9942004992773619, 0.0], [0.9695939849624053, 0.9971002496386809, 0.0], [0.9695939849624053, 0.9971002496386809, 0.0], [0.984796992481202, 0.9942004992773619, 0.0], [0.9695939849624053, 0.9971002496386809, 0.0], [0.9695939849624053, 0.9971002496386809, 0.0], [0.9695939849624053, 0.9971002496386809, 0.0]]
0.1174, [[0.9695939849624053, 0.9942004992773619, 0.0], [0.984796992481202, 0.0, 0.0], [0.6871259641643909, 0.9971002496386809, 0.0], [0.984796992481202, 0.0, 0.0], [0.6871259641643909, 0.9971002496386809, 0.0], [0.984796992481202, 0.0, 0.0], [0.984796992481202, 0.0, 0.0], [0.984796992481202, 0.0, 0.0], [0.984796992481202, 0.0, 0.0], [0.984796992481202, 0.0, 0.0]]
0.1190, [[0.984796992481202, 0.9971002496386809, 0.0], [0.984796992481202, 0.0, 0.0], [0.9695939849624053, 0.9971002496386809, 0.0], [0.9695939849624053, 0.9971002496386809, 0.0], [0.984796992481202, 0.0, 0.0], [0.984796992481202, 0.0, 0.0], [0.9695939849624053, 0.9971002496386809, 0.0], [0.9695939849624053, 0.9971002496386809, 0.0], [0.984796992481202, 0.0, 0.0], [0.984796992481202, 0.0, 0.0]]
0.1884, [[0.984796992481202, 0.0, 0.6323782608695593], [0.9923984962406016, 0.9942004992773619, 0.0], [0.984796992481202, 0.9971002496386809, 0.0], [0.984796992481202, 0.9942004992773619, 0.0], [0.984796992481202, 0.9942004992773619, 0.0], [0.9695939849624053, 0.9971002496386809, 0.0], [0.9695939849624053, 0.9971002496386809, 0.0], [0.9619924812030071, 0.9971002496386809, 0.0], [0.984796992481202, 0.0, 0.0], [0.984796992481202, 0.0, 0.0]]
0.0108, [[0.984796992481202, 0.0, 0.0], [0.984796992481202, 0.0, 0.0], [0.984796992481202, 0.0, 0.0], [0.984796992481202, 0.0, 0.0], [0.984796992481202, 0.0, 0.0], [0.984796992481202, 0.0, 0.0], [0.984796992481202, 0.0, 0.0], [0.984796992481202, 0.0, 0.0], [0.984796992481202, 0.0, 0.0], [0.984796992481202, 0.0, 0.0]]
0.0760, [[0.984796992481202, 0.0, 0.0], [0.984796992481202, 0.0, 0.0], [0.9695939849624053, 0.0, 0.5741173913043479], [0.009455388180764775, 0.3394431939163498, 0.0], [0.984796992481202, 0.0, 0.0], [0.984796992481202, 0.0, 0.0], [0.984796992481202, 0.0, 0.0], [0.984796992481202, 0.0, 0.0], [0.9695939849624053, 0.0, 0.0], [0.9695939849624053, 0.0, 0.0]]
0.1172, [[0.9695939849624053, 0.9942004992773619, 0.0], [0.984796992481202, 0.0, 0.0], [0.984796992481202, 0.0, 0.0], [0.984796992481202, 0.0, 0.0], [0.984796992481202, 0.0, 0.0], [0.984796992481202, 0.0, 0.0], [0.984796992481202, 0.0, 0.0], [0.984796992481202, 0.0, 0.0], [0.984796992481202, 0.0, 0.0], [0.984796992481202, 0.0, 0.0]]
0.1909, [[0.9695939849624053, 1.0, 0.0], [0.9695939849624053, 0.0, 0.6746408496732027], [0.984796992481202, 0.0, 0.6323782608695593], [0.984796992481202, 0.0, 0.0], [0.984796992481202, 0.0, 0.0], [0.984796992481202, 0.0, 0.0], [0.984796992481202, 0.0, 0.0], [0.984796992481202, 0.0, 0.0], [0.984796992481202, 0.0, 0.0], [0.984796992481202, 0.0, 0.0]]
0.1186, [[0.9771954887218037, 1.0, 0.0], [0.984796992481202, 0.0, 0.0], [0.984796992481202, 0.0, 0.0], [0.984796992481202, 0.0, 0.0], [0.984796992481202, 0.0, 0.0], [0.984796992481202, 0.0, 0.0], [0.984796992481202, 0.0, 0.0], [0.984796992481202, 0.0, 0.0], [0.984796992481202, 0.0, 0.0], [0.984796992481202, 0.0, 0.0]]
0.1193, [[0.984796992481202, 1.0, 0.0], [0.9695939849624053, 1.0, 0.0], [0.984796992481202, 0.0, 0.0], [0.984796992481202, 0.0, 0.0], [0.984796992481202, 0.0, 0.0], [0.984796992481202, 0.0, 0.0], [0.984796992481202, 0.0, 0.0], [0.984796992481202, 0.0, 0.0], [0.984796992481202, 0.0, 0.0], [0.984796992481202, 0.0, 0.0]]
0.1193, [[0.984796992481202, 0.9942004992773619, 0.0], [0.9619924812030071, 1.0, 0.0], [0.984796992481202, 0.9942004992773619, 0.0], [0.984796992481202, 0.9942004992773619, 0.0], [0.984796992481202, 0.9942004992773619, 0.0], [0.9619924812030071, 0.9942004992773619, 0.0], [0.984796992481202, 0.0, 0.0], [0.984796992481202, 0.0, 0.0], [0.984796992481202, 0.0, 0.0], [0.984796992481202, 0.0, 0.0]]
0.1804, [[0.9695939849624053, 0.0, 0.5741173913043479], [0.984796992481202, 0.9971002496386809, 0.0], [0.9695939849624053, 0.9971002496386809, 0.0], [0.984796992481202, 0.0, 0.0], [0.9695939849624053, 0.9971002496386809, 0.0], [0.984796992481202, 0.0, 0.0], [0.9695939849624053, 0.9971002496386809, 0.0], [0.984796992481202, 0.0, 0.0], [0.984796992481202, 0.0, 0.0], [0.984796992481202, 0.0, 0.0]]
0.1193, [[0.9619924812030071, 1.0, 0.0], [0.984796992481202, 0.9971002496386809, 0.0], [0.693636987943782, 1.0, 0.0], [0.984796992481202, 0.0, 0.0], [0.984796992481202, 0.0, 0.0], [0.984796992481202, 0.0, 0.0], [0.984796992481202, 0.0, 0.0], [0.984796992481202, 0.0, 0.0], [0.984796992481202, 0.0, 0.0], [0.984796992481202, 0.0, 0.0]]
0.0840, [[0.984796992481202, 0.0, 0.6746408496732027], [0.984796992481202, 0.0, 0.0], [0.984796992481202, 0.0, 0.0], [0.984796992481202, 0.0, 0.0], [0.984796992481202, 0.0, 0.0], [0.984796992481202, 0.0, 0.0], [0.984796992481202, 0.0, 0.0], [0.984796992481202, 0.0, 0.0], [0.984796992481202, 0.0, 0.0], [0.9695939849624053, 0.0, 0.0]]
0.1193, [[0.984796992481202, 0.9971002496386809, 0.0], [0.9695939849624053, 1.0, 0.0], [0.984796992481202, 0.9971002496386809, 0.0], [0.9695939849624053, 1.0, 0.0], [0.984796992481202, 0.9971002496386809, 0.0], [0.9695939849624053, 0.9971002496386809, 0.0], [0.9695939849624053, 0.9971002496386809, 0.0], [0.9695939849624053, 0.9971002496386809, 0.0], [0.9695939849624053, 0.9971002496386809, 0.0], [0.984796992481202, 0.9942004992773619, 0.0]]
0.1177, [[0.9695939849624053, 0.9971002496386809, 0.0], [0.6494451904839321, 1.0, 0.0], [0.984796992481202, 0.0, 0.0], [0.9695939849624053, 0.9971002496386809, 0.0], [0.984796992481202, 0.0, 0.0], [0.984796992481202, 0.0, 0.0], [0.984796992481202, 0.0, 0.0], [0.984796992481202, 0.0, 0.0], [0.984796992481202, 0.0, 0.0], [0.984796992481202, 0.0, 0.0]]
0.1178, [[0.9695939849624053, 1.0, 0.0], [0.9695939849624053, 1.0, 0.0], [0.984796992481202, 0.0, 0.0], [0.9695939849624053, 0.9971002496386809, 0.0], [0.9695939849624053, 0.9971002496386809, 0.0], [0.9695939849624053, 0.9971002496386809, 0.0], [0.9695939849624053, 0.9971002496386809, 0.0], [0.9695939849624053, 0.9971002496386809, 0.0], [0.9695939849624053, 0.9971002496386809, 0.0], [0.9695939849624053, 0.9942004992773619, 0.0]]
0.1193, [[0.9695939849624053, 1.0, 0.0], [0.984796992481202, 0.9971002496386809, 0.0], [0.9695939849624053, 0.9971002496386809, 0.0], [0.984796992481202, 0.0, 0.0], [0.984796992481202, 0.0, 0.0], [0.984796992481202, 0.0, 0.0], [0.984796992481202, 0.0, 0.0], [0.984796992481202, 0.0, 0.0], [0.984796992481202, 0.0, 0.0], [0.984796992481202, 0.0, 0.0]]
0.1813, [[0.984796992481202, 0.9971002496386809, 0.0], [0.984796992481202, 0.0, 0.5741173913043479], [0.9695939849624053, 0.9971002496386809, 0.0], [0.984796992481202, 0.0, 0.0], [0.984796992481202, 0.0, 0.0], [0.984796992481202, 0.0, 0.0], [0.984796992481202, 0.0, 0.0], [0.984796992481202, 0.0, 0.0], [0.984796992481202, 0.0, 0.0], [0.984796992481202, 0.0, 0.0]]
0.1507, [[0.9695939849624053, 0.0, 0.5741173913043479], [0.984796992481202, 0.0, 0.0], [0.6864465529874109, 0.9971002496386809, 0.0], [0.984796992481202, 0.0, 0.0], [0.9695939849624053, 0.0, 0.5741173913043479], [0.984796992481202, 0.0, 0.0], [0.984796992481202, 0.0, 0.0], [0.984796992481202, 0.0, 0.0], [0.984796992481202, 0.0, 0.0], [0.984796992481202, 0.0, 0.0]]
0.1191, [[0.9923984962406016, 0.0, 0.0], [0.984796992481202, 0.9971002496386809, 0.0], [0.984796992481202, 0.9971002496386809, 0.0], [0.984796992481202, 0.0, 0.0], [0.984796992481202, 0.0, 0.0], [0.984796992481202, 0.0, 0.0], [0.9695939849624053, 0.9971002496386809, 0.0], [0.984796992481202, 0.0, 0.0], [0.9695939849624053, 0.9971002496386809, 0.0], [0.984796992481202, 0.0, 0.0]]
0.1798, [[0.9695939849624053, 0.9971002496386809, 0.0], [0.984796992481202, 0.0, 0.5741173913043479], [0.3343015458058649, 0.9971002496386809, 0.0], [0.984796992481202, 0.0, 0.0], [0.984796992481202, 0.0, 0.0], [0.984796992481202, 0.0, 0.0], [0.984796992481202, 0.0, 0.0], [0.984796992481202, 0.0, 0.0], [0.984796992481202, 0.0, 0.0], [0.984796992481202, 0.0, 0.0]]
0.1801, [[0.9695939849624053, 1.0, 0.0], [0.984796992481202, 0.0, 0.5741173913043479], [0.984796992481202, 0.0, 0.0], [0.9695939849624053, 0.9971002496386809, 0.0], [0.984796992481202, 0.0, 0.0], [0.9695939849624053, 0.9971002496386809, 0.0], [0.984796992481202, 0.0, 0.0], [0.984796992481202, 0.0, 0.0], [0.984796992481202, 0.0, 0.0], [0.984796992481202, 0.0, 0.0]]
0.1175, [[0.984796992481202, 0.0, 0.0], [0.9695939849624053, 0.9971002496386809, 0.0], [0.9695939849624053, 0.9971002496386809, 0.0], [0.984796992481202, 0.0, 0.0], [0.984796992481202, 0.0, 0.0], [0.984796992481202, 0.0, 0.0], [0.984796992481202, 0.0, 0.0], [0.984796992481202, 0.0, 0.0], [0.984796992481202, 0.0, 0.0], [0.984796992481202, 0.0, 0.0]]
0.1190, [[0.984796992481202, 0.9971002496386809, 0.0], [0.9619924812030071, 0.9971002496386809, 0.0], [0.984796992481202, 0.0, 0.0], [0.9619924812030071, 0.9971002496386809, 0.0], [0.984796992481202, 0.0, 0.0], [0.9619924812030071, 0.9971002496386809, 0.0], [0.984796992481202, 0.0, 0.0], [0.984796992481202, 0.0, 0.0], [0.984796992481202, 0.0, 0.0], [0.984796992481202, 0.0, 0.0]]
0.1175, [[0.9695939849624053, 0.9971002496386809, 0.0], [0.984796992481202, 0.0, 0.0], [0.984796992481202, 0.0, 0.0], [0.984796992481202, 0.0, 0.0], [0.984796992481202, 0.0, 0.0], [0.984796992481202, 0.0, 0.0], [0.984796992481202, 0.0, 0.0], [0.984796992481202, 0.0, 0.0], [0.984796992481202, 0.0, 0.0], [0.984796992481202, 0.0, 0.0]]
0.1795, [[0.9695939849624053, 0.9942004992773619, 0.0], [0.984796992481202, 0.0, 0.5741173913043479], [0.984796992481202, 0.0, 0.0], [0.984796992481202, 0.0, 0.0], [0.984796992481202, 0.0, 0.0], [0.984796992481202, 0.0, 0.0], [0.984796992481202, 0.0, 0.0], [0.984796992481202, 0.0, 0.0], [0.984796992481202, 0.0, 0.0], [0.984796992481202, 0.0, 0.0]]
0.1175, [[0.9695939849624053, 0.9971002496386809, 0.0], [0.984796992481202, 0.0, 0.0], [0.984796992481202, 0.0, 0.0], [0.984796992481202, 0.0, 0.0], [0.984796992481202, 0.0, 0.0], [0.984796992481202, 0.0, 0.0], [0.984796992481202, 0.0, 0.0], [0.984796992481202, 0.0, 0.0], [0.984796992481202, 0.0, 0.0], [0.984796992481202, 0.0, 0.0]]
0.1862, [[0.984796992481202, 0.0, 0.6323782608695593], [0.3504438508751989, 1.0, 0.0], [0.9695939849624053, 0.9971002496386809, 0.0], [0.984796992481202, 0.0, 0.0], [0.9695939849624053, 0.9942004992773619, 0.0], [0.984796992481202, 0.0, 0.0], [0.35313423505342123, 0.9971002496386809, 0.0], [0.9695939849624053, 0.9942004992773619, 0.0], [0.984796992481202, 0.0, 0.0], [0.984796992481202, 0.0, 0.0]]
0.1799, [[0.984796992481202, 0.0, 0.5741173913043479], [0.9923984962406016, 0.0, 0.0], [0.9695939849624053, 0.9971002496386809, 0.0], [0.9695939849624053, 0.9971002496386809, 0.0], [0.984796992481202, 0.0, 0.0], [0.9771954887218037, 0.0, 0.5741173913043479], [0.984796992481202, 0.0, 0.0], [0.984796992481202, 0.0, 0.0], [0.9695939849624053, 0.9942004992773619, 0.0], [0.984796992481202, 0.0, 0.0]]
0.1177, [[0.6485848967647536, 1.0, 0.0], [0.9695939849624053, 0.9971002496386809, 0.0], [0.984796992481202, 0.0, 0.0], [0.984796992481202, 0.0, 0.0], [0.984796992481202, 0.0, 0.0], [0.984796992481202, 0.0, 0.0], [0.984796992481202, 0.0, 0.0], [0.984796992481202, 0.0, 0.0], [0.984796992481202, 0.0, 0.0], [0.984796992481202, 0.0, 0.0]]
0.1193, [[0.984796992481202, 0.9971002496386809, 0.0], [0.9695939849624053, 1.0, 0.0], [0.984796992481202, 0.9942004992773619, 0.0], [0.9619924812030071, 0.9942004992773619, 0.0], [0.984796992481202, 0.0, 0.0], [0.984796992481202, 0.0, 0.0], [0.984796992481202, 0.0, 0.0], [0.984796992481202, 0.0, 0.0], [0.984796992481202, 0.0, 0.0], [0.984796992481202, 0.0, 0.0]]
0.1175, [[0.9695939849624053, 0.9971002496386809, 0.0], [0.984796992481202, 0.0, 0.0], [0.984796992481202, 0.0, 0.0], [0.984796992481202, 0.0, 0.0], [0.984796992481202, 0.0, 0.0], [0.984796992481202, 0.0, 0.0], [0.984796992481202, 0.0, 0.0], [0.984796992481202, 0.0, 0.0], [0.984796992481202, 0.0, 0.0], [0.984796992481202, 0.0, 0.0]]
0.1801, [[0.9695939849624053, 1.0, 0.0], [0.984796992481202, 0.0, 0.5741173913043479], [0.984796992481202, 0.0, 0.0], [0.984796992481202, 0.0, 0.0], [0.9695939849624053, 0.9971002496386809, 0.0], [0.9695939849624053, 0.9971002496386809, 0.0], [0.984796992481202, 0.0, 0.0], [0.984796992481202, 0.0, 0.0], [0.984796992481202, 0.0, 0.0], [0.984796992481202, 0.0, 0.0]]
0.0108, [[0.984796992481202, 0.0, 0.0], [0.984796992481202, 0.0, 0.0], [0.984796992481202, 0.0, 0.0], [0.984796992481202, 0.0, 0.0], [0.984796992481202, 0.0, 0.0], [0.984796992481202, 0.0, 0.0], [0.984796992481202, 0.0, 0.0], [0.984796992481202, 0.0, 0.0], [0.9771954887218037, 0.0, 0.0], [0.9771954887218037, 0.0, 0.0]]
0.1870, [[0.984796992481202, 0.9971002496386809, 0.0], [0.9695939849624053, 0.0, 0.6323782608695593], [0.9695939849624053, 1.0, 0.0], [0.984796992481202, 0.0, 0.0], [0.6523701891291389, 0.9971002496386809, 0.0], [0.984796992481202, 0.0, 0.0], [0.984796992481202, 0.0, 0.0], [0.984796992481202, 0.0, 0.0], [0.984796992481202, 0.0, 0.0], [0.984796992481202, 0.0, 0.0]]
0.1864, [[0.9695939849624053, 1.0, 0.0], [0.9695939849624053, 1.0, 0.0], [0.984796992481202, 0.0, 0.6323782608695593], [0.984796992481202, 0.0, 0.0], [0.984796992481202, 0.0, 0.0], [0.984796992481202, 0.0, 0.0], [0.984796992481202, 0.0, 0.0], [0.984796992481202, 0.0, 0.0], [0.984796992481202, 0.0, 0.0], [0.984796992481202, 0.0, 0.0]]
0.1190, [[0.984796992481202, 0.9971002496386809, 0.0], [0.9695939849624053, 0.9942004992773619, 0.0], [0.984796992481202, 0.0, 0.0], [0.6379172546469408, 0.9971002496386809, 0.0], [0.9695939849624053, 0.9942004992773619, 0.0], [0.984796992481202, 0.0, 0.0], [0.984796992481202, 0.0, 0.0], [0.984796992481202, 0.0, 0.0], [0.984796992481202, 0.0, 0.0], [0.984796992481202, 0.0, 0.0]]
0.1175, [[0.984796992481202, 0.0, 0.0], [0.984796992481202, 0.0, 0.0], [0.984796992481202, 0.0, 0.0], [0.984796992481202, 0.0, 0.0], [0.984796992481202, 0.0, 0.0], [0.984796992481202, 0.0, 0.0], [0.9695939849624053, 0.9971002496386809, 0.0], [0.984796992481202, 0.0, 0.0], [0.984796992481202, 0.0, 0.0], [0.984796992481202, 0.0, 0.0]]
0.1193, [[0.984796992481202, 0.9942004992773619, 0.0], [0.9695939849624053, 1.0, 0.0], [0.984796992481202, 0.9942004992773619, 0.0], [0.9695939849624053, 0.9971002496386809, 0.0], [0.9695939849624053, 0.9971002496386809, 0.0], [0.9695939849624053, 0.9971002496386809, 0.0], [0.984796992481202, 0.0, 0.0], [0.984796992481202, 0.0, 0.0], [0.984796992481202, 0.0, 0.0], [0.984796992481202, 0.0, 0.0]]
0.1190, [[0.984796992481202, 0.9971002496386809, 0.0], [0.9695939849624053, 0.9942004992773619, 0.0], [0.984796992481202, 0.0, 0.0], [0.984796992481202, 0.0, 0.0], [0.984796992481202, 0.0, 0.0], [0.984796992481202, 0.0, 0.0], [0.984796992481202, 0.0, 0.0], [0.984796992481202, 0.0, 0.0], [0.984796992481202, 0.0, 0.0], [0.984796992481202, 0.0, 0.0]]
0.1870, [[0.9695939849624053, 1.0, 0.0], [0.984796992481202, 0.9942004992773619, 0.0], [0.9695939849624053, 0.0, 0.6323782608695593], [0.9695939849624053, 1.0, 0.0], [0.984796992481202, 0.0, 0.0], [0.984796992481202, 0.0, 0.0], [0.984796992481202, 0.0, 0.0], [0.984796992481202, 0.0, 0.0], [0.984796992481202, 0.0, 0.0], [0.984796992481202, 0.0, 0.0]]
0.1193, [[0.984796992481202, 1.0, 0.0], [0.984796992481202, 0.0, 0.0], [0.984796992481202, 0.0, 0.0], [0.984796992481202, 0.0, 0.0], [0.984796992481202, 0.0, 0.0], [0.984796992481202, 0.0, 0.0], [0.984796992481202, 0.0, 0.0], [0.984796992481202, 0.0, 0.0], [0.984796992481202, 0.0, 0.0], [0.984796992481202, 0.0, 0.0]]
0.1175, [[0.984796992481202, 0.0, 0.0], [0.984796992481202, 0.0, 0.0], [0.984796992481202, 0.0, 0.0], [0.984796992481202, 0.0, 0.0], [0.984796992481202, 0.0, 0.0], [0.984796992481202, 0.0, 0.0], [0.984796992481202, 0.0, 0.0], [0.984796992481202, 0.0, 0.0], [0.984796992481202, 0.0, 0.0], [0.9695939849624053, 0.9971002496386809, 0.0]]
0.1175, [[0.984796992481202, 0.0, 0.0], [0.9695939849624053, 0.9971002496386809, 0.0], [0.984796992481202, 0.0, 0.0], [0.984796992481202, 0.0, 0.0], [0.984796992481202, 0.0, 0.0], [0.984796992481202, 0.0, 0.0], [0.984796992481202, 0.0, 0.0], [0.984796992481202, 0.0, 0.0], [0.984796992481202, 0.0, 0.0], [0.984796992481202, 0.0, 0.0]]
0.1183, [[0.984796992481202, 0.0, 0.0], [0.9695939849624053, 0.9971002496386809, 0.0], [0.9771954887218037, 0.9942004992773619, 0.0], [0.984796992481202, 0.0, 0.0], [0.9695939849624053, 0.9971002496386809, 0.0], [0.9695939849624053, 0.9971002496386809, 0.0], [0.984796992481202, 0.0, 0.0], [0.9695939849624053, 0.9971002496386809, 0.0], [0.984796992481202, 0.0, 0.0], [0.984796992481202, 0.0, 0.0]]
0.1172, [[0.984796992481202, 0.0, 0.0], [0.984796992481202, 0.0, 0.0], [0.9695939849624053, 0.9942004992773619, 0.0], [0.984796992481202, 0.0, 0.0], [0.0047276940903823875, 0.44980821292775663, 0.0], [0.00827346465816918, 0.3410426869455006, 0.0], [0.9771954887218037, 0.0, 0.0], [0.9695939849624053, 0.0, 0.0], [0.9695939849624053, 0.0, 0.0], [0.0047276940903823875, 0.43621252217997464, 0.0]]
0.1178, [[0.984796992481202, 0.0, 0.0], [0.9695939849624053, 1.0, 0.0], [0.984796992481202, 0.0, 0.0], [0.984796992481202, 0.0, 0.0], [0.984796992481202, 0.0, 0.0], [0.984796992481202, 0.0, 0.0], [0.984796992481202, 0.0, 0.0], [0.984796992481202, 0.0, 0.0], [0.984796992481202, 0.0, 0.0], [0.984796992481202, 0.0, 0.0]]
0.1190, [[0.984796992481202, 0.9971002496386809, 0.0], [0.984796992481202, 0.9971002496386809, 0.0], [0.984796992481202, 0.9942004992773619, 0.0], [0.9695939849624053, 0.9971002496386809, 0.0], [0.9695939849624053, 0.9971002496386809, 0.0], [0.9695939849624053, 0.9971002496386809, 0.0], [0.9695939849624053, 0.9942004992773619, 0.0], [0.984796992481202, 0.0, 0.0], [0.9695939849624053, 0.9942004992773619, 0.0], [0.9695939849624053, 0.9942004992773619, 0.0]]
0.1172, [[0.984796992481202, 0.0, 0.0], [0.984796992481202, 0.0, 0.0], [0.984796992481202, 0.0, 0.0], [0.9695939849624053, 0.9942004992773619, 0.0], [0.984796992481202, 0.0, 0.0], [0.984796992481202, 0.0, 0.0], [0.9695939849624053, 0.0, 0.0], [0.9695939849624053, 0.0, 0.0], [0.9695939849624053, 0.0, 0.0], [0.9695939849624053, 0.0, 0.0]]
0.1175, [[0.9695939849624053, 0.9971002496386809, 0.0], [0.984796992481202, 0.0, 0.0], [0.9695939849624053, 0.9971002496386809, 0.0], [0.984796992481202, 0.0, 0.0], [0.9695939849624053, 0.9971002496386809, 0.0], [0.984796992481202, 0.0, 0.0], [0.984796992481202, 0.0, 0.0], [0.9695939849624053, 0.9971002496386809, 0.0], [0.984796992481202, 0.0, 0.0], [0.984796992481202, 0.0, 0.0]]
0.1187, [[0.984796992481202, 0.9942004992773619, 0.0], [0.9695939849624053, 0.9942004992773619, 0.0], [0.984796992481202, 0.0, 0.0], [0.984796992481202, 0.0, 0.0], [0.984796992481202, 0.0, 0.0], [0.984796992481202, 0.0, 0.0], [0.984796992481202, 0.0, 0.0], [0.984796992481202, 0.0, 0.0], [0.984796992481202, 0.0, 0.0], [0.984796992481202, 0.0, 0.0]]
0.1175, [[0.9695939849624053, 0.9971002496386809, 0.0], [0.984796992481202, 0.0, 0.0], [0.9695939849624053, 0.9971002496386809, 0.0], [0.984796992481202, 0.0, 0.0], [0.9695939849624053, 0.9971002496386809, 0.0], [0.984796992481202, 0.0, 0.0], [0.984796992481202, 0.0, 0.0], [0.984796992481202, 0.0, 0.0], [0.984796992481202, 0.0, 0.0], [0.984796992481202, 0.0, 0.0]]
0.0108, [[0.984796992481202, 0.0, 0.0], [0.984796992481202, 0.0, 0.0], [0.984796992481202, 0.0, 0.0], [0.984796992481202, 0.0, 0.0], [0.984796992481202, 0.0, 0.0], [0.984796992481202, 0.0, 0.0], [0.984796992481202, 0.0, 0.0], [0.984796992481202, 0.0, 0.0], [0.9695939849624053, 0.0, 0.0], [0.9695939849624053, 0.0, 0.0]]
0.1897, [[0.9695939849624053, 0.0, 0.6746408496732027], [0.984796992481202, 0.0, 0.0], [0.984796992481202, 0.0, 0.0], [0.984796992481202, 0.0, 0.0], [0.984796992481202, 0.0, 0.0], [0.984796992481202, 0.0, 0.0], [0.984796992481202, 0.0, 0.0], [0.9695939849624053, 0.9971002496386809, 0.0], [0.9695939849624053, 0.9971002496386809, 0.0], [0.984796992481202, 0.0, 0.0]]
0.0785, [[0.984796992481202, 0.0, 0.0], [0.984796992481202, 0.0, 0.0], [0.9695939849624053, 0.0, 0.6323782608695593], [0.984796992481202, 0.0, 0.0], [0.984796992481202, 0.0, 0.0], [0.984796992481202, 0.0, 0.0], [0.984796992481202, 0.0, 0.0], [0.984796992481202, 0.0, 0.0], [0.984796992481202, 0.0, 0.0], [0.984796992481202, 0.0, 0.0]]
0.1175, [[0.984796992481202, 0.0, 0.0], [0.9695939849624053, 0.9971002496386809, 0.0], [0.984796992481202, 0.0, 0.0], [0.984796992481202, 0.0, 0.0], [0.984796992481202, 0.0, 0.0], [0.984796992481202, 0.0, 0.0], [0.984796992481202, 0.0, 0.0], [0.984796992481202, 0.0, 0.0], [0.984796992481202, 0.0, 0.0], [0.984796992481202, 0.0, 0.0]]
0.1190, [[0.984796992481202, 0.9971002496386809, 0.0], [0.9695939849624053, 0.9971002496386809, 0.0], [0.984796992481202, 0.9942004992773619, 0.0], [0.9695939849624053, 0.9971002496386809, 0.0], [0.984796992481202, 0.9942004992773619, 0.0], [0.9695939849624053, 0.9971002496386809, 0.0], [0.984796992481202, 0.9942004992773619, 0.0], [0.9695939849624053, 0.9942004992773619, 0.0], [0.984796992481202, 0.0, 0.0], [0.984796992481202, 0.0, 0.0]]
0.0795, [[0.9923984962406016, 0.0, 0.0], [0.984796992481202, 0.0, 0.6323782608695593], [0.984796992481202, 0.0, 0.0], [0.984796992481202, 0.0, 0.0], [0.984796992481202, 0.0, 0.0], [0.984796992481202, 0.0, 0.0], [0.984796992481202, 0.0, 0.0], [0.984796992481202, 0.0, 0.0], [0.984796992481202, 0.0, 0.0], [0.984796992481202, 0.0, 0.0]]
0.1160, [[0.984796992481202, 0.0, 0.0], [0.9543909774436088, 0.9971002496386809, 0.0], [0.984796992481202, 0.0, 0.0], [0.984796992481202, 0.0, 0.0], [0.984796992481202, 0.0, 0.0], [0.984796992481202, 0.0, 0.0], [0.984796992481202, 0.0, 0.0], [0.984796992481202, 0.0, 0.0], [0.984796992481202, 0.0, 0.0], [0.984796992481202, 0.0, 0.0]]
0.1190, [[0.984796992481202, 0.9942004992773619, 0.0], [0.9695939849624053, 0.9971002496386809, 0.0], [0.9695939849624053, 0.9971002496386809, 0.0], [0.9695939849624053, 0.9971002496386809, 0.0], [0.9695939849624053, 0.9971002496386809, 0.0], [0.984796992481202, 0.0, 0.0], [0.984796992481202, 0.0, 0.0], [0.984796992481202, 0.0, 0.0], [0.653402541592153, 0.9971002496386809, 0.0], [0.984796992481202, 0.0, 0.0]]
0.1576, [[0.6861634649970025, 0.9942004992773619, 0.0], [0.984796992481202, 0.0, 0.6323782608695593], [0.984796992481202, 0.0, 0.0], [0.984796992481202, 0.0, 0.0], [0.984796992481202, 0.0, 0.0], [0.984796992481202, 0.0, 0.0], [0.984796992481202, 0.0, 0.0], [0.984796992481202, 0.0, 0.0], [0.984796992481202, 0.0, 0.0], [0.984796992481202, 0.0, 0.0]]
0.1512, [[0.984796992481202, 0.0, 0.0], [0.9771954887218037, 0.0, 0.5741173913043479], [0.984796992481202, 0.0, 0.0], [0.984796992481202, 0.0, 0.0], [0.984796992481202, 0.0, 0.0], [0.6864465529874109, 0.9971002496386809, 0.0], [0.984796992481202, 0.0, 0.0], [0.984796992481202, 0.0, 0.0], [0.6868994937720642, 0.9942004992773619, 0.0], [0.6537466590798244, 0.9971002496386809, 0.0]]
0.1193, [[0.984796992481202, 1.0, 0.0], [0.984796992481202, 0.0, 0.0], [0.9695939849624053, 0.9971002496386809, 0.0], [0.6866164057816558, 1.0, 0.0], [0.984796992481202, 0.0, 0.0], [0.984796992481202, 0.0, 0.0], [0.984796992481202, 0.0, 0.0], [0.984796992481202, 0.0, 0.0], [0.984796992481202, 0.0, 0.0], [0.984796992481202, 0.0, 0.0]]
0.1175, [[0.984796992481202, 0.0, 0.0], [0.9695939849624053, 0.9971002496386809, 0.0], [0.984796992481202, 0.0, 0.0], [0.984796992481202, 0.0, 0.0], [0.984796992481202, 0.0, 0.0], [0.984796992481202, 0.0, 0.0], [0.9771954887218037, 0.0, 0.0], [0.9695939849624053, 0.0, 0.0], [0.9695939849624053, 0.0, 0.0], [0.9695939849624053, 0.0, 0.0]]
0.7969, [[0.9695939849624053, 0.9971002496386809, 0.0], [0.984796992481202, 0.0, 0.6323782608695593], [0.9695939849624053, 0.9971002496386809, 0.0], [0.9695939849624053, 0.9971002496386809, 0.0], [0.9619924812030071, 1.0, 0.0], [0.9695939849624053, 0.9971002496386809, 0.0], [0.9695939849624053, 0.9942004992773619, 0.5741173913043479], [0.984796992481202, 0.0, 0.0], [0.3504438508751989, 0.9971002496386809, 0.0], [0.984796992481202, 0.0, 0.0]]
0.1854, [[0.9695939849624053, 0.0, 0.6323782608695593], [0.984796992481202, 0.0, 0.0], [0.9695939849624053, 1.0, 0.0], [0.984796992481202, 0.0, 0.0], [0.984796992481202, 0.0, 0.0], [0.984796992481202, 0.0, 0.0], [0.984796992481202, 0.0, 0.0], [0.984796992481202, 0.0, 0.0], [0.984796992481202, 0.0, 0.0], [0.984796992481202, 0.0, 0.0]]
0.1804, [[0.9695939849624053, 0.0, 0.5741173913043479], [0.9695939849624053, 0.9971002496386809, 0.0], [0.9695939849624053, 0.9971002496386809, 0.0], [0.984796992481202, 0.9942004992773619, 0.0], [0.984796992481202, 0.0, 0.0], [0.984796992481202, 0.0, 0.0], [0.984796992481202, 0.0, 0.0], [0.984796992481202, 0.0, 0.0], [0.984796992481202, 0.0, 0.0], [0.984796992481202, 0.0, 0.0]]
0.1175, [[0.984796992481202, 0.0, 0.0], [0.9695939849624053, 0.9971002496386809, 0.0], [0.9695939849624053, 0.9971002496386809, 0.0], [0.984796992481202, 0.0, 0.0], [0.984796992481202, 0.0, 0.0], [0.984796992481202, 0.0, 0.0], [0.984796992481202, 0.0, 0.0], [0.984796992481202, 0.0, 0.0], [0.984796992481202, 0.0, 0.0], [0.984796992481202, 0.0, 0.0]]
0.1924, [[0.9695939849624053, 0.9971002496386809, 0.0], [0.984796992481202, 0.0, 0.6908009803921568], [0.9695939849624053, 0.9942004992773619, 0.0], [0.984796992481202, 0.0, 0.6323782608695593], [0.9695939849624053, 0.0, 0.6323782608695593], [0.984796992481202, 0.0, 0.0], [0.984796992481202, 0.0, 0.0], [0.984796992481202, 0.0, 0.0], [0.984796992481202, 0.0, 0.0], [0.984796992481202, 0.0, 0.0]]
0.1178, [[0.9695939849624053, 1.0, 0.0], [0.984796992481202, 0.0, 0.0], [0.984796992481202, 0.0, 0.0], [0.9695939849624053, 1.0, 0.0], [0.984796992481202, 0.0, 0.0], [0.984796992481202, 0.0, 0.0], [0.984796992481202, 0.0, 0.0], [0.984796992481202, 0.0, 0.0], [0.984796992481202, 0.0, 0.0], [0.984796992481202, 0.0, 0.0]]
0.1190, [[0.984796992481202, 0.9971002496386809, 0.0], [0.984796992481202, 0.0, 0.0], [0.984796992481202, 0.0, 0.0], [0.984796992481202, 0.0, 0.0], [0.9695939849624053, 0.9971002496386809, 0.0], [0.984796992481202, 0.0, 0.0], [0.9695939849624053, 0.9942004992773619, 0.0], [0.9695939849624053, 0.9942004992773619, 0.0], [0.9695939849624053, 0.0, 0.0], [0.9695939849624053, 0.0, 0.0]]
0.0155, [[0.0047276940903823875, 0.4474089733840305, 0.0], [0.984796992481202, 0.0, 0.0], [0.984796992481202, 0.0, 0.0], [0.984796992481202, 0.0, 0.0], [0.984796992481202, 0.0, 0.0], [0.984796992481202, 0.0, 0.0], [0.984796992481202, 0.0, 0.0], [0.984796992481202, 0.0, 0.0], [0.984796992481202, 0.0, 0.0], [0.984796992481202, 0.0, 0.0]]
0.1175, [[0.984796992481202, 0.0, 0.0], [0.9695939849624053, 0.9971002496386809, 0.0], [0.9695939849624053, 0.9971002496386809, 0.0], [0.984796992481202, 0.0, 0.0], [0.984796992481202, 0.0, 0.0], [0.9695939849624053, 0.9971002496386809, 0.0], [0.984796992481202, 0.0, 0.0], [0.984796992481202, 0.0, 0.0], [0.984796992481202, 0.0, 0.0], [0.984796992481202, 0.0, 0.0]]
0.1530, [[0.6379172546469408, 0.9971002496386809, 0.0], [0.984796992481202, 0.0, 0.6323782608695593], [0.984796992481202, 0.0, 0.0], [0.984796992481202, 0.0, 0.0], [0.984796992481202, 0.0, 0.0], [0.984796992481202, 0.0, 0.0], [0.984796992481202, 0.0, 0.0], [0.984796992481202, 0.0, 0.0], [0.984796992481202, 0.0, 0.0], [0.984796992481202, 0.0, 0.0]]
0.1193, [[0.984796992481202, 0.9942004992773619, 0.0], [0.9695939849624053, 1.0, 0.0], [0.984796992481202, 0.0, 0.0], [0.984796992481202, 0.0, 0.0], [0.9695939849624053, 0.9971002496386809, 0.0], [0.9695939849624053, 0.9971002496386809, 0.0], [0.9695939849624053, 0.9971002496386809, 0.0], [0.6363687259524197, 1.0, 0.0], [0.9695939849624053, 0.9971002496386809, 0.0], [0.9695939849624053, 0.9971002496386809, 0.0]]
0.1922, [[0.9695939849624053, 0.9971002496386809, 0.0], [0.984796992481202, 0.9942004992773619, 0.0], [0.984796992481202, 0.0, 0.6746408496732027], [0.9695939849624053, 0.0, 0.5741173913043479], [0.984796992481202, 0.0, 0.0], [0.984796992481202, 0.0, 0.0], [0.984796992481202, 0.0, 0.0], [0.984796992481202, 0.0, 0.0], [0.984796992481202, 0.0, 0.0], [0.984796992481202, 0.0, 0.0]]
0.1191, [[0.9923984962406016, 0.0, 0.0], [0.984796992481202, 0.9971002496386809, 0.0], [0.9695939849624053, 0.9971002496386809, 0.0], [0.9695939849624053, 0.9971002496386809, 0.0], [0.9695939849624053, 0.9971002496386809, 0.0], [0.9695939849624053, 0.9971002496386809, 0.0], [0.9695939849624053, 0.9971002496386809, 0.0], [0.984796992481202, 0.9942004992773619, 0.0], [0.984796992481202, 0.0, 0.0], [0.984796992481202, 0.0, 0.0]]
0.1190, [[0.984796992481202, 0.9971002496386809, 0.0], [0.9695939849624053, 0.9971002496386809, 0.0], [0.984796992481202, 0.0, 0.0], [0.984796992481202, 0.0, 0.0], [0.984796992481202, 0.0, 0.0], [0.984796992481202, 0.0, 0.0], [0.984796992481202, 0.0, 0.0], [0.984796992481202, 0.0, 0.0], [0.984796992481202, 0.0, 0.0], [0.984796992481202, 0.0, 0.0]]
0.2256, [[0.9695939849624053, 0.9942004992773619, 0.0], [0.9695939849624053, 0.9942004992773619, 0.0], [0.9923984962406016, 0.0, 0.0], [0.984796992481202, 0.0, 0.5741173913043479], [0.9771954887218037, 0.0, 1.0], [0.6866730233797376, 0.9971002496386809, 0.0], [0.9695939849624053, 0.9942004992773619, 0.0], [0.6866730233797376, 0.9942004992773619, 0.0], [0.984796992481202, 0.0, 0.0], [0.984796992481202, 0.0, 0.0]]
0.0841, [[0.984796992481202, 0.0, 0.0], [0.6372290196715981, 0.9942004992773619, 0.0], [0.984796992481202, 0.0, 0.0], [0.984796992481202, 0.0, 0.0], [0.984796992481202, 0.0, 0.0], [0.984796992481202, 0.0, 0.0], [0.984796992481202, 0.0, 0.0], [0.984796992481202, 0.0, 0.0], [0.984796992481202, 0.0, 0.0], [0.984796992481202, 0.0, 0.0]]
0.1801, [[0.9543909774436088, 1.0, 0.0], [0.9695939849624053, 0.9971002496386809, 0.0], [0.984796992481202, 0.0, 0.5741173913043479], [0.9695939849624053, 0.9971002496386809, 0.0], [0.984796992481202, 0.0, 0.0], [0.984796992481202, 0.0, 0.0], [0.9543909774436088, 0.9971002496386809, 0.0], [0.9695939849624053, 0.9942004992773619, 0.0], [0.984796992481202, 0.0, 0.0], [0.984796992481202, 0.0, 0.0]]
0.1175, [[0.9695939849624053, 0.9971002496386809, 0.0], [0.984796992481202, 0.0, 0.0], [0.984796992481202, 0.0, 0.0], [0.9695939849624053, 0.9971002496386809, 0.0], [0.984796992481202, 0.0, 0.0], [0.984796992481202, 0.0, 0.0], [0.984796992481202, 0.0, 0.0], [0.984796992481202, 0.0, 0.0], [0.984796992481202, 0.0, 0.0], [0.984796992481202, 0.0, 0.0]]
0.1876, [[0.984796992481202, 0.0, 0.6323782608695593], [0.984796992481202, 0.9971002496386809, 0.0], [0.984796992481202, 0.9971002496386809, 0.0], [0.984796992481202, 0.0, 0.0], [0.9695939849624053, 0.9971002496386809, 0.0], [0.984796992481202, 0.0, 0.0], [0.984796992481202, 0.0, 0.0], [0.984796992481202, 0.0, 0.0], [0.984796992481202, 0.0, 0.0], [0.984796992481202, 0.0, 0.0]]
0.1801, [[0.9695939849624053, 1.0, 0.0], [0.984796992481202, 0.0, 0.5741173913043479], [0.9543909774436088, 0.9942004992773619, 0.0], [0.984796992481202, 0.0, 0.0], [0.984796992481202, 0.0, 0.0], [0.984796992481202, 0.0, 0.0], [0.984796992481202, 0.0, 0.0], [0.984796992481202, 0.0, 0.0], [0.984796992481202, 0.0, 0.0], [0.984796992481202, 0.0, 0.0]]
0.1194, [[0.9923984962406016, 0.0, 0.0], [0.9695939849624053, 1.0, 0.0], [0.984796992481202, 0.9971002496386809, 0.0], [0.984796992481202, 0.0, 0.0], [0.984796992481202, 0.0, 0.0], [0.9695939849624053, 0.9971002496386809, 0.0], [0.984796992481202, 0.0, 0.0], [0.984796992481202, 0.0, 0.0], [0.9695939849624053, 0.9971002496386809, 0.0], [0.984796992481202, 0.0, 0.0]]
0.1178, [[0.984796992481202, 0.0, 0.0], [0.984796992481202, 0.0, 0.0], [0.984796992481202, 0.0, 0.0], [0.984796992481202, 0.0, 0.0], [0.984796992481202, 0.0, 0.0], [0.984796992481202, 0.0, 0.0], [0.9695939849624053, 1.0, 0.0], [0.984796992481202, 0.0, 0.0], [0.984796992481202, 0.0, 0.0], [0.9695939849624053, 0.9971002496386809, 0.0]]
0.1190, [[0.9695939849624053, 0.9971002496386809, 0.0], [0.984796992481202, 0.9942004992773619, 0.0], [0.984796992481202, 0.9942004992773619, 0.0], [0.984796992481202, 0.9942004992773619, 0.0], [0.9695939849624053, 0.9942004992773619, 0.0], [0.984796992481202, 0.0, 0.0], [0.984796992481202, 0.0, 0.0], [0.984796992481202, 0.0, 0.0], [0.984796992481202, 0.0, 0.0], [0.984796992481202, 0.0, 0.0]]
0.1188, [[0.984796992481202, 0.9942004992773619, 0.0], [0.35582461923164355, 0.9971002496386809, 0.0], [0.3612053875880882, 0.9942004992773619, 0.0], [0.984796992481202, 0.0, 0.0], [0.3504438508751989, 0.9971002496386809, 0.0], [0.984796992481202, 0.0, 0.0], [0.3504438508751989, 0.9971002496386809, 0.0], [0.984796992481202, 0.0, 0.0], [0.984796992481202, 0.0, 0.0], [0.984796992481202, 0.0, 0.0]]
0.0108, [[0.984796992481202, 0.0, 0.0], [0.984796992481202, 0.0, 0.0], [0.984796992481202, 0.0, 0.0], [0.984796992481202, 0.0, 0.0], [0.984796992481202, 0.0, 0.0], [0.9695939849624053, 0.0, 0.0], [0.9695939849624053, 0.0, 0.0], [0.9695939849624053, 0.0, 0.0], [0.9619924812030071, 0.0, 0.0], [0.9619924812030071, 0.0, 0.0]]
