0.2042, [[0.0, 0.9418727333042359], [1.0, 0.0], [0.03755150349407059, 0.0], [0.0, 0.0], [0.9967275125707016, 0.0], [0.0, 0.8566008757747706], [0.0, 0.0], [0.002333643679697882, 0.0], [0.02833910907264544, 0.0], [0.0, 0.8107213737232647]]
0.2087, [[0.0, 0.9868456953295524], [0.04614505470933509, 0.0], [1.0, 0.0], [0.0, 0.0], [0.0, 0.0], [0.0, 0.923070006110869], [0.9721748113786236, 0.0], [0.0019011254270209635, 0.0], [0.0, 0.0], [0.9721748113786236, 0.0]]
0.0783, [[0.0, 0.0], [0.0, 0.0], [0.0, 0.6832610684638998], [0.0, 0.0], [0.0, 0.0], [0.0, 0.0], [0.0, 0.0], [0.0, 0.6637032093954357], [0.0, 0.0], [0.0, 0.663387682770586]]
0.2100, [[1.0, 0.0], [0.0, 1.0], [0.0012761732059919943, 0.0], [0.0, 0.0], [0.9993769040084196, 0.0], [0.0, 0.0], [0.0, 0.8693373143605417], [0.006546420332890921, 0.0], [0.0, 0.0], [0.9945527617361073, 0.0]]
0.2042, [[0.04614505470933509, 0.0], [1.0, 0.0], [0.0, 0.0], [0.0, 0.9418727333042359], [0.998548996594655, 0.0], [0.0, 0.8107213737232647], [0.0, 0.0], [0.027252315327571337, 0.0], [0.006364982591301773, 0.0], [0.9976926918798488, 0.0]]
0.2088, [[0.0, 0.0], [0.0, 0.9883463731121788], [1.0, 0.0], [0.0, 0.0], [0.0, 0.9223070763858603], [0.998548996594655, 0.0], [0.022673608683766205, 0.0], [0.0, 0.0], [0.0, 0.8719923596682678], [0.00378086930200281, 0.0]]
0.2087, [[0.04614505470933509, 0.0], [0.0, 0.0], [0.0, 0.9868456953295524], [1.0, 0.0], [0.9965440813558654, 0.0], [0.0027087371926128147, 0.0], [0.0, 0.0], [0.0, 0.8909142634657347], [0.0, 0.9223070763858603], [0.9967151230146486, 0.0]]
0.2099, [[1.0, 0.0], [0.0, 0.9986770898297711], [0.0, 0.0], [0.9996945371401472, 0.0], [0.0, 0.8873973070274985], [0.02833910907264544, 0.0], [0.0, 0.8107213737232647], [0.9981229274369421, 0.0], [0.011987108974615737, 0.0], [0.9739323740647111, 0.0]]
0.2086, [[0.9993769040084196, 0.0], [0.0, 0.0], [0.0, 0.9868456953295524], [0.05953051718730885, 0.0], [0.0, 0.0], [0.05918780145319629, 0.0], [0.0, 0.923070006110869], [0.9963749036125945, 0.0], [0.9974680352395622, 0.0], [0.0, 0.0]]
0.2100, [[0.9996945371401472, 0.0], [0.0, 0.0], [0.0, 0.9223070763858603], [0.05953051718730885, 0.0], [0.0, 0.0], [0.012169157617691575, 0.0], [0.9974680352395622, 0.0], [0.0, 1.0], [0.0, 0.7744226234831946], [0.9986016247973575, 0.0]]
0.2088, [[0.0, 0.9883463731121788], [1.0, 0.0], [0.0, 0.0], [0.0, 0.0], [0.9998243533734803, 0.0], [0.02974540429533256, 0.0], [0.0, 0.9223070763858603], [0.0, 0.0], [0.0, 0.0], [0.0, 0.0]]
0.2099, [[1.0, 0.0], [0.0, 0.9986770898297711], [0.0, 0.0], [0.0, 0.0], [0.9986016247973575, 0.0], [0.0, 0.0], [0.0, 0.5710788792497095], [0.03825648380987475, 0.0], [0.997676574492771, 0.0], [0.012605952180776385, 0.0]]
0.2088, [[0.0, 0.9883463731121788], [0.0, 0.0], [1.0, 0.0], [0.0, 0.0], [0.0, 0.9481232719336553], [0.010933303909830697, 0.0], [0.9746196106783354, 0.0], [0.0, 0.0], [0.0, 0.8204953512003498], [0.0, 0.0]]
0.2100, [[0.05953051718730885, 0.0], [0.9996945371401472, 0.0], [0.0, 0.0], [0.0, 0.0], [0.0, 1.0], [0.0, 0.0], [0.0, 0.7933719528590131], [0.9955939230129063, 0.0], [0.0, 0.0], [0.9967151230146486, 0.0]]
0.2088, [[0.0, 0.0], [0.9998243533734803, 0.0], [0.0, 0.9883463731121788], [0.04614505470933509, 0.0], [0.006168272312541829, 0.0], [0.9983722535472455, 0.0], [0.0, 0.0], [0.0, 0.6102346717467794], [0.9990763750425702, 0.0], [0.008868456884338854, 0.0]]
0.2042, [[0.0, 0.9418727333042359], [1.0, 0.0], [0.04614505470933509, 0.0], [0.0, 0.0], [0.0, 0.5419943452520529], [0.028438075113512283, 0.0], [0.9977443333037506, 0.0], [0.0, 0.0], [0.9957084989958733, 0.0], [0.0, 0.0]]
0.2087, [[0.04614505470933509, 0.0], [0.0, 0.9868456953295524], [1.0, 0.0], [0.0, 0.0], [0.02833910907264544, 0.0], [0.9970702537408019, 0.0], [0.0, 0.0], [0.0, 0.8909142634657347], [0.9996945371401472, 0.0], [0.0, 0.8566008757747706]]
0.2099, [[0.0, 0.9986770898297711], [0.9998243533734803, 0.0], [0.05918780145319629, 0.0], [0.0, 0.0], [0.997897174375766, 0.0], [0.0, 0.8608598187690968], [0.0, 0.0], [0.012605952180776385, 0.0], [0.0, 0.0], [0.997676574492771, 0.0]]
0.2042, [[0.05918780145319629, 0.0], [0.9996945371401472, 0.0], [0.0, 0.9418727333042359], [0.0, 0.0], [0.0, 0.8566008757747706], [0.0, 0.0], [0.014062952226870483, 0.0], [0.9749953541172138, 0.0], [0.9985197221569015, 0.0], [0.0, 0.5429528874560348]]
0.2086, [[0.0, 0.0], [0.9993769040084196, 0.0], [0.05918780145319629, 0.0], [0.0, 0.9868456953295524], [0.0, 0.0], [0.0, 0.7744226234831946], [0.9955204628133005, 0.0], [0.000671991635515097, 0.0], [0.0, 0.8107213737232647], [0.006546420332890921, 0.0]]
0.2087, [[0.0, 0.9868456953295524], [1.0, 0.0], [0.0, 0.0], [0.03327519308624725, 0.0], [0.0, 0.0], [0.0, 0.8566008757747706], [0.010858163026950444, 0.0], [0.998925946096512, 0.0], [0.9748476662233798, 0.0], [0.0, 0.0]]
0.2087, [[0.0, 0.0], [0.0, 0.9868456953295524], [0.04614505470933509, 0.0], [0.9996945371401472, 0.0], [0.0, 0.8873973070274985], [0.9985197221569015, 0.0], [0.0027087371926128147, 0.0], [0.0, 0.0], [0.9963749036125945, 0.0], [0.0, 0.0]]
0.2087, [[0.0, 0.0], [0.0, 0.9868456953295524], [1.0, 0.0], [0.04614505470933509, 0.0], [0.9967116144678019, 0.0], [0.0, 0.923070006110869], [0.0, 0.0], [0.03825648380987475, 0.0], [0.007338148659824929, 0.0], [0.0, 0.0]]
0.2086, [[0.0, 0.9868456953295524], [0.05953051718730885, 0.0], [0.9990763750425702, 0.0], [0.9983658943060857, 0.0], [0.0, 0.6102346717467794], [0.006985658501922849, 0.0], [0.9958748260448312, 0.0], [0.0, 0.6490539032825315], [0.0, 0.0], [0.0, 0.0]]
0.2099, [[1.0, 0.0], [0.0, 0.0], [0.0, 0.9986770898297711], [0.0, 0.0], [0.998548996594655, 0.0], [0.0, 0.0], [0.00378086930200281, 0.0], [0.0, 0.9160717464862503], [0.9967116144678019, 0.0], [0.0, 0.0]]
0.2099, [[0.0, 0.0], [0.0, 0.9986770898297711], [0.0, 0.0], [1.0, 0.0], [0.9983658943060857, 0.0], [0.0, 0.0], [0.012605952180776385, 0.0], [0.0, 0.5860230152403235], [0.9715980939906748, 0.0], [0.0, 0.0]]
0.2100, [[0.0, 1.0], [1.0, 0.0], [0.0, 0.0], [0.0, 0.0], [0.007338148659824929, 0.0], [0.0, 0.9178322192928868], [0.0, 0.0], [0.9743518646970861, 0.0], [0.0, 0.0], [0.0, 0.0]]
0.2016, [[0.9996945371401472, 0.0], [0.03825648380987475, 0.0], [0.0, 0.9160717464862503], [0.0, 0.0], [0.0, 0.5391470505057653], [0.0, 0.0], [0.0, 0.0], [0.9983722535472455, 0.0], [0.996738147853331, 0.0], [0.0, 0.0]]
0.2100, [[0.0, 0.0], [0.0, 0.0], [0.0, 1.0], [1.0, 0.0], [0.0, 0.0], [0.0, 0.8570583842863375], [0.998548996594655, 0.0], [0.00420727853981141, 0.0], [0.0, 0.9223070763858603], [0.0, 0.0]]
0.2087, [[0.0, 0.0], [0.0, 0.9868456953295524], [0.04614505470933509, 0.0], [0.9996945371401472, 0.0], [0.0, 0.0], [0.02833910907264544, 0.0], [0.0, 0.8693373143605417], [0.9748476662233798, 0.0], [0.028438075113512283, 0.0], [0.0, 0.923070006110869]]
0.2088, [[0.0, 0.0], [0.0, 0.9883463731121788], [0.04614505470933509, 0.0], [0.9993769040084196, 0.0], [0.0002742947675876682, 0.0], [0.9970702537408019, 0.0], [0.0, 0.0], [0.0, 0.8873973070274985], [0.0, 0.0], [0.0, 0.7744226234831946]]
0.2086, [[0.013168592450148786, 0.0], [0.0, 0.9868456953295524], [0.9987126922334777, 0.0], [0.0, 0.0], [0.0, 0.6490539032825315], [0.0, 0.0], [0.9958748260448312, 0.0], [0.006364982591301773, 0.0], [0.0027087371926128147, 0.0], [0.0, 0.0]]
0.2100, [[0.0, 0.0], [0.0, 1.0], [0.0, 0.0], [1.0, 0.0], [0.998548996594655, 0.0], [0.0, 0.8107213737232647], [0.0, 0.0], [0.997897174375766, 0.0], [0.0, 0.9418727333042359], [0.9717944629720086, 0.0]]
0.2086, [[0.04614505470933509, 0.0], [0.0, 0.0], [0.0, 0.9868456953295524], [0.9993769040084196, 0.0], [0.0, 0.0], [0.9970702537408019, 0.0], [0.0, 0.923070006110869], [0.03544389336450051, 0.0], [0.0, 0.0], [0.997676574492771, 0.0]]
0.2086, [[0.013168592450148786, 0.0], [0.0, 0.0], [0.998925946096512, 0.0], [0.0, 0.9868456953295524], [0.0, 0.0], [0.9736765790711588, 0.0], [0.0, 0.0], [0.0, 0.8608598187690968], [0.0, 0.8719923596682678], [0.9974680352395622, 0.0]]
0.2098, [[0.9996945371401472, 0.0], [0.0, 0.0], [0.0, 0.9986770898297711], [0.03544389336450051, 0.0], [0.0, 0.8608598187690968], [0.002333643679697882, 0.0], [0.0, 0.0], [0.998925946096512, 0.0], [0.011987108974615737, 0.0], [0.0, 0.8693373143605417]]
0.2100, [[0.0012761732059919943, 0.0], [1.0, 0.0], [0.0, 0.0], [0.0, 1.0], [0.9959818367236597, 0.0], [0.0, 0.8570583842863375], [0.0, 0.0], [0.0027087371926128147, 0.0], [0.012057362645601406, 0.0], [0.0, 0.6583342904043774]]
0.2048, [[0.9998243533734803, 0.0], [0.0, 0.9418727333042359], [0.04614505470933509, 0.0], [0.0, 0.0], [0.02833910907264544, 0.0], [0.0, 0.9481232719336553], [0.0, 0.0], [0.9746395655385267, 0.0], [0.9744056989627672, 0.0], [0.0, 0.0]]
0.2087, [[0.0, 0.9868456953295524], [0.0, 0.0], [0.9998243533734803, 0.0], [0.04614505470933509, 0.0], [0.0, 0.8570583842863375], [0.0, 0.0], [0.03825648380987475, 0.0], [0.9960612175960695, 0.0], [0.0, 0.0], [0.9996945371401472, 0.0]]
0.2087, [[0.0, 0.0], [0.0, 0.9868456953295524], [0.9996945371401472, 0.0], [0.04614505470933509, 0.0], [0.0, 0.0], [0.9975056424760766, 0.0], [0.0, 0.7744226234831946], [0.007338148659824929, 0.0], [0.0, 0.923070006110869], [0.03825648380987475, 0.0]]
0.2087, [[0.9990763750425702, 0.0], [0.0, 0.0], [0.026731216359303794, 0.0], [0.0, 0.9883463731121788], [0.9965440813558654, 0.0], [0.0, 0.0], [0.026731216359303794, 0.0], [0.0, 0.9868456953295524], [0.0, 0.0], [0.0, 0.0]]
0.2099, [[0.0, 1.0], [0.013168592450148786, 0.0], [0.9990763750425702, 0.0], [0.0, 0.0], [0.0, 0.8693373143605417], [0.0, 0.0], [0.9738191137868116, 0.0], [0.0, 0.0], [0.0, 0.6102346717467794], [0.0, 0.0]]
0.2087, [[0.0, 0.9868456953295524], [0.0, 0.0], [0.031142535995717206, 0.0], [0.9990763750425702, 0.0], [0.0, 0.0], [0.031036239137008308, 0.0], [0.0, 0.8909142634657347], [1.0, 0.0], [0.0, 0.0], [0.0, 0.5426197819460663]]
0.2100, [[0.0, 1.0], [0.05953051718730885, 0.0], [0.9996945371401472, 0.0], [0.0, 0.0], [0.0, 0.0], [0.0, 0.9181269195984303], [0.9974680352395622, 0.0], [0.0, 0.0], [0.0, 0.5330101309801697], [0.0, 0.0]]
0.2088, [[0.0, 0.9883463731121788], [1.0, 0.0], [0.0, 0.0], [0.0, 0.0], [0.011482504346492724, 0.0], [0.0, 0.0], [0.0, 0.8566008757747706], [0.9998243533734803, 0.0], [0.9973955618187572, 0.0], [0.007338148659824929, 0.0]]
0.2086, [[0.0, 0.9868456953295524], [0.03832979198829458, 0.0], [0.0, 0.0], [0.9990763750425702, 0.0], [0.0, 0.0], [0.0, 0.5970583446658814], [0.030380130940150702, 0.0], [0.9958748260448312, 0.0], [0.0, 0.0], [2.1992453526161984e-05, 0.0]]
0.2022, [[0.0, 0.9223070763858603], [0.03755150349407059, 0.0], [0.0, 0.0], [1.0, 0.0], [0.0, 0.0], [0.9971475514135213, 0.0], [0.0, 0.6583342904043774], [0.00420727853981141, 0.0], [0.011987108974615737, 0.0], [0.9998243533734803, 0.0]]
0.2098, [[0.0, 0.9986770898297711], [0.03832979198829458, 0.0], [0.9996945371401472, 0.0], [0.0, 0.0], [0.0, 0.0], [0.0, 0.0], [0.0, 0.8608598187690968], [0.9740812680215238, 0.0], [0.0, 0.0], [0.0, 0.9223070763858603]]
0.2086, [[0.0, 0.0], [0.9990763750425702, 0.0], [0.0, 0.9868456953295524], [0.05953051718730885, 0.0], [0.0, 0.6211739396248548], [0.9970702537408019, 0.0], [0.006168272312541829, 0.0], [0.0, 0.0], [0.0021619803618982587, 0.0], [0.0, 0.923070006110869]]
0.2099, [[0.0, 0.0], [0.0, 0.0], [1.0, 0.0], [0.0, 0.9986770898297711], [0.0, 0.8873973070274985], [0.998256252217122, 0.0], [0.0, 0.0], [0.03215602156237112, 0.0], [2.1992453526161984e-05, 0.0], [0.9746395655385267, 0.0]]
0.2042, [[1.0, 0.0], [0.0, 0.0], [0.0, 0.9418727333042359], [0.04614505470933509, 0.0], [0.9711371586486715, 0.0], [0.0, 0.9160717464862503], [0.0, 0.0], [0.0, 0.0], [0.9746395655385267, 0.0], [0.02833910907264544, 0.0]]
0.2087, [[0.9990763750425702, 0.0], [0.0, 0.0], [0.0, 0.9883463731121788], [0.014062952226870483, 0.0], [0.0, 0.8909142634657347], [0.9749953541172138, 0.0], [0.0, 0.0], [0.0, 0.0], [0.9965440813558654, 0.0], [0.0, 0.8570583842863375]]
0.2099, [[0.0, 1.0], [0.04614505470933509, 0.0], [0.9993769040084196, 0.0], [0.0, 0.9911948934089931], [0.9967151230146486, 0.0], [0.0, 0.0], [0.013168592450148786, 0.0], [0.9716810930520201, 0.0], [0.0, 0.923070006110869], [0.0, 0.9868456953295524]]
0.2088, [[0.0, 0.0], [1.0, 0.0], [0.0, 0.0], [0.0, 0.9883463731121788], [0.0, 0.0], [0.99601988252853, 0.0], [0.0012761732059919943, 0.0], [0.0, 0.5860230152403235], [0.0, 0.0], [0.9959593600954222, 0.0]]
0.2100, [[0.0, 0.0], [0.0012761732059919943, 0.0], [0.0, 1.0], [1.0, 0.0], [0.0, 0.8608598187690968], [0.03825648380987475, 0.0], [0.9981229274369421, 0.0], [0.0, 0.0], [0.0, 0.5426197819460663], [0.9749953541172138, 0.0]]
0.2040, [[0.0, 0.0], [0.03832979198829458, 0.0], [0.0, 0.9418727333042359], [0.9985937305669521, 0.0], [0.9954990826059527, 0.0], [0.002293935083053808, 0.0], [0.0, 0.0], [0.0, 0.8873973070274985], [0.0, 0.5391470505057653], [0.0, 0.0]]
0.2042, [[0.9998243533734803, 0.0], [0.04614505470933509, 0.0], [0.0, 0.9418727333042359], [0.0, 0.0], [0.0, 0.0], [0.0, 0.0], [0.0, 0.6276128276670562], [0.9983722535472455, 0.0], [0.9972146523719672, 0.0], [0.0, 0.0]]
0.1874, [[0.9996945371401472, 0.0], [0.0, 0.7744226234831946], [0.000671991635515097, 0.0], [0.0, 0.0], [0.9954990826059527, 0.0], [0.0, 0.6583342904043774], [0.0, 0.0], [0.0, 0.0], [0.9977443333037506, 0.0], [0.0, 0.0]]
0.2086, [[0.9990763750425702, 0.0], [0.0, 0.9868456953295524], [0.0, 0.0], [0.05918780145319629, 0.0], [0.9958748260448312, 0.0], [0.0, 0.8909142634657347], [0.0, 0.0], [0.014062952226870483, 0.0], [0.0, 0.5710788792497095], [0.9743518646970861, 0.0]]
0.2086, [[0.9990763750425702, 0.0], [0.04614505470933509, 0.0], [0.0, 0.9868456953295524], [0.0, 0.0], [0.9958748260448312, 0.0], [0.0, 0.0], [0.0019011254270209635, 0.0], [0.0, 0.8909142634657347], [0.9958940134103998, 0.0], [0.03825648380987475, 0.0]]
0.2088, [[0.9996945371401472, 0.0], [0.03832979198829458, 0.0], [0.0, 0.9883463731121788], [0.0, 0.0], [0.0, 0.8570583842863375], [0.0, 0.0], [0.9738191137868116, 0.0], [0.0002816255854297222, 0.0], [0.000671991635515097, 0.0], [0.0, 0.5860230152403235]]
0.2087, [[0.0, 0.9868456953295524], [0.9996945371401472, 0.0], [0.04614505470933509, 0.0], [0.0, 0.0], [0.9987126922334777, 0.0], [0.0, 0.0], [0.0, 0.923070006110869], [0.031036239137008308, 0.0], [0.0, 0.6490539032825315], [0.0, 0.0]]
0.2088, [[0.05918780145319629, 0.0], [0.9996945371401472, 0.0], [0.0, 0.0], [0.0, 0.9883463731121788], [0.0, 0.890233610475774], [0.0, 0.0], [0.011987108974615737, 0.0], [0.9970702537408019, 0.0], [0.9990763750425702, 0.0], [0.0, 0.5710788792497095]]
0.2099, [[0.006355819068999295, 0.0], [1.0, 0.0], [0.0, 0.0], [0.0, 0.9986770898297711], [0.0, 0.0], [0.0, 0.5426197819460663], [0.010164178937909541, 0.0], [0.9983658943060857, 0.0], [0.0, 0.6276128276670562], [0.9717461108107757, 0.0]]
0.2087, [[0.9996945371401472, 0.0], [0.0, 0.0], [0.04614505470933509, 0.0], [0.0, 0.9868456953295524], [0.0, 0.0], [0.9967151230146486, 0.0], [0.0, 0.923070006110869], [0.0, 0.0], [0.9987126922334777, 0.0], [0.03825648380987475, 0.0]]
0.2087, [[0.05918780145319629, 0.0], [1.0, 0.0], [0.0, 0.9868456953295524], [0.0, 0.0], [0.0, 0.0], [0.998925946096512, 0.0], [0.0, 0.8566008757747706], [0.0, 0.0], [0.01189791735753842, 0.0], [0.9776118529282427, 0.0]]
0.2099, [[0.0, 0.9986770898297711], [0.0, 0.0], [1.0, 0.0], [0.0, 0.0], [0.0, 0.8566008757747706], [0.0, 0.0], [0.0, 0.0], [0.9977443333037506, 0.0], [0.9743518646970861, 0.0], [0.0, 0.9223070763858603]]
0.2088, [[0.0, 0.0], [1.0, 0.0], [0.007338148659824929, 0.0], [0.0, 0.9883463731121788], [0.0, 0.0], [0.9723056143907574, 0.0], [0.0, 0.5391470505057653], [0.010164178937909541, 0.0], [0.0, 0.8204953512003498], [0.9965440813558654, 0.0]]
0.2042, [[0.0, 0.9418727333042359], [0.04614505470933509, 0.0], [0.0, 0.0], [1.0, 0.0], [0.0, 0.0], [0.9956977540711549, 0.0], [0.03825648380987475, 0.0], [0.0, 0.7744226234831946], [0.9956977540711549, 0.0], [0.0, 0.8909142634657347]]
0.2100, [[1.0, 0.0], [0.0, 1.0], [0.0, 0.0], [0.0, 0.0], [0.00378086930200281, 0.0], [0.9746196106783354, 0.0], [0.0, 0.5429528874560348], [0.0, 0.0], [0.9983722535472455, 0.0], [0.0, 0.0]]
0.2057, [[0.998925946096512, 0.0], [0.0, 0.9481232719336553], [0.0, 0.0], [0.03755150349407059, 0.0], [0.0, 0.7744226234831946], [0.9981229274369421, 0.0], [0.0, 0.0], [0.010933303909830697, 0.0], [0.9741616356727341, 0.0], [0.0, 0.9580398624181585]]
0.2086, [[0.9990763750425702, 0.0], [0.013168592450148786, 0.0], [0.0, 0.0], [0.0, 0.9868456953295524], [0.0, 0.0], [0.0, 0.0], [0.0, 0.5633849712778445], [0.9736765790711588, 0.0], [0.0, 0.0], [0.9719430280025544, 0.0]]
0.2100, [[0.0, 0.0], [0.0, 1.0], [1.0, 0.0], [0.0, 0.0], [0.0012590679643607722, 0.0], [0.0, 0.5429528874560348], [0.0, 0.0], [0.9740915743778863, 0.0], [0.0, 0.8693373143605417], [0.0, 0.0]]
0.2100, [[0.0, 0.0], [0.0, 0.0], [1.0, 0.0], [0.0, 1.0], [0.0, 0.6102346717467794], [0.0, 0.0], [0.9996945371401472, 0.0], [0.0, 0.0], [0.0212813641952765, 0.0], [0.0, 0.8608598187690968]]
0.2088, [[0.0, 0.0], [0.9996945371401472, 0.0], [0.031142535995717206, 0.0], [0.0, 0.9883463731121788], [0.0, 0.0], [0.9975056424760766, 0.0], [0.009287535304305755, 0.0], [0.0, 0.9868456953295524], [0.02497304188020164, 0.0], [0.0, 0.923070006110869]]
0.2022, [[0.03755150349407059, 0.0], [1.0, 0.0], [0.0, 0.9160717464862503], [0.0, 0.0], [0.0, 0.8566008757747706], [0.0, 0.0], [0.9726492326975693, 0.0], [0.0, 0.9223070763858603], [0.0, 0.0], [0.0, 0.0]]
0.2100, [[0.0, 1.0], [0.05953051718730885, 0.0], [0.0, 0.0], [0.9996945371401472, 0.0], [0.9974680352395622, 0.0], [0.013168592450148786, 0.0], [0.0, 0.7577870156263644], [0.0, 0.0], [0.9987126922334777, 0.0], [0.0, 0.6211739396248548]]
0.2087, [[0.0, 0.0], [0.9998243533734803, 0.0], [0.05953051718730885, 0.0], [0.0, 0.9868456953295524], [0.008255111791559834, 0.0], [0.9983658943060857, 0.0], [0.0, 0.0], [0.0, 0.6583342904043774], [0.9744056989627672, 0.0], [0.0, 0.9160717464862503]]
0.2098, [[0.9996945371401472, 0.0], [0.03832979198829458, 0.0], [0.0, 0.9986770898297711], [0.0, 0.0], [0.9970702537408019, 0.0], [0.0, 0.923070006110869], [0.023345600319281297, 0.0], [0.0, 0.0], [0.9985197221569015, 0.0], [0.0076063344125442784, 0.0]]
0.2042, [[0.03228919808650041, 0.0], [0.0, 0.0], [1.0, 0.0], [0.0, 0.9418727333042359], [0.00257617156997022, 0.0], [0.0, 0.6583342904043774], [0.9979319309179675, 0.0], [0.0, 0.0], [0.03215602156237112, 0.0], [0.0, 0.8107213737232647]]
0.2100, [[0.0, 1.0], [0.0, 0.0], [0.9996945371401472, 0.0], [0.05918780145319629, 0.0], [0.0, 0.0], [0.0, 0.9868456953295524], [0.0, 0.0], [0.9719430280025544, 0.0], [0.0, 0.0], [0.0, 0.8719923596682678]]
0.2098, [[0.0, 0.9986770898297711], [0.031142535995717206, 0.0], [0.9990763750425702, 0.0], [0.0, 0.0], [0.0, 0.0], [0.0, 0.0], [0.9974680352395622, 0.0], [0.0, 0.6102346717467794], [0.0, 0.8608598187690968], [0.00838279020230749, 0.0]]
0.2099, [[0.03825648380987475, 0.0], [0.0, 1.0], [0.9990763750425702, 0.0], [0.0, 0.0], [0.0, 0.0], [0.9746196106783354, 0.0], [0.0016634847486435653, 0.0], [0.0, 0.5426197819460663], [0.9744056989627672, 0.0], [0.0, 0.9160717464862503]]
0.2099, [[0.0, 0.0], [1.0, 0.0], [0.0, 0.0], [0.0, 0.9986770898297711], [0.9990495127307741, 0.0], [0.0212813641952765, 0.0], [0.0, 0.0], [0.0, 0.8107213737232647], [0.998548996594655, 0.0], [0.0, 0.0]]
0.2099, [[0.0, 0.9986770898297711], [1.0, 0.0], [0.0, 0.0], [0.0, 0.0], [0.0, 0.6583342904043774], [0.03825648380987475, 0.0], [0.0, 0.0], [0.9998243533734803, 0.0], [0.0, 0.8107213737232647], [0.0076063344125442784, 0.0]]
0.2098, [[0.04614505470933509, 0.0], [0.0, 0.9986770898297711], [0.0, 0.0], [0.9996945371401472, 0.0], [0.9749953541172138, 0.0], [0.03825648380987475, 0.0], [0.0, 0.0], [0.0, 0.8719923596682678], [0.0, 0.5710788792497095], [0.03832979198829458, 0.0]]
0.2086, [[0.0, 0.0], [0.03825648380987475, 0.0], [0.9990763750425702, 0.0], [0.0, 0.9868456953295524], [0.0, 0.0], [0.9958748260448312, 0.0], [0.010858163026950444, 0.0], [0.0, 0.7744226234831946], [0.0, 0.8909142634657347], [0.012169157617691575, 0.0]]
0.2098, [[0.9996945371401472, 0.0], [0.0, 0.0], [0.05953051718730885, 0.0], [0.0, 0.9986770898297711], [0.0, 0.5710788792497095], [0.9983722535472455, 0.0], [0.0, 0.0], [0.0100310024137799, 0.0], [0.0, 0.0], [0.9979319309179675, 0.0]]
0.2088, [[0.9993769040084196, 0.0], [0.0, 0.0], [0.05918780145319629, 0.0], [0.0, 0.9883463731121788], [0.0019011254270209635, 0.0], [0.0, 0.8909142634657347], [0.9711371586486715, 0.0], [0.0, 0.0], [0.0, 0.0], [0.006364982591301773, 0.0]]
0.2100, [[0.0, 0.0], [1.0, 0.0], [0.0, 0.0], [0.0, 1.0], [0.0031809640419338072, 0.0], [0.9746196106783354, 0.0], [0.0, 0.9160717464862503], [0.0, 0.0], [0.9711371586486715, 0.0], [0.0, 0.0]]
0.2098, [[0.0, 0.9986770898297711], [0.9990763750425702, 0.0], [0.014062952226870483, 0.0], [0.0, 0.0], [0.0, 0.6490539032825315], [0.0, 0.0], [0.9970702537408019, 0.0], [0.013168592450148786, 0.0], [0.0, 0.0], [0.0019011254270209635, 0.0]]
0.2088, [[0.05918780145319629, 0.0], [0.9993769040084196, 0.0], [0.0, 0.9883463731121788], [0.0, 0.0], [0.0, 0.0], [0.9958940134103998, 0.0], [0.0, 0.8909142634657347], [0.0, 0.0], [0.0, 0.0], [0.9955382248317128, 0.0]]
0.2100, [[1.0, 0.0], [0.0, 0.0], [0.0, 1.0], [0.0, 0.0], [0.005092474794230984, 0.0], [0.0, 0.7744226234831946], [0.0, 0.0], [0.0, 0.9868456953295524], [0.05953051718730885, 0.0], [0.9970702537408019, 0.0]]
0.2042, [[0.05918780145319629, 0.0], [0.0, 0.9418727333042359], [1.0, 0.0], [0.0, 0.0], [0.0, 0.0], [0.9978004700533, 0.0], [0.0, 0.8566008757747706], [0.00420727853981141, 0.0], [0.0, 0.0], [0.0, 0.8107213737232647]]
0.2099, [[0.0, 0.0], [0.0, 0.0], [0.0, 0.9986770898297711], [1.0, 0.0], [0.9978039786001469, 0.0], [0.0, 0.0], [0.030380130940150702, 0.0], [0.0, 0.8881722042776106], [0.0, 0.8566008757747706], [0.9998243533734803, 0.0]]
0.2042, [[0.0, 0.0], [0.0, 0.9418727333042359], [1.0, 0.0], [0.04614505470933509, 0.0], [0.012057362645601406, 0.0], [0.9983972519435292, 0.0], [0.0, 0.8570583842863375], [0.0, 0.0], [0.0, 0.8876306737669161], [0.9967116144678019, 0.0]]
0.2042, [[0.0, 0.0], [0.05953051718730885, 0.0], [0.0, 0.9418727333042359], [1.0, 0.0], [0.0, 0.0], [0.998548996594655, 0.0], [0.009085326912164182, 0.0], [0.0, 0.9160717464862503], [0.005422361597120213, 0.0], [0.9983722535472455, 0.0]]
0.2097, [[0.0, 0.0], [0.03832979198829458, 0.0], [0.0, 0.9986770898297711], [0.9983722535472455, 0.0], [0.0, 0.0], [0.0, 0.8107213737232647], [0.0, 0.0], [0.9740812680215238, 0.0], [0.0, 0.9223070763858603], [0.0, 0.0]]
0.2042, [[1.0, 0.0], [0.0, 0.9418727333042359], [0.04614505470933509, 0.0], [0.0, 0.0], [0.02833910907264544, 0.0], [0.9954990826059527, 0.0], [0.0, 0.0], [0.0, 0.9178322192928868], [0.9962602179875385, 0.0], [0.0, 0.6276128276670562]]
0.2100, [[1.0, 0.0], [0.0, 0.0], [0.0, 0.0], [0.0, 1.0], [0.0, 0.0], [0.0, 0.0], [0.0, 0.5942691043376286], [0.9746395655385267, 0.0], [0.9718037825495706, 0.0], [0.0, 0.5330101309801697]]
