0.1689, [[0.0, 0.9463432873438353], [0.1266917735088343, 0.0], [0.6427, 0.0], [0.0, 0.6397468330255303], [0.3499788333324831, 0.0], [0.5218480032167655, 0.0], [0.5523671727473609, 0.0], [0.48977206679651014, 0.0], [0.0, 0.0], [0.0, 0.0]]
0.1664, [[0.0, 0.6279180475828359], [0.0, 0.9655578917979366], [0.0, 0.0], [0.5987713738846654, 0.0], [0.5171363999837669, 0.0], [0.0, 0.0], [0.0, 0.0], [0.5403882564596135, 0.0], [0.0, 0.6455047243889191], [0.0, 0.6378326568169481]]
0.1742, [[0.6427, 0.0], [0.0, 0.9994454783269973], [0.6337944765903829, 0.0], [0.0, 0.9756349071156989], [0.6223682598300391, 0.0], [0.0, 0.9674336089082032], [0.586837575925688, 0.0], [0.0, 0.9655578917979366], [0.524872482148003, 0.0], [0.0, 0.9528005490494296]]
0.1663, [[0.0, 0.9648199578489951], [0.0, 0.8984720562737647], [0.0, 0.6259759676262914], [0.0, 0.9167305131993481], [0.0, 0.6151713075605808], [0.0, 0.0], [0.5981171581175455, 0.0], [0.0, 0.0], [0.0, 0.0], [0.0, 0.0]]
0.1614, [[0.0, 0.0], [0.0, 0.8969948297664321], [0.0, 0.0], [0.6169540603779475, 0.0], [0.0, 0.0], [0.0, 0.0], [0.0, 0.0], [0.5341732066719027, 0.0], [0.0, 0.0], [0.0, 0.0]]
0.1742, [[0.6427, 0.0], [0.0, 0.9994454783269973], [0.0, 0.9782549331884853], [0.0, 0.0], [0.6427, 0.0], [0.6223682598300391, 0.0], [0.05819415837163796, 0.0], [0.6223682598300391, 0.0], [0.6337944765903829, 0.0], [0.30321846875543024, 0.0]]
0.1481, [[0.0, 0.6067296141124586], [0.0, 0.6731908858229233], [0.0, 0.6762071033134167], [0.6427, 0.0], [0.0, 0.7383203237371005], [0.6139424119327137, 0.0], [0.30321846875543024, 0.0], [0.0, 0.08180726338329768], [0.0, 0.05039209828144749], [0.0, 0.05754304837204221]]
0.1676, [[0.0, 0.9054451715372079], [0.0, 0.606495806024068], [0.0, 0.6065151703065987], [0.0, 0.606481647352741], [0.0, 0.6380925692558402], [0.0, 0.9542747448126017], [0.0, 0.0], [0.6215561299122175, 0.0], [0.0, 0.0], [0.0, 0.0]]
0.0850, [[0.0, 0.6147744076802176], [0.0, 0.0], [0.0, 0.0], [0.0, 0.7498881516567091], [0.0, 0.7442438609451396], [0.0, 0.6444909927213477], [0.0, 0.6537444816947318], [0.0, 0.6586970311787075], [0.0, 0.629610770450843], [0.0, 0.6150821154613056]]
0.1632, [[0.0, 0.9824116510592071], [0.5498969442473547, 0.0], [0.36736863378060963, 0.0], [0.0, 0.0], [0.0, 0.0], [0.0, 0.0], [0.0, 0.0], [0.0, 0.0], [0.0, 0.0], [0.0, 0.0]]
0.1738, [[0.0, 0.9756349071156989], [0.6427, 0.0], [0.0, 0.606599954139201], [0.5987713738846654, 0.0], [0.0, 0.9416768819120046], [0.0, 0.606599954139201], [0.0, 0.9951151719717548], [0.0, 0.0], [0.6337944765903829, 0.0], [0.0, 0.9528005490494296]]
0.2082, [[1.0, 0.0], [0.0, 0.9824116510592071], [0.6427, 0.0], [0.584040239542102, 0.0], [0.5731216039803788, 0.0], [0.5498969442473547, 0.0], [0.5498969442473547, 0.0], [0.5403882564596135, 0.0], [0.5403092993842759, 0.0], [0.0, 0.9528983689299304]]
0.1737, [[0.0, 0.994486135795764], [0.6427, 0.0], [0.0, 0.9542747448126017], [0.6215561299122175, 0.0], [0.0, 0.6378326568169481], [0.3364309655414864, 0.0], [0.0, 0.6133888185272935], [0.0, 0.606598253536325], [0.0, 0.6065825290295338], [0.0, 0.606512139271388]]
0.1743, [[0.0, 0.9756349071156989], [0.0, 0.606599954139201], [0.0, 0.6278676745247148], [0.0, 0.9655578917979366], [0.0, 0.6455047243889191], [0.6427, 0.0], [0.0, 1.0], [0.0, 0.9206604478001086], [0.0, 0.606598253536325], [0.6139424119327137, 0.0]]
0.1399, [[0.0, 0.700266927104835], [0.5987713738846654, 0.0], [0.0, 0.6537444816947318], [0.5731216039803788, 0.0], [0.0, 0.6094575123742053], [0.5534725718021682, 0.0], [0.5498969442473547, 0.0], [0.5403882564596135, 0.0], [0.5403092993842759, 0.0], [0.524872482148003, 0.0]]
0.1872, [[0.0, 0.6455047243889191], [0.0, 0.9963091806626839], [0.0, 0.6279180475828359], [0.5655642839118342, 0.0], [0.7761233539103275, 0.0], [0.0, 0.6344312212927756], [0.0, 0.6378326568169481], [0.0, 0.6378326568169481], [0.0, 0.975599792286801], [0.5171363999837669, 0.0]]
0.1264, [[0.0, 0.614262639165826], [0.0, 0.12207994004282642], [0.5498969442473547, 0.0], [0.0, 0.12196580695107909], [0.0, 0.0], [0.0, 0.6141433615613784], [0.0, 0.30623949822605173], [0.0, 0.6137327847240142], [0.0, 0.2825841413366157], [0.0, 0.32648702454565204]]
0.1403, [[0.0, 0.9994454783269973], [0.30321846875543024, 0.0], [0.0, 0.0], [0.0, 0.9697756425855518], [0.0, 0.0], [0.0, 0.9579648325909842], [0.0, 0.0], [0.0, 0.0], [0.0, 0.0], [0.0, 0.0]]
0.1558, [[0.0, 0.0], [0.0, 0.9648199578489951], [0.0, 0.0], [0.0, 0.9400834420423683], [0.0, 0.9756349071156989], [0.0, 0.0], [0.0, 0.9655578917979366], [0.48271494929033726, 0.0], [0.0, 0.6378326568169481], [0.0, 0.0]]
0.1441, [[0.0, 0.9740177438348735], [0.0, 0.9528983689299304], [0.36736863378060963, 0.0], [0.0, 0.9697756425855518], [0.0, 0.9400834420423683], [0.0, 0.0], [0.0, 0.9579648325909842], [0.0, 0.6344312212927756], [0.0, 0.0], [0.0, 0.6278676745247148]]
0.1415, [[0.0, 0.0], [0.6427, 0.0], [0.0, 0.0], [0.0, 0.0], [0.0, 0.6722330661596957], [0.0, 0.0], [0.6223682598300391, 0.0], [0.0, 0.0], [0.0, 0.0], [0.0, 0.21436065250096084]]
0.1656, [[0.0, 0.9133881249321021], [0.5048533120794214, 0.0], [0.0, 0.0], [0.0, 0.6537377931558948], [0.0, 0.0], [0.0, 0.6310078390005442], [0.0, 0.6465737410103215], [0.6215561299122175, 0.0], [0.6427, 0.0], [0.0, 0.8755500156436729]]
0.1718, [[0.0, 0.9756349071156989], [0.6427, 0.0], [0.0, 0.6066579006075675], [0.0, 0.6065941675854465], [0.0, 0.6065164704778436], [0.0, 0.9677534046713745], [0.6223682598300391, 0.0], [0.0, 0.6397468330255303], [0.07573561405625416, 0.0], [0.0, 0.6278676745247148]]
0.0715, [[0.0, 0.6146160848248844], [0.0, 0.08361847844945935], [0.0, 0.08035323560094458], [0.0, 0.0870557424916269], [0.0, 0.05177787371657595], [0.0, 0.04930890825234754], [0.0, 0.049013780047219055], [0.0, 0.05601116235655838], [0.0, 0.05251348234777344], [0.0, 0.05214694196453111]]
0.1859, [[0.0, 0.9824116510592071], [0.7761233539103275, 0.0], [0.0, 0.9655578917979366], [0.0, 0.9648199578489951], [0.0, 0.9398916690928842], [0.0, 0.9206604478001086], [0.0, 0.0], [0.0, 0.05754304837204221], [0.0, 0.0], [0.0, 0.0]]
0.1697, [[0.6427, 0.0], [0.0, 0.9542747448126017], [0.0, 0.9528005490494296], [0.0, 0.6380925692558402], [0.0, 0.8004013555676266], [0.0, 0.6397468330255303], [0.0, 0.6586970311787075], [0.0, 0.6151664372844776], [0.0, 0.6321713312330267], [0.0, 0.6629418496469309]]
0.1099, [[0.0, 0.0], [0.0, 0.6067699130873349], [0.0, 0.9167305131993481], [0.0, 0.6067268941331019], [0.0, 0.9531253612167312], [0.0, 0.0], [0.0, 0.9994454783269973], [0.0, 0.0], [0.0, 0.6068278687044031], [0.0, 0.0]]
0.0935, [[0.0, 0.6356782157523087], [0.0, 0.7527708073872894], [0.08200403049686546, 0.0], [0.0, 0.0], [0.0, 0.0], [0.07573561405625416, 0.0], [0.0, 0.0], [0.0, 0.0], [0.0, 0.0], [0.0, 0.0]]
0.1618, [[0.5403882564596135, 0.0], [0.0, 0.9655578917979366], [0.0, 0.0], [0.5218480032167655, 0.0], [0.5523671727473609, 0.0], [0.0, 0.0], [0.1266917735088343, 0.0], [0.5399483527541284, 0.0], [0.48271494929033726, 0.0], [0.0, 0.0]]
0.1099, [[0.0, 0.9994454783269973], [0.0, 0.0], [0.0, 0.0], [0.0, 0.0], [0.0, 0.0], [0.0, 0.0], [0.0, 0.0], [0.0, 0.0], [0.0, 0.0], [0.0, 0.9539894368278108]]
0.0781, [[0.0, 0.6139274887987051], [0.0, 0.0], [0.0, 0.6140790113537732], [0.0, 0.6139282066199067], [0.0, 0.614444456942457], [0.0, 0.6812872575774048], [0.0, 0.0], [0.0, 0.6137507802200379], [0.0, 0.0], [0.0, 0.6134076637969457]]
0.1255, [[0.0, 0.6148614825588214], [0.5403092993842759, 0.0], [0.0, 0.6147744076802176], [0.5341732066719027, 0.0], [0.0, 0.6145046276009289], [0.524872482148003, 0.0], [0.0, 0.614061170330057], [0.4507790138369742, 0.0], [0.0, 0.6140457822139858], [0.36736863378060963, 0.0]]
0.1830, [[0.7761233539103275, 0.0], [0.0, 0.9542747448126017], [0.0, 0.0], [0.5399483527541284, 0.0], [0.584040239542102, 0.0], [0.6427, 0.0], [0.5403882564596135, 0.0], [0.0, 0.0], [0.07573561405625416, 0.0], [0.5981171581175455, 0.0]]
0.0743, [[0.0, 0.0], [0.0, 0.6183545866376972], [0.0, 0.0], [0.0, 0.6321713312330267], [0.0, 0.0], [0.0, 0.6426242633351451], [0.0, 0.6117205454033638], [0.0, 0.6134714256726641], [0.0, 0.6150879889277252], [0.0, 0.0]]
0.1051, [[0.0, 0.0], [0.0, 0.9505194437805538], [0.0, 0.0], [0.0, 0.651445609994569], [0.0, 0.0], [0.0, 0.6296990800651828], [0.0, 0.0], [0.0, 0.6150821154613056], [0.0, 0.0], [0.0, 0.6146604521569823]]
0.1055, [[0.0, 0.9528005490494296], [0.0, 0.9550556317218908], [0.0, 0.0], [0.0, 0.651445609994569], [0.0, 0.0], [0.0, 0.6799959515480718], [0.0, 0.7527708073872894], [0.0, 0.6326819593699087], [0.0, 0.7217707884845191], [0.0, 0.700266927104835]]
0.1712, [[0.0, 0.0], [0.0, 0.9697756425855518], [0.0, 0.6397468330255303], [0.14767074788664722, 0.0], [0.0, 0.0], [0.0, 0.0], [0.6427, 0.0], [0.0, 0.0], [0.0, 0.0], [0.0, 0.0]]
0.1737, [[0.6427, 0.0], [0.0, 0.994486135795764], [0.6427, 0.0], [0.0, 0.9550556317218908], [0.0, 0.9452303771863121], [0.5218480032167655, 0.0], [0.0, 0.9416768819120046], [0.1266917735088343, 0.0], [0.0, 0.6439629116784358], [0.0, 0.6504561242802834]]
0.1100, [[0.0, 0.8859522611624115], [0.0, 0.0], [0.0, 0.9824116510592071], [0.0, 0.0], [0.0, 1.0], [0.0, 0.0], [0.0, 0.700266927104835], [0.0, 0.61120837856858], [0.0, 0.6150821154613056], [0.0, 0.0]]
0.0970, [[0.0, 0.8699384360673552], [0.0, 0.857510085822923], [0.0, 0.6356782157523087], [0.0, 0.6321713312330267], [0.0, 0.6150899611766637], [0.0, 0.6150572929226582], [0.0, 0.6067699130873349], [0.0, 0.6067296141124586], [0.0, 0.0], [0.0, 0.0]]
0.0853, [[0.0, 0.07665320002196242], [0.0, 0.08033945873826384], [0.0, 0.0713146025366496], [0.0, 0.08047571064624162], [0.0, 0.07755109756767131], [0.0, 0.7527708073872894], [0.0, 0.0], [0.0, 0.11932153406907157], [0.0, 0.6722330661596957], [0.0, 0.6696209827267796]]
0.0744, [[0.0, 0.6444909927213477], [0.0, 0.0], [0.0, 0.6143047643622885], [0.0, 0.0], [0.0, 0.6139425669145417], [0.0, 0.0], [0.0, 0.6137140369232212], [0.0, 0.613126458396866], [0.0, 0.6130477866006708], [0.0, 0.6105955102160501]]
0.0751, [[0.0, 0.6326819593699087], [0.0, 0.629610770450843], [0.0, 0.0], [0.0, 0.651445609994569], [0.0, 0.0], [0.0, 0.6129292419479697], [0.0, 0.0], [0.0, 0.6074364230922611], [0.0, 0.0], [0.0, 0.6069059338713082]]
0.0745, [[0.0, 0.6453420047800118], [0.0, 0.0], [0.0, 0.6313668254209674], [0.0, 0.0], [0.0, 0.6234211548071701], [0.0, 0.0], [0.0, 0.615192631424617], [0.0, 0.0], [0.0, 0.6151770216284689], [0.0, 0.0]]
0.0997, [[0.0, 0.8969948297664321], [0.0, 0.0], [0.0, 0.8004013555676266], [0.0, 0.0], [0.0, 0.7527708073872894], [0.0, 0.0], [0.0, 0.6537377931558948], [0.0, 0.0], [0.0, 0.621837016186855], [0.0, 0.0]]
0.1100, [[0.0, 0.0], [0.0, 1.0], [0.0, 0.9206604478001086], [0.0, 0.606512139271388], [0.0, 0.606553291890497], [0.0, 0.0], [0.0, 0.9994454783269973], [0.0, 0.0], [0.0, 0.606714750287363], [0.0, 0.0]]
0.1074, [[0.0, 0.9740177438348735], [0.0, 0.9133881249321021], [0.0, 0.0], [0.0, 0.7527708073872894], [0.0, 0.6150821154613056], [0.0, 0.6117120346477749], [0.0, 0.6098549558985666], [0.0, 0.6117665225550681], [0.0, 0.614265002697694], [0.0, 0.23625965867786541]]
0.1099, [[0.0, 0.6279180475828359], [0.0, 0.0], [0.0, 0.9994454783269973], [0.0, 0.6277730944052157], [0.0, 0.0], [0.0, 0.9951151719717548], [0.0, 0.0], [0.0, 0.9824116510592071], [0.0, 0.0], [0.0, 0.9782549331884853]]
0.0714, [[0.0, 0.07423201120079088], [0.0, 0.6088016155668676], [0.0, 0.052555824081700175], [0.0, 0.1197649215395597], [0.0, 0.6112368929601913], [0.0, 0.06473077889419644], [0.0, 0.6133998205446995], [0.0, 0.1248753792346127], [0.0, 0.614265002697694], [0.0, 0.24883608514951844]]
0.1697, [[0.0, 0.9542747448126017], [0.0, 0.6455047243889191], [0.6427, 0.0], [0.6337944765903829, 0.0], [0.6223682598300391, 0.0], [0.0, 0.6313668254209674], [0.0, 0.6259759676262914], [0.0, 0.625735702770234], [0.0, 0.6163025638240096], [0.0, 0.6150638015200919]]
0.1204, [[0.48977206679651014, 0.0], [0.0, 0.614355933402144], [0.0, 0.6137140369232212], [0.0, 0.6136923098125688], [0.0, 0.6126259698796593], [0.0, 0.6097461366675268], [0.0, 0.6098017702737573], [0.0, 0.6101692345586338], [0.0, 0.6103335086443501], [0.0, 0.6138655925543643]]
0.1871, [[0.0, 0.994486135795764], [0.7761233539103275, 0.0], [0.0, 0.9677534046713745], [0.6215561299122175, 0.0], [0.0, 0.9542747448126017], [0.5399483527541284, 0.0], [0.0, 0.9531253612167312], [0.5048533120794214, 0.0], [0.0, 0.9463432873438353], [0.13543722547840392, 0.0]]
0.1095, [[0.0, 0.0], [0.0, 0.9951151719717548], [0.0, 0.9054451715372079], [0.0, 0.9463432873438353], [0.0, 0.6397468330255303], [0.0, 0.6397468330255303], [0.0, 0.9824116510592071], [0.0, 0.6380925692558402], [0.0, 0.975599792286801], [0.0, 0.9247573868549706]]
0.1852, [[0.0, 0.9674336089082032], [0.7761233539103275, 0.0], [0.0, 0.9756349071156989], [0.0, 0.9400834420423683], [0.0, 0.9520673179793597], [0.0, 0.9416768819120046], [0.6427, 0.0], [0.0, 0.6108169274437589], [0.6427, 0.0], [0.0, 0.6107938618076896]]
0.1710, [[0.6427, 0.0], [0.0, 0.9648199578489951], [0.0, 0.9677534046713745], [0.0, 0.6259759676262914], [0.6215561299122175, 0.0], [0.0, 0.9463432873438353], [0.5171363999837669, 0.0], [0.0, 0.8969948297664321], [0.3364309655414864, 0.0], [0.0, 0.7378319558935361]]
0.1612, [[0.5655642839118342, 0.0], [0.0, 0.9463432873438353], [0.0, 0.0], [0.0, 0.7217707884845191], [0.0, 0.0], [0.0, 0.6150879889277252], [0.0, 0.0], [0.0, 0.6148176022191466], [0.0, 0.0], [0.0, 0.614571537685613]]
0.1096, [[0.0, 0.6279180475828359], [0.0, 0.9963091806626839], [0.0, 0.9542747448126017], [0.0, 0.0], [0.0, 0.0], [0.0, 0.9398916690928842], [0.0, 0.8634780391091798], [0.0, 0.6273718865833798], [0.0, 0.0], [0.0, 0.8969948297664321]]
0.1467, [[0.0, 0.9994454783269973], [0.36736863378060963, 0.0], [0.0, 0.994486135795764], [0.0, 0.9756349071156989], [0.0, 0.9677534046713745], [0.0, 0.9655578917979366], [0.0, 0.8853928275936989], [0.0, 0.6537377931558948], [0.0, 0.6478678687669754], [0.0, 0.6455047243889191]]
0.0754, [[0.0, 0.0], [0.0, 0.0], [0.0, 0.0], [0.0, 0.6259759676262914], [0.0, 0.6277730944052157], [0.0, 0.6378326568169481], [0.0, 0.6537444816947318], [0.0, 0.6067459779727415], [0.0, 0.6398435033134168], [0.0, 0.6151977480119167]]
0.1682, [[0.586837575925688, 0.0], [0.0, 0.9398916690928842], [0.0, 0.6066306888503131], [0.5731216039803788, 0.0], [0.0, 0.9648199578489951], [0.5403092993842759, 0.0], [0.0, 0.9528983689299304], [0.4507790138369742, 0.0], [0.0, 0.9951151719717548], [0.0, 0.9824116510592071]]
0.0838, [[0.0, 0.7378319558935361], [0.0, 0.6065628178000891], [0.0, 0.0], [0.0, 0.0], [0.0, 0.0], [0.0, 0.6145699007717751], [0.0, 0.606599954139201], [0.0, 0.0], [0.0, 0.614444456942457], [0.0, 0.0]]
0.0838, [[0.0, 0.7381087986963611], [0.0, 0.6068332439184593], [0.0, 0.6068278687044031], [0.0, 0.6068172945647329], [0.0, 0.6068150950057473], [0.0, 0.606771193553684], [0.0, 0.6067662961833493], [0.0, 0.5778282673231482], [0.0, 0.5293122544348708], [0.0, 0.0]]
0.0800, [[0.0, 0.700266927104835], [0.0, 0.21874776170866966], [0.0, 0.6136508771024419], [0.0, 0.25735465179929035], [0.0, 0.6129372836566657], [0.0, 0.37246605792484244], [0.0, 0.609747077928171], [0.0, 0.6096469379999531], [0.0, 0.6096021712918436], [0.0, 0.6061975414623847]]
0.1698, [[0.0, 0.9994454783269973], [0.0, 0.6455047243889191], [0.0, 0.0], [0.0, 0.0], [0.0, 0.0], [0.5981171581175455, 0.0], [0.0, 0.0], [0.0, 0.0], [0.0, 0.0], [0.0, 0.0]]
0.1699, [[0.0, 0.9398916690928842], [0.0, 0.6278676745247148], [0.4507790138369742, 0.0], [0.25382941341292936, 0.0], [0.5981171581175455, 0.0], [0.5171363999837669, 0.0], [0.0, 0.0], [0.6337944765903829, 0.0], [0.0, 0.9648199578489951], [0.0, 0.6277730944052157]]
0.1697, [[0.5640979382268928, 0.0], [0.6427, 0.0], [0.48271494929033726, 0.0], [0.0, 0.0], [0.0, 0.9542747448126017], [0.0, 0.0], [0.0, 0.9284844706137971], [0.0, 0.0], [0.0, 0.9054451715372079], [0.0, 0.0]]
0.1358, [[0.6427, 0.0], [0.0, 0.6151977480119167], [0.5523671727473609, 0.0], [0.0, 0.614509941589059], [0.14767074788664722, 0.0], [0.0, 0.6101390526402214], [0.1266917735088343, 0.0], [0.0, 0.6097543997044266], [0.0, 0.0], [0.0, 0.6092623244739496]]
0.1375, [[0.0, 0.6321713312330267], [0.0, 0.6139274887987051], [0.0, 0.0], [0.0, 0.0], [0.08200403049686546, 0.0], [0.027104834896083896, 0.0], [0.6427, 0.0], [0.0, 0.0], [0.0, 0.0], [0.07573561405625416, 0.0]]
0.1017, [[0.0, 0.0], [0.0, 0.9167305131993481], [0.0, 0.0], [0.0, 0.8755500156436729], [0.0, 0.0], [0.0, 0.7410390057577404], [0.0, 0.0], [0.0, 0.6228323543726235], [0.0, 0.0], [0.0, 0.6074410375565928]]
0.2076, [[0.0, 0.0], [0.0, 0.9416768819120046], [0.0, 0.6065760126908911], [1.0, 0.0], [0.0, 0.9756349071156989], [0.0, 0.6066306888503131], [0.0, 0.0], [0.0, 0.9398916690928842], [0.0, 0.0], [0.0, 0.9206604478001086]]
0.1712, [[0.6427, 0.0], [0.0, 0.9697756425855518], [0.6427, 0.0], [0.0, 0.9677534046713745], [0.6337944765903829, 0.0], [0.0, 0.9542747448126017], [0.6223682598300391, 0.0], [0.0, 0.9520673179793597], [0.5218480032167655, 0.0], [0.0, 0.9505194437805538]]
0.1617, [[0.0, 0.6488836906029344], [0.0, 0.0], [0.0, 0.0], [0.0, 0.9824116510592071], [0.0, 0.0], [0.0, 0.9539894368278108], [0.0, 0.6068332439184593], [0.0, 0.0], [0.0, 0.9951151719717548], [0.5218480032167655, 0.0]]
0.1255, [[0.5341732066719027, 0.0], [0.0, 0.614702692415961], [0.5399483527541284, 0.0], [0.0, 0.6146335306950668], [0.0, 0.6144710775528396], [0.0, 0.6136821505313284], [0.0, 0.6137140369232212], [0.0, 0.6136209228459499], [0.0, 0.6135940524056394], [0.0, 0.6141433615613784]]
0.1582, [[0.0, 0.9994454783269973], [0.48271494929033726, 0.0], [0.0, 0.9697756425855518], [0.4697864701407158, 0.0], [0.0, 0.6141791808393346], [0.13705488133401897, 0.0], [0.0, 0.6139093229960825], [0.0, 0.0], [0.0, 0.0], [0.0, 0.6137164845527692]]
0.1100, [[0.0, 1.0], [0.0, 0.0], [0.0, 0.0], [0.0, 0.0], [0.0, 0.0], [0.0, 0.0], [0.0, 0.0], [0.0, 0.0], [0.0, 0.9579648325909842], [0.0, 0.9520673179793597]]
0.1632, [[0.0, 0.9677534046713745], [0.5640979382268928, 0.0], [0.0, 0.8699384360673552], [0.30321846875543024, 0.0], [0.0, 0.7442438609451396], [0.0, 0.0], [0.0, 0.7383203237371005], [0.0, 0.0], [0.0, 0.6141685599005372], [0.0, 0.0]]
0.1095, [[0.0, 0.9951151719717548], [0.0, 0.6144120434446034], [0.0, 0.49379629512707246], [0.0, 0.40627220273694886], [0.0, 0.0], [0.0, 0.0], [0.0, 0.0], [0.0, 0.0], [0.0, 0.0], [0.0, 0.0]]
0.0714, [[0.0, 0.6137709344577634], [0.0, 0.0], [0.0, 0.6137164845527692], [0.0, 0.6132725913110793], [0.0, 0.0], [0.0, 0.0], [0.0, 0.0], [0.0, 0.0], [0.0, 0.0], [0.0, 0.0]]
0.0900, [[0.0, 0.8004013555676266], [0.0, 0.0], [0.0, 0.7442438609451396], [0.0, 0.0], [0.0, 0.7410390057577404], [0.0, 0.0], [0.0, 0.7383203237371005], [0.0, 0.0], [0.0, 0.6150879889277252], [0.0, 0.12005335090320117]]
0.0754, [[0.0, 0.6537444816947318], [0.0, 0.06455951605995715], [0.0, 0.6444909927213477], [0.0, 0.06289453796738612], [0.0, 0.6150821154613056], [0.0, 0.05720835908417083], [0.0, 0.6149544981116142], [0.0, 0.05164225377477638], [0.0, 0.6141893373055901], [0.0, 0.05532054971723483]]
0.0853, [[0.0, 0.6148614825588214], [0.0, 0.0], [0.0, 0.6296990800651828], [0.0, 0.6142471000961787], [0.0, 0.61357523211898], [0.0, 0.6133888185272935], [0.0, 0.6144114741138661], [0.0, 0.700266927104835], [0.0, 0.7527708073872894], [0.0, 0.6135435505172535]]
0.1742, [[0.6427, 0.0], [0.0, 0.9994454783269973], [0.6427, 0.0], [0.6337944765903829, 0.0], [0.6223682598300391, 0.0], [0.6139424119327137, 0.0], [0.48271494929033726, 0.0], [0.0, 0.9655578917979366], [0.0, 0.9648199578489951], [0.0, 0.9528983689299304]]
0.1095, [[0.0, 0.0], [0.0, 0.9951151719717548], [0.0, 0.9824116510592071], [0.0, 0.9756349071156989], [0.0, 0.9677534046713745], [0.0, 0.9674336089082032], [0.0, 0.9655578917979366], [0.0, 0.9550556317218908], [0.0, 0.9528983689299304], [0.0, 0.9452303771863121]]
0.1684, [[0.6427, 0.0], [0.0, 0.9054451715372079], [0.0, 0.6279180475828359], [0.0, 0.6380925692558402], [0.0, 0.6439629116784358], [0.0, 0.6407205379684956], [0.6427, 0.0], [0.0, 0.9206604478001086], [0.0, 0.636100011732754], [0.0, 0.9416768819120046]]
0.1663, [[0.5981171581175455, 0.0], [0.0, 0.9648199578489951], [0.0, 0.9206604478001086], [0.5646055194255264, 0.0], [0.0, 0.7527708073872894], [0.36736863378060963, 0.0], [0.0, 0.700266927104835], [0.0, 0.0], [0.0, 0.629610770450843], [0.0, 0.0]]
0.1612, [[0.0, 0.6439629116784358], [0.0, 0.0], [0.0, 0.9247573868549706], [0.586837575925688, 0.0], [0.0, 0.0], [0.0, 0.614837389101316], [0.0, 0.6145046276009289], [0.0, 0.08035323560094458], [0.0, 0.6143959346923455], [0.0, 0.08335115675616336]]
0.0985, [[0.0, 0.8431604527973939], [0.0, 0.8853928275936989], [0.0, 0.0], [0.0, 0.7463450027159164], [0.0, 0.6731908858229233], [0.0, 0.6762071033134167], [0.0, 0.0], [0.0, 0.0], [0.0, 0.7356982074959266], [0.0, 0.7365392912547536]]
0.1095, [[0.0, 0.606779750404654], [0.0, 0.9951151719717548], [0.0, 0.0], [0.0, 0.6067662961833493], [0.0, 0.6066943180698585], [0.0, 0.6199571187398166], [0.0, 0.0], [0.0, 0.6151762471556921], [0.0, 0.0], [0.0, 0.6130417783668395]]
0.0853, [[0.0, 0.0], [0.0, 0.7527708073872894], [0.0, 0.7429729340575779], [0.0, 0.0], [0.0, 0.6799959515480718], [0.0, 0.0], [0.0, 0.6444909927213477], [0.0, 0.0], [0.0, 0.6296990800651828], [0.0, 0.6151780818222337]]
0.2021, [[0.0, 0.9206604478001086], [0.6013431186244141, 0.0], [0.0, 0.0], [0.7761233539103275, 0.0], [0.6169540603779475, 0.0], [0.0, 0.0], [1.0, 0.0], [0.0, 0.0], [0.0, 0.0], [0.0, 0.0]]
0.0738, [[0.0, 0.6380925692558402], [0.0, 0.0], [0.0, 0.6321713312330267], [0.0, 0.0], [0.0, 0.6273295606735481], [0.0, 0.0], [0.0, 0.6183545866376972], [0.0, 0.0], [0.0, 0.6151762471556921], [0.0, 0.0]]
0.2076, [[0.0, 0.9398916690928842], [0.0, 0.9648199578489951], [0.0, 0.9756349071156989], [0.0, 0.6065628178000891], [0.0, 0.6455047243889191], [0.0, 0.8699384360673552], [0.0, 0.606495806024068], [0.0, 0.6150899611766637], [0.5341732066719027, 0.0], [1.0, 0.0]]
0.1737, [[0.0, 0.994486135795764], [0.6427, 0.0], [0.6427, 0.0], [0.0, 0.9247573868549706], [0.6337944765903829, 0.0], [0.0, 0.6148176022191466], [0.6139424119327137, 0.0], [0.0, 0.6141791808393346], [0.48977206679651014, 0.0], [0.0, 0.6141685599005372]]
0.1738, [[0.0, 0.9951151719717548], [0.0, 0.606495806024068], [0.6427, 0.0], [0.0, 0.9677534046713745], [0.0, 0.606553291890497], [0.6215561299122175, 0.0], [0.0, 0.9452303771863121], [0.0, 0.6066156645710666], [0.0, 0.9416768819120046], [0.0, 0.606598253536325]]
0.1711, [[0.0, 0.6259759676262914], [0.0, 0.606598253536325], [0.0, 0.9655578917979366], [0.0, 0.606495806024068], [0.0, 0.0], [0.0, 0.994486135795764], [0.14276722857426627, 0.0], [0.0, 0.0], [0.5731216039803788, 0.0], [0.6169540603779475, 0.0]]
0.1067, [[0.0, 0.9648199578489951], [0.0, 0.9674336089082032], [0.0, 0.0], [0.0, 0.9206604478001086], [0.0, 0.9284844706137971], [0.0, 0.0], [0.0, 0.903487101792505], [0.0, 0.0], [0.0, 0.8984720562737647], [0.0, 0.0]]
0.0715, [[0.0, 0.0], [0.0, 0.6148160610148021], [0.0, 0.0], [0.0, 0.614702692415961], [0.0, 0.0], [0.0, 0.6146335306950668], [0.0, 0.0], [0.0, 0.6146160848248844], [0.0, 0.0], [0.0, 0.6144710775528396]]
0.0841, [[0.0, 0.7410390057577404], [0.0, 0.0], [0.0, 0.7356982074959266], [0.0, 0.6586970311787075], [0.0, 0.6812872575774048], [0.0, 0.051394523032998476], [0.0, 0.08079940372261564], [0.0, 0.04899810728600459], [0.0, 0.051394523032998476], [0.0, 0.5972408524713223]]
0.0714, [[0.0, 0.614262639165826], [0.0, 0.0], [0.0, 0.6141433615613784], [0.0, 0.12384059781474782], [0.0, 0.6136821505313284], [0.0, 0.6133358229139787], [0.0, 0.6132243966548594], [0.0, 0.6119772994909568], [0.0, 0.5979478416101714], [0.0, 0.21479557162466353]]
0.1268, [[0.0, 0.6465737410103215], [0.0, 0.0], [0.0, 0.0], [0.0, 0.0], [0.5218480032167655, 0.0], [0.0, 0.0], [0.0, 0.0], [0.0, 0.0], [0.0, 0.0], [0.0, 0.0]]
