0.6871, [[0.44144839085646936, 0.9962739272745871], [0.5298358296783481, 0.9584709719224671], [0.3835393792145618, 0.9930717830000512], [0.2752, 0.9904994699534598], [0.3484891879576083, 0.9714591648340408], [0.30886723262365845, 0.9832366413338106], [0.2752, 0.9805593809134149], [0.2752, 0.9772319318263182], [0.2752, 0.9743921058661075], [0.0, 0.9359039058967933]]
0.4116, [[0.2752, 0.997113800235258], [0.2752, 0.9821562272285583], [0.2752, 0.9364722973456758], [0.2752, 0.9919168474402905], [0.2752, 0.9703009221091393], [0.2752, 0.9515179879302408], [0.2752, 0.959664785045773], [0.1673873060943696, 0.9652839525903953], [0.2752, 0.9427665675343937], [0.2752, 0.9422890863806066]]
0.9133, [[0.7451897395646407, 0.9498025981179359], [0.4597354471644548, 0.9804205534700557], [0.44144839085646936, 0.9962739272745871], [0.3835393792145618, 0.9930717830000512], [0.3484891879576083, 0.9714591648340408], [0.3484891879576083, 0.9714591648340408], [0.31953468213664066, 0.990604490819823], [0.2752, 0.9534348943384647], [0.2752, 0.9956440225540837], [0.2752, 0.997113800235258]]
0.5597, [[0.36830016562458323, 0.9996335661023883], [0.33782173844462604, 0.9825727830511942], [0.2752, 0.981997042346443], [0.2752, 0.9763428923438859], [0.2752, 0.9635493812202731], [0.2752, 0.9553111593617348], [0.2752, 0.9553111593617348], [0.3987785928045404, 0.9550554787500639], [0.2752, 0.9405939805144989], [0.4109699636765122, 0.931470099831228]]
0.9326, [[0.2752, 0.9977962521352223], [0.31953468213664066, 0.990604490819823], [0.2752, 0.9593498694318007], [0.7616291112056195, 0.9677100889377589], [0.2752, 0.9825203093642919], [0.33782173844462604, 0.9851636897151332], [0.2752, 0.9570502137779369], [0.2752, 0.9870873574387563], [0.2752, 0.9494757767094564], [0.2752, 0.9838326659847594]]
0.6205, [[0.4673550539594441, 0.9865624000920574], [0.2752, 0.9973238419679844], [0.2752, 0.9851975697846878], [0.2752, 0.9935441931672889], [0.2752, 0.9835126058916791], [0.2752, 0.986719894645323], [0.2752, 0.9770609146422544], [0.2752, 0.9882422195059581], [0.0, 0.8730471903032783], [0.0, 0.8038379281183933]]
0.4045, [[0.2752, 0.9780260924154861], [0.2752, 0.9731491262210403], [0.2752, 0.965032828517363], [0.2752, 0.9703043027668389], [0.2752, 0.9663791386999437], [0.2752, 0.9144660530353398], [0.23290483780590585, 0.9771133883291567], [0.2009450662393021, 0.9672353270086431], [0.2624676265050129, 0.9644021153787142], [0.1673873060943696, 0.9652839525903953]]
0.6193, [[0.2752, 0.9941741713803508], [0.2752, 0.9933866986140234], [0.2752, 0.986719894645323], [0.4673550539594441, 0.9865624000920574], [0.2752, 0.9864574527182529], [0.2752, 0.98498760154452], [0.2752, 0.9839901605380248], [0.2752, 0.9838326659847594], [0.2752, 0.9805593809134149], [0.2752, 0.9763428923438859]]
0.7288, [[0.36830016562458323, 0.9996335661023883], [0.2752, 0.9973238419679844], [0.5694577850122979, 0.960785840535979], [0.4063981995995297, 0.9722144478596634], [0.2752, 0.9834127295044239], [0.2752, 0.9410952732573007], [0.2752, 0.9645180131437631], [0.2752, 0.9910769744796195], [0.0, 0.9650395898327622], [0.2752, 0.9849723150923133]]
1.1841, [[1.0, 0.9624516228711707], [0.2752, 0.9941741713803508], [0.4063981995995297, 0.9722144478596634], [0.4063981995995297, 0.9722144478596634], [0.7451897395646407, 0.9498025981179359], [0.2752, 0.9933866986140234], [0.3835393792145618, 0.9930717830000512], [0.31953468213664066, 0.990604490819823], [0.2752, 0.9841476550912903], [0.38963506465054776, 0.9708495440597351]]
0.9050, [[0.2752, 0.9971138737278167], [0.7451897395646407, 0.9498025981179359], [0.2752, 0.9878222830256227], [0.2752, 0.9703043027668389], [0.2752, 0.9648126448115378], [0.2752, 0.9591440902674782], [0.2752, 0.9515179879302408], [0.2752, 0.9500227083312023], [0.0, 0.908303334526671], [0.2752, 0.9342692109139262]]
0.5542, [[0.2752, 0.9958539907942515], [0.31953468213664066, 0.990604490819823], [0.2752, 0.9956440225540837], [0.30886723262365845, 0.9832366413338106], [0.2752, 0.9856699799519255], [0.4109699636765122, 0.931470099831228], [0.33172605300862634, 0.958879076100854], [0.2752, 0.9752150755382806], [0.2752, 0.9792656179102951], [0.2752, 0.974803590702194]]
0.5454, [[0.2752, 0.9950665180279241], [0.3835393792145618, 0.9930717830000512], [0.3987785928045404, 0.9550554787500639], [0.2752, 0.9875598410985527], [0.2752, 0.9772319318263182], [0.30886723262365845, 0.9484868608397689], [0.2752, 0.9743921058661075], [0.2752, 0.9569587890349307], [0.2752, 0.9529471977190201], [0.2752, 0.9577106914028537]]
0.4912, [[0.2752, 1.0], [0.3484891879576083, 0.9714591648340408], [0.2752, 0.9941741713803508], [0.2752, 0.974549600419373], [0.2752, 0.9597596639390376], [0.2752, 0.9882422195059581], [0.2752, 0.9933866986140234], [0.2752, 0.9831502140847952], [0.2752, 0.9862999581649875], [0.2752, 0.9903945225796553]]
0.9343, [[0.7616291112056195, 0.9677100889377589], [0.2752, 0.9973238419679844], [0.3835393792145618, 0.9930717830000512], [0.7451897395646407, 0.9498025981179359], [0.2752, 0.9912072767861709], [0.2752, 0.9835126058916791], [0.4399244694974799, 0.9761074956784125], [0.4063981995995297, 0.9722144478596634], [0.41249388503551565, 0.9706226725310694], [0.2752, 0.9838326659847594]]
1.1870, [[0.44144839085646936, 0.9962739272745871], [1.0, 0.9624516228711707], [0.3835393792145618, 0.9930717830000512], [0.31953468213664066, 0.990604490819823], [0.2752, 0.9833602558175216], [0.2752, 0.9653731725566409], [0.2752, 0.9752150755382806], [0.2752, 0.9628839061013655], [0.5298358296783481, 0.9584709719224671], [0.2752, 0.9534348943384647]]
0.5150, [[0.36830016562458323, 0.9996335661023883], [0.2752, 0.9878222830256227], [0.2752, 0.98498760154452], [0.2752, 0.9846200652585281], [0.2752, 0.9839901605380248], [0.0, 0.8844917455121976], [0.2752, 0.974803590702194], [0.0, 0.9012317335447246], [0.2752, 0.963872821971053], [0.2752, 0.972651287628497]]
1.1870, [[0.44144839085646936, 0.9962739272745871], [0.30886723262365845, 0.9832366413338106], [0.2752, 0.9941741713803508], [1.0, 0.9624516228711707], [0.44144839085646936, 0.952339046795888], [0.4109699636765122, 0.931470099831228], [0.2752, 0.9645180131437631], [0.2752, 0.9934917194803866], [0.2752, 0.9666753872040097], [0.2752, 0.9653731725566409]]
0.9319, [[0.7616291112056195, 0.9677100889377589], [0.2752, 0.9941741713803508], [0.2752, 0.9977962521352223], [0.41249388503551565, 0.9706226725310694], [0.4063981995995297, 0.9722144478596634], [0.2752, 0.9914751571625838], [0.2752, 0.9966413900680202], [0.2752, 0.9825203093642919], [0.2752, 0.9856699799519255], [0.2752, 0.9900270597862221]]
0.4127, [[0.2752, 1.0], [0.2752, 0.9966413900680202], [0.2752, 0.986719894645323], [0.2752, 0.9846200652585281], [0.2752, 0.9839901605380248], [0.2752, 0.9834449192451286], [0.2752, 0.9831502140847952], [0.2752, 0.9812984220835677], [0.2752, 0.9778483139160231], [0.2752, 0.9749339665013042]]
0.9368, [[0.2752, 1.0], [0.44144839085646936, 0.9962739272745871], [0.7616291112056195, 0.9677100889377589], [0.2752, 0.9966413900680202], [0.7451897395646407, 0.9498025981179359], [0.3835393792145618, 0.9930717830000512], [0.31953468213664066, 0.990604490819823], [0.30886723262365845, 0.9832366413338106], [0.2752, 0.9825203093642919], [0.0, 0.9144247502173578]]
0.5862, [[0.2752, 0.9933866986140234], [0.44144839085646936, 0.952339046795888], [0.2752, 0.9825203093642919], [0.2752, 0.9835126058916791], [0.2752, 0.9960639590344194], [0.2752, 0.9847776333043523], [0.2752, 0.9831502140847952], [0.2752, 0.9940166768270853], [0.2752, 0.9494757767094564], [0.2752, 0.9914751571625838]]
1.1809, [[0.31953468213664066, 0.990604490819823], [1.0, 0.9624516228711707], [0.2752, 0.9900795334731244], [0.33782173844462604, 0.9825727830511942], [0.2752, 0.9829403193371862], [0.2752, 0.9821680595305069], [0.2752, 0.9593498694318007], [0.2752, 0.9841476550912903], [0.2752, 0.9780260924154861], [0.2752, 0.9834652766838848]]
0.4119, [[0.2752, 0.9851975697846878], [0.2752, 0.9900795334731244], [0.2752, 0.9977962521352223], [0.2752, 0.9699757910295096], [0.2752, 0.9896071233058866], [0.2752, 0.9966413900680202], [0.2752, 0.9893970815731602], [0.2752, 0.9900270597862221], [0.2752, 0.9640777192246714], [0.2752, 0.9881408732675293]]
1.1859, [[0.3835393792145618, 0.9930717830000512], [0.2752, 0.9973238419679844], [1.0, 0.9624516228711707], [0.4399244694974799, 0.9761074956784125], [0.7451897395646407, 0.9498025981179359], [0.2752, 0.9878222830256227], [0.4063981995995297, 0.9722144478596634], [0.36830016562458323, 0.933177037999284], [0.2752, 0.9919168474402905], [0.2752, 0.9780260924154861]]
0.5889, [[0.44144839085646936, 0.952339046795888], [0.2752, 1.0], [0.36830016562458323, 0.933177037999284], [0.3134389967006548, 0.9835786757019382], [0.2752, 0.9347890972740754], [0.2752, 0.9763428923438859], [0.2752, 0.9900795334731244], [0.2752, 0.9956440225540837], [0.2752, 0.9782157767094563], [0.2752, 0.9958539907942515]]
0.5682, [[0.2752, 0.9935441931672889], [0.2752, 0.9922843102337238], [0.4246852559075013, 0.9519006636833222], [0.31953468213664066, 0.9667414570142688], [0.2752, 0.981997042346443], [0.2752, 0.9861949372986243], [0.2752, 0.9763428923438859], [0.2752, 0.9787441147138546], [0.2752, 0.9665619146933975], [0.2752, 0.9818378574643277]]
0.9121, [[0.7451897395646407, 0.9498025981179359], [0.2752, 0.997113800235258], [0.2752, 0.9956440225540837], [0.3835393792145618, 0.9930717830000512], [0.4597354471644548, 0.9804205534700557], [0.2752, 0.9792656179102951], [0.4399244694974799, 0.9761074956784125], [0.2752, 0.9752150755382806], [0.38963506465054776, 0.9708495440597351], [0.2752, 0.9380132893162174]]
1.1846, [[0.4673550539594441, 0.9865624000920574], [1.0, 0.9624516228711707], [0.2752, 0.9851975697846878], [0.33782173844462604, 0.9825727830511942], [0.2752, 0.9925992993402547], [0.2752, 0.9922843102337238], [0.2752, 0.9910769744796195], [0.2752, 0.9900270597862221], [0.2752, 0.9829403193371862], [0.2752, 0.9681943314069452]]
0.5623, [[0.36830016562458323, 0.9996335661023883], [0.2752, 0.9973238419679844], [0.2752, 0.9951715388942873], [0.2752, 0.9893970815731602], [0.2752, 0.9878222830256227], [0.33782173844462604, 0.9851636897151332], [0.2752, 0.9847776333043523], [0.2752, 0.9838326659847594], [0.3484891879576083, 0.9714591648340408], [0.41249388503551565, 0.9706226725310694]]
0.5945, [[0.44144839085646936, 0.9962739272745871], [0.38963506465054776, 0.9708495440597351], [0.3835393792145618, 0.9930717830000512], [0.2752, 0.9941741713803508], [0.2752, 0.9684838920881705], [0.3484891879576083, 0.9714591648340408], [0.2752, 0.974549600419373], [0.2752, 0.9647567904669361], [0.2752, 0.9776992710070066], [0.2752, 0.9986886722753542]]
0.9075, [[0.7451897395646407, 0.9498025981179359], [0.4399244694974799, 0.9761074956784125], [0.5298358296783481, 0.9584709719224671], [0.2752, 0.9900795334731244], [0.27838880544370126, 0.9694237149286554], [0.4109699636765122, 0.931470099831228], [0.2752, 0.9878222830256227], [0.2752, 0.98498760154452], [0.2752, 0.9763428923438859], [0.2752, 0.9681384770623433]]
0.4115, [[0.2752, 0.9966413900680202], [0.2752, 0.9958539907942515], [0.2752, 0.9934917194803866], [0.2752, 0.9934736403109496], [0.2752, 0.9903945225796553], [0.2752, 0.9896071233058866], [0.2752, 0.9856699799519255], [0.2752, 0.9850400752314223], [0.2752, 0.9818378574643277], [0.0, 0.9235321685674832]]
0.6207, [[0.2752, 0.9946465815475886], [0.4780225034724263, 0.9254958162430318], [0.2752, 1.0], [0.2752, 0.9841476550912903], [0.2752, 0.9914751571625838], [0.2752, 0.9511386928348591], [0.2752, 0.9893970815731602], [0.2752, 0.9410952732573007], [0.2752, 0.9506780414770112], [0.2752, 0.9729205643635247]]
0.5885, [[0.2752, 0.9960639590344194], [0.2752, 0.9919168474402905], [0.2752, 0.9896071233058866], [0.2752, 0.9878222830256227], [0.2752, 0.9867249656318724], [0.2752, 0.986719894645323], [0.2752, 0.9838326659847594], [0.2752, 0.9821562272285583], [0.0, 0.9187863130977343], [0.4399244694974799, 0.9761074956784125]]
0.5936, [[0.44144839085646936, 0.9962739272745871], [0.2752, 0.9907619853730885], [0.2752, 0.9893210902674782], [0.2752, 0.9875072939190918], [0.2752, 0.9653731725566409], [0.2752, 0.9639377893929321], [0.2752, 0.9834449192451286], [0.0, 0.9235053437835626], [0.0, 0.9439935258016673], [0.2752, 0.9864574527182529]]
0.4117, [[0.2752, 0.9587554616171432], [0.2752, 0.9973238419679844], [0.2752, 0.9665619146933975], [0.2752, 0.9824153619904874], [0.2752, 0.9824153619904874], [0.2752, 0.9653986009819465], [0.2752, 0.981050458190559], [0.2752, 0.9770626049711041], [0.2752, 0.9698420345726998], [0.2752, 0.9625288635503504]]
0.6110, [[0.2752, 0.997113800235258], [0.4597354471644548, 0.9804205534700557], [0.2752, 0.9951715388942873], [0.2752, 0.9569587890349307], [0.2752, 0.9834652766838848], [0.2752, 0.9792656179102951], [0.2752, 0.9821562272285583], [0.2752, 0.9275346468061167], [0.0, 0.9198511467805451], [0.0, 0.8945357530302254]]
0.4122, [[0.2752, 0.9986886722753542], [0.2752, 0.9792656179102951], [0.2752, 0.9851975697846878], [0.2752, 0.986719894645323], [0.2752, 0.98498760154452], [0.2752, 0.9794756596430215], [0.2752, 0.976850872909528], [0.0, 0.911929016416918], [0.2752, 0.9515399622052881], [0.2752, 0.9648126448115378]]
0.6847, [[0.2752, 0.9956440225540837], [0.3835393792145618, 0.9930717830000512], [0.5298358296783481, 0.9584709719224671], [0.31953468213664066, 0.990604490819823], [0.4063981995995297, 0.9722144478596634], [0.2752, 0.9889771450928246], [0.2752, 0.986265563647522], [0.2752, 0.9847776333043523], [0.2752, 0.9805593809134149], [0.2752, 0.9647567904669361]]
0.5392, [[0.39573075008653363, 0.9373613368281082], [0.2752, 0.986719894645323], [0.3484891879576083, 0.9714591648340408], [0.2752, 0.9973238419679844], [0.2752, 0.9776992710070066], [0.2752, 0.9912072767861709], [0.2752, 0.9509032961693858], [0.2752, 0.9834652766838848], [0.2752, 0.954471212908505], [0.2752, 0.9824153619904874]]
0.5586, [[0.41249388503551565, 0.9706226725310694], [0.2752, 0.997113800235258], [0.2752, 0.9904469962665575], [0.2752, 0.9839901605380248], [0.2752, 0.9752150755382806], [0.2752, 0.9674035514754769], [0.2752, 0.954471212908505], [0.30886723262365845, 0.9484868608397689], [0.0, 0.9201702514703626], [0.0, 0.9174975475886052]]
0.6270, [[0.2752, 0.9946465815475886], [0.4780225034724263, 0.9254958162430318], [0.4399244694974799, 0.9761074956784125], [0.2752, 0.9833602558175216], [0.2752, 0.9940166768270853], [0.2752, 0.9882422195059581], [0.2752, 0.9893970815731602], [0.2752, 0.9511386928348591], [0.2752, 0.9847776333043523], [0.2752, 0.9867249656318724]]
0.5675, [[0.2752, 0.9933866986140234], [0.4246852559075013, 0.9519006636833222], [0.2752, 0.9864574527182529], [0.2752, 0.9645180131437631], [0.2752, 0.9490964816140746], [0.2752, 0.9779397386590293], [0.2752, 0.9778483139160231], [0.2752, 0.9703483248094921], [0.2752, 0.9750860226052268], [0.0, 0.590754328901551]]
1.1854, [[0.2752, 0.9960639590344194], [0.2752, 0.9956440225540837], [0.2752, 0.9941741713803508], [0.3835393792145618, 0.9930717830000512], [0.2752, 0.9933866986140234], [0.31953468213664066, 0.990604490819823], [0.2752, 0.9878222830256227], [0.4399244694974799, 0.9761074956784125], [1.0, 0.9624516228711707], [0.2752, 0.9752150755382806]]
0.7283, [[0.36830016562458323, 0.9996335661023883], [0.5694577850122979, 0.960785840535979], [0.2752, 0.9862075780187184], [0.2752, 0.9851975697846878], [0.2752, 0.9834127295044239], [0.2752, 0.9593498694318007], [0.2752, 0.9783851035646703], [0.2752, 0.9780260924154861], [0.2752, 0.9731491262210403], [0.0, 0.9454753562624661]]
0.9113, [[0.7451897395646407, 0.9498025981179359], [0.4597354471644548, 0.9804205534700557], [0.2752, 0.9933866986140234], [0.5298358296783481, 0.9584709719224671], [0.2752, 0.9971138737278167], [0.2752, 0.9838326659847594], [0.2752, 0.9875072939190918], [0.3484891879576083, 0.9714591648340408], [0.2752, 0.9834262521352222], [0.2752, 0.9817401123612745]]
1.1870, [[0.44144839085646936, 0.9962739272745871], [1.0, 0.9624516228711707], [0.33782173844462604, 0.9851636897151332], [0.2752, 0.9940166768270853], [0.5694577850122979, 0.960785840535979], [0.5298358296783481, 0.9584709719224671], [0.4246852559075013, 0.9519006636833222], [0.2752, 0.9780260924154861], [0.2752, 0.9834262521352222], [0.2752, 0.9364722973456758]]
1.1876, [[0.44144839085646936, 0.9962739272745871], [0.3835393792145618, 0.9930717830000512], [0.4673550539594441, 0.9865624000920574], [0.33782173844462604, 0.9851636897151332], [0.2752, 0.9782157767094563], [0.2752, 0.9778483139160231], [0.2752, 0.9776992710070066], [0.2752, 0.9774266136142791], [0.2752, 0.9681943314069452], [1.0, 0.9624516228711707]]
0.6291, [[0.2752, 1.0], [0.4780225034724263, 0.9254958162430318], [0.2752, 0.9878222830256227], [0.2752, 0.9870873574387563], [0.2752, 0.9910769744796195], [0.2752, 0.9907619853730885], [0.2752, 0.9904469962665575], [0.2752, 0.9882422195059581], [0.4399244694974799, 0.9761074956784125], [0.2752, 0.9838326659847594]]
0.5659, [[0.2752, 0.9881408732675293], [0.2752, 0.9774266136142791], [0.4246852559075013, 0.9519006636833222], [0.3987785928045404, 0.9550554787500639], [0.2752, 0.9779397386590293], [0.2752, 0.9615901430982458], [0.2752, 0.9789463662353604], [0.2752, 0.9553111593617348], [0.2752, 0.9536499335651818], [0.2752, 0.9635493812202731]]
0.6227, [[0.4673550539594441, 0.9865624000920574], [0.36830016562458323, 0.9996335661023883], [0.2752, 1.0], [0.33782173844462604, 0.9825727830511942], [0.2752, 0.9973238419679844], [0.2752, 0.9946465815475886], [0.31953468213664066, 0.990604490819823], [0.2752, 0.9966413900680202], [0.3134389967006548, 0.9835786757019382], [0.2752, 0.9960639590344194]]
0.9331, [[0.2752, 0.9933866986140234], [0.7616291112056195, 0.9677100889377589], [0.3835393792145618, 0.9930717830000512], [0.2752, 0.9950665180279241], [0.41249388503551565, 0.9706226725310694], [0.2752, 0.9928618147598834], [0.2752, 0.9851975697846878], [0.2752, 0.9870873574387563], [0.2752, 0.9900795334731244], [0.2752, 0.9841476550912903]]
0.4791, [[0.2752, 0.9958539907942515], [0.33782173844462604, 0.9851636897151332], [0.2752, 0.9934917194803866], [0.3134389967006548, 0.9835786757019382], [0.2752, 0.9906588018206925], [0.2752, 0.9896071233058866], [0.2752, 0.9881408732675293], [0.2752, 0.9875598410985527], [0.2752, 0.9875072939190918], [0.2752, 0.9862999581649875]]
0.6106, [[0.33782173844462604, 0.9825727830511942], [0.2752, 0.9956440225540837], [0.2752, 0.9870873574387563], [0.4597354471644548, 0.9804205534700557], [0.2752, 0.986719894645323], [0.2752, 0.986719894645323], [0.44144839085646936, 0.952339046795888], [0.4063981995995297, 0.9722144478596634], [0.30886723262365845, 0.9484868608397689], [0.2752, 0.9752150755382806]]
0.5887, [[0.2752, 0.9946465815475886], [0.4399244694974799, 0.9761074956784125], [0.33782173844462604, 0.9851636897151332], [0.2752, 0.9878222830256227], [0.2752, 0.9914751571625838], [0.4063981995995297, 0.9722144478596634], [0.2752, 0.9893970815731602], [0.2752, 0.9608078148110264], [0.2752, 0.9951715388942873], [0.2752, 0.9950665180279241]]
0.4105, [[0.2752, 0.9940166768270853], [0.2752, 0.9910769744796195], [0.2752, 0.986719894645323], [0.2752, 0.9856699799519255], [0.2752, 0.9851975697846878], [0.2752, 0.9847776333043523], [0.2752, 0.9612972017593209], [0.2752, 0.9832552349511584], [0.2752, 0.9647567904669361], [0.0, 0.9120724738914745]]
0.6335, [[0.36830016562458323, 0.9996335661023883], [0.36830016562458323, 0.9996335661023883], [0.4673550539594441, 0.9865624000920574], [0.4780225034724263, 0.9254958162430318], [0.2752, 0.9971138737278167], [0.2752, 0.9956440225540837], [0.2752, 0.9950665180279241], [0.2752, 0.9914751571625838], [0.33782173844462604, 0.9825727830511942], [0.2752, 0.9851975697846878]]
0.4265, [[0.2752, 0.9973238419679844], [0.28905625495668347, 0.9667770274126732], [0.2752, 0.9971138737278167], [0.2752, 0.9838326659847594], [0.2752, 0.9834262521352222], [0.2752, 0.9833602558175216], [0.2752, 0.9829403193371862], [0.2752, 0.9776908193627576], [0.2752, 0.9772319318263182], [0.2752, 0.9335112086636322]]
1.1870, [[0.3835393792145618, 0.9930717830000512], [0.2752, 0.9971138737278167], [1.0, 0.9624516228711707], [0.2752, 0.9951715388942873], [0.7616291112056195, 0.9677100889377589], [0.2752, 0.9881408732675293], [0.5694577850122979, 0.960785840535979], [0.2752, 0.9821680595305069], [0.2752, 0.9783851035646703], [0.2752, 0.9780260924154861]]
0.5396, [[0.31953468213664066, 0.990604490819823], [0.39573075008653363, 0.9373613368281082], [0.2752, 0.9986886722753542], [0.2752, 0.9946465815475886], [0.2752, 0.9914751571625838], [0.2752, 0.9912072767861709], [0.2752, 0.9882422195059581], [0.2752, 0.9849723150923133], [0.2752, 0.9831502140847952], [0.2752, 0.9821562272285583]]
0.9140, [[0.36830016562458323, 0.9996335661023883], [0.44144839085646936, 0.9962739272745871], [0.7451897395646407, 0.9498025981179359], [0.3835393792145618, 0.9930717830000512], [0.38963506465054776, 0.9708495440597351], [0.2752, 0.9922843102337238], [0.2752, 0.9833602558175216], [0.3484891879576083, 0.9714591648340408], [0.2752, 0.9587554616171432], [0.2752, 0.9741600898583337]]
0.6276, [[0.2752, 1.0], [0.36830016562458323, 0.9996335661023883], [0.4780225034724263, 0.9254958162430318], [0.2752, 0.9940166768270853], [0.2752, 0.9900795334731244], [0.2752, 0.9893156518181354], [0.2752, 0.9882422195059581], [0.2752, 0.9832552349511584], [0.2752, 0.9828877721577252], [0.2752, 0.9665805818033039]]
0.9326, [[0.7616291112056195, 0.9677100889377589], [0.4399244694974799, 0.9761074956784125], [0.7451897395646407, 0.9498025981179359], [0.30886723262365845, 0.9832366413338106], [0.2752, 0.9825203093642919], [0.2752, 0.9833602558175216], [0.2752, 0.9878222830256227], [0.2752, 0.9960639590344194], [0.2752, 0.9847776333043523], [0.2752, 0.9971138737278167]]
0.6245, [[0.2752, 1.0], [0.33782173844462604, 0.9851636897151332], [0.4780225034724263, 0.9254958162430318], [0.2752, 0.9986886722753542], [0.2752, 0.9966413900680202], [0.2752, 0.9882422195059581], [0.2752, 0.9882422195059581], [0.2752, 0.98498760154452], [0.2752, 0.9833602558175216], [0.2752, 0.9832552349511584]]
0.6221, [[0.2752, 0.9940166768270853], [0.4780225034724263, 0.9254958162430318], [0.2752, 0.9882422195059581], [0.3987785928045404, 0.9550554787500639], [0.2752, 0.9935441931672889], [0.2752, 0.9506780414770112], [0.2752, 0.9934736403109496], [0.2752, 0.9870873574387563], [0.2752, 0.9903945225796553], [0.2752, 0.9850400752314223]]
0.5936, [[0.44144839085646936, 0.9962739272745871], [0.2752, 0.9833602558175216], [0.2752, 0.9780260924154861], [0.2752, 0.9832552349511584], [0.2752, 0.9770609146422544], [0.2752, 0.9494757767094564], [0.053930117032920506, 0.967066955556692], [0.0, 0.9424899415434971], [0.0, 0.9395022485552089], [0.2752, 0.9342692109139262]]
0.5920, [[0.36830016562458323, 0.9996335661023883], [0.4399244694974799, 0.9761074956784125], [0.2752, 0.9986886722753542], [0.3134389967006548, 0.9835786757019382], [0.2752, 0.9973238419679844], [0.2752, 0.9946465815475886], [0.29362801903367985, 0.9659591287270495], [0.2752, 0.9958539907942515], [0.2752, 0.9941741713803508], [0.2752, 0.9878222830256227]]
0.7262, [[0.2752, 0.997113800235258], [0.33782173844462604, 0.9851636897151332], [0.5694577850122979, 0.960785840535979], [0.41249388503551565, 0.9706226725310694], [0.4063981995995297, 0.9722144478596634], [0.2752, 0.9900795334731244], [0.2752, 0.9835126058916791], [0.2752, 0.9792656179102951], [0.2752, 0.9779397386590293], [0.4246852559075013, 0.9519006636833222]]
0.5583, [[0.2752, 0.9956440225540837], [0.41249388503551565, 0.9706226725310694], [0.2752, 0.9893970815731602], [0.4063981995995297, 0.9722144478596634], [0.2752, 0.9834652766838848], [0.2752, 0.9752150755382806], [0.2752, 0.9824153619904874], [0.2752, 0.9570502137779369], [0.2752, 0.981050458190559], [0.2752, 0.9647567904669361]]
0.4077, [[0.2752, 0.986719894645323], [0.2752, 0.9851975697846878], [0.2752, 0.98498760154452], [0.2752, 0.9746410251623792], [0.2752, 0.9715344212141359], [0.2752, 0.9636281652431852], [0.2752, 0.9539466230245998], [0.11065871156364507, 0.962251943589219], [0.2752, 0.9491890087454611], [0.2744525408424893, 0.9535605666138188]]
0.9365, [[0.2752, 0.9977962521352223], [0.44144839085646936, 0.9962739272745871], [0.2752, 0.9966413900680202], [0.2752, 0.9946465815475886], [0.7616291112056195, 0.9677100889377589], [0.4673550539594441, 0.9865624000920574], [0.31953468213664066, 0.990604490819823], [0.41249388503551565, 0.9706226725310694], [0.33782173844462604, 0.9851636897151332], [0.2752, 0.9782157767094563]]
0.4062, [[0.2752, 0.9826452467140592], [0.2752, 0.9821562272285583], [0.2752, 0.9729205643635247], [0.2752, 0.9793876155577149], [0.2752, 0.9708427827443359], [0.2752, 0.9699757910295096], [0.2752, 0.9776908193627576], [0.2752, 0.9277717338004399], [0.2752, 0.9758535053955915], [0.2752, 0.9509032961693858]]
0.6195, [[0.2752, 0.9946465815475886], [0.4673550539594441, 0.9865624000920574], [0.2752, 0.9941741713803508], [0.2752, 0.9878222830256227], [0.2752, 0.9893156518181354], [0.2752, 0.9850400752314223], [0.2752, 0.9875598410985527], [0.2752, 0.98498760154452], [0.2752, 0.9831502140847952], [0.2752, 0.9779397386590293]]
1.1873, [[0.2752, 0.9951715388942873], [0.36830016562458323, 0.933177037999284], [1.0, 0.9624516228711707], [0.2752, 0.9505984490359536], [0.2752, 0.9971138737278167], [0.2752, 0.9841476550912903], [0.33782173844462604, 0.9825727830511942], [0.2752, 0.96201015307114], [0.2752, 0.9850400752314223], [0.44144839085646936, 0.9962739272745871]]
0.6207, [[0.4780225034724263, 0.9254958162430318], [0.2752, 1.0], [0.2752, 0.9960639590344194], [0.2752, 0.9946465815475886], [0.2752, 0.9933866986140234], [0.2752, 0.9919168474402905], [0.2752, 0.9900795334731244], [0.2752, 0.9900270597862221], [0.2752, 0.9878222830256227], [0.2752, 0.9851975697846878]]
0.4119, [[0.2752, 0.997113800235258], [0.2752, 0.9829403193371862], [0.2752, 0.9956440225540837], [0.2752, 0.9977962521352223], [0.2752, 0.9893970815731602], [0.2752, 0.9821680595305069], [0.2752, 0.9928618147598834], [0.2752, 0.9821562272285583], [0.2752, 0.9912072767861709], [0.2752, 0.9277717338004399]]
0.4469, [[0.30886723262365845, 0.9484868608397689], [0.2752, 0.997113800235258], [0.2752, 0.9900795334731244], [0.2752, 0.9792656179102951], [0.2752, 0.9935441931672889], [0.2752, 0.9893156518181354], [0.2752, 0.9779397386590293], [0.2752, 0.9893210902674782], [0.2752, 0.9611702066179103], [0.2752, 0.9839901605380248]]
0.4585, [[0.2752, 0.9960639590344194], [0.31953468213664066, 0.9667414570142688], [0.2752, 0.9907619853730885], [0.2752, 0.9900270597862221], [0.2752, 0.9875072939190918], [0.2752, 0.986265563647522], [0.2752, 0.9849723150923133], [0.2752, 0.9839901605380248], [0.2752, 0.9838326659847594], [0.2752, 0.9833602558175216]]
0.5945, [[0.2752, 0.9986886722753542], [0.44144839085646936, 0.9962739272745871], [0.41249388503551565, 0.9706226725310694], [0.31953468213664066, 0.990604490819823], [0.30886723262365845, 0.9832366413338106], [0.2752, 0.9752150755382806], [0.2752, 0.9870873574387563], [0.2752, 0.9956440225540837], [0.2752, 0.9922843102337238], [0.2752, 0.9925992993402547]]
0.9317, [[0.2752, 0.9977962521352223], [0.41249388503551565, 0.9706226725310694], [0.2752, 0.9928618147598834], [0.2752, 0.9912072767861709], [0.2752, 0.9903945225796553], [0.2752, 0.9684838920881705], [0.7616291112056195, 0.9677100889377589], [0.2752, 0.9597596639390376], [0.2752, 0.9570502137779369], [0.0, 0.9199116311563442]]
1.1861, [[0.2752, 1.0], [0.2752, 0.9956440225540837], [0.2752, 0.9946465815475886], [0.3835393792145618, 0.9930717830000512], [0.2752, 0.9914751571625838], [0.31953468213664066, 0.990604490819823], [0.29362801903367985, 0.9659591287270495], [1.0, 0.9624516228711707], [0.5298358296783481, 0.9584709719224671], [0.0, 0.957487567994681]]
0.6793, [[0.5298358296783481, 0.9584709719224671], [0.4246852559075013, 0.9519006636833222], [0.3987785928045404, 0.9550554787500639], [0.3484891879576083, 0.9714591648340408], [0.31953468213664066, 0.9667414570142688], [0.2752, 0.9850400752314223], [0.2752, 0.9896071233058866], [0.2752, 0.9824745969927888], [0.2752, 0.9779397386590293], [0.2752, 0.9652122973456758]]
0.5431, [[0.2752, 0.9951715388942873], [0.3987785928045404, 0.9550554787500639], [0.2752, 0.9900795334731244], [0.2752, 0.9950665180279241], [0.38963506465054776, 0.9708495440597351], [0.2752, 0.9896071233058866], [0.2752, 0.9941741713803508], [0.2752, 0.9729205643635247], [0.2752, 0.9919168474402905], [0.2752, 0.9893970815731602]]
0.6275, [[0.4780225034724263, 0.9254958162430318], [0.2752, 0.9986886722753542], [0.3835393792145618, 0.9930717830000512], [0.2752, 0.9966413900680202], [0.3484891879576083, 0.9714591648340408], [0.2752, 0.9956440225540837], [0.2752, 0.9950665180279241], [0.2752, 0.9946465815475886], [0.2752, 0.9941741713803508], [0.2752, 0.9878222830256227]]
0.5941, [[0.44144839085646936, 0.9962739272745871], [0.2752, 0.9977962521352223], [0.28905625495668347, 0.9667770274126732], [0.2752, 0.9900270597862221], [0.2752, 0.9722059227228559], [0.2752, 0.9698420345726998], [0.2752, 0.96201015307114], [0.0, 0.858667856748325], [0.0, 0.8755823896077327], [0.2752, 0.9511386928348591]]
0.5688, [[0.4246852559075013, 0.9519006636833222], [0.33172605300862634, 0.958879076100854], [0.30886723262365845, 0.9832366413338106], [0.0, 0.9122283516084487], [0.2752, 0.9772319318263182], [0.2752, 0.9776908193627576], [0.2752, 0.9770609146422544], [0.2752, 0.9935441931672889], [0.0, 0.5856236907249128], [0.2752, 0.9934917194803866]]
0.9300, [[0.7616291112056195, 0.9677100889377589], [0.2752, 0.9934917194803866], [0.41249388503551565, 0.9706226725310694], [0.2752, 0.9792656179102951], [0.2752, 0.9847776333043523], [0.2752, 0.9856699799519255], [0.2752, 0.9850400752314223], [0.2752, 0.9856699799519255], [0.2752, 0.981997042346443], [0.2752, 0.9464358305119419]]
0.6175, [[0.2752, 0.9893970815731602], [0.2752, 0.9893210902674782], [0.4673550539594441, 0.9865624000920574], [0.2752, 0.9851975697846878], [0.2752, 0.9830452667109906], [0.2752, 0.9602422895719326], [0.2752, 0.9738224650437274], [0.0, 0.908842328952079], [0.2752, 0.9649616877205544], [0.2752, 0.9803325093847491]]
0.4593, [[0.2752, 0.9951715388942873], [0.31953468213664066, 0.990604490819823], [0.2752, 0.9893970815731602], [0.2752, 0.9875598410985527], [0.2752, 0.9875072939190918], [0.2752, 0.9870873574387563], [0.2752, 0.9855463654682145], [0.0, 0.716466194503171], [0.2752, 0.9843626943180075], [0.0, 0.9119507702142894]]
0.6136, [[0.4597354471644548, 0.9804205534700557], [0.44144839085646936, 0.9962739272745871], [0.2752, 0.9966413900680202], [0.2752, 0.9833602558175216], [0.2752, 0.9960639590344194], [0.2752, 0.997113800235258], [0.0, 0.6013], [0.0, 0.9144247502173578], [0.3134389967006548, 0.9835786757019382], [0.4063981995995297, 0.9722144478596634]]
1.1843, [[0.3835393792145618, 0.9930717830000512], [0.2752, 0.9950665180279241], [1.0, 0.9624516228711707], [0.2752, 0.9941741713803508], [0.38963506465054776, 0.9708495440597351], [0.2752, 0.9896071233058866], [0.33782173844462604, 0.9851636897151332], [0.2752, 0.974549600419373], [0.2752, 0.9833602558175216], [0.2752, 0.9511386928348591]]
0.5150, [[0.36830016562458323, 0.9996335661023883], [0.2752, 0.9941741713803508], [0.2752, 0.9919168474402905], [0.2752, 0.9912072767861709], [0.2752, 0.9896071233058866], [0.2752, 0.9882422195059581], [0.2752, 0.9878222830256227], [0.0, 0.8191850105708243], [0.2752, 0.9490964816140746], [0.27838880544370126, 0.9694237149286554]]
0.5150, [[0.36830016562458323, 0.9996335661023883], [0.2752, 0.9973238419679844], [0.2752, 0.9893970815731602], [0.2752, 0.9875598410985527], [0.2752, 0.9875072939190918], [0.2752, 0.9864574527182529], [0.2752, 0.98498760154452], [0.2752, 0.9834127295044239], [0.0, 0.9462356367820794], [0.0, 0.9385442730527285]]
1.1863, [[0.2752, 1.0], [0.2752, 0.9956440225540837], [0.2752, 0.9946465815475886], [0.3835393792145618, 0.9930717830000512], [1.0, 0.9624516228711707], [0.4063981995995297, 0.9722144478596634], [0.3484891879576083, 0.9714591648340408], [0.31953468213664066, 0.990604490819823], [0.29362801903367985, 0.9659591287270495], [0.29362801903367985, 0.9659591287270495]]
0.6204, [[0.4673550539594441, 0.9865624000920574], [0.2752, 0.997113800235258], [0.2752, 0.9752150755382806], [0.2752, 0.9597596639390376], [0.2752, 0.9792656179102951], [0.2752, 0.9681384770623433], [0.2752, 0.9821562272285583], [0.2752, 0.9950665180279241], [0.2752, 0.9904994699534598], [0.2752, 0.9940166768270853]]
0.5936, [[0.44144839085646936, 0.9962739272745871], [0.2752, 0.9910769744796195], [0.2752, 0.9910769744796195], [0.29362801903367985, 0.9659591287270495], [0.2752, 0.9825203093642919], [0.2752, 0.9889771450928246], [0.2752, 0.9647567904669361], [0.2752, 0.9787441147138546], [0.2752, 0.9849723150923133], [0.2752, 0.9612972017593209]]
0.9313, [[0.2752, 0.9977962521352223], [0.2752, 0.9940166768270853], [0.2752, 0.9907619853730885], [0.2752, 0.9870873574387563], [0.2752, 0.9838326659847594], [0.2752, 0.9838326659847594], [0.5694577850122979, 0.960785840535979], [0.0, 0.960520385414003], [0.2752, 0.9457316983071651], [0.7616291112056195, 0.9677100889377589]]
1.1832, [[1.0, 0.9624516228711707], [0.30886723262365845, 0.9832366413338106], [0.30886723262365845, 0.9832366413338106], [0.2752, 0.9977962521352223], [0.33782173844462604, 0.9825727830511942], [0.39573075008653363, 0.9373613368281082], [0.2752, 0.9829403193371862], [0.2752, 0.9834652766838848], [0.2752, 0.9821680595305069], [0.2752, 0.9821562272285583]]
0.9120, [[0.36830016562458323, 0.9996335661023883], [0.7451897395646407, 0.9498025981179359], [0.2752, 0.9906588018206925], [0.5298358296783481, 0.9584709719224671], [0.2752, 0.9893210902674782], [0.4780225034724263, 0.9254958162430318], [0.2752, 0.9875072939190918], [0.2752, 0.98498760154452], [0.2752, 0.9841476550912903], [0.2752, 0.9834127295044239]]
0.9089, [[0.2752, 0.997113800235258], [0.2752, 0.9878222830256227], [0.33782173844462604, 0.9851636897151332], [0.7451897395646407, 0.9498025981179359], [0.2752, 0.9904469962665575], [0.30886723262365845, 0.9832366413338106], [0.5298358296783481, 0.9584709719224671], [0.2752, 0.9780260924154861], [0.44144839085646936, 0.952339046795888], [0.2752, 0.9803325093847491]]
0.5151, [[0.2752, 1.0], [0.36830016562458323, 0.9996335661023883], [0.2752, 0.9966413900680202], [0.2752, 0.9851975697846878], [0.28905625495668347, 0.9667770274126732], [0.2752, 0.9960639590344194], [0.2752, 0.9878222830256227], [0.27838880544370126, 0.9694237149286554], [0.2752, 0.9893970815731602], [0.2752, 0.9875072939190918]]
0.5592, [[0.2752, 0.9986886722753542], [0.41249388503551565, 0.9706226725310694], [0.2752, 0.9914751571625838], [0.2752, 0.9825203093642919], [0.2752, 0.9834127295044239], [0.2752, 0.9889771450928246], [0.2752, 0.9684838920881705], [0.2752, 0.9870873574387563], [0.2752, 0.9647567904669361], [0.2752, 0.9856699799519255]]
0.9134, [[0.31953468213664066, 0.990604490819823], [0.7451897395646407, 0.9498025981179359], [0.4673550539594441, 0.9865624000920574], [0.44144839085646936, 0.952339046795888], [0.2752, 0.9851975697846878], [0.2752, 0.9347890972740754], [0.2752, 1.0], [0.2752, 0.9271079490103821], [0.2752, 0.9824086006750883], [0.2752, 0.9935441931672889]]
0.9352, [[0.7616291112056195, 0.9677100889377589], [0.2752, 0.9986886722753542], [0.4673550539594441, 0.9865624000920574], [0.2752, 0.9966413900680202], [0.3134389967006548, 0.9835786757019382], [0.2752, 0.9851975697846878], [0.2752, 0.9834127295044239], [0.2752, 0.9512639976474198], [0.2752, 0.9656983036362706], [0.2752, 0.9640760288958216]]
0.7298, [[0.5694577850122979, 0.960785840535979], [0.44144839085646936, 0.9962739272745871], [0.2752, 0.9973238419679844], [0.31953468213664066, 0.990604490819823], [0.3134389967006548, 0.9835786757019382], [0.2752, 0.9870873574387563], [0.2752, 0.9825203093642919], [0.29362801903367985, 0.9659591287270495], [0.2752, 0.9835126058916791], [0.2752, 0.9838326659847594]]
0.6150, [[0.2752, 0.9832552349511584], [0.2752, 0.9828877721577252], [0.2752, 0.9826452467140592], [0.2752, 0.9731491262210403], [0.2752, 0.9800141396205186], [0.2752, 0.9722059227228559], [0.28905625495668347, 0.9667770274126732], [0.4780225034724263, 0.9254958162430318], [0.2752, 0.9616293881245844], [0.0, 0.9266270871988953]]
0.6171, [[0.2752, 0.9904994699534598], [0.2752, 0.9870873574387563], [0.4780225034724263, 0.9254958162430318], [0.2752, 0.9889771450928246], [0.2752, 0.9681384770623433], [0.2752, 0.9838326659847594], [0.2752, 0.9805593809134149], [0.2752, 0.9846200652585281], [0.2752, 0.9752760743619905], [0.2752, 0.9737300114048996]]
0.6219, [[0.2752, 0.9904994699534598], [0.4780225034724263, 0.9254958162430318], [0.3134389967006548, 0.9835786757019382], [0.2752, 0.9900795334731244], [0.3987785928045404, 0.9550554787500639], [0.2752, 0.9851975697846878], [0.2752, 0.98498760154452], [0.2752, 0.9846200652585281], [0.2752, 0.9818378574643277], [0.2752, 0.9829403193371862]]
0.1037, [[0.0, 0.9373452419577558], [0.0, 0.9260592101979235], [0.0, 0.8948169355597605], [0.0, 0.7582049682875263], [0.0, 0.7426063002114166], [0.0, 0.7560564270613104], [0.0, 0.6845288372093022], [0.0, 0.7055182663847781], [0.0, 0.6754527061310783], [0.0, 0.6075450739957718]]
0.4602, [[0.2752, 0.9977962521352223], [0.2752, 0.9956440225540837], [0.2752, 0.9946465815475886], [0.31953468213664066, 0.990604490819823], [0.3134389967006548, 0.9835786757019382], [0.2752, 0.96201015307114], [0.2752, 0.9752150755382806], [0.29362801903367985, 0.9659591287270495], [0.2752, 0.9966413900680202], [0.2752, 0.9833602558175216]]
1.1853, [[0.2752, 0.997113800235258], [0.33782173844462604, 0.9851636897151332], [0.4597354471644548, 0.9804205534700557], [1.0, 0.9624516228711707], [0.2752, 0.9838326659847594], [0.2752, 0.9834652766838848], [0.2752, 0.9830452667109906], [0.2752, 0.9752760743619905], [0.2752, 0.9729205643635247], [0.2752, 0.9624813873574388]]
0.6197, [[0.2752, 0.9951715388942873], [0.2752, 0.9907619853730885], [0.2752, 0.9904469962665575], [0.2752, 0.9893156518181354], [0.2752, 0.9870873574387563], [0.4673550539594441, 0.9865624000920574], [0.2752, 0.9864574527182529], [0.33782173844462604, 0.9851636897151332], [0.2752, 0.9834127295044239], [0.2752, 0.9830452667109906]]
0.6105, [[0.2752, 0.9956440225540837], [0.4597354471644548, 0.9804205534700557], [0.2752, 0.9835126058916791], [0.2752, 0.9912072767861709], [0.4063981995995297, 0.9722144478596634], [0.2752, 0.9893970815731602], [0.38963506465054776, 0.9708495440597351], [0.2752, 0.9847776333043523], [0.2752, 0.9647567904669361], [0.2752, 0.9831502140847952]]
0.5493, [[0.2752, 0.9780260924154861], [0.4109699636765122, 0.931470099831228], [0.2752, 0.9763259155628292], [0.2752, 0.9724413193883291], [0.2752, 0.9781748413542679], [0.2752, 0.9906588018206925], [0.2752, 0.9692210959443563], [0.2752, 0.9762480869431801], [0.2752, 0.955104718764384], [0.0, 0.861572576637856]]
0.5544, [[0.2752, 0.9960639590344194], [0.31953468213664066, 0.990604490819823], [0.4109699636765122, 0.931470099831228], [0.2752, 0.9946465815475886], [0.39573075008653363, 0.9373613368281082], [0.2752, 0.9934917194803866], [0.2752, 0.9780260924154861], [0.2752, 0.9919168474402905], [0.2752, 0.9878222830256227], [0.2752, 0.9862075780187184]]
0.7264, [[0.2752, 0.9973238419679844], [0.2752, 0.9941741713803508], [0.2752, 0.9940166768270853], [0.2752, 0.9882422195059581], [0.2752, 0.9780260924154861], [0.2752, 0.9770609146422544], [0.0, 0.9133008285173629], [0.4063981995995297, 0.9722144478596634], [0.5694577850122979, 0.960785840535979], [0.4399244694974799, 0.9761074956784125]]
0.9032, [[0.7451897395646407, 0.9498025981179359], [0.2752, 0.9587554616171432], [0.2752, 0.9922843102337238], [0.2752, 0.9512639976474198], [0.0, 0.9709189945276939], [0.2752, 0.9611702066179103], [0.2752, 0.9653731725566409], [0.0, 0.9507465365417072], [0.2752, 0.918762942464072], [0.0, 0.9470311937298624]]
0.6205, [[0.2752, 0.9973238419679844], [0.2752, 0.9946465815475886], [0.4673550539594441, 0.9865624000920574], [0.2752, 0.9893156518181354], [0.44144839085646936, 0.952339046795888], [0.33782173844462604, 0.9825727830511942], [0.2752, 0.9347890972740754], [0.2752, 0.9681943314069452], [0.2752, 0.9821680595305069], [0.2752, 0.9787441147138546]]
0.6207, [[0.4673550539594441, 0.9865624000920574], [0.2752, 0.9977962521352223], [0.2752, 0.9834127295044239], [0.2752, 0.9973238419679844], [0.2752, 0.9851975697846878], [0.2752, 0.9893156518181354], [0.2752, 0.9878222830256227], [0.2752, 0.9756486081419731], [0.053930117032920506, 0.967066955556692], [0.0, 0.949327395233468]]
1.1861, [[0.36830016562458323, 0.9996335661023883], [1.0, 0.9624516228711707], [0.2752, 0.9977962521352223], [0.33782173844462604, 0.9851636897151332], [0.2752, 0.9934736403109496], [0.28905625495668347, 0.9667770274126732], [0.2752, 0.9896071233058866], [0.27838880544370126, 0.9694237149286554], [0.2752, 0.9271079490103821], [0.2752, 0.9829403193371862]]
0.5860, [[0.2752, 0.9900795334731244], [0.44144839085646936, 0.952339046795888], [0.2752, 0.9904469962665575], [0.2752, 0.9893970815731602], [0.33782173844462604, 0.9825727830511942], [0.2752, 0.9893210902674782], [0.2752, 0.9835126058916791], [0.2752, 0.974549600419373], [0.2752, 0.9681943314069452], [0.2752, 0.9684838920881705]]
0.5895, [[0.2752, 0.9973238419679844], [0.2752, 0.9966413900680202], [0.2752, 0.9946465815475886], [0.2752, 0.9878222830256227], [0.33782173844462604, 0.9851636897151332], [0.2752, 0.9833602558175216], [0.2752, 0.9825203093642919], [0.2752, 0.981997042346443], [0.4399244694974799, 0.9761074956784125], [0.2752, 0.9473794014729198]]
0.4109, [[0.2752, 0.9950665180279241], [0.2752, 0.9792656179102951], [0.2752, 0.9569587890349307], [0.2752, 0.975856886053291], [0.2752, 0.9509032961693858], [0.2752, 0.9758535053955915], [0.2752, 0.9751219604664245], [0.2752, 0.9724413193883291], [0.2752, 0.9715344212141359], [0.0, 0.7947607188160675]]
0.5150, [[0.36830016562458323, 0.9996335661023883], [0.2752, 0.997113800235258], [0.27838880544370126, 0.9694237149286554], [0.2752, 0.9940166768270853], [0.2752, 0.9587554616171432], [0.2752, 0.9893210902674782], [0.2752, 0.9570502137779369], [0.2752, 0.9893156518181354], [0.2752, 0.9851975697846878], [0.2752, 0.9787441147138546]]
0.5343, [[0.38963506465054776, 0.9708495440597351], [0.2752, 0.9835126058916791], [0.2752, 0.9973238419679844], [0.2752, 0.9774266136142791], [0.3484891879576083, 0.9714591648340408], [0.2752, 0.9935441931672889], [0.2752, 0.9904994699534598], [0.2752, 0.9875072939190918], [0.2752, 0.9838326659847594], [0.23130684922757713, 0.9820297465350586]]
0.5471, [[0.36830016562458323, 0.9996335661023883], [0.3987785928045404, 0.9550554787500639], [0.2752, 0.9950665180279241], [0.2752, 0.9821562272285583], [0.2752, 0.9846200652585281], [0.2752, 0.9569587890349307], [0.2752, 0.9828877721577252], [0.2752, 0.9684838920881705], [0.2752, 0.974073736101877], [0.2752, 0.9509032961693858]]
0.5936, [[0.44144839085646936, 0.9962739272745871], [0.2752, 0.9940166768270853], [0.2752, 0.9829403193371862], [0.2752, 0.9684838920881705], [0.2752, 0.9893970815731602], [0.2752, 0.9681384770623433], [0.2752, 0.9855463654682145], [0.2752, 0.9392647206055337], [0.2752, 0.9834449192451286], [0.2752, 0.9776992710070066]]
1.1843, [[0.2752, 0.9971138737278167], [0.2752, 0.9821680595305069], [0.2752, 0.9935441931672889], [0.2752, 0.9787441147138546], [0.2752, 0.9383824424385004], [0.2752, 0.9893210902674782], [0.2752, 0.9511386928348591], [0.7616291112056195, 0.9677100889377589], [1.0, 0.9624516228711707], [0.2752, 0.9731491262210403]]
0.5936, [[0.44144839085646936, 0.9962739272745871], [0.2752, 0.9950665180279241], [0.28905625495668347, 0.9667770274126732], [0.2752, 0.9893970815731602], [0.2752, 0.9729205643635247], [0.2752, 0.9841476550912903], [0.2752, 0.9831502140847952], [0.2752, 0.9793876155577149], [0.2752, 0.9553111593617348], [0.2752, 0.9828877721577252]]
0.4117, [[0.2752, 0.9973238419679844], [0.2752, 0.9941741713803508], [0.2752, 0.9893156518181354], [0.2752, 0.986719894645323], [0.2752, 0.9825203093642919], [0.2752, 0.9772319318263182], [0.2752, 0.9747366389812304], [0.2752, 0.9746410251623792], [0.2752, 0.9741600898583337], [0.2752, 0.9316237727714417]]
0.5301, [[0.2752, 0.997113800235258], [0.3835393792145618, 0.9930717830000512], [0.2752, 0.9933866986140234], [0.2752, 0.9752150755382806], [0.2752, 0.9752150755382806], [0.2752, 0.974549600419373], [0.2752, 0.974549600419373], [0.2752, 0.9437649639441519], [0.2752, 0.9452243791745512], [0.2241159006250869, 0.927370390937452]]
0.4072, [[0.2752, 0.9851975697846878], [0.0, 0.9521150414770112], [0.2752, 0.9437649639441519], [0.0, 0.941074768833427], [0.2752, 0.9383387143660818], [0.0, 0.9515659785710633], [0.0, 0.9521375301999693], [0.2752, 0.9737609517721065], [0.2752, 0.9732468713240935], [0.2752, 0.9715344212141359]]
0.9316, [[0.7616291112056195, 0.9677100889377589], [0.30886723262365845, 0.9832366413338106], [0.2752, 0.9973238419679844], [0.4246852559075013, 0.9519006636833222], [0.2752, 0.9825203093642919], [0.2752, 0.9919168474402905], [0.2752, 0.9469610818288754], [0.2752, 0.9796330807037283], [0.2752, 0.9893156518181354], [0.2752, 0.9862075780187184]]
0.4100, [[0.2752, 0.9914751571625838], [0.2752, 0.9928618147598834], [0.2752, 0.986719894645323], [0.2752, 0.9910769744796195], [0.2752, 0.9912072767861709], [0.2752, 0.9889771450928246], [0.2752, 0.9597596639390376], [0.2752, 0.9699757910295096], [0.2752, 0.9779397386590293], [0.2752, 0.9832552349511584]]
0.5377, [[0.2752, 0.9934917194803866], [0.31953468213664066, 0.990604490819823], [0.39573075008653363, 0.9373613368281082], [0.2752, 0.9922843102337238], [0.2752, 0.9587554616171432], [0.2752, 0.9907619853730885], [0.2752, 0.96201015307114], [0.2752, 0.986265563647522], [0.2752, 0.9846200652585281], [0.2752, 0.963210727509845]]
0.4065, [[0.2752, 0.9553111593617348], [0.2752, 0.9602422895719326], [0.2752, 0.9834652766838848], [0.2752, 0.951092980463356], [0.0, 0.9702112611875415], [0.0, 0.9669449579092723], [0.16898529467269838, 0.9625706073236844], [0.0, 0.958957419168414], [0.0, 0.9558150243440904], [0.18496518045600024, 0.9292475378714263]]
0.9326, [[0.2752, 0.9956440225540837], [0.7616291112056195, 0.9677100889377589], [0.2752, 0.9977962521352223], [0.2752, 0.9977962521352223], [0.2752, 0.9960639590344194], [0.4399244694974799, 0.9761074956784125], [0.41249388503551565, 0.9706226725310694], [0.2752, 0.9597596639390376], [0.27838880544370126, 0.9694237149286554], [0.2752, 0.9597596639390376]]
0.9323, [[0.2752, 0.997113800235258], [0.7616291112056195, 0.9677100889377589], [0.2752, 0.9940166768270853], [0.41249388503551565, 0.9706226725310694], [0.33782173844462604, 0.9851636897151332], [0.2752, 0.9870873574387563], [0.2752, 0.9846200652585281], [0.2752, 0.9922843102337238], [0.2752, 0.9907619853730885], [0.0, 0.9619478313813737]]
1.1877, [[0.2752, 0.9971138737278167], [0.44144839085646936, 0.9962739272745871], [0.2752, 0.9950665180279241], [0.2752, 0.9941741713803508], [0.2752, 0.9933866986140234], [0.3835393792145618, 0.9930717830000512], [0.4597354471644548, 0.9804205534700557], [1.0, 0.9624516228711707], [0.0, 0.9124951295964813], [0.0, 0.6977277378435515]]
0.7260, [[0.4597354471644548, 0.9804205534700557], [0.2752, 0.9934736403109496], [0.2752, 0.9904994699534598], [0.5694577850122979, 0.960785840535979], [0.4399244694974799, 0.9761074956784125], [0.2752, 0.9778483139160231], [0.2752, 0.9805593809134149], [0.4246852559075013, 0.9519006636833222], [0.2752, 0.9752760743619905], [0.2752, 0.9645180131437631]]
0.5293, [[0.3835393792145618, 0.9930717830000512], [0.2752, 0.9752150755382806], [0.2752, 0.9792656179102951], [0.2752, 0.986265563647522], [0.2752, 0.9950665180279241], [0.2752, 0.9831502140847952], [0.2752, 0.9900270597862221], [0.2752, 0.9914751571625838], [0.2752, 0.9821562272285583], [0.2752, 0.9597596639390376]]
0.5586, [[0.2752, 0.997113800235258], [0.2752, 0.9825203093642919], [0.41249388503551565, 0.9706226725310694], [0.2752, 0.9826452467140592], [0.2752, 0.9821562272285583], [0.29362801903367985, 0.9659591287270495], [0.29362801903367985, 0.9659591287270495], [0.2752, 0.9793876155577149], [0.27838880544370126, 0.9694237149286554], [0.2752, 0.9782157767094563]]
0.5061, [[0.36830016562458323, 0.933177037999284], [0.2752, 0.9763428923438859], [0.2752, 0.9925992993402547], [0.2752, 0.9834652766838848], [0.2752, 0.981050458190559], [0.2752, 0.9405939805144989], [0.2752, 0.9729917051603334], [0.2752, 0.9729917051603334], [0.2752, 0.9715344212141359], [0.1577993746243827, 0.955601454968547]]
0.5936, [[0.44144839085646936, 0.9962739272745871], [0.2752, 0.9940166768270853], [0.2752, 0.9731491262210403], [0.2752, 0.9935441931672889], [0.2752, 0.9612972017593209], [0.2752, 0.9910769744796195], [0.2752, 0.9889771450928246], [0.2752, 0.9862999581649875], [0.2752, 0.9834652766838848], [0.2752, 0.981050458190559]]
1.1865, [[0.2752, 0.9956440225540837], [0.3835393792145618, 0.9930717830000512], [0.4673550539594441, 0.9865624000920574], [0.2752, 0.9838326659847594], [0.33782173844462604, 0.9825727830511942], [0.2752, 0.9805593809134149], [0.2752, 0.9772319318263182], [0.2752, 0.9772319318263182], [1.0, 0.9624516228711707], [0.7451897395646407, 0.9498025981179359]]
0.5945, [[0.2752, 0.9986886722753542], [0.44144839085646936, 0.9962739272745871], [0.2752, 0.9946465815475886], [0.31953468213664066, 0.990604490819823], [0.2752, 0.9910769744796195], [0.3134389967006548, 0.9835786757019382], [0.2752, 0.9889771450928246], [0.2752, 0.9882422195059581], [0.2752, 0.9849723150923133], [0.0, 0.9551054536899708]]
0.5743, [[0.4246852559075013, 0.9519006636833222], [0.36830016562458323, 0.9996335661023883], [0.2752, 0.9825203093642919], [0.2752, 0.9850400752314223], [0.2752, 0.9973238419679844], [0.2752, 0.9847776333043523], [0.2752, 0.9856699799519255], [0.2752, 0.9893156518181354], [0.2752, 0.9494757767094564], [0.2752, 0.9520107555362348]]
1.1806, [[1.0, 0.9624516228711707], [0.2752, 0.9922843102337238], [0.5694577850122979, 0.960785840535979], [0.5298358296783481, 0.9584709719224671], [0.4246852559075013, 0.9519006636833222], [0.33172605300862634, 0.958879076100854], [0.30886723262365845, 0.9832366413338106], [0.2752, 0.974549600419373], [0.2752, 0.9681943314069452], [0.0, 0.9383288663632179]]
0.4100, [[0.2752, 0.9834127295044239], [0.2752, 0.9919168474402905], [0.2752, 0.9900795334731244], [0.2752, 0.9906588018206925], [0.2752, 0.9826452467140592], [0.2752, 0.9652513953868971], [0.2752, 0.9734485349051296], [0.2752, 0.98498760154452], [0.2752, 0.963872821971053], [0.2752, 0.9928618147598834]]
0.7262, [[0.2752, 0.9960639590344194], [0.3134389967006548, 0.9835786757019382], [0.5694577850122979, 0.960785840535979], [0.2752, 0.9946465815475886], [0.2752, 0.9825203093642919], [0.4399244694974799, 0.9761074956784125], [0.2752, 0.9910769744796195], [0.2752, 0.9862999581649875], [0.2752, 0.9850400752314223], [0.2752, 0.9847776333043523]]
1.1879, [[0.36830016562458323, 0.9996335661023883], [0.2752, 0.9958539907942515], [0.2752, 0.9940166768270853], [0.3835393792145618, 0.9930717830000512], [0.2752, 0.9912072767861709], [0.2752, 0.9870873574387563], [0.3134389967006548, 0.9835786757019382], [0.4597354471644548, 0.9804205534700557], [0.2752, 0.971887626451184], [1.0, 0.9624516228711707]]
0.5411, [[0.2752, 0.9946465815475886], [0.3987785928045404, 0.9550554787500639], [0.2752, 0.9934736403109496], [0.2752, 0.9900795334731244], [0.2752, 0.9878222830256227], [0.2752, 0.9906588018206925], [0.2752, 0.9722059227228559], [0.2752, 0.9900270597862221], [0.2752, 0.9404873428118448], [0.2752, 0.9846200652585281]]
0.9317, [[0.7616291112056195, 0.9677100889377589], [0.31953468213664066, 0.990604490819823], [0.2752, 0.9956440225540837], [0.2752, 0.9835126058916791], [0.2752, 0.9925992993402547], [0.41249388503551565, 0.9706226725310694], [0.2752, 0.9752150755382806], [0.2752, 0.9570502137779369], [0.2752, 0.9821680595305069], [0.39573075008653363, 0.9373613368281082]]
0.4127, [[0.2752, 1.0], [0.2752, 0.9851975697846878], [0.2752, 0.9946465815475886], [0.2752, 0.9900795334731244], [0.2752, 0.9448714679077379], [0.2752, 0.9882422195059581], [0.2752, 0.9444007480693499], [0.2752, 0.9914751571625838], [0.2752, 0.9950665180279241], [0.2752, 0.9960639590344194]]
1.1870, [[1.0, 0.9624516228711707], [0.2752, 0.9971138737278167], [0.2752, 0.9956440225540837], [0.7616291112056195, 0.9677100889377589], [0.2752, 0.9946465815475886], [0.7451897395646407, 0.9498025981179359], [0.3835393792145618, 0.9930717830000512], [0.2752, 0.9941741713803508], [0.2752, 0.9933866986140234], [0.2752, 0.9914751571625838]]
0.4751, [[0.33782173844462604, 0.9851636897151332], [0.2752, 0.9838326659847594], [0.30886723262365845, 0.9832366413338106], [0.2752, 0.9830452667109906], [0.2752, 0.9772319318263182], [0.2752, 0.9772319318263182], [0.2752, 0.9752150755382806], [0.2752, 0.9824153619904874], [0.2752, 0.9645180131437631], [0.2752, 0.9608078148110264]]
0.5320, [[0.39573075008653363, 0.9373613368281082], [0.2752, 0.9490795048330178], [0.2752, 0.9612972017593209], [0.2752, 0.9838326659847594], [0.2752, 0.9741600898583337], [0.2752, 0.981050458190559], [0.2752, 0.9776908193627576], [0.2752, 0.9752760743619905], [0.2752, 0.9788131242264615], [0.2752, 0.9846200652585281]]
0.4115, [[0.2752, 0.9933866986140234], [0.2752, 0.9787441147138546], [0.2752, 0.9856699799519255], [0.2752, 0.9779397386590293], [0.2752, 0.9966413900680202], [0.2752, 0.9934917194803866], [0.2752, 0.9864574527182529], [0.2752, 0.9826452467140592], [0.2752, 0.9861949372986243], [0.2752, 0.9602422895719326]]
0.5880, [[0.4399244694974799, 0.9761074956784125], [0.2752, 0.9946465815475886], [0.2752, 0.9825203093642919], [0.2752, 0.9893970815731602], [0.2752, 0.9835126058916791], [0.2752, 0.9847776333043523], [0.2752, 0.9792656179102951], [0.2752, 0.9889771450928246], [0.2752, 0.9782157767094563], [0.2752, 0.9711036813276736]]
0.4797, [[0.2752, 0.9973238419679844], [0.2752, 0.9935441931672889], [0.2752, 0.9907619853730885], [0.2752, 0.9904994699534598], [0.2752, 0.9893210902674782], [0.0, 0.9513987095074925], [0.33782173844462604, 0.9851636897151332], [0.2752, 0.9846200652585281], [0.2752, 0.9587554616171432], [0.2752, 0.9839901605380248]]
0.6103, [[0.4597354471644548, 0.9804205534700557], [0.2752, 0.9792656179102951], [0.2752, 0.9946465815475886], [0.2752, 0.9951715388942873], [0.2752, 0.9950665180279241], [0.2752, 0.9941741713803508], [0.2752, 0.9914751571625838], [0.2752, 0.981997042346443], [0.2752, 0.9934917194803866], [0.2752, 0.9881408732675293]]
0.7237, [[0.31953468213664066, 0.990604490819823], [0.2752, 0.9825203093642919], [0.5694577850122979, 0.960785840535979], [0.2752, 0.9925992993402547], [0.4246852559075013, 0.9519006636833222], [0.2752, 0.9934917194803866], [0.2752, 0.9867249656318724], [0.2752, 0.9856699799519255], [0.2752, 0.9268708620160588], [0.2752, 0.9469610818288754]]
0.6290, [[0.36830016562458323, 0.9996335661023883], [0.4780225034724263, 0.9254958162430318], [0.2752, 0.9731491262210403], [0.31953468213664066, 0.9667414570142688], [0.2752, 0.9903945225796553], [0.2752, 0.9838326659847594], [0.2752, 0.9861949372986243], [0.2752, 0.9828877721577252], [0.4246852559075013, 0.9519006636833222], [0.0, 0.707840401691332]]
0.6205, [[0.2752, 0.9946465815475886], [0.4673550539594441, 0.9865624000920574], [0.2752, 0.9900795334731244], [0.30886723262365845, 0.9832366413338106], [0.2752, 0.9973238419679844], [0.2752, 0.9825203093642919], [0.2752, 0.9914751571625838], [0.2752, 0.9893156518181354], [0.2752, 0.9907619853730885], [0.2752, 0.9966413900680202]]
0.4109, [[0.2752, 0.9951715388942873], [0.2752, 0.9805593809134149], [0.2752, 0.9934736403109496], [0.2752, 0.9650226865442643], [0.2752, 0.974464936991766], [0.2752, 0.9605512522886515], [0.0, 0.9645496149439984], [0.2752, 0.9441020008182888], [0.2752, 0.930852100905232], [0.2752, 0.9322156083465452]]
0.4094, [[0.2752, 0.9910769744796195], [0.2752, 0.9724413193883291], [0.2752, 0.9648126448115378], [0.2752, 0.9763259155628292], [0.2752, 0.924547541758298], [0.2752, 0.9622105672786785], [0.2752, 0.9354938174193217], [0.2752, 0.9762480869431801], [0.2009450662393021, 0.9672353270086431], [0.2752, 0.958526826267069]]
0.9043, [[0.2752, 0.9922843102337238], [0.2752, 0.9870873574387563], [0.2752, 0.9904994699534598], [0.2752, 0.9875072939190918], [0.7451897395646407, 0.9498025981179359], [0.2752, 0.9951715388942873], [0.2752, 0.9841476550912903], [0.2752, 0.9780260924154861], [0.2752, 0.9763428923438859], [0.2752, 0.9653986009819465]]
0.5890, [[0.2752, 0.9973238419679844], [0.4399244694974799, 0.9761074956784125], [0.2752, 0.9829403193371862], [0.2752, 0.9933866986140234], [0.3484891879576083, 0.9714591648340408], [0.41249388503551565, 0.9706226725310694], [0.2752, 0.9912072767861709], [0.3987785928045404, 0.9550554787500639], [0.2752, 0.9838326659847594], [0.28905625495668347, 0.9667770274126732]]
0.6110, [[0.4597354471644548, 0.9804205534700557], [0.2752, 0.9971138737278167], [0.4399244694974799, 0.9761074956784125], [0.2752, 0.997113800235258], [0.4246852559075013, 0.9519006636833222], [0.2752, 0.9956440225540837], [0.4063981995995297, 0.9722144478596634], [0.2752, 0.9950665180279241], [0.2752, 0.9835126058916791], [0.2752, 0.9628839061013655]]
0.4771, [[0.33782173844462604, 0.9851636897151332], [0.2752, 0.9904469962665575], [0.2752, 0.9870873574387563], [0.3134389967006548, 0.9835786757019382], [0.2752, 0.9855463654682145], [0.2752, 0.9593498694318007], [0.2752, 0.9490795048330178], [0.2752, 0.9448714679077379], [0.2752, 0.9625288635503504], [0.0, 0.9179600362604203]]
0.5407, [[0.2752, 0.9889771450928246], [0.33782173844462604, 0.9825727830511942], [0.2752, 0.9856699799519255], [0.2752, 0.9787441147138546], [0.2752, 0.9774266136142791], [0.2752, 0.9846200652585281], [0.3987785928045404, 0.9550554787500639], [0.2752, 0.9615901430982458], [0.2752, 0.975856886053291], [0.2752, 0.9647043167800338]]
0.9075, [[0.2752, 0.997113800235258], [0.2752, 0.9946465815475886], [0.7451897395646407, 0.9498025981179359], [0.31953468213664066, 0.990604490819823], [0.2752, 0.9960639590344194], [0.33782173844462604, 0.9851636897151332], [0.30886723262365845, 0.9832366413338106], [0.2752, 0.9752150755382806], [0.2752, 0.9593498694318007], [0.2752, 0.9444007480693499]]
0.5524, [[0.2752, 0.9960639590344194], [0.2752, 0.9851975697846878], [0.4063981995995297, 0.9722144478596634], [0.3134389967006548, 0.9835786757019382], [0.2752, 0.9941741713803508], [0.2752, 0.9958539907942515], [0.3484891879576083, 0.9714591648340408], [0.2752, 0.9950665180279241], [0.2752, 0.9763428923438859], [0.2752, 0.9681384770623433]]
0.6124, [[0.3835393792145618, 0.9930717830000512], [0.4597354471644548, 0.9804205534700557], [0.2752, 0.9971138737278167], [0.33782173844462604, 0.9851636897151332], [0.2752, 0.9933866986140234], [0.2752, 0.974549600419373], [0.2752, 0.9896071233058866], [0.2752, 0.9597596639390376], [0.2752, 0.9490795048330178], [0.0, 0.5946562472301361]]
0.5700, [[0.2752, 0.9958539907942515], [0.2752, 0.9934736403109496], [0.2752, 0.9928618147598834], [0.3134389967006548, 0.9835786757019382], [0.4246852559075013, 0.9519006636833222], [0.31953468213664066, 0.9667414570142688], [0.2752, 0.9824745969927888], [0.3987785928045404, 0.9550554787500639], [0.2752, 0.9699757910295096], [0.2752, 0.9779397386590293]]
0.9141, [[0.7451897395646407, 0.9498025981179359], [0.44144839085646936, 0.9962739272745871], [0.2752, 0.9986886722753542], [0.5298358296783481, 0.9584709719224671], [0.31953468213664066, 0.990604490819823], [0.2752, 0.9946465815475886], [0.4399244694974799, 0.9761074956784125], [0.2752, 0.9774266136142791], [0.2752, 0.9882422195059581], [0.2752, 0.9835126058916791]]
0.9082, [[0.7451897395646407, 0.9498025981179359], [0.3835393792145618, 0.9930717830000512], [0.4780225034724263, 0.9254958162430318], [0.3484891879576083, 0.9714591648340408], [0.2752, 0.9922843102337238], [0.2752, 0.9900795334731244], [0.2752, 0.9841476550912903], [0.2752, 0.9752150755382806], [0.2752, 0.974549600419373], [0.2752, 0.9743921058661075]]
0.9311, [[0.7616291112056195, 0.9677100889377589], [0.2752, 0.9511386928348591], [0.2752, 0.9587554616171432], [0.2752, 0.9313752209379635], [0.2752, 0.9490795048330178], [0.2752, 0.986719894645323], [0.2752, 0.9829403193371862], [0.2752, 0.9973238419679844], [0.2752, 0.9951715388942873], [0.2752, 0.9741600898583337]]
0.4115, [[0.2752, 0.9966413900680202], [0.2752, 0.9922843102337238], [0.2752, 0.9935441931672889], [0.2752, 0.9875072939190918], [0.2752, 0.9870873574387563], [0.2752, 0.9875598410985527], [0.2752, 0.9934917194803866], [0.2752, 0.9640760288958216], [0.2752, 0.9843626943180075], [0.2752, 0.9533976336112105]]
0.5150, [[0.36830016562458323, 0.9996335661023883], [0.2752, 0.9941741713803508], [0.33782173844462604, 0.9851636897151332], [0.2752, 0.9882422195059581], [0.2752, 0.9935441931672889], [0.2752, 0.9511386928348591], [0.2752, 0.9792656179102951], [0.2752, 0.9824745969927888], [0.2752, 0.9268708620160588], [0.2752, 0.9783851035646703]]
0.9354, [[0.44144839085646936, 0.9962739272745871], [0.7616291112056195, 0.9677100889377589], [0.2752, 0.9925992993402547], [0.2752, 0.9922843102337238], [0.31953468213664066, 0.990604490819823], [0.39573075008653363, 0.9373613368281082], [0.2752, 0.9900270597862221], [0.2752, 0.9841476550912903], [0.2752, 0.9424973642919245], [0.0, 0.9646847677594231]]
0.9095, [[0.7451897395646407, 0.9498025981179359], [0.2752, 0.9966413900680202], [0.3835393792145618, 0.9930717830000512], [0.2752, 0.9946465815475886], [0.4109699636765122, 0.931470099831228], [0.2752, 0.9960639590344194], [0.33782173844462604, 0.9825727830511942], [0.2752, 0.9851975697846878], [0.2752, 0.9900795334731244], [0.2752, 0.9950665180279241]]
0.5882, [[0.33782173844462604, 0.9851636897151332], [0.2752, 0.9960639590344194], [0.44144839085646936, 0.952339046795888], [0.2752, 0.9856699799519255], [0.2752, 0.9847776333043523], [0.2752, 0.9821680595305069], [0.2752, 0.9934917194803866], [0.33172605300862634, 0.958879076100854], [0.2752, 0.974803590702194], [0.2616686322158449, 0.96262344847338]]
0.6231, [[0.2752, 0.9973238419679844], [0.2752, 1.0], [0.44144839085646936, 0.9962739272745871], [0.2752, 0.9448714679077379], [0.2752, 0.9870873574387563], [0.2752, 0.9851975697846878], [0.2752, 0.9977962521352223], [0.2752, 0.9649227366644504], [0.2752, 0.9570502137779369], [0.4673550539594441, 0.9865624000920574]]
0.6840, [[0.4597354471644548, 0.9804205534700557], [0.5298358296783481, 0.9584709719224671], [0.2752, 0.9900795334731244], [0.33782173844462604, 0.9825727830511942], [0.4780225034724263, 0.9254958162430318], [0.2752, 0.9896071233058866], [0.2752, 0.98498760154452], [0.4109699636765122, 0.931470099831228], [0.2752, 0.9934736403109496], [0.2752, 0.9841476550912903]]
0.4902, [[0.2752, 0.997113800235258], [0.2752, 0.9951715388942873], [0.2752, 0.9875072939190918], [0.2752, 0.986265563647522], [0.2752, 0.9805831190098706], [0.2752, 0.9805593809134149], [0.2752, 0.9746580019434359], [0.3484891879576083, 0.9714591648340408], [0.2752, 0.9690252382754565], [0.2752, 0.9681384770623433]]
0.4063, [[0.2752, 0.9829403193371862], [0.2752, 0.9821562272285583], [0.2752, 0.9788131242264615], [0.2752, 0.9763259155628292], [0.2752, 0.9758535053955915], [0.2752, 0.9749339665013042], [0.2752, 0.9612972017593209], [0.2752, 0.9602422895719326], [0.2752, 0.9548782881910703], [0.20174406052846286, 0.9419290463356007]]
0.9347, [[0.7616291112056195, 0.9677100889377589], [0.2752, 0.997113800235258], [0.2752, 0.9956440225540837], [0.2752, 0.9941741713803508], [0.2752, 0.9941741713803508], [0.2752, 0.9933866986140234], [0.3835393792145618, 0.9930717830000512], [0.2752, 0.9821562272285583], [0.4597354471644548, 0.9804205534700557], [0.4063981995995297, 0.9722144478596634]]
1.1873, [[0.44144839085646936, 0.9962739272745871], [1.0, 0.9624516228711707], [0.3835393792145618, 0.9930717830000512], [0.38963506465054776, 0.9708495440597351], [0.2752, 0.9925992993402547], [0.30886723262365845, 0.9832366413338106], [0.2752, 0.9878222830256227], [0.2752, 0.9971138737278167], [0.2752, 0.9587554616171432], [0.2752, 0.9780260924154861]]
0.9324, [[0.2752, 0.9977962521352223], [0.7616291112056195, 0.9677100889377589], [0.2752, 0.9893970815731602], [0.2752, 0.9904994699534598], [0.41249388503551565, 0.9706226725310694], [0.41249388503551565, 0.9706226725310694], [0.2752, 0.9850400752314223], [0.33782173844462604, 0.9825727830511942], [0.3987785928045404, 0.9550554787500639], [0.2752, 0.9862999581649875]]
1.1873, [[0.44144839085646936, 0.9962739272745871], [1.0, 0.9624516228711707], [0.36830016562458323, 0.933177037999284], [0.2752, 0.9569587890349307], [0.2752, 0.9593498694318007], [0.2752, 0.9410952732573007], [0.2752, 0.9821680595305069], [0.2752, 0.9821680595305069], [0.2752, 0.9950665180279241], [0.2752, 0.9971138737278167]]
0.6110, [[0.2752, 0.9900795334731244], [0.2752, 0.986719894645323], [0.2752, 0.9933866986140234], [0.2752, 0.997113800235258], [0.2752, 0.9914751571625838], [0.2752, 0.9934736403109496], [0.2752, 0.9919168474402905], [0.2752, 0.9824745969927888], [0.4597354471644548, 0.9804205534700557], [0.0, 0.9299507146729401]]
0.9324, [[0.7616291112056195, 0.9677100889377589], [0.2752, 0.9977962521352223], [0.2752, 0.9935441931672889], [0.2752, 0.9933866986140234], [0.2752, 0.9900795334731244], [0.2752, 0.9851975697846878], [0.33782173844462604, 0.9851636897151332], [0.2752, 0.9803325093847491], [0.2752, 0.9803325093847491], [0.2752, 0.9787441147138546]]
0.4484, [[0.2752, 0.9977962521352223], [0.2752, 0.9914751571625838], [0.30886723262365845, 0.9832366413338106], [0.2752, 0.9882422195059581], [0.2752, 0.9835126058916791], [0.2752, 0.9825203093642919], [0.2752, 0.9834262521352222], [0.2752, 0.9770609146422544], [0.2752, 0.9444007480693499], [0.2752, 0.9616293881245844]]
0.6285, [[0.4780225034724263, 0.9254958162430318], [0.36830016562458323, 0.9996335661023883], [0.3987785928045404, 0.9550554787500639], [0.2752, 1.0], [0.2752, 0.9950665180279241], [0.2752, 0.9862075780187184], [0.2752, 0.9861949372986243], [0.2752, 0.9855463654682145], [0.2752, 0.9851975697846878], [0.2752, 0.98498760154452]]
0.4112, [[0.2752, 0.9960639590344194], [0.2752, 0.9934917194803866], [0.25128170645670445, 0.9921739244105763], [0.2752, 0.9889771450928246], [0.2752, 0.9850400752314223], [0.2752, 0.9862999581649875], [0.2752, 0.9782157767094563], [0.2752, 0.9587554616171432], [0.0, 0.9158851208510203], [0.2752, 0.9368279278371605]]
0.4112, [[0.2752, 0.9960639590344194], [0.2752, 0.9729205643635247], [0.2752, 0.9737609517721065], [0.2752, 0.9666753872040097], [0.2752, 0.9703009221091393], [0.2752, 0.9422890863806066], [0.11545267729863855, 0.9604874607477114], [0.2752, 0.9539547072060552], [0.2752, 0.9548782881910703], [0.2752, 0.9385348660052166]]
0.5895, [[0.2752, 0.9973238419679844], [0.2752, 0.9951715388942873], [0.33782173844462604, 0.9851636897151332], [0.2752, 0.9818378574643277], [0.4399244694974799, 0.9761074956784125], [0.2752, 0.965032828517363], [0.2752, 0.9624813873574388], [0.2752, 0.9570502137779369], [0.2752, 0.9582034590088477], [0.2752, 0.9605512522886515]]
0.9133, [[0.2752, 0.9971138737278167], [0.44144839085646936, 0.9962739272745871], [0.2752, 0.9956440225540837], [0.3835393792145618, 0.9930717830000512], [0.2752, 0.9833602558175216], [0.4597354471644548, 0.9804205534700557], [0.4399244694974799, 0.9761074956784125], [0.4063981995995297, 0.9722144478596634], [0.38963506465054776, 0.9708495440597351], [0.7451897395646407, 0.9498025981179359]]
