1.1878, [[0.9856771719270065, 0.9528023902644435], [0.9793926657317136, 0.9913095156644769], [0.9809028959026752, 0.9735052467576217], [0.9758850343668984, 0.9942418265117062], [0.9803670077774954, 0.9700491990062321], [0.9704774360128092, 0.9786839666498233], [0.9791003631179789, 0.9555084620178541], [0.9603929958389669, 0.9670120528044467], [0.9760311856737658, 0.9315656798888328], [0.9667749362388379, 0.9490557359777666]]
1.1601, [[0.9877232902231484, 0.9665559090449721], [0.9841669417560445, 0.9365454325416877], [0.9841669417560445, 0.9365454325416877], [0.9455342796407932, 0.9085614307731178], [0.8901916514403821, 0.9167014928415025], [0.8903865198495384, 0.889803819942732], [0.8929198091685716, 0.8776694575543205], [0.8780123758681087, 0.907600757705912], [0.94085743782104, 0.8596181291056089], [0.9358395762852632, 0.8595137336196732]]
1.1321, [[0.9877232902231484, 0.8972276292740442], [0.949236779414764, 0.9423497922351357], [0.8673433304667972, 0.8830288168266801], [0.8622280347264424, 0.9076903442816238], [0.8364079705132226, 0.8500216620346975], [0.7962650782270088, 0.8682571488125316], [0.8017213936833872, 0.8674969092134074], [0.819259550507461, 0.8619577902981304], [0.8188698136891487, 0.8407355955869967], [0.8005034661261599, 0.7737618572461157]]
1.1947, [[0.9603442787366776, 0.9917284172140812], [0.9901104282353143, 0.9861777150917973], [0.9947872700550671, 0.9171466398854641], [0.9853848693132718, 0.9492246455280444], [0.9508444437903043, 0.9869794489641233], [0.9909873360765176, 0.8632779826511707], [0.9791003631179789, 0.9555084620178541], [0.988989934882665, 0.94305900707428], [0.9746671068096711, 0.964082821037561], [0.9599545419183648, 0.9809410791645612]]
1.0686, [[0.949236779414764, 0.8861430866599292], [0.7906138943614741, 0.9205852395149067], [0.9473855295277784, 0.9068930090955029], [0.860669087453191, 0.8922340940710797], [0.9423676679920021, 0.8734710581943743], [0.8052290250482024, 0.875479644938521], [0.8975966509883244, 0.8263672870978609], [0.8602306335325893, 0.8715349031497388], [0.8635921135905367, 0.8671834295098536], [0.8665151397278823, 0.8536266786255684]]
1.1027, [[0.9411984575370635, 0.9337040278760318], [0.9500649701536785, 0.8884795221492338], [0.9688697716372691, 0.8379263013306384], [0.9377395432745381, 0.8889154319521644], [0.8884865528602639, 0.8621571974060973], [0.88278665189244, 0.8594649082027961], [0.8454693515389937, 0.8277131384537645], [0.8542384299510307, 0.8323006749199933], [0.8591101401799401, 0.8317748852956037], [0.22947433145028434, 0.16656972482612603]]
0.9114, [[0.8436668187542974, 0.8658460822806131], [0.6253265044989618, 0.6612179316949762], [0.7685937641268032, 0.5538821128284434], [0.0, 0.0], [0.0, 0.0], [0.0, 0.0], [0.0, 0.0], [0.0, 0.0], [0.0, 0.05798405805866359], [0.0, 0.0]]
1.1533, [[0.9670672388525727, 0.9808363904328787], [0.9560084566329484, 0.9297355331817415], [0.9526956936772899, 0.9183304729661447], [0.9513803319154845, 0.8983906419066869], [0.9458265822545275, 0.8544480599629442], [0.9390549050363436, 0.8700985854808826], [0.9393959247523672, 0.9097025965976082], [0.9412958917416416, 0.9115877268822639], [0.9328678330456288, 0.8973264530907866], [0.9245859256564828, 0.8597552214923362]]
1.1930, [[0.9919616781222995, 0.9925662203132897], [0.9669210875457053, 0.9661741030823647], [0.972426120104373, 0.9163764299309416], [0.9856284548247173, 0.9143121264948627], [0.9666287849319706, 0.9499914831564764], [0.9601006932252322, 0.9649173984335522], [0.8681228041034225, 0.9200384828196058], [0.9620006602145066, 0.8757813948121946], [0.880302079675696, 0.9141735678794004], [0.9522572397566879, 0.908785030655213]]
1.0752, [[0.9653621402724544, 0.8673501397170289], [0.984264375960623, 0.8545751819942733], [0.885953263541231, 0.8886915388243221], [0.9110912883224034, 0.8799951895738587], [0.8226210305654088, 0.894323470018528], [0.8375771809681606, 0.751847207444887], [0.8367002731269568, 0.8365649079501432], [0.8245697146569726, 0.8559516775307395], [0.7885677760653318, 0.8707278908539665], [0.7962650782270088, 0.8682571488125316]]
0.8972, [[0.8008444858421839, 0.8914779599124139], [0.8017213936833872, 0.8674969092134074], [0.8053264592527805, 0.7915237741235993], [0.798944518852909, 0.7251286805204193], [0.2943633191515163, 0.6269910928381963], [0.29541169565349196, 0.24800832174175924], [0.7276215554066946, 0.23179035984275773], [0.0, 0.0], [0.0, 0.0], [0.2261452762422564, 0.0]]
1.0400, [[0.9493342136193421, 0.8795044428162371], [0.8799123428573832, 0.891927359019707], [0.2906664125392864, 0.7294556823274306], [0.2699012007720836, 0.07507028726942795], [0.2381372320192414, 0.002635282733595572], [0.0, 0.0], [0.0, 0.0], [0.0, 0.0], [0.0, 0.0], [0.0, 0.0]]
1.1424, [[0.9819746721530351, 0.8622374001179048], [0.9769568106172588, 0.955988212059963], [0.9815849353347228, 0.9400995709954523], [0.9671646730571508, 0.9499274089607548], [0.9523546739612664, 0.9432091488967492], [0.9530367133933135, 0.9099789807141654], [0.8196980044280632, 0.9058470015159171], [0.9124553671864981, 0.8661419672393464], [0.8555537917128362, 0.8857609874515748], [0.910360531788067, 0.8764560066531919]]
0.8562, [[0.8551153377922345, 0.7964276194434406], [0.8367977073315349, 0.7662568124322369], [0.2620107881519509, 0.6221699562334218], [0.6819880754478556, 0.6013852665782496], [0.0, 0.0], [0.0, 0.0], [0.0, 0.0], [0.0, 0.0], [0.0, 0.0], [0.0, 0.0]]
0.0120, [[0.0, 0.020267989114000292], [0.0, 0.0], [0.0, 0.0], [0.0, 0.0], [0.0, 0.0], [0.0, 0.0], [0.0, 0.0], [0.0, 0.0], [0.0, 0.0], [0.0, 0.0]]
1.0428, [[0.881861026948947, 0.9183194762506317], [0.9326729646364721, 0.7458025088543548], [0.8739688563781138, 0.9183194762506317], [0.8761124088788341, 0.9016525609735557], [0.8513154038136851, 0.8927579775981136], [0.853312805007538, 0.8124522511745571], [0.22895933948440167, 0.0], [0.6895936554409955, 0.5220532581143731], [0.8592075743845182, 0.8711102833080681], [0.8632023767722242, 0.8712349127505473]]
1.1127, [[0.979636251243159, 0.9305960628263433], [0.9339396092959887, 0.8761038185110326], [0.2892133994926884, 0.6092485450928381], [0.27378203308641474, 0.5312414281298313], [0.0, 0.0854947202902934], [0.0, 0.06438023586331987], [0.0, 0.04765977623223428], [0.0, 0.03131161778046511], [0.0, 0.018102110674327338], [0.0, 0.0]]
1.1818, [[0.9827541457896609, 0.9292109165403403], [0.9726697056158184, 0.9408428023412497], [0.9703800018082311, 0.9921473187636854], [0.972426120104373, 0.9163764299309416], [0.9667749362388379, 0.9490557359777666], [0.7862780722577445, 0.9405693506821629], [0.9555212856100574, 0.8688624080343608], [0.9463137532774184, 0.8914521542866767], [0.7800422831647403, 0.9302514990736063], [0.9407600036164618, 0.8650590106956375]]
1.1323, [[0.9814875011301443, 0.9227851691089777], [0.9513316148131952, 0.9476512354724609], [0.9482624373689822, 0.9077772916456124], [0.9487496083918732, 0.894110426983325], [0.8564794166563292, 0.9023619224355736], [0.9452419770270585, 0.8742333505137274], [0.9415394772530872, 0.8841443236483073], [0.9487496083918732, 0.862045030907866], [0.8613024097829494, 0.8666711291898266], [0.860669087453191, 0.8562220501094829]]
1.1384, [[0.9798311196523153, 0.9542348957385887], [0.9518675029383754, 0.9446970778170792], [0.9419779311736892, 0.8784056510021897], [0.9616109233961943, 0.9073189485430353], [0.9438291810606749, 0.8976628059626073], [0.788031887940152, 0.9277534851776992], [0.9473855295277784, 0.9068930090955029], [0.9326729646364721, 0.7458025088543548], [0.9663364823182363, 0.9162919751558026], [0.9356934249783958, 0.884424959828196]]
1.1971, [[0.9853848693132718, 0.9492246455280444], [0.9560571737352372, 1.0], [0.9896232572124233, 0.8666834455112009], [0.9884540467574848, 0.917960836702038], [0.9772978303332824, 0.9663834805457302], [0.9859694745407412, 0.869899618241536], [0.9550828316894554, 0.956876746673404], [0.9848002640858027, 0.9189001028297119], [0.9791003631179789, 0.9555084620178541], [0.9666287849319706, 0.9499914831564764]]
0.3967, [[0.4728346256365103, 0.5926033859416449], [0.2330424900710438, 0.3773017047913428], [0.22934558345881367, 0.15171381917145405], [0.22901451719503185, 0.0018397338977925264], [0.0, 0.12338931962503777], [0.0, 0.07086829150287269], [0.0, 0.004726265497429752], [0.0, 0.0], [0.0, 0.0], [0.0, 0.0]]
0.8599, [[0.8251056027821524, 0.8294727595586996], [0.2690183574019988, 0.21195868158451706], [0.22029643891544462, 0.028206930752948466], [0.0, 0.0], [0.0, 0.0], [0.0, 0.0], [0.0, 0.0], [0.0, 0.0], [0.0, 0.0], [0.0, 0.0]]
1.1250, [[0.9726697056158184, 0.9408428023412497], [0.9747645410142496, 0.9091668366178204], [0.9811464814141206, 0.9061263180899445], [0.9526469765750006, 0.9383185429509853], [0.972426120104373, 0.9163764299309416], [0.9794900999362917, 0.889075544130032], [0.9663364823182363, 0.9162919751558026], [0.9508444437903043, 0.904089139885464], [0.9438291810606749, 0.8976628059626073], [0.87094839603619, 0.8938485585312447]]
1.1797, [[0.9652647060678763, 0.9815695048004043], [0.9650211205564309, 0.9751809995789119], [0.981779803743879, 0.9742383611251475], [0.9780285868676188, 0.9683734461849419], [0.9748132581165385, 0.9677450205490988], [0.9886489151666414, 0.9652314646286004], [0.9848002640858027, 0.95496449115715], [0.9910360531788068, 0.9413901455280445], [0.9720363832860601, 0.9302177758127], [0.8743098760941374, 0.9258022279770928]]
0.0140, [[0.0, 0.04045455095252492], [0.0, 0.0], [0.0, 0.0], [0.0, 0.0], [0.0, 0.0], [0.0, 0.0], [0.0, 0.0], [0.0, 0.0], [0.0, 0.0], [0.0, 0.0]]
1.0900, [[0.972426120104373, 0.9163764299309416], [0.7435932733922875, 0.4516180479134494], [0.4481164906588058, 0.8380884662287351], [0.23909364567016655, 0.0], [0.23859704627449388, 0.6129936366047748], [0.2386890091255444, 0.10871237980042313], [0.228113281254737, 0.24104084668884154], [0.22905130233545218, 0.12006081644995424], [0.0, 0.0], [0.0, 0.0]]
1.1093, [[0.8676843501828209, 0.9372286951322218], [0.9500649701536785, 0.9158805513727473], [0.971841514876904, 0.9043121532760654], [0.8755278036513647, 0.8999156664140139], [0.9457778651522387, 0.8779298597776656], [0.8626664886470441, 0.8832835007579585], [0.9406625694118838, 0.8679228486609398], [0.8717278696728157, 0.8753437255347819], [0.9358395762852632, 0.8595137336196732], [0.2359669087344496, 0.0]]
0.7853, [[0.7683988957176471, 0.7744420462594872], [0.3655507310383596, 0.8302337322721914], [0.2794653372813355, 0.19861418808587822], [0.3454811407861061, 0.16530564257635288], [0.2656709096237607, 0.13935516177804666], [0.0, 0.0], [0.0, 0.0], [0.0, 0.0], [0.0, 0.0], [0.0, 0.0]]
1.0894, [[0.9526469765750006, 0.9349006171467071], [0.9078272424690341, 0.9274202113862219], [0.8343131351147914, 0.8881219089607546], [0.8875609279167713, 0.8688720851440122], [0.820672346473845, 0.8761530837965301], [0.8380643519910516, 0.7239277112396099], [0.823400504202034, 0.7874210252981567], [0.8233517870997452, 0.833024258800741], [0.8201851754509542, 0.8721127438942228], [0.7717116586733055, 0.8731539129189826]]
0.9126, [[0.8225723134631195, 0.8891536941216103], [0.3813196948079882, 0.7681866039031444], [0.2945840299940375, 0.27958686422739576], [0.2487681376006791, 0.16812642273964268], [0.0, 0.000304807983066286], [0.0, 0.0], [0.0, 0.0], [0.0, 0.0], [0.22325764271927076, 0.0], [0.0, 0.0]]
1.1873, [[0.9583955946451138, 0.956457258632306], [0.9836797707331535, 0.8739672299983158], [0.9549853974848772, 0.9973838080680479], [0.9827541457896609, 0.9296872942563585], [0.944900957311035, 0.9191103600303185], [0.9809516130049645, 0.8870179853461344], [0.8837609939382218, 0.9215552964460165], [0.9593212195886065, 0.9028358075627423], [0.8607178045554803, 0.9134191931952164], [0.9566904960649956, 0.8931356781202628]]
1.1731, [[0.9703800018082311, 0.9921473187636854], [0.9705748702173873, 0.9726674436584135], [0.9742286528890695, 0.9532922572848239], [0.9340857606028561, 0.9113999029813037], [0.8739688563781138, 0.9183194762506317], [0.9443163520835659, 0.9006907149233621], [0.9438291810606749, 0.8976628059626073], [0.8718253038773938, 0.888185836533603], [0.8773303364360615, 0.8793481428330806], [0.8608152387600584, 0.8558851107461682]]
1.0989, [[0.9518675029383754, 0.9446970778170792], [0.9268269123617808, 0.8694462603166583], [0.7839883684501572, 0.9070089877884454], [0.8337772469896112, 0.6766454560896278], [0.7928548810667722, 0.898591808489136], [0.7971419860682125, 0.8714286015664477], [0.4538206756536607, 0.8534838679467746], [0.5085808516042661, 0.852227163297962], [0.7988470846483309, 0.7658062800867363], [0.675523332453684, 0.792076976508854]]
1.0678, [[0.946557338788864, 0.9202678009937678], [0.9316011883861122, 0.9036571889001179], [0.8869763226893018, 0.9183194762506317], [0.7980188939094163, 0.9130260972713492], [0.8848327701885819, 0.9042639143506821], [0.8755278036513647, 0.8999156664140139], [0.874602178707872, 0.9049784076132726], [0.863153659669935, 0.890215097102914], [0.8723124749002847, 0.8639172583796532], [0.8528256339846472, 0.8852879820616473]]
1.1887, [[0.9734004621501549, 0.9901573531244737], [0.9764209224920787, 0.9883770581943743], [0.9809516130049645, 0.9802079647970356], [0.9753491462417186, 0.9829923331648982], [0.9809028959026752, 0.9735052467576217], [0.9908411847696507, 0.9445658503452922], [0.9830951655056844, 0.9371231266632979], [0.9733030279455768, 0.9588768292908877], [0.9706235873196767, 0.9658598902644435], [0.9827541457896609, 0.9296872942563585]]
1.0225, [[0.8752842181399192, 0.9421835218965808], [0.8611562584760819, 0.941464336702038], [0.8812277046191891, 0.9294425806804785], [0.8706560934224553, 0.918218306467913], [0.8748944813216069, 0.9103816071248105], [0.8613024097829494, 0.8304703815900287], [0.8615947123966841, 0.8551974494694291], [0.8679279356942663, 0.9017282183762844], [0.7815525133357024, 0.9047942492841502], [0.8700227710926974, 0.8485134991578239]]
1.1351, [[0.9620006602145066, 0.9508361775307395], [0.9620006602145066, 0.9508361775307395], [0.9620006602145066, 0.9508361775307395], [0.9803670077774954, 0.9418292810341924], [0.9463624703797078, 0.9337257280613105], [0.9288243135556339, 0.8965591755937342], [0.947482963732357, 0.8769813564089607], [0.9398830957752581, 0.8656847971197573], [0.9412958917416416, 0.8936598548930437], [0.8721663235934174, 0.9160947673909381]]
1.1783, [[0.9853848693132718, 0.9492246455280444], [0.9860669087453193, 0.8541021766043455], [0.9841182246537556, 0.9586334353208692], [0.9848002640858027, 0.9189001028297119], [0.9628775680557105, 0.9653760347818763], [0.9726697056158184, 0.9454373767054068], [0.9525982594727118, 0.9857588135421931], [0.9490906281078968, 0.9724831387064174], [0.9534751673139151, 0.983873536634664], [0.9577622723153556, 0.8433183575037899]]
0.8385, [[0.8363105363086439, 0.7955265547524396], [0.21430046102695205, 0.10982579981856623], [0.0, 0.0], [0.0, 0.0], [0.0, 0.0], [0.0, 0.0], [0.0, 0.0], [0.0, 0.0], [0.0, 0.0], [0.0, 0.0]]
1.1104, [[0.9431471416286273, 0.9463820678794004], [0.9620006602145066, 0.9032749430688899], [0.9353036881600835, 0.9048452740441302], [0.9023709270126556, 0.8707775960080848], [0.8893147435991784, 0.8749393396496548], [0.8806430993917196, 0.8683665294761663], [0.8746508958101613, 0.8806019150244232], [0.8744560274010047, 0.8794896339060132], [0.8711919815476356, 0.9042639143506821], [0.8601331993280112, 0.8524705572679805]]
1.0885, [[0.9505034240742807, 0.936199549183089], [0.8780123758681087, 0.8845456304530909], [0.7822345527677496, 0.9174356335691426], [0.8739201392758249, 0.8971079850092639], [0.87094839603619, 0.8820883777160182], [0.8525820484732016, 0.8852058732524845], [0.8208672148830013, 0.8721237406097355], [0.7787269214029349, 0.8704890421930268], [0.6565093824708343, 0.8685652034697658], [0.5827352565373795, 0.66482894506686]]
1.0393, [[0.7975317228865254, 0.900177534866094], [0.939347207650078, 0.8985039813879063], [0.7962650782270088, 0.8824307421256528], [0.8799610599596724, 0.8722057027960249], [0.8164339585746939, 0.8738722183762843], [0.8701689223995643, 0.8460967143338386], [0.7810653423128116, 0.8688135826174836], [0.7930010323736395, 0.8585583389759138], [0.7999675780009801, 0.8266379529223514], [0.7905651772591848, 0.7849224958438745]]
1.1591, [[0.9925462833497689, 0.9609376137780025], [0.9490906281078968, 0.917258073269328], [0.9794900999362917, 0.889075544130032], [0.9809516130049645, 0.8870179853461344], [0.9493342136193421, 0.8677891286003032], [0.9470445098117548, 0.8762357790971871], [0.9339396092959887, 0.8761038185110326], [0.8425950425039374, 0.8380745370557521], [0.8592562914868075, 0.8642239934310258], [0.8896070462129131, 0.8866691695300658]]
1.1845, [[0.9544495093596971, 0.9870155181910056], [0.9525982594727118, 0.9857588135421931], [0.9670672388525727, 0.9808363904328787], [0.9855797377224285, 0.9651267758969176], [0.9903052966444704, 0.9418427703385549], [0.9832900339148412, 0.9070993074785246], [0.9707697386265436, 0.8997580468249958], [0.9531341475978916, 0.938593900707428], [0.9501136872559679, 0.9626890240020212], [0.9570315157810192, 0.9350793504295101]]
1.1321, [[0.9826567115850828, 0.9070249696816575], [0.8726047775140191, 0.9416699019706922], [0.9828028628919502, 0.8824808871483915], [0.8815687243352126, 0.9206526860367188], [0.9909873360765176, 0.8632779826511707], [0.9482624373689822, 0.9011132820448038], [0.9345242145234578, 0.8779728202796024], [0.884443033370269, 0.8793886107461683], [0.8312439576705783, 0.8714611518443658], [0.8853199412114727, 0.8569400623210376]]
1.1028, [[0.9735466134570223, 0.9272784270675425], [0.9606852984527012, 0.8729807513053731], [0.8761124088788341, 0.9016525609735557], [0.8679279356942663, 0.9017282183762844], [0.8643228701248731, 0.8724652252821291], [0.8788405666070231, 0.8690744247094492], [0.8448360292092354, 0.8684200468249959], [0.8588665546684946, 0.7775302529815686], [0.8543358641556088, 0.8433462158497558], [0.8593537256913856, 0.8368140202122284]]
1.1359, [[0.9581032920313791, 0.9735052467576217], [0.9535238844162044, 0.9333258874852619], [0.9566904960649956, 0.8931356781202628], [0.8688535606377589, 0.8516414049183091], [0.8671971791599299, 0.8620970820279602], [0.8329490562506967, 0.8423430221492336], [0.8201851754509542, 0.6469251814239245], [0.8183826426662577, 0.9080624731345798], [0.6530868714739229, 0.8504467217449891], [0.0, 0.013756855155729863]]
1.1507, [[0.9794900999362917, 0.9659647256189996], [0.9683826006143781, 0.9586942838133738], [0.959418653793185, 0.9503665444669024], [0.9325268133296047, 0.9342962376621189], [0.9494803649262096, 0.9212969469429005], [0.9517213516315081, 0.9080478108472293], [0.950795726688015, 0.9062981600976924], [0.9390549050363436, 0.8700985854808826], [0.9400292470821254, 0.8692074116557182], [0.0, 0.0]]
1.1761, [[0.9782721723790643, 0.9846066510021896], [0.9784670407882206, 0.9792654729661446], [0.9742773699913587, 0.978846424793667], [0.24753583539660245, 0.09438771091623799], [0.979197797322557, 0.9497313741788782], [0.9726697056158184, 0.9408428023412497], [0.9724748372066618, 0.9436941773623043], [0.959077634077161, 0.9407482305878391], [0.9564956276558394, 0.9518260285497726], [0.9845566785743572, 0.9561604939363315]]
1.1426, [[0.9859694745407412, 0.9505523156476334], [0.9611237523733033, 0.9085485279602493], [0.881861026948947, 0.9183194762506317], [0.8751867839353411, 0.9034549959575544], [0.9877232902231484, 0.8972276292740442], [0.8851250728023166, 0.8901071826680143], [0.9493342136193421, 0.8795044428162371], [0.9725722714112404, 0.8807781557183763], [0.8811302704146105, 0.8835343724945258], [0.883371257119909, 0.8752711472123968]]
0.9352, [[0.8648100411477639, 0.8693609258042784], [0.860669087453191, 0.8342960656055247], [0.6542277084728946, 0.8208380968558009], [0.7789705069143804, 0.6506733133357425], [0.28849608925449455, 0.6716923021322738], [0.6101153445126821, 0.5468996383307632], [0.35082434338573143, 0.6075765450928383], [0.30338713006222245, 0.5910588925729444], [0.2885328743949147, 0.6051982692307692], [0.29250566956029633, 0.5986987572944297]]
1.1935, [[0.9798311196523153, 0.9650355764695975], [0.9863592113590537, 0.90251822241873], [0.9560571737352372, 1.0], [0.9731081595364202, 0.9309677518106788], [0.9534751673139151, 0.983873536634664], [0.9518187858360861, 0.917773012801078], [0.9524033910635552, 0.8275327923193533], [0.9405164181050164, 0.9166003230587839], [0.8787918495047343, 0.8941519212565269], [0.8735304024575121, 0.8997168457975407]]
1.0076, [[0.8623254689310205, 0.9218061681825839], [0.8869763226893018, 0.88414109794509], [0.789006229985934, 0.8403988028465557], [0.37467327206211143, 0.8697172193868956], [0.8392335624459897, 0.7243782435851105], [0.8207210635761338, 0.8291359668182585], [0.4009983190163664, 0.8545311951322216], [0.8340695496033459, 0.6631362403324904], [0.820233892553243, 0.6320888633952257], [0.8177006032342101, 0.7000616552222628]]
0.9361, [[0.8724586262071521, 0.8626027843186794], [0.6549882664722079, 0.7901471850379478], [0.2869695059270563, 0.7150150061438385], [0.28669361737390475, 0.6116977811671088], [0.28549810031024825, 0.24895583912911956], [0.28415544268491094, 0.601643883289125], [0.2781042870857882, 0.24775489567583864], [0.2694781716572513, 0.11329886906561842], [0.25835066668014095, 0.20102652555185943], [0.21617650318838236, 0.248194690051406]]
1.1213, [[0.9620006602145066, 0.9508361775307395], [0.9670672388525727, 0.9407549752400202], [0.9498213846422332, 0.9259394669866937], [0.9526956936772899, 0.9183304729661447], [0.958493028849692, 0.8921110774802089], [0.9490906281078968, 0.917258073269328], [0.9558623053260811, 0.8859809217618325], [0.9558135882237918, 0.8853016179888833], [0.949236779414764, 0.889261315310763], [0.938860036627187, 0.911421749789456]]
0.7339, [[0.7891523812928013, 0.7254231814239253], [0.0, 0.0], [0.0, 0.0], [0.0, 0.0], [0.0, 0.0], [0.0, 0.0], [0.0, 0.0], [0.0, 0.0], [0.0, 0.0], [0.0, 0.0]]
1.0402, [[0.8947710590555569, 0.9063873068047836], [0.9351088197509267, 0.8488124631969008], [0.9286781622487665, 0.8721174358261748], [0.8691945803537825, 0.8896286056088936], [0.850633364381638, 0.886805382179552], [0.8669535936484845, 0.8601725101903318], [0.8468821475053777, 0.8823763450395824], [0.8443975752886338, 0.8567554641232947], [0.8602306335325893, 0.772017817491869], [0.8452257660275483, 0.6644871619082046]]
1.1895, [[0.9833387510171299, 0.9893195500252652], [0.9845566785743572, 0.9561604939363315], [0.993130888577238, 0.8513588626410646], [0.9780285868676188, 0.9683734461849419], [0.9685287519212455, 0.9880628453764526], [0.9693082255578708, 0.9506740126326428], [0.9671646730571508, 0.9499274089607548], [0.979197797322557, 0.9497313741788782], [0.9628775680557105, 0.9390353821795521], [0.9794900999362917, 0.9302380097692438]]
0.9658, [[0.866222837114148, 0.8996123036887317], [0.8582332323387363, 0.866300319942732], [0.8484898118809175, 0.8520931499915784], [0.8575024758043999, 0.834478171214418], [0.22094017887279813, 0.12871954036891417], [0.8485385289832068, 0.7576852150343335], [0.851802574836576, 0.8342083851271687], [0.2606129528159833, 0.10887436347142425], [0.8604255019417455, 0.8414148993599461], [0.8500000420518796, 0.8345695172646119]]
1.1640, [[0.9784670407882206, 0.9792654729661446], [0.9641442127152271, 0.9057665055583629], [0.943342010037784, 0.9006832371568132], [0.8078597485718132, 0.8900225812700018], [0.8947710590555569, 0.8873769181404749], [0.9387138853203201, 0.8277929012969513], [0.8634946793859586, 0.8680463051204312], [0.8586229691570492, 0.8492752049856829], [0.8153134652220447, 0.8599703172477682], [0.8553589233036799, 0.8464675235809332]]
1.1797, [[0.9764209224920787, 0.9883770581943743], [0.9772978303332824, 0.9663834805457302], [0.9508444437903043, 0.9869794489641233], [0.9830951655056844, 0.9371231266632979], [0.9592237853840284, 0.8858152379147718], [0.9443650691858547, 0.8846303784739766], [0.9142578999711944, 0.8435070611419909], [0.9811464814141206, 0.9061263180899445], [0.9101169462766214, 0.8342577970355399], [0.9841182246537556, 0.9586334353208692]]
1.2017, [[0.9960539147145837, 0.9217649671551288], [0.9927898688612145, 0.9731910339397002], [0.9549853974848772, 0.9973838080680479], [0.9586878972588486, 0.9813636462860031], [0.9884540467574848, 0.917960836702038], [0.9821208234599026, 0.9464306000505307], [0.9490906281078968, 0.9724831387064174], [0.9832900339148412, 0.894183591797204], [0.9529879962910243, 0.9362139182246927], [0.9812439156186987, 0.930018368704733]]
0.9005, [[0.7904677430546068, 0.8572767084386053], [0.8423514569924919, 0.8259538105945764], [0.8311952405682891, 0.7081671846765458], [0.7991393872620656, 0.7113195601734735], [0.6302701314945034, 0.7203443917600292], [0.2807712097662527, 0.6847354499457896], [0.29077676796054686, 0.6051982692307692], [0.2805137137833112, 0.6442078026743762], [0.28481757521247464, 0.5460931112828438], [0.28934214748415904, 0.26727436347142364]]
1.0769, [[0.9592237853840284, 0.8648151768569986], [0.8727996459231757, 0.8803086692774128], [0.8016239594788092, 0.9244952316826681], [0.8593050085890968, 0.8627285867441469], [0.37389133997436075, 0.8584062910560889], [0.6880725394423655, 0.8551596207680647], [0.4009983190163664, 0.8545311951322216], [0.8167749782907175, 0.8492395756274213], [0.8189185307914375, 0.8408549466060299], [0.6412982224845547, 0.8372304291729832]]
1.1600, [[0.9730594424341313, 0.9810457678962439], [0.9559110224283699, 0.9725988241536128], [0.9562033250421046, 0.9045215307394305], [0.949236779414764, 0.889261315310763], [0.9482624373689822, 0.9077772916456124], [0.9452419770270585, 0.8742333505137274], [0.9441214836744092, 0.9132724236988379], [0.8762098430834123, 0.8808526401381168], [0.8779636587658194, 0.9123533915277077], [0.869292014558361, 0.8932418330806805]]
0.0483, [[0.13579149112507563, 0.05940010885999402], [0.24255144886966534, 0.0], [0.0, 0.0], [0.0, 0.0], [0.0, 0.0], [0.0, 0.0], [0.0, 0.0], [0.0, 0.0], [0.0, 0.0], [0.0, 0.0]]
1.1944, [[0.9500649701536785, 0.9956033665150751], [0.9910360531788068, 0.9413901455280445], [0.9845566785743572, 0.9561604939363315], [0.9737901989684677, 0.9903668772107126], [0.979197797322557, 0.9497313741788782], [0.9821208234599026, 0.9464306000505307], [0.9730594424341313, 0.954238268064679], [0.9730594424341313, 0.954238268064679], [0.9682851664098, 0.963765235893549], [0.9693082255578708, 0.9506740126326428]]
1.1084, [[0.9624878312373976, 0.9384745496883947], [0.967359541466307, 0.9349677704227725], [0.8809841191077435, 0.9184204994104767], [0.9616109233961943, 0.9073189485430353], [0.8261286619302235, 0.9210739335522993], [0.8726047775140191, 0.9096231270001686], [0.9341831948074342, 0.8407360354556174], [0.8178467545410775, 0.9024801004716189], [0.8604255019417455, 0.8414148993599461], [0.8581845152364475, 0.8317108110998821]]
1.1136, [[0.9947872700550671, 0.9171466398854641], [0.9761773369806332, 0.8538184613441131], [0.974569672605093, 0.8927377436415698], [0.974569672605093, 0.8927377436415698], [0.9697953965807616, 0.868815195469092], [0.9412958917416416, 0.86166161209365], [0.9033939861607269, 0.8579164240357082], [0.8722637577979955, 0.8789381852787603], [0.8301234643179292, 0.8807038179215093], [0.8003085977170037, 0.8991782999831565]]
1.1701, [[1.0, 0.9250883212059964], [0.9848002640858027, 0.9189001028297119], [0.979295231527135, 0.9644240124642076], [0.9776388500493061, 0.9079472275560048], [0.959418653793185, 0.9503665444669024], [0.9405164181050164, 0.9166003230587839], [0.9529879962910243, 0.9149689969681658], [0.943342010037784, 0.9006832371568132], [0.94300099032176, 0.8997388392285667], [0.9581520091336684, 0.8936734908202796]]
1.1560, [[0.9803670077774954, 0.9700491990062321], [0.9803670077774954, 0.9418292810341924], [0.9789054947088226, 0.9575929994104766], [0.9591750682817395, 0.9033187833080679], [0.883371257119909, 0.9043649375105272], [0.8848327701885819, 0.9042639143506821], [0.8687074093308915, 0.8943473695469093], [0.881861026948947, 0.8608837777497053], [0.88278665189244, 0.8594649082027961], [0.865638231886679, 0.8711136556341587]]
1.0723, [[0.9592725024863177, 0.8447372270506991], [0.8947710590555569, 0.9063873068047836], [0.893650565702908, 0.8827254541013981], [0.883955862347378, 0.9168026626242212], [0.878158527174976, 0.8956687348829374], [0.8671484620576406, 0.8534514642917299], [0.7996752753872454, 0.6433229490422848], [0.7729295862305329, 0.7643202663534511], [0.7787269214029349, 0.7946558857968922], [0.7938292231125541, 0.9030991422435573]]
1.1268, [[0.9622442457259521, 0.9607619595755432], [0.8725560604117302, 0.8848489931783731], [0.8800097770619617, 0.8736247189658076], [0.820672346473845, 0.8761530837965301], [0.8787431324024451, 0.8566468165740272], [0.8632023767722242, 0.8712349127505473], [0.7773141254365513, 0.8455262047330302], [0.8613024097829494, 0.8304703815900287], [0.7715655073664381, 0.829125116725619], [0.27850892363041035, 0.3985833245749585]]
1.1690, [[0.9821695405621919, 0.9757045898601988], [0.9809516130049645, 0.9802079647970356], [0.9650698376587197, 0.963570227471787], [0.9490906281078968, 0.9724831387064174], [0.9596135222023412, 0.8914674030655213], [0.958493028849692, 0.8921110774802089], [0.9487496083918732, 0.9072432911403066], [0.8028906041383257, 0.9234090494357421], [0.8420591543787572, 0.801430757499097], [0.8016239594788092, 0.9244952316826681]]
1.0616, [[0.9359857275921306, 0.9246899468586828], [0.7703475798092109, 0.8385001832575375], [0.8333387930690095, 0.7826178236357063], [0.2936644014835325, 0.607144131299735], [0.27089439956342914, 0.17147756879346832], [0.0, 0.0], [0.0, 0.0], [0.0, 0.0], [0.0, 0.0], [0.0, 0.0]]
1.1695, [[0.9782721723790643, 0.9846066510021896], [0.9714030609563019, 0.9042546771096515], [0.9493342136193421, 0.8795044428162371], [0.9115784593452942, 0.8598725197911403], [0.902078624398921, 0.9044661072932457], [0.8816661585397907, 0.8832310097692436], [0.8847353359840038, 0.7957062273220095], [0.8785969810955777, 0.874231444416372], [0.8536538247235617, 0.8351420795856495], [0.817505734825054, 0.7694091879291658]]
1.1702, [[0.9919616781222995, 0.9049130138116893], [0.9711594754448564, 0.9729816564763347], [0.8827379347901507, 0.8873769181404749], [0.9268756294640701, 0.8861210932289035], [0.9375933919676708, 0.8472173529560383], [0.8215979714173377, 0.8784773495873337], [0.910360531788067, 0.8254467658113489], [0.9291653332716574, 0.8375220620683849], [0.8381617861956296, 0.8495546681825837], [0.8358233652857531, 0.8298636561394646]]
1.1830, [[0.9919129610200107, 0.9523327572006064], [0.9534751673139151, 0.983873536634664], [0.9914257899971197, 0.9040384083712312], [0.9809516130049645, 0.9802079647970356], [0.9841669417560445, 0.9365454325416877], [0.9824131260736373, 0.9015991902475997], [0.9769568106172588, 0.955988212059963], [0.9785157578905098, 0.9259507569479535], [0.9753004291394294, 0.8950181691931952], [0.9733517450478657, 0.9024270229914099]]
1.1688, [[0.9960539147145837, 0.9217649671551288], [0.9735953305593111, 0.9669341960586153], [0.9841182246537556, 0.9586334353208692], [0.9821208234599026, 0.9464306000505307], [0.9746183897073822, 0.9220520547414519], [0.9720363832860601, 0.9302177758127], [0.9624878312373976, 0.9384745496883947], [0.9591750682817395, 0.9033187833080679], [0.9542059238482516, 0.8984404936836786], [0.9414907601507984, 0.9346321506653191]]
1.1780, [[0.9777850013561734, 0.9852350766380327], [0.9860669087453193, 0.8541021766043455], [0.9848002640858027, 0.9189001028297119], [0.9560084566329484, 0.9297355331817415], [0.9735466134570223, 0.9272784270675425], [0.9832900339148412, 0.9070993074785246], [0.9517213516315081, 0.9080478108472293], [0.9761773369806332, 0.8538184613441131], [0.953864904132228, 0.8958316328954019], [0.9263884584411791, 0.907615273370389]]
1.1887, [[0.9910360531788068, 0.9413901455280445], [0.9764209224920787, 0.9883770581943743], [0.9734004621501549, 0.9901573531244737], [0.9905975992582052, 0.9103324884621864], [0.9581032920313791, 0.9735052467576217], [0.9815849353347228, 0.9400995709954523], [0.9791003631179789, 0.9644004061815733], [0.9769568106172588, 0.955988212059963], [0.9758363172646096, 0.9295826055246759], [0.9530367133933135, 0.9099789807141654]]
0.9974, [[0.8931633946800172, 0.9042639143506821], [0.8729457972300431, 0.8784279376789624], [0.8006496174330272, 0.8697886247262929], [0.7928061639644833, 0.8733726742462523], [0.7930010323736395, 0.8585583389759138], [0.3897906257586149, 0.8630145013474818], [0.7850601447005171, 0.7553623053848936], [0.8038162290818184, 0.7581512829779551], [0.7824294211769063, 0.7144847694253706], [0.7809679081082334, 0.7286599895193356]]
1.0711, [[0.8823969150741271, 0.9088142086070405], [0.964728817942696, 0.8728050971029139], [0.8553589233036799, 0.8857200796698671], [0.8908736908724293, 0.8633231424962101], [0.7957779072041178, 0.8827131377800235], [0.7950958677720706, 0.882126646286003], [0.8784508297887104, 0.8764466227892875], [0.8175544519273428, 0.8669321179046658], [0.7934882033965305, 0.8492288721576553], [0.5530734945641335, 0.6324314681697613]]
0.8937, [[0.8498051736427233, 0.8409093436921005], [0.0, 0.0], [0.0, 0.0], [0.0, 0.0], [0.0, 0.0], [0.0, 0.0], [0.0, 0.0], [0.0, 0.0], [0.0, 0.0], [0.0, 0.013206894466283326]]
1.1268, [[0.9622442457259521, 0.9607619595755432], [0.9438291810606749, 0.8976628059626073], [0.9479701347552479, 0.8647653250800067], [0.8931633946800172, 0.9042639143506821], [0.94085743782104, 0.8850935601313794], [0.8674894817736641, 0.8986011923530404], [0.9162065840627582, 0.8615947520633317], [0.9130886895162564, 0.8474412460838808], [0.8945274735441113, 0.8866691695300658], [0.8847840530862926, 0.8921295519622706]]
1.1978, [[0.9896232572124233, 0.9992689383527034], [0.9886489151666414, 0.9704005074111505], [0.9716466464677473, 0.9693159380158329], [0.23432996998575079, 0.022456510432416147], [0.9774439816401498, 0.9868059941047668], [0.9856771719270065, 0.9528023902644435], [0.9840207904491776, 0.9704681005558363], [0.9764209224920787, 0.9883770581943743], [0.9437804639583857, 0.9436823009095504], [0.9803670077774954, 0.9700491990062321]]
1.1789, [[0.9772491132309932, 0.9696302974566281], [0.9908411847696507, 0.9445658503452922], [0.9709158899334109, 0.9554916003874011], [0.975056843627984, 0.9335150309920837], [0.9852387180064048, 0.9141297276402224], [0.9586878972588486, 0.9813636462860031], [0.9666287849319706, 0.9499914831564764], [0.9677492782846198, 0.9482752624220987], [0.979295231527135, 0.9156298262590533], [0.9698441136830509, 0.8926870121273371]]
1.0642, [[0.963218587771734, 0.9009311764359105], [0.9359857275921306, 0.8937186506653192], [0.8095161300496423, 0.882528392959407], [0.8879019476327948, 0.8742694197406098], [0.9063657294003613, 0.8574456179888834], [0.8675869159782428, 0.8769617089439111], [0.8654433634775223, 0.8506066872999831], [0.8630562254653569, 0.8495482167761497], [0.8588665546684946, 0.7775302529815686], [0.8558948114288601, 0.7561019349475965]]
0.6923, [[0.7960214927155633, 0.6725926913624863], [0.3871841854661144, 0.6316267904509284], [0.0, 0.0], [0.0, 0.0], [0.0, 0.0], [0.0, 0.0], [0.0, 0.0], [0.0, 0.0], [0.0, 0.0], [0.0, 0.0]]
1.1710, [[0.9784670407882206, 0.9792654729661446], [0.9814387840278554, 0.9701538877379148], [0.9852387180064048, 0.9141297276402224], [0.9592237853840284, 0.962194318426815], [0.9848002640858027, 0.9189001028297119], [0.9505034240742807, 0.9577306782886981], [0.9730594424341313, 0.954238268064679], [0.28787074186735107, 0.25019466586029615], [0.9611237523733033, 0.9085485279602493], [0.9508444437903043, 0.904089139885464]]
1.0565, [[0.9499188188468117, 0.8693826259895571], [0.8147775770968645, 0.9115705720060636], [0.8783533955841323, 0.8586523242378306], [0.775024421628964, 0.8945073351019033], [0.8630562254653569, 0.8475022411992589], [0.8591101401799401, 0.8714214170456459], [0.8485385289832068, 0.8505973034360788], [0.7986034991368853, 0.8703968164055921], [0.7913446508958105, 0.8442979449216778], [0.6861711444440804, 0.5874745702917773]]
1.1240, [[0.9693082255578708, 0.9506740126326428], [0.9697953965807616, 0.868815195469092], [0.9393959247523672, 0.9097025965976082], [0.8576486271112673, 0.933640833417551], [0.9477752663460912, 0.8955822273875695], [0.8935044143960407, 0.9006235616472966], [0.7777038622548642, 0.8713176080512044], [0.7835011974272662, 0.8392192218292066], [0.7806756054944987, 0.8340935794172141], [0.7762910662884802, 0.8280763233114369]]
1.1708, [[0.964631383738118, 0.982457892790972], [0.9819746721530351, 0.8622374001179048], [0.9797824025500259, 0.9765423929594071], [0.9526956936772899, 0.9183304729661447], [0.9315037541815341, 0.907965555415193], [0.8087366564130171, 0.9340528436921004], [0.94300099032176, 0.8765343032676437], [0.9457778651522387, 0.8779298597776656], [0.9323319449204486, 0.8612249691763516], [0.9412958917416416, 0.86166161209365]]
1.1273, [[0.9528418449841574, 0.9413529033181741], [0.964631383738118, 0.938203150749537], [0.967359541466307, 0.9349677704227725], [0.9566904960649956, 0.8931356781202628], [0.8889250067808656, 0.9295436038403234], [0.9495290820284988, 0.8907187466734041], [0.9836797707331535, 0.8739672299983158], [0.8808379678008762, 0.8901071826680143], [0.9282884254304536, 0.8821187286508336], [0.8945274735441113, 0.8866691695300658]]
1.1932, [[1.0, 0.9250883212059964], [0.957421252599332, 0.9871202069226883], [0.9552289829963228, 0.9345224767559372], [0.9753004291394294, 0.8950181691931952], [0.9170347748016732, 0.8732757565268655], [0.9067067491163849, 0.8781751598450397], [0.9130886895162564, 0.8474412460838808], [0.8852225070068946, 0.863512872494526], [0.8027931699337476, 0.8590580297288193], [0.09884142551280968, 0.18287869368007234]]
1.1626, [[0.9685287519212455, 0.9880628453764526], [0.8911172763838748, 0.9319705056425803], [0.9485060228804276, 0.8762263952332828], [0.9349139513417706, 0.8859360551625399], [0.88171487564208, 0.9109377476840155], [0.9158655643467346, 0.8329116524338892], [0.8773303364360615, 0.9089036485598787], [0.8622280347264424, 0.8882263044466903], [0.8531666537006707, 0.8800847761495705], [0.7819909672563041, 0.8045986685941459]]
0.4173, [[0.23743831435125756, 0.6546808221900979], [0.7276215554066946, 0.23179035984275773], [0.2213448154174203, 0.05290769882068329], [0.0, 0.0], [0.0, 0.0], [0.0, 0.0], [0.0, 0.0], [0.0, 0.0], [0.0, 0.0], [0.0, 0.0]]
1.1526, [[0.9601006932252322, 0.9649173984335522], [0.9699902649899184, 0.96490390912919], [0.9827541457896609, 0.9292109165403403], [0.9632673048740232, 0.9489660027791814], [0.9670672388525727, 0.9450184751558026], [0.979295231527135, 0.9156298262590533], [0.9517700687337969, 0.9466256084722924], [0.9734491792524438, 0.928332498905171], [0.9685774690235344, 0.9358461880579417], [0.9683338835120889, 0.9265420869967997]]
1.1161, [[0.961075035271014, 0.9518327732019538], [0.949139345210186, 0.9252424218460503], [0.8606203703509022, 0.8752393300488462], [0.8638356991019821, 0.8530873996968167], [0.39304867612424055, 0.8565211607714334], [0.8564794166563292, 0.8430327361462018], [0.8561871140425944, 0.8093775536682324], [0.4553417916522873, 0.6150323567639261], [0.8379182006841842, 0.8353376744989053], [0.29197228502420336, 0.17581324463259745]]
