0.7186, [[0.860955614285154, 0.6418099669813317], [0.7590114216114769, 0.6484769260889811], [0.6125304874491002, 0.6355107573127884], [0.43589119434861234, 0.6373657628158997], [0.6343221652417365, 0.6228283928798205], [0.5627112482263286, 0.6338864849934386], [0.6238349203040299, 0.6150264691190789], [0.5450116504380178, 0.6245909871735174], [0.6175698129386471, 0.6032301403293401], [0.6137562693249361, 0.6026051642467087]]
0.3228, [[0.35194066835081883, 0.6143500645557296], [0.3281316838397672, 0.5834185080218431], [0.32650536825522075, 0.5942830588832918], [0.32182626536578396, 0.592568186513144], [0.3065967846799883, 0.5707725773610465], [0.3171471624763472, 0.5694785677094358], [0.31425976319700405, 0.5323231492333903], [0.11888969984405769, 0.0], [0.26623521527876426, 0.0], [0.2798452715477445, 0.48991353151618416]]
0.5329, [[0.6365694320141022, 0.6148661184015578], [0.6179784068972592, 0.6237065520890658], [0.3438435462667419, 0.5917118033272658], [0.3350297427386276, 0.6088612430681962], [0.3212749719472936, 0.5979535192397241], [0.32413480655571225, 0.5861223151166236], [0.31399789882322116, 0.5766144484189137], [0.28400753685734664, 0.48544641039182285], [0.29894758849843484, 0.4671191170357751], [0.297838110493723, 0.5709875155568725]]
1.1270, [[0.9754420966718059, 0.7110442950330413], [0.8956289108551733, 0.9669646770411425], [0.6518917054620497, 0.6590308000677306], [0.7067794939022519, 0.621029238454049], [0.6508021215724176, 0.6367197267493544], [0.3296201760696912, 0.6028918327477458], [0.348005811576344, 0.6026707450366169], [0.3324179901685296, 0.600076955297803], [0.3327970043937417, 0.5714363880540152], [0.3415350050768136, 0.5876983179528427]]
0.6284, [[0.7480474837220572, 0.6410434678067984], [0.701740168412705, 0.6204957048215722], [0.6897547456267548, 0.6294376476315455], [0.3428650004489216, 0.5959927083774288], [0.33378933254702436, 0.5906735461203065], [0.33661471131678733, 0.5866125494221733], [0.34012231569193213, 0.5866031987893154], [0.32059963750964293, 0.5889879892477671], [0.3163753516904607, 0.5825693694704314], [0.3157896024333147, 0.5728381827032977]]
0.6442, [[0.765889419914778, 0.6439473447487618], [0.3511550752294701, 0.5927308117089277], [0.3482470024469336, 0.6116057801718664], [0.3046948223861966, 0.5036259081771722], [0.2689779000357537, 0.4733978584327088], [0.04707648598663889, 0.0], [0.0, 0.0], [0.0, 0.0], [0.0, 0.0], [0.0, 0.0]]
0.4636, [[0.5416016361852233, 0.6225325422257969], [0.34174174010874747, 0.5883160494010076], [0.3322732756461759, 0.577790100960928], [0.32910333848985646, 0.5801806197350041], [0.3035095415364424, 0.5337204599659284], [0.3052943539788049, 0.5236531718909712], [0.29080222824024005, 0.47712311005110747], [0.285199708874832, 0.45948661821086245], [0.28431074823751634, 0.3715128019169325], [0.27130711472887536, 0.336686741214058]]
0.8100, [[0.8678678027450399, 0.7368559422298014], [0.3333138419735764, 0.600262535876053], [0.32018616744577516, 0.5839465660585024], [0.2957156308325352, 0.571412211192482], [0.30317876548534817, 0.5700110483427169], [0.32485837916748084, 0.5662957302205478], [0.31322608803733465, 0.5651967360199806], [0.2781018061117688, 0.4087307396166143], [0.2635614421990861, 0.49689430187393524], [0.06884097136131745, 0.0]]
0.6185, [[0.6775650258614991, 0.6373499257079964], [0.7393308126050024, 0.6310044261948101], [0.7193097086330181, 0.63100151991703], [0.6070414335126499, 0.6162022901409643], [0.44319836774745647, 0.6266979543241756], [0.514321522162873, 0.6097111818989968], [0.40796155380191956, 0.6137781175125937], [0.37629713574026163, 0.6199386261270796], [0.3427065035911056, 0.615447795157262], [0.352540199943427, 0.6115304696693901]]
0.3310, [[0.35453863858545454, 0.6102199068704229], [0.36622947461296407, 0.5990123309909834], [0.3223499941133498, 0.5895295256741312], [0.3119581131748069, 0.5866942200397918], [0.30236560769307497, 0.5771487823307794], [0.29765204896498254, 0.5189715865417377], [0.2938550155451303, 0.41371015495207697], [0.0, 0.0], [0.0, 0.0], [0.0, 0.0]]
0.5030, [[0.5891794540932531, 0.6298191281801634], [0.446283618738079, 0.6260273201964188], [0.3366560583231741, 0.6052077149388309], [0.3256646457920229, 0.5950051214917665], [0.28431074823751634, 0.56285284405029], [0.30366114722652726, 0.5175485722316866], [0.30637626731259215, 0.5127291514480411], [0.2227264296272147, 0.2329870591054307], [0.14276351860306613, 0.18861753354632577], [0.12051963927740392, 0.0]]
0.4542, [[0.5370549505148325, 0.6116152992845956], [0.42176399244418067, 0.6132000630741227], [0.3355948184925802, 0.5849745459933117], [0.3278836018014466, 0.5796507505397283], [0.3226876613321751, 0.5509556725724021], [0.30568025937174814, 0.576261104008805], [0.3015731234039951, 0.5073156567291311], [0.29025093482174974, 0.5335861587734243], [0.16050109478947797, 0.2508187715654952], [0.29867194178918965, 0.3730590239616613]]
0.4889, [[0.5672579338967207, 0.6326986176607544], [0.35469713544327053, 0.6075739304914702], [0.34090101764554975, 0.5806783092748593], [0.33400295874668934, 0.5806891762265588], [0.33171509105995445, 0.574961997841087], [0.276937198765208, 0.4797207778534923], [0.17497879210919784, 0.15547449201277996], [0.2875358147356848, 0.4953745778534925], [0.30043608072835876, 0.5629469400584177], [0.08609915359674519, 0.0]]
0.6401, [[0.7598286095287012, 0.6443967226855184], [0.40406439465586846, 0.639231087711129], [0.32996473445624763, 0.5976427159971215], [0.3300818843076768, 0.5724146243068197], [0.2947164115115215, 0.5734671180629048], [0.30823688259999704, 0.5615839378995048], [0.28819736683787317, 0.5095459240204429], [0.2610530571449551, 0.4306481261980828], [0.283228834903729, 0.3528354345047924], [0.2754349241998218, 0.10035354153354659]]
0.5276, [[0.630917215586637, 0.6217794372010329], [0.37061377865227174, 0.6111340365321932], [0.33844087076553664, 0.6056538917580324], [0.3120132425166559, 0.5696428777039326], [0.29654257096027076, 0.579252464123947], [0.2999054608130618, 0.5667812470897008], [0.2878528084513167, 0.5202031091993187], [0.2889553952882974, 0.508613526746167], [0.2883696460311514, 0.5322516611584327], [0.28222272441498414, 0.5048704432708687]]
0.6435, [[0.7694986665491835, 0.6400558388011683], [0.6775650258614991, 0.6373499257079964], [0.33623569709157525, 0.6067271506582568], [0.3256922104629475, 0.5827592884053676], [0.3254165637537023, 0.5811268869322271], [0.32139901296645396, 0.5786798852812937], [0.32121984260544456, 0.5770138720738264], [0.30882263185714304, 0.563347163992719], [0.2903060641635988, 0.562813419760403], [0.2697979489957581, 0.027718413738019594]]
0.3085, [[0.34104573216790346, 0.5995574054946451], [0.3301094489786013, 0.5959684893959277], [0.33988801598907376, 0.5921973623163866], [0.3290137533093518, 0.5928020786944928], [0.3272496143701827, 0.588851141472294], [0.3275803904212769, 0.5755998626338739], [0.32173668018527923, 0.5915753767514711], [0.31630644001314945, 0.5894828567497779], [0.3268223619708527, 0.5723593207890616], [0.3202895349617421, 0.5780292581382551]]
0.2688, [[0.3081955355936103, 0.5585673051107325], [0.2851652530361763, 0.5193365773424191], [0.283228834903729, 0.5373125349233392], [0.2727680422878748, 0.21674716773162975], [0.26734469328347604, 0.0], [0.26725510810297143, 0.005681640575079506], [0.26503615209354775, 0.0], [0.19003176217009893, 0.11106019648562353], [0.1841831559680925, 0.12704970766773155], [0.1339426699049588, 0.0]]
0.4469, [[0.5219534588238877, 0.6184952590695508], [0.34857777849802773, 0.60640072090759], [0.33753812779275866, 0.5918822207170977], [0.33697305203880606, 0.591264447148965], [0.3270635528414422, 0.5897701991703002], [0.3286967595937198, 0.573877198069678], [0.29778987231960513, 0.554022270017036], [0.2965494621280019, 0.5431780913117549], [0.27843947333059416, 0.44360903194888246], [0.2751661686583078, 0.15743525079872184]]
0.8795, [[0.9370036392885446, 0.7481204813472601], [0.7703839534595095, 0.695513356000852], [0.7383093277084727, 0.6437546458959489], [0.7532230071978079, 0.6375200903780214], [0.7502947504944228, 0.6245064523980867], [0.7129084032814308, 0.6282208438809636], [0.73102273544656, 0.6265407204842738], [0.49061380402440036, 0.6303936445413368], [0.6553647541102506, 0.6274595675824408], [0.3225084909711658, 0.6002099280362359]]
0.5233, [[0.6142329622766499, 0.6120327502857386], [0.5545921666720572, 0.6345677754730559], [0.35322931671653995, 0.6197756218515853], [0.34629680197902396, 0.6092065846844178], [0.34566970571549116, 0.6146047218812174], [0.33394782940484036, 0.6052614600177794], [0.32483770566428743, 0.6004205278753757], [0.31698866561853123, 0.5613199976149914], [0.30637626731259215, 0.580054049231681], [0.3233147575957079, 0.5727685162765103]]
0.5997, [[0.717471035819264, 0.6335903394996402], [0.6029818927355143, 0.5990996878042586], [0.588367545937826, 0.6130885293993142], [0.384903362187788, 0.6316526103797148], [0.3774338071578593, 0.6277186475045506], [0.33169441755676105, 0.5974571354188715], [0.31893197491870967, 0.5948972101341913], [0.328386657045819, 0.5864526620242984], [0.31971756804005846, 0.5863836273970283], [0.3184220285066061, 0.5832063497438937]]
0.7959, [[0.9492825909526416, 0.6584771752105999], [0.7596924115424968, 0.6519075132286332], [0.38409145403236084, 0.6322812930195149], [0.38409145403236084, 0.6322812930195149], [0.7223060643295054, 0.6310818848156458], [0.6123942894628963, 0.624841053422512], [0.3483710434660938, 0.6224235357490581], [0.38035667651739724, 0.5979922274901579], [0.3550210203266336, 0.6128498355416332], [0.3500593795602205, 0.5967902920882192]]
0.7695, [[0.921654949708423, 0.6531539694365661], [0.7230551532536276, 0.6301387766160098], [0.7207397874881596, 0.6266202851035009], [0.420464939395497, 0.6249035173348009], [0.3221570414168782, 0.5942353369597426], [0.3236248601436087, 0.5921168710578674], [0.327800907788673, 0.587125570630318], [0.3148937506282679, 0.5731216500867798], [0.3266638651130367, 0.5834376304872371], [0.28980990008695745, 0.5283503400340718]]
0.7357, [[0.7596924115424968, 0.6519075132286332], [0.8790790194818252, 0.6479045157261991], [0.7571727487977233, 0.6419049475087838], [0.6529812893516811, 0.6297059518266097], [0.6273760679453337, 0.628960596875926], [0.5703431848873447, 0.6110834925707997], [0.34684120422978315, 0.619053938322821], [0.3278422547950598, 0.580561089404394], [0.3280972280011116, 0.580230110697202], [0.14400994287562496, 0.0]]
0.3089, [[0.3441812134855673, 0.595466756339161], [0.29867194178918965, 0.5720221083266309], [0.3253683255795844, 0.561495738686873], [0.2904301051827591, 0.5317926916524701], [0.28184371018977206, 0.48891639335604786], [0.28542711740995924, 0.3571607108626199], [0.2822916360922954, 0.34541937220447233], [0.2827809090012056, 0.33725797284345055], [0.28446235392760116, 0.3228735479233224], [0.27968677468992853, 0.24360914856229993]]
0.6484, [[0.7642550440803305, 0.6502517772933158], [0.6755220560684395, 0.6404325176734539], [0.6627194453652655, 0.6329632152986496], [0.6441284202484225, 0.6333220353045761], [0.34525623565162344, 0.6212906770943573], [0.3806814397795678, 0.6164402679591924], [0.35138248376459735, 0.6042611107818652], [0.34950119497399906, 0.5988681543411083], [0.3319838466014685, 0.5990976660458028], [0.3068379755505778, 0.5886076459382805]]
0.5478, [[0.6550242591447407, 0.6255781949794692], [0.6399062826760994, 0.6225337637048639], [0.3532086432133466, 0.624224543453414], [0.33030240167507297, 0.6080132838758837], [0.3389852730162958, 0.5946340445752021], [0.3432784705127893, 0.5868181369851416], [0.32239823228746767, 0.5935008068407908], [0.321026889908973, 0.5851508601786395], [0.32059963750964293, 0.583771852431952], [0.3169335362766822, 0.5805069231257672]]
0.3491, [[0.3870143233918988, 0.6142157018583584], [0.3634689868845122, 0.61693345066249], [0.33435440830097696, 0.5850008288532363], [0.305301245146536, 0.5500899439523], [0.3024965398799664, 0.5677895991195022], [0.2837663459867571, 0.236015664536742], [0.27101079451643684, 0.4751129296422488], [0.0, 0.0], [0.2667244881876744, 0.5120925059625214], [0.27217540186299766, 0.0890698514377]]
0.3301, [[0.35518752369915635, 0.6092055738051899], [0.3393573960737768, 0.6256818943402617], [0.3246585353032781, 0.5884614896499174], [0.32325962825385884, 0.5369994332197617], [0.30333037117543304, 0.5703081625957753], [0.30376451474249416, 0.5303097558773424], [0.2795007131611881, 0.5059782674616696], [0.29025093482174974, 0.5335861587734243], [0.30394368510350356, 0.5210828141396935], [0.2795007131611881, 0.5059782674616696]]
0.5631, [[0.67245760137885, 0.628919698387165], [0.32587138082395684, 0.5742285207213309], [0.301834987777778, 0.581161678025653], [0.31162733712371266, 0.5725099417940143], [0.2863780985568551, 0.5319073938671209], [0.28748068539383576, 0.5548571543441227], [0.3044536315156071, 0.5193693494037479], [0.2823054184277577, 0.1203648881789137], [0.27230633404988913, 0.08975052076677364], [0.2698392960021449, 0.013918485623003225]]
0.9006, [[0.9599599402257697, 0.7496695994457466], [0.8113114483138042, 0.6329880660796682], [0.3360427443951036, 0.5893487046522458], [0.3296546319083468, 0.5998145478982347], [0.33249379301357207, 0.5715296837827541], [0.33236286082668065, 0.5736537937603183], [0.33112245063507734, 0.5670885122550058], [0.32876567127103107, 0.5709210502476401], [0.3287449977678378, 0.5833474095161495], [0.3269188383190885, 0.5851709935232613]]
0.4409, [[0.5203296425130335, 0.6108020469457732], [0.33709020189023525, 0.5969490843669306], [0.33277633089054837, 0.5755668405790967], [0.2951643374140449, 0.5661670115988655], [0.30450186968972504, 0.5164776969335607], [0.2881698021669487, 0.5242814637137991], [0.29621179490917654, 0.5183689982964227], [0.2947026291760592, 0.47481187649063034], [0.0, 0.0], [0.27668911672688734, 0.15962732108626188]]
0.3147, [[0.34983886219282434, 0.5994781357151928], [0.3473924976482735, 0.5980916727341997], [0.3038127529166121, 0.5983492363374677], [0.3252787403990797, 0.5819469627058376], [0.3169128627734888, 0.571715306480972], [0.3164993927096211, 0.5715936640138848], [0.2986581594537274, 0.5473277732538333], [0.26050865489419583, 0.4866923913117548], [0.2909951809367117, 0.30530050638977624], [0.28286360301397917, 0.5157279557069847]]
0.3214, [[0.35153408945468223, 0.6117337827540956], [0.30927055775966644, 0.5707515594971003], [0.2988648944856613, 0.5485522274275981], [0.28584747864155813, 0.5183672311754686], [0.2597023882696537, 0.0], [0.0, 0.0], [0.0, 0.0], [0.0, 0.0], [0.0, 0.0], [0.0, 0.0]]
0.2898, [[0.3252236110572307, 0.5816082339245651], [0.3088984347021855, 0.5559969473594548], [0.3016695997522309, 0.5767790532531855], [0.30825066493545933, 0.5633267358083225], [0.3010425034886981, 0.5645854489268933], [0.28894161295283516, 0.5476278625212949], [0.27962475418034843, 0.3378300335463264], [0.2827464531625499, 0.22742563418530312], [0.26926043791273, 0.16969558945686977], [0.2078652171467075, 0.0]]
0.6740, [[0.7814840893351331, 0.6646040042634823], [0.5239020383969125, 0.6308779399314228], [0.4813580510525314, 0.6311001648816832], [0.35194066835081883, 0.6047214820302248], [0.3517408244866161, 0.6032943732802778], [0.35158921879653127, 0.624631211742793], [0.3510172518748475, 0.618153455530627], [0.3218745035399019, 0.598976444778394], [0.33972951913125776, 0.5919383666342124], [0.3243691062585707, 0.5913948505693604]]
0.3096, [[0.3389163613389845, 0.5994201365194938], [0.3426307007460632, 0.5910156023790374], [0.3323490784912183, 0.598724272531008], [0.30302715979526335, 0.5822702334589172], [0.3033923916850132, 0.5643357617576091], [0.3019314641260138, 0.5774401261482454], [0.2864539014018975, 0.5553161238500853], [0.2689503353648292, 0.5311501022146508], [0.2859646284929873, 0.5306689633730834], [0.2824432417823803, 0.5103268308347529]]
0.6631, [[0.7485922756668731, 0.6453135901451975], [0.7905412554176976, 0.630779463446641], [0.340060295182352, 0.6062622725733396], [0.3328796984065153, 0.5794029166490284], [0.3222397354296517, 0.5960881943444948], [0.32520982872176846, 0.5856851098505694], [0.3291446854962432, 0.585510648943826], [0.3316668528858365, 0.5668710889810779], [0.3288897122901914, 0.5671156796342548], [0.3070653840857051, 0.5417528279386713]]
0.4336, [[0.510586744647908, 0.6100644420691699], [0.3371453312320843, 0.5914984656902171], [0.3046396930443476, 0.5637719859882317], [0.30548041550754534, 0.5720923223130001], [0.29922323520768, 0.4725086752981262], [0.298210233551204, 0.5294510957410562], [0.2826155209756585, 0.5125150085178877], [0.2876736380903074, 0.5117405275979559], [0.28646079256962864, 0.49884568534923346], [0.29386879788059256, 0.49719808603066445]]
0.4840, [[0.5795989378592137, 0.6121461793590992], [0.3355534714861934, 0.5907122122507726], [0.3162030724971825, 0.5823369936079245], [0.30352332387190467, 0.5713039207551962], [0.3042675699868666, 0.5626509630444906], [0.3054115038302341, 0.5443890511073256], [0.3053908303270407, 0.5637525686830631], [0.3041642024708997, 0.5399322114139694], [0.3043295904964468, 0.521404108858603], [0.29643231227657263, 0.5229561229982965]]
0.3030, [[0.3358911387050188, 0.595142601066757], [0.28962383855821694, 0.562572746264234], [0.30463280187661645, 0.5080168824531516], [0.2836767608062524, 0.23939413897763528], [0.2832977465810403, 0.4616811757188494], [0.28267065031750754, 0.39900985303514447], [0.28729462386509524, 0.042365654952076635], [0.27970744819312193, 0.4230247955271562], [0.27737823350000024, 0.49800132282793885], [0.27188597281829024, 0.353650413738019]]
0.2959, [[0.32850380689724823, 0.5904932305380349], [0.2949369288789176, 0.5689993267154891], [0.29397905656429063, 0.5741356461922703], [0.2931038782624372, 0.568884044363544], [0.28876933375955693, 0.4336584920127796], [0.26547718682834004, 0.0], [0.26478807005522714, 0.03708860223642117], [0.2647122672101847, 0.0], [0.2636579185473219, 0.0], [0.2631548633029495, 0.0]]
0.3253, [[0.340701173781347, 0.638098018456589], [0.301834987777778, 0.5702013463573636], [0.308767502515294, 0.5679232036574525], [0.30319254782081045, 0.5252596454855196], [0.28969275023552826, 0.5356941734241908], [0.28372499898037035, 0.1665940255591049], [0.2714242645803046, 0.47628292436115843], [0.27011494271139, 0.2711692092651764], [0.18044388315041685, 0.016308704472844007], [0.20096194425253616, 0.0222092204472842]]
0.7864, [[0.9528861963323233, 0.6468990699741777], [0.40406439465586846, 0.639231087711129], [0.4539155553990937, 0.6294173458070524], [0.3550761496684826, 0.6216299113152436], [0.3501558559084563, 0.6174617614189561], [0.32789738413690883, 0.5900387560851712], [0.30718942510486547, 0.5788142479786649], [0.3273460907184185, 0.5808454413072006], [0.31844959317753063, 0.5550242275979558], [0.3108830910087507, 0.5383146531516185]]
0.6477, [[0.7706563494319172, 0.6439773762858232], [0.7237361431846474, 0.6349569218558185], [0.6745686701650112, 0.6321270496973288], [0.3307296540744029, 0.5942314619227025], [0.31833244332610144, 0.5713803263768361], [0.31789140859130915, 0.5814364686957626], [0.29647365928295943, 0.5800636525843458], [0.310152627229251, 0.5696961173432672], [0.30471549588939, 0.5194763405451449], [0.291918597412683, 0.5562297253833051]]
0.5480, [[0.6477376668828281, 0.6228263711213649], [0.5518316789436053, 0.6344270947805105], [0.34428458100153425, 0.6067636686703637], [0.29923701754314225, 0.5474543633730837], [0.2933795249716824, 0.5309232681431005], [0.2860059754993741, 0.49498725706984675], [0.28382836649633725, 0.5169863064735944], [0.2733055533709029, 0.3392751086261981], [0.271713693625012, 0.19021681629393], [0.0, 0.0]]
0.7135, [[0.8752084803703155, 0.631637362951361], [0.32849002456178594, 0.5790577435126784], [0.321295645450487, 0.5827715031960378], [0.31223375988405205, 0.580071192058587], [0.31499711814423487, 0.570165754984549], [0.28589571681567605, 0.5627833461033739], [0.29989167847759957, 0.5614062758752064], [0.30146975588802816, 0.5406853262350937], [0.298210233551204, 0.5018012754684837], [0.29595682170312476, 0.5211481976149914]]
0.7786, [[0.9506172596117826, 0.6410837766160099], [0.5742403440333943, 0.6268299583033484], [0.5031171896179778, 0.6203023320492741], [0.3547660471205818, 0.599728328324091], [0.3490463779037445, 0.608916125386276], [0.303647364891065, 0.5798651832959404], [0.29817577771254833, 0.5336428672913119], [0.2975969196231335, 0.5194514402044292], [0.2961428832318652, 0.48694573219761494], [0.2928213403854609, 0.4968427340715503]]
0.3384, [[0.3714256868076989, 0.617866492189815], [0.3441605399823739, 0.6031316217245904], [0.328869038786998, 0.5699146357363586], [0.3252511757281552, 0.5968102569529695], [0.316657889567437, 0.5700495459933117], [0.3036749295619895, 0.5362908177172061], [0.30328902416904624, 0.5669061749142785], [0.30281353359559837, 0.5155138127768315], [0.2826293033111208, 0.5079725437819421], [0.0, 0.0]]
0.3253, [[0.3529743435104882, 0.614725774668755], [0.34914285425198033, 0.6180663093171909], [0.3311431241382707, 0.6089693229056428], [0.311592881285057, 0.5660409044151886], [0.30539772149477185, 0.49612897785349236], [0.30394368510350356, 0.5387540236797275], [0.2786530995302592, 0.5017683427597956], [0.28891404828191064, 0.46978570255536645], [0.2869776301494633, 0.49653637955707003], [0.2812993079390128, 0.268246725239616]]
1.0387, [[0.9410076452659676, 0.8977755544659991], [0.7661618158871857, 0.6555676120729798], [0.6859412020130438, 0.6256624349151251], [0.3317908939049969, 0.5938963133386954], [0.3245069296131933, 0.5876903993988909], [0.3269601853254752, 0.5725776707022817], [0.314631886254485, 0.5639687704779242], [0.30962200731395406, 0.5703826306988952], [0.30061525108936815, 0.48152902453151636], [0.3002086721932315, 0.5458790553662691]]
0.7356, [[0.8514898542439773, 0.6731505386911107], [0.7778067437076259, 0.6410607369936079], [0.30557000068805007, 0.5535335807495743], [0.2852134912102942, 0.5571520018739355], [0.29680443533405365, 0.5417232688245315], [0.2823054184277577, 0.1203648881789137], [0.27801911209899527, 0.28008092012779523], [0.2766753343914251, 0.23052719808306651], [0.2702114190596258, 0.2764404584664533], [0.2695223022865129, 0.18855866932907323]]
0.6234, [[0.7406927924670422, 0.6415518136985141], [0.35092077552661166, 0.6094970861025272], [0.33183913207911475, 0.5751864130296744], [0.31958663585316693, 0.5708686108876942], [0.3176640000561819, 0.568489127545189], [0.3172849858309698, 0.563871346992338], [0.3076304598396577, 0.5196906441226578], [0.2728783009715729, 0.2687027156549519], [0.2701976367241636, 0.11946948881789136], [0.0, 0.0]]
0.7126, [[0.8571420706714424, 0.6445298217838548], [0.5630360114885006, 0.6423600116411972], [0.3247963586579007, 0.5986755818481988], [0.336594037813594, 0.5851430258646235], [0.3347954430357692, 0.585929279304068], [0.28584747864155813, 0.5376447536626917], [0.3070309282470495, 0.5292552666098809], [0.28891404828191064, 0.5201600557069848], [0.2948266701952196, 0.3805472156549516], [0.2869707389817322, 0.49193206558773417]]
0.5963, [[0.6302362256556172, 0.6311621654743259], [0.7151556700537967, 0.6315311363924989], [0.29605329805136055, 0.5790652829869195], [0.30740305130453044, 0.567228013588452], [0.29763137546178914, 0.5391590156729131], [0.30557000068805007, 0.5311501022146508], [0.30129058552701876, 0.5203504228279388], [0.2977416341454872, 0.5033060592844976], [0.30013286934818906, 0.4975251640545146], [0.27907346076185807, 0.49633942589437824]]
0.4266, [[0.4992200304719282, 0.6119006620666301], [0.3515823276288001, 0.6114723862337553], [0.3456214675413733, 0.6039207814418152], [0.32895862396750275, 0.600801924184058], [0.33157726770533186, 0.5953415757947763], [0.3378620126761217, 0.5935108735131017], [0.3383306120818385, 0.5927901587435974], [0.33656647314266946, 0.5855642255429031], [0.3364286497880469, 0.584918400076197], [0.3350573074095521, 0.5842417427930408]]
0.3138, [[0.3420242779857238, 0.6099333226093214], [0.3084849646383177, 0.5898993389916607], [0.3135706464238911, 0.5839927295432418], [0.30319254782081045, 0.5857348535325743], [0.30827822960638385, 0.5613887546848383], [0.301834987777778, 0.581161678025653], [0.3060248177583046, 0.5616681778351607], [0.302420737034924, 0.5672536646488592], [0.2878459172835856, 0.5067058393526406], [0.2865021395760154, 0.5403632282793867]]
0.6036, [[0.7245533311018711, 0.6320869514879567], [0.30303405096299446, 0.5627527248867629], [0.28876933375955693, 0.5580701015332198], [0.3098218511781568, 0.557115856218058], [0.2894171035262831, 0.5476280231686542], [0.27857040551748563, 0.5034300790459967], [0.26765479583137686, 0.0], [0.0750730927241108, 0.0], [0.032311152296328846, 0.0], [0.0, 0.0]]
0.5292, [[0.41267062110339625, 0.6432625583118148], [0.6192041887730951, 0.617185622909876], [0.384903362187788, 0.6260410934258985], [0.35036259094039024, 0.6176015575921772], [0.33009566664313905, 0.6156672823096135], [0.33701439904519287, 0.5987150061380858], [0.33009566664313905, 0.6083876882699064], [0.3355603626539246, 0.5926952203361131], [0.3262710685523623, 0.5728649710028363], [0.32418304472983017, 0.5746901134487576]]
0.6560, [[0.666328691999671, 0.674870254956299], [0.7492732655978931, 0.6495139618168734], [0.6519598044551512, 0.6605284176438218], [0.6222005444695824, 0.6186791548490878], [0.5683946053143184, 0.6285361118401558], [0.5760265419753345, 0.608800843034331], [0.5060400589775158, 0.6115066297675994], [0.4128330027344823, 0.6272832955170808], [0.3478128588798724, 0.6152422918342294], [0.3489981397296266, 0.603512217753884]]
0.5936, [[0.7091629586608215, 0.6335966153748466], [0.3403083772206726, 0.6217809113999069], [0.3387096263070506, 0.5866125494221733], [0.32343190744713707, 0.5642161831689456], [0.3068310843828467, 0.574546063158786], [0.2857716757965157, 0.5062038163543441], [0.03250290987672231, 0.040210063897764145], [0.0, 0.0], [0.25841373990393257, 0.0], [0.03432460689046199, 0.0]]
0.5585, [[0.6444689152139325, 0.6501824899462388], [0.576188923606419, 0.6368543000465647], [0.5050657691910025, 0.6163552698641155], [0.3536427867804077, 0.605961999322694], [0.33679388167779667, 0.6118564361004106], [0.32650536825522075, 0.5942830588832918], [0.3137842726235561, 0.5740582296914024], [0.2859646284929873, 0.5306689633730834], [0.27422207867914306, 0.5233105110732539], [0.283656087303059, 0.5114626076660989]]
0.2907, [[0.32354905729856626, 0.5792740716674428], [0.3069275607310825, 0.5865103242602548], [0.3112896699048873, 0.5770375856157135], [0.3093945987788268, 0.569021144858824], [0.303647364891065, 0.5798651832959404], [0.2887417690886324, 0.06153797923322705], [0.2882731696829156, 0.0848556709265172], [0.28776322327081205, 0.3269152811501596], [0.28675022161433605, 0.5155523681431007], [0.28907254513972663, 0.48646716371379894]]
0.6440, [[0.7574451447701316, 0.6511009579646955], [0.7143384821365728, 0.6260025115353681], [0.3546075502627658, 0.6208715412945012], [0.3355052333120755, 0.6089891614104899], [0.3317840027372657, 0.6046518998433731], [0.32137833946326055, 0.6032786625322779], [0.32552682243740033, 0.5941627221352073], [0.3074719629818417, 0.5902924446513991], [0.31847715784845515, 0.5890222327816111], [0.3134741700756553, 0.5890180629047962]]
0.5275, [[0.6239030192971321, 0.6286766661727977], [0.48704140814052127, 0.6055089148287686], [0.32794562231102675, 0.5885085376539814], [0.30315120081442365, 0.5947852552597046], [0.32161953033385005, 0.5840238561994666], [0.29679065299859136, 0.5788780597299242], [0.30118721801105186, 0.5667165086991492], [0.2934966748231116, 0.38584582428115033], [0.2905748197051128, 0.5615798943825933], [0.28819736683787317, 0.5480869926746168]]
0.5531, [[0.6508021215724176, 0.6367197267493544], [0.3351400014223257, 0.5940118484104475], [0.318842389738205, 0.5804249576683741], [0.30405394378720163, 0.5885212578842653], [0.31000102153916614, 0.5693833765821446], [0.298210233551204, 0.5294510957410562], [0.30655543767360155, 0.5462509540034074], [0.29824468938985965, 0.5095860858603068], [0.0, 0.0], [0.29242854382478656, 0.5532898787052812]]
0.4142, [[0.481845195945788, 0.6119404654362275], [0.30568025937174814, 0.5371475500851789], [0.30033960438012297, 0.5704188538712273], [0.3044536315156071, 0.5193693494037479], [0.29989167847759957, 0.5593388943781943], [0.2985685742732227, 0.5574617299829644], [0.28832140785703353, 0.5137055660988075], [0.2968595646759027, 0.5118010916524703], [0.28729462386509524, 0.5031916783645657], [0.29087113991755137, 0.46961348858603075]]
0.5353, [[0.6389528967726719, 0.6243797555348601], [0.2789700932458911, 0.4924617199318571], [0.24027224823323265, 0.4901434178875641], [0.27162410844450735, 0.373251369009585], [0.27238213689493157, 0.3696797204472847], [0.23547830872339162, 0.3656603722044725], [0.27391197613124224, 0.35934780670926464], [0.0, 0.012523154952076806], [0.036050425114004504, 0.0], [0.0, 0.0]]
0.6018, [[0.7280944787431745, 0.6267575540786522], [0.6550242591447407, 0.6255781949794692], [0.5261753812321078, 0.6057301710197689], [0.3454836441867507, 0.606468323455954], [0.34028081254974807, 0.588989968886255], [0.3278629282982532, 0.5642080540151547], [0.013518909417751636, 0.0], [0.02003866715113562, 0.0], [0.30694134306654475, 0.5337204599659284], [0.027133697625700438, 0.0]]
0.5340, [[0.6366375310072039, 0.6244460102442535], [0.5896665989865096, 0.6249665709266393], [0.43589119434861234, 0.6072975392625831], [0.30796812705848303, 0.5720404726326038], [0.30102182998550475, 0.5856496448376582], [0.30561823886216793, 0.5067317035775128], [0.3048464280762815, 0.5667743815349447], [0.30072550977306617, 0.5681599599966135], [0.3039919232776215, 0.5188337511073255], [0.29749355210716655, 0.5635417582440843]]
0.3025, [[0.3312189269833131, 0.5791568517969775], [0.3296821965792713, 0.601521206874656], [0.32818681318161624, 0.5982595208059942], [0.3194557036662755, 0.589193408330864], [0.3211164750894776, 0.5686255541209838], [0.30914651674050614, 0.5788586845447234], [0.29660459146985085, 0.5826532724463447], [0.31253697126422175, 0.5742324799983067], [0.3034406298591311, 0.5740048636921645], [0.30961511614622295, 0.5699598725818059]]
0.7246, [[0.8566653777197286, 0.6574215224569276], [0.3595718277384625, 0.6218622871777505], [0.5375420954080876, 0.6103769722304534], [0.46641894099267256, 0.6108108078990814], [0.3550072379911713, 0.6149702389620286], [0.36866519907924544, 0.6096305221606062], [0.35452485624999225, 0.6061313637133302], [0.3365595819749383, 0.5908338968378276], [0.3277251049436306, 0.5884396293866148], [0.3278215812918664, 0.5837453168522203]]
0.3223, [[0.35260222045300726, 0.5935686621089616], [0.33169441755676105, 0.6125398325784194], [0.3502798969276167, 0.6017720734030395], [0.3039712497744281, 0.5893982377344114], [0.33159794120852526, 0.5888227947339457], [0.3275803904212769, 0.5826127109173264], [0.32681547080312157, 0.5887181687338611], [0.32648469475202735, 0.5773351210684503], [0.32607122468815963, 0.5781373379757017], [0.30700336357612495, 0.5624263372560641]]
0.5292, [[0.641949252469159, 0.6133072583922449], [0.33899216418402695, 0.5975575073022055], [0.26287232542597316, 0.2873386293929707], [0.27193421099240817, 0.27805632268370556], [0.0944406083438684, 0.0], [0.1009603660772524, 0.0], [0.0, 0.0], [0.26517397544817034, 0.0], [0.26287921659370433, 0.0], [0.017162303445230995, 0.0]]
0.5582, [[0.6708913245375041, 0.6240525255048047], [0.34420877815649176, 0.5995625862506879], [0.34400893429228907, 0.594246751471024], [0.31250251542556606, 0.5728381827032977], [0.3016420350813064, 0.5562824177172062], [0.30508761894687103, 0.5255809402044295], [0.30025001919961825, 0.5451434511073254], [0.2964185299411104, 0.41103556389776413], [0.2933312867975645, 0.5112523202725726], [0.28102366122976763, 0.48681143100511076]]
0.5069, [[0.5843080051606904, 0.6407052865851077], [0.49061380402440036, 0.6303936445413368], [0.34161080792185605, 0.5902254739025526], [0.30072550977306617, 0.5681599599966135], [0.2797419040317776, 0.46814147683134605], [0.2940962064157199, 0.513253665076661], [0.2988717856533924, 0.4857749342419081], [0.28604732250576087, 0.47870741431005126], [0.2820435540539748, 0.49179696115843274], [0.2770267839457127, 0.4787236396933561]]
0.2917, [[0.3266845386162301, 0.5835929268086187], [0.32470677347739596, 0.576572033611311], [0.1661579434110905, 0.01038746166134242], [0.2633478159994211, 0.0], [0.0, 0.06117899041533483], [0.1615557614816429, 0.0], [0.14305115497365678, 0.0], [0.0, 0.0], [0.0, 0.0], [0.0, 0.0]]
0.6149, [[0.7214207774191794, 0.6485601130254414], [0.3278629282982532, 0.5785511666596115], [0.3206478756837609, 0.5904922617787749], [0.27595865294738764, 0.4426555974440894], [0.27551761821259535, 0.49544943952299836], [0.2730505801648511, 0.484437063032368], [0.2741600581695629, 0.3072024009584671], [0.26814406874028707, 0.4159884488817898], [0.2701011603759278, 0.0], [0.2656563571893494, 0.3186038194888187]]
0.8317, [[0.9566232685779171, 0.6871591059475585], [0.7223060643295054, 0.6310818848156458], [0.34883275170407957, 0.610455652330356], [0.34274095942976124, 0.5976802448884562], [0.3241485888911745, 0.5949750478347373], [0.33110866829961505, 0.5861003706133853], [0.3376139306378011, 0.5857857344537104], [0.3217711360239349, 0.5661454040553698], [0.30002950183222216, 0.5796892481903231], [0.0, 0.0]]
0.3158, [[0.34085277947143183, 0.6164332339245651], [0.3203997936454402, 0.5692297229395081], [0.29974696395524586, 0.5777548886678238], [0.3015179940621461, 0.4845382708688247], [0.2889829599592219, 0.3172184376996814], [0.2879837406382082, 0.29441891693290684], [0.2851859265393697, 0.5458514240204431], [0.28497919150743584, 0.5450046517887565], [0.28366297847079014, 0.5303682315161842], [0.28351826394843643, 0.5398685950596253]]
0.5866, [[0.7048727220953961, 0.6287512185158532], [0.3229770903768825, 0.5895032006942387], [0.2859163903188694, 0.5482016948892676], [0.3080508210712566, 0.5150853662691653], [0.28988570293199983, 0.5399685177172061], [0.28298075286540836, 0.49099774054514483], [0.28383525766406836, 0.09423580830670931], [0.2849447356687802, 0.0], [0.28429696590205406, 0.5273570574105624], [0.28089272904287615, 0.025918495207667664]]
0.5989, [[0.4997071753651847, 0.6311380307327605], [0.723259450232933, 0.6178281208991238], [0.32971665241792697, 0.6055852362104728], [0.32649158591975846, 0.5881426414934597], [0.3286416302518708, 0.5698602588578927], [0.3137498167849005, 0.5846898571307624], [0.3156242144077676, 0.5834117267070228], [0.27807424144084436, 0.4797207778534923], [0.3263399802296736, 0.574232395758371], [0.3179809937718138, 0.5818141163273082]]
0.6495, [[0.7746741900249342, 0.642544918299962], [0.35237481191787995, 0.609614179613089], [0.33900594651948923, 0.5997446287516404], [0.32717381152514025, 0.6021917146425094], [0.32989582277893637, 0.599529016636329], [0.3303230751782663, 0.5778135617830081], [0.3284280040522058, 0.588932643610041], [0.3270359881705177, 0.5972838538712273], [0.3280489898269937, 0.5760297811454939], [0.3261125716945463, 0.5897847726791686]]
0.3850, [[0.43361785151341553, 0.6215601185285528], [0.3464208429981843, 0.6017963766244762], [0.33812387704990465, 0.5971363076239259], [0.34181754295378997, 0.5938197392371841], [0.34311308248724226, 0.5860841965457393], [0.33057115721658703, 0.5928425981035432], [0.3215712921597322, 0.5863103386530076], [0.31537613236944695, 0.569671940481734], [0.31151018727228347, 0.5667496571138297], [0.29373786569370114, 0.5660468433306524]]
0.2908, [[0.3278836018014466, 0.5796507505397283], [0.31610659614894665, 0.574438573000889], [0.2721202725211487, 0.14765798722044787], [0.0011505454823621103, 0.0], [0.26500858742262323, 0.0], [0.004314545558856933, 0.0], [0.0, 0.0], [0.0, 0.0], [0.0, 0.0], [0.0, 0.0]]
0.3230, [[0.3543387947212518, 0.6109621870634551], [0.3327487662196238, 0.6055621123481353], [0.32272211717083077, 0.5920793000465648], [0.32673277679034796, 0.5873468689412861], [0.33007499313994565, 0.5721429083943614], [0.32048248765821374, 0.5915753346315032], [0.3257128839661409, 0.5842130590949499], [0.3234594721180616, 0.5757690585446387], [0.3224395792938545, 0.583237855479829], [0.32128186311502477, 0.5826056347627313]]
0.3101, [[0.34132827004487976, 0.6027230159166914], [0.30827133843865273, 0.5897243726453034], [0.30654165533813926, 0.5787170350929179], [0.0, 0.1862372635782755], [0.26013653183671487, 0.0], [0.22358933873898618, 0.0], [0.0, 0.0], [0.0, 0.0], [0.0, 0.0], [0.0, 0.0]]
0.7150, [[0.8596617334162159, 0.6451050541844813], [0.6167526250214234, 0.6269764094314862], [0.3403979624011773, 0.6020687664564196], [0.33533984528652844, 0.5951451282648267], [0.33668362299409865, 0.5857888513313296], [0.29668039431489335, 0.5729842968716928], [0.2881698021669487, 0.5157279557069847], [0.2861506900217278, 0.5487753666098808], [0.28079625269464037, 0.44475232428115086], [0.28359406679347887, 0.47137996695059636]]
0.6298, [[0.7497499585496068, 0.6411122497142615], [0.38035667651739724, 0.5948697479151674], [0.354352577056714, 0.6154986339584304], [0.35219564155687055, 0.6123338238157727], [0.3451942151420433, 0.6123796503407697], [0.3457592908959959, 0.6085287901621301], [0.3441881046532984, 0.6078180999449689], [0.3431406471581667, 0.6040316833171062], [0.33941941658335695, 0.6009083613427592], [0.34224479535311997, 0.5945778986580875]]
0.5865, [[0.6862135979854516, 0.6460360318333828], [0.6258778900970895, 0.6437963025441308], [0.3540838215152, 0.6154565139906024], [0.5024676630936367, 0.6105128512466664], [0.3406873914458847, 0.5966467051178935], [0.32924805301221016, 0.5778877350463532], [0.31761576188206403, 0.5715019688439233], [0.29374475686143225, 0.5379951255536628], [0.30568715053947926, 0.5461356091993186], [0.3048326457408192, 0.5066245517887565]]
0.4661, [[0.5469602300110425, 0.6203760841129408], [0.30053255707659454, 0.515232840545145], [0.29862370361507173, 0.577879690132498], [0.29704562620464314, 0.5022965512776831], [0.2842142718892805, 0.5193444490630325], [0.2810167700620365, 0.18741869329073502], [0.27932154280017873, 0.3195332108626202], [0.2806101911658999, 0.17825328594249162], [0.27775035655748126, 0.48459562197614997], [0.27728175715176445, 0.366418974440895]]
0.6447, [[0.7756275759283624, 0.6363067825847691], [0.5484216646908123, 0.6341466179147441], [0.4058505925978087, 0.6324016297675994], [0.34770260019617427, 0.6049365044659866], [0.3549038704752044, 0.5989834366930534], [0.3438711109376665, 0.5910659778605596], [0.3196831122014028, 0.5919623328959065], [0.31841513733887494, 0.5866568596283284], [0.3052254423014936, 0.5826010015662701], [0.29910608535625083, 0.4613147252396165]]
0.3038, [[0.33545010397022645, 0.5977509221944715], [0.3222810824360385, 0.5846255399398892], [0.2957156308325352, 0.5646700258222919], [0.3111863023889204, 0.5620903462727004], [0.29780365465506736, 0.5053406580919934], [0.29546754879421455, 0.5530204730834754], [0.29517811974950714, 0.5486926332197616], [0.2740153436472092, 0.2454886581469643], [0.13068279103826683, 0.0], [0.14822860964428475, 0.0]]
0.6644, [[0.805318736920829, 0.6339130626931381], [0.6752496600960312, 0.633927299242264], [0.5708303297805998, 0.6255673280277696], [0.4324811800958178, 0.6291494628116666], [0.555891219720741, 0.6180420060957541], [0.527149671018621, 0.6166852376920797], [0.3541044950183934, 0.6140977238284723], [0.33913687870638065, 0.5871086384032511], [0.3213163189536804, 0.5877565277483808], [0.3146249950867539, 0.5840508129788765]]
0.2873, [[0.3225705114807459, 0.579857222622021], [0.31046272977715184, 0.5725023601998053], [0.3028066424278672, 0.5661760673919486], [0.30069794510214165, 0.5784412756635482], [0.300766856779453, 0.5640943301020193], [0.30000193716129764, 0.5697344465139906], [0.2891207833138445, 0.5265859500851788], [0.285254838216681, 0.5187232257240206], [0.0, 0.0], [0.286798459788454, 0.5031057320272572]]
0.7217, [[0.8525794381336094, 0.6527924537526987], [0.8587083475127884, 0.651737643398383], [0.6786546097511306, 0.6424324158658935], [0.6167526250214234, 0.6259752177962156], [0.2958948011935446, 0.5798452605511578], [0.322735899506293, 0.5795711438005334], [0.3026619279055135, 0.5767634267451214], [0.30612129410654043, 0.5748787266646912], [0.3219020682108264, 0.5685259403970707], [0.2993472762268403, 0.5550203720613288]]
0.3157, [[0.34526312681935456, 0.6090371781738136], [0.30264814557005126, 0.5664803841595056], [0.3025930162282022, 0.501335398126065], [0.2987753093051566, 0.5108055599659286], [0.2968595646759027, 0.5118010916524703], [0.28663307176290687, 0.5287517977853492], [0.2978587839969164, 0.4820437386712095], [0.26853686530096144, 0.49574181771720627], [0.28604043133802975, 0.1273456869009578], [0.2801071359215275, 0.49068913696763217]]
0.5302, [[0.6360927390623878, 0.6202321180629048], [0.3316461793826431, 0.6199684470643018], [0.3355534714861934, 0.5859448636921644], [0.3286967595937198, 0.5852523693011049], [0.32561640761790506, 0.5839975312195742], [0.3165269573805456, 0.5749296497057952], [0.24544970290386106, 0.0], [0.1532143067345197, 0.0], [0.17315709509545812, 0.0], [0.15292667036392907, 0.04067102875399381]]
0.4915, [[0.3529743435104882, 0.6171658265249969], [0.5906408887730228, 0.6013007930830123], [0.28617825469265235, 0.5638965347330991], [0.2889553952882974, 0.3032278226837064], [0.27011494271139, 0.2711692092651764], [0.15225551883255148, 0.1685033817891379], [0.27207203434703076, 0.1603701709265182], [0.27129333239341313, 0.15083168051118154], [0.12176606354996232, 0.1477151932907353], [0.16328157970518586, 0.12764166613418548]]
