0.3194, [[0.9959989760140759, 0.0], [0.1121215477764439, 0.989127998808945], [0.9937241050226157, 0.0], [0.9936231666826595, 0.0], [0.9928395522828397, 0.0], [0.9925772736707723, 0.0], [0.9919485566703006, 0.0], [0.9907099143815823, 0.0], [0.9879781363300011, 0.0], [0.9282811618368487, 0.0]]
0.3045, [[0.11660732162051464, 0.87973267134858], [0.9307291850338191, 0.0], [0.9311546830892197, 0.0], [0.22318950908083224, 0.09129471875371627], [0.9309275718243182, 0.0], [0.018749071631900826, 0.888719503852774], [0.2568142856757893, 0.0], [0.2563668097668654, 0.0], [0.25612137209333685, 0.0], [0.007057498881223493, 0.8151329613560603]]
0.1779, [[0.045252704022685886, 0.9476405064600237], [0.27702087939221587, 0.0], [0.018399234410646444, 0.9146180784789353], [0.2654402471920974, 0.0], [0.018380354932593684, 0.9125699422919105], [0.261256910712963, 0.0], [0.046452167049990785, 0.8748906769988307], [0.2566888890013529, 0.0], [0.2563668097668654, 0.0], [0.06329630920510353, 0.09165798489713403]]
0.3195, [[0.9387774069271371, 0.0], [0.1116950095947454, 0.998159245277538], [0.046526797676027014, 0.8833078733704693], [0.013184900029709448, 0.8824438071942657], [0.0464174643018207, 0.882011774106164], [0.11635898007892247, 0.8785152123637366], [0.044687897078747214, 0.9918542067933738], [0.11660732162051464, 0.87973267134858], [0.9373610487313684, 0.0], [0.9344574607394363, 0.0]]
0.2425, [[0.9283324363659222, 0.0], [0.04524343681152682, 0.9524310043357327], [0.2761484583465055, 0.0], [0.01869248249141893, 0.8884858857022506], [0.2748481373086464, 0.0], [0.046296201857930916, 0.8827829303159932], [0.2748160032565816, 0.0], [0.04633534103697502, 0.8731649520019176], [0.27228793981569904, 0.0], [0.0467171698541987, 0.8731260505327072]]
0.3157, [[0.9959989760140759, 0.0], [0.1167436186356997, 0.8816548923765187], [0.9925772736707723, 0.0], [0.9323541312352953, 0.0], [0.9323297020094015, 0.0], [0.04456599381706452, 0.9849957207701192], [0.11565521426127434, 0.8790936405772263], [0.1160994488727925, 0.8779581014575903], [0.04524457056608352, 0.9619261726304169], [0.11581487647906255, 0.8757353447742444]]
0.1125, [[0.2687387891686919, 0.0], [0.007554872075877111, 0.6546620283965056], [0.26796775659759947, 0.0], [0.007598201217413339, 0.6158136954529281], [0.00302325511277486, 0.6048742534188378], [0.0029166328907693326, 0.5919260302266636], [0.004099138893400218, 0.45995007148845796], [0.008074033075489788, 0.4420806127103013], [0.003766160109467097, 0.30280102122109853], [0.06276630359668771, 0.09144879414912593]]
0.1464, [[0.26563674507368834, 0.0], [0.018511673286464574, 0.9153195260470761], [0.2579875479330708, 0.0], [0.0036763963247828314, 0.09174608039005827], [0.0004885249797437738, 0.07745557616839101], [0.06801750964755542, 0.01600431250000001], [0.06797832117483495, 0.018557656250000058], [0.06915979201026187, 0.01905193750000001], [0.0513307622011175, 0.011128156250000078], [0.02679276444957998, 0.06677505827090022]]
0.1928, [[0.99773855166013, 0.0], [0.003598808078163922, 0.7453648684537343], [0.008642241283098534, 0.7180693298570011], [0.008933073973728499, 0.679750161562316], [0.00961155213539474, 0.30709178926089475], [0.067887423635594, 0.017085750000000014], [0.09525941342945318, 0.0], [0.06787593820899791, 0.029849406249999995], [0.0945895616611531, 0.0], [0.06804043120707116, 0.018103406250000068]]
0.1923, [[0.9984743814202894, 0.0], [0.0070327041620053795, 0.7609121633488993], [0.06867740409322719, 0.01573981250000001], [0.9947407366540363, 0.0], [0.0030520426197795884, 0.6884086168214797], [0.003160784469869369, 0.4431919270582977], [0.0031215959971488904, 0.4799205410355302], [0.9928395522828397, 0.0], [0.9928266665373132, 0.0], [0.9919021142957993, 0.0]]
0.2440, [[0.04476558391271888, 0.9941282855047098], [0.2680698837860579, 0.0], [0.11678872234958552, 0.8757669195093432], [0.046526797676027014, 0.8833078733704693], [0.11565521426127434, 0.8790936405772263], [0.26501327059224933, 0.0], [0.04632750334243092, 0.8874761221848604], [0.2653780105510296, 0.0], [0.26450208061457653, 0.0], [0.26507532255485694, 0.0]]
0.3147, [[0.9373610487313684, 0.0], [0.04481694792350471, 0.9998148778514525], [0.9286629020480663, 0.0], [0.11218824212058327, 0.9820871817739465], [0.269112393693559, 0.0], [0.04526744283192289, 0.9748809201048712], [0.2650431885027923, 0.0], [0.006751631619298251, 0.8763488366438383], [0.26468749778855893, 0.0], [0.006998198588540808, 0.7788303196240915]]
0.3226, [[0.227809240761282, 0.09112850576762993], [0.9330416394497312, 0.0], [0.11210345699721318, 0.9842755376961795], [0.018787126350064614, 0.8908976721256712], [0.05226852510053181, 0.004436156250000046], [0.004300454267727807, 0.45464206610400043], [0.003272828996276473, 0.43008352614908824], [0.0017014944743762382, 0.4058519553406743], [0.005092258591386981, 0.40404577206416636], [0.0021972902713857604, 0.1912809992174836]]
0.1264, [[0.007083082299263656, 0.8322282556121225], [0.26711232597022216, 0.0], [0.2608303034700351, 0.0], [0.258392547796162, 0.0], [0.2583511798210901, 0.0], [0.26068699298496506, 0.0], [0.005076878964357056, 0.5010126369124139], [0.06898657403146974, 0.009553531250000026], [0.003093400014260698, 0.3504591619436217], [0.003282145501111907, 0.3179230190225998]]
0.3211, [[0.04437813561638812, 1.0], [0.9964472925771793, 0.0], [0.11279825136576052, 0.9799333661696672], [0.04485697438872362, 0.9913260539315728], [0.989498385849076, 0.0], [0.04466536986864249, 0.9899098660062604], [0.0450198406954764, 0.9843513170604175], [0.04502807273943152, 0.9761251740030359], [0.04512759667203862, 0.9656126363431694], [0.04541754207649378, 0.9584045953243814]]
0.3213, [[0.11247552566651402, 0.9882554545546978], [0.04437813561638812, 1.0], [0.11243628790011717, 0.9885018072668911], [0.9964472925771793, 0.0], [0.11210345699721318, 0.9842755376961795], [0.9952242205643053, 0.0], [0.9906226671462478, 0.0], [0.9902548864926839, 0.0], [0.989498385849076, 0.0], [0.9404783253366121, 0.0]]
0.3176, [[0.9952014020566025, 0.0], [0.04462278013225193, 0.9987678526577243], [0.045916098319380476, 0.9661057953272861], [0.04437813561638812, 1.0], [0.04670272680701996, 0.8584539514717526], [0.04541754207649378, 0.9584045953243814], [0.04638862750113959, 0.8682100910576427], [0.00383665006668758, 0.758619767802285], [0.11692472360271232, 0.8757837361085894], [0.9901067004191313, 0.0]]
0.3206, [[0.9952242205643053, 0.0], [0.112810180435444, 0.9735131932923242], [0.11210345699721318, 0.9842755376961795], [0.11178117494105408, 0.9918659295679522], [0.11237353705008803, 0.9799973878701169], [0.9942497360588769, 0.0], [0.044951223897958276, 0.9846397810491454], [0.9938006141366782, 0.0], [0.045105020168257515, 0.9584534751076674], [0.9308218013297895, 0.0]]
0.3158, [[0.9973702341005023, 0.0], [0.044951223897958276, 0.9846397810491454], [0.9964472925771793, 0.0], [0.1167436186356997, 0.8816548923765187], [0.04643013277664984, 0.8751254116040761], [0.11635898007892247, 0.8785152123637366], [0.9951893216701715, 0.0], [0.00996410050884991, 0.24647853127270714], [0.9946145637290911, 0.0], [0.06329073901967282, 0.09160831965750982]]
0.2187, [[0.018406973517837783, 0.9126405580530603], [0.9928266665373132, 0.0], [0.9323058096895716, 0.0], [0.018749071631900826, 0.888719503852774], [0.269078597535353, 0.0], [0.002832685759897666, 0.7438002967180615], [0.26551965892995844, 0.0], [0.0038512409948954565, 0.2941617697725115], [0.06958278104726116, 0.0199771875], [0.06916378479804851, 0.014960468750000015]]
0.2504, [[0.04541754207649378, 0.9584045953243814], [0.9954040840956102, 0.0], [0.0470685351794208, 0.8547485080287308], [0.04692094991234519, 0.860627270144452], [0.04670272680701996, 0.8584539514717526], [0.04659674540280735, 0.8686929926140036], [0.04556078950004814, 0.9544233526758803], [0.04560175254511822, 0.9333657606123769], [0.0466373140984664, 0.8692595584960745], [0.046476370245092366, 0.8708073136325014]]
0.2459, [[0.2748160032565816, 0.0], [0.11218824212058327, 0.9820871817739465], [0.27367210487446264, 0.0], [0.04632750334243092, 0.8874761221848604], [0.2676519564307568, 0.0], [0.04647710965023803, 0.8806932759690038], [0.2661390704852743, 0.0], [0.013106128734857466, 0.8584733149833325], [0.09506273166070511, 0.0], [0.0135359202991969, 0.7883832644506256]]
0.2191, [[0.99601454628992, 0.0], [0.018380354932593684, 0.9125699422919105], [0.008657522322775701, 0.7112116811747876], [0.06862894840934763, 0.01208593749999998], [0.06862180082627284, 0.010750437500000045], [0.06795352645561684, 0.01430321875000007], [0.06913307483766504, 0.020502968750000024], [0.06862894840934763, 0.01208593749999998], [0.06778612513063728, 0.03015534375000007], [0.06803574830781527, 0.012893031250000079]]
0.3201, [[0.11178117494105408, 0.9918659295679522], [0.04468612250639761, 0.9885430463131752], [0.013106128734857466, 0.8584733149833325], [0.003296588548290649, 0.8090618201361003], [0.00360684294741353, 0.7992632203815737], [0.0043304248229656065, 0.45805860019003974], [0.0009461674712367552, 0.08976127304078964], [1.0, 0.0], [0.9911241374096476, 0.0], [0.9897155643518007, 0.0]]
0.3226, [[0.9984743814202894, 0.0], [0.11651859300303431, 0.8791804100426313], [0.11235189712615809, 0.9847350285925935], [0.2729830695396732, 0.0], [0.2680244528848631, 0.0], [0.2729400394584602, 0.0], [0.046526797676027014, 0.8833078733704693], [0.26563674507368834, 0.0], [0.2653781952294897, 0.0], [0.264947894417359, 0.0]]
0.3234, [[0.999569938243059, 0.0], [0.11243628790011717, 0.9885018072668911], [0.11238245920551243, 0.9817156465760788], [0.11279825136576052, 0.9799333661696672], [0.11632279852046104, 0.8768152356038437], [0.003588259231419039, 0.8222284846724235], [0.0036066950663843963, 0.8153709057686305], [0.0036066950663843963, 0.8153709057686305], [0.003912710209338772, 0.7399365260398132], [0.003732936171588352, 0.6459584264995317]]
0.1829, [[0.26968489691999886, 0.0], [0.04499095460111892, 0.9677800238501597], [0.04633534103697502, 0.8731649520019176], [0.046715099519790824, 0.8699925110208946], [0.044951223897958276, 0.9846397810491454], [0.04692094991234519, 0.860627270144452], [0.04632750334243092, 0.8874761221848604], [0.2680698837860579, 0.0], [0.0466373140984664, 0.8692595584960745], [0.06282308991187512, 0.09149809311452016]]
0.1457, [[0.2678251848263699, 0.0], [0.018305379250822807, 0.9141937907954654], [0.06878323761641066, 0.015926718750000072], [0.007051534346381761, 0.8293392545735805], [0.007076624827658142, 0.7770552263949511], [0.006677148874291154, 0.8999367686665264], [0.006848888042791966, 0.8101084964377273], [0.007554872075877111, 0.6546620283965056], [0.007169247645572329, 0.76847544630446], [0.007026295984076245, 0.8379729733828156]]
0.3137, [[0.11218824212058327, 0.9820871817739465], [0.9373610487313684, 0.0], [0.04478687878091416, 0.9927406020640122], [0.045971356530600166, 0.8812254410899614], [0.04647710965023803, 0.8806932759690038], [0.04684814315233494, 0.8769350800403799], [0.935897442802003, 0.0], [0.04456599381706452, 0.9849957207701192], [0.00807807515695278, 0.8931694830383534], [0.9312349505457274, 0.0]]
0.1824, [[0.044687897078747214, 0.9918542067933738], [0.27228793981569904, 0.0], [0.06296145726146805, 0.09146395469140207], [0.018718953195633894, 0.8909179427567125], [0.2689048151043596, 0.0], [0.019213368769704833, 0.09052799441075039], [0.09511439143354922, 0.0], [0.009784868701539648, 0.06807780592222618], [0.02913598864988269, 0.032757687500000084], [0.02874356169223775, 0.05552331249999999]]
0.3317, [[0.9976727806673393, 0.0], [0.22414928303818976, 0.09140241586395528], [0.11235189712615809, 0.9847350285925935], [0.9951893216701715, 0.0], [0.9928395522828397, 0.0], [0.9866627164741887, 0.0], [0.11238245920551243, 0.9817156465760788], [0.11320172010691412, 0.9684337080897358], [0.11558423136729007, 0.8783743995119577], [0.013106128734857466, 0.8584733149833325]]
0.1669, [[0.2748160032565816, 0.0], [0.04643013277664984, 0.8751254116040761], [0.01869287684082995, 0.886059027140087], [0.00823611068342052, 0.8463015860501262], [0.0070820471320597175, 0.749667650062095], [0.007146375379732955, 0.7495119046284124], [0.008984339397161577, 0.6861718695649017], [0.008962453004849763, 0.6763308096417393], [0.008139248609337828, 0.4453246987312057], [0.269078597535353, 0.0]]
0.1801, [[0.08916932759398534, 0.0], [0.044951223897958276, 0.9846397810491454], [0.06927977281856584, 0.02067418750000006], [0.0691809882911044, 0.021524031250000023], [0.06864210982094056, 0.011110750000000062], [0.26835982896848076, 0.0], [0.06880704646210122, 0.015647906250000013], [0.06864595472769804, 0.013520468750000018], [0.0686196319045122, 0.012022187500000062], [0.06925083743053198, 0.01942209375000004]]
0.1788, [[0.2761484583465055, 0.0], [0.04560175254511822, 0.9333657606123769], [0.04502048151326931, 0.9617394106889965], [0.047002235184692445, 0.857388120993805], [0.2613372458431247, 0.0], [0.01869287684082995, 0.886059027140087], [0.2585956941023181, 0.0], [0.013848639382138681, 0.74738795418794], [0.25834083782732226, 0.0], [0.01402792048312532, 0.7338356592128866]]
0.2997, [[0.006698098686751787, 0.8844056623648262], [0.9948513393031375, 0.0], [0.11582227053051924, 0.8751353899181515], [0.046296201857930916, 0.8827829303159932], [0.9942497360588769, 0.0], [0.0467171698541987, 0.8731260505327072], [0.046173115548015155, 0.8816005698764646], [0.9897139536336099, 0.0], [0.007922997251067716, 0.4843217583328678], [0.2746176585903892, 0.0]]
0.3291, [[0.9992520898534095, 0.0], [0.11238245920551243, 0.9817156465760788], [0.2250747068019608, 0.09135643298846474], [0.9965568214141529, 0.0], [0.002832685759897666, 0.7438002967180615], [0.22893688743890844, 0.09110458021167797], [0.9938926935265848, 0.0], [0.002468997015581077, 0.718442295512481], [0.9892119464641469, 0.0], [0.0030301562274677746, 0.6718134942807551]]
0.2360, [[0.04670272680701996, 0.8584539514717526], [0.9954040840956102, 0.0], [0.06919247371770047, 0.01418078125], [0.0691809882911044, 0.021524031250000023], [0.0047046131203507015, 0.3853017620405046], [0.003337847355419002, 0.7966237120841294], [0.9899467024121795, 0.0], [0.01815138580581806, 0.06736456475205137], [0.01749109701073528, 0.06767072957545486], [0.019302935379683587, 0.06734673445118325]]
0.3194, [[0.11243628790011717, 0.9885018072668911], [0.9936231666826595, 0.0], [0.04502048151326931, 0.9617394106889965], [0.9894924798823763, 0.0], [0.04560175254511822, 0.9333657606123769], [0.9384158006933048, 0.0], [0.003881556605867902, 0.746859905993769], [0.003881556605867902, 0.746859905993769], [0.9379062768389511, 0.0], [0.9365393140010334, 0.0]]
0.3117, [[0.9309401891168125, 0.0], [0.11271080438386602, 0.9805293436558141], [0.008201358641574058, 0.8604317161220978], [0.09525941342945318, 0.0], [0.008611925672126089, 0.8025898018926161], [0.00857855385321821, 0.7918125946852781], [0.003931244631656885, 0.5857631303842605], [0.003027740837325255, 0.3594818921990575], [0.003970580985406498, 0.09127216791532883], [0.005484734842708299, 0.35079368263372657]]
0.2323, [[0.018406973517837783, 0.9126405580530603], [0.283326356056841, 0.0], [0.1160994488727925, 0.8779581014575903], [0.013184900029709448, 0.8824438071942657], [0.2751475010925364, 0.0], [0.11582227053051924, 0.8751353899181515], [0.2740006478550552, 0.0], [0.11565521426127434, 0.8790936405772263], [0.04656312711551757, 0.8755872749667741], [0.013261748871182685, 0.8799447628564998]]
0.2023, [[0.006983804835038443, 0.8598493454278721], [0.9948513393031375, 0.0], [0.0016394337358163864, 0.5353675853674482], [0.9365393140010334, 0.0], [0.0018359183298589357, 0.4741778459560674], [0.06804984629925936, 0.013355624999999984], [0.06801223522418298, 0.012211281250000042], [0.0025879426566810942, 0.19483571385985535], [0.0028980984684512196, 0.4202788938386155], [0.001711303915975452, 0.4062471739422058]]
0.2391, [[0.046526797676027014, 0.8833078733704693], [0.9964472925771793, 0.0], [0.013261748871182685, 0.8799447628564998], [0.9902548864926839, 0.0], [0.04638862750113959, 0.8682100910576427], [0.9879781363300011, 0.0], [0.0027926592946787634, 0.7603887554196657], [0.9323297020094015, 0.0], [0.014036744051196974, 0.7144252565344644], [0.26666706620282005, 0.0]]
0.2215, [[0.9946145637290911, 0.0], [0.018467456858753544, 0.911765187772799], [0.062307625937990795, 0.09167176239743133], [0.936103883183456, 0.0], [0.002837319365477195, 0.7123037134494857], [0.9308218013297895, 0.0], [0.007434250449780242, 0.6931831354389839], [0.0007464294945532609, 0.3416395301361951], [0.003611969489756838, 0.24792944297877897], [0.008603102104054433, 0.21061701218489742]]
0.3218, [[0.99773855166013, 0.0], [0.11279825136576052, 0.9799333661696672], [0.9965761500324426, 0.0], [0.9952014020566025, 0.0], [0.9946145637290911, 0.0], [0.9944771157768103, 0.0], [0.9898610658950358, 0.0], [0.9312376350760454, 0.0], [0.1167436186356997, 0.8816548923765187], [0.1167436186356997, 0.8816548923765187]]
0.3260, [[0.04481694792350471, 0.9998148778514525], [0.99773855166013, 0.0], [0.1116950095947454, 0.998159245277538], [0.11178117494105408, 0.9918659295679522], [0.11236614299863133, 0.9892347597917106], [0.11602659281910589, 0.8811401718605885], [0.11692472360271232, 0.8757837361085894], [0.11606080263051219, 0.8772036571793776], [0.9938926935265848, 0.0], [0.2572087588666524, 0.0]]
0.3233, [[0.993180219180192, 0.0], [0.11178117494105408, 0.9918659295679522], [0.9897139536336099, 0.0], [0.1162613785996941, 0.8800577341186553], [0.9323058096895716, 0.0], [0.003588259231419039, 0.8222284846724235], [0.9308218013297895, 0.0], [0.003868345900598608, 0.7020586364738948], [0.9305112011719988, 0.0], [0.003723274611018272, 0.7157448013479261]]
0.3247, [[0.044571711883524365, 0.9983692434328544], [0.9938926935265848, 0.0], [0.11678872234958552, 0.8757669195093432], [0.1167436186356997, 0.8816548923765187], [0.1167436186356997, 0.8816548923765187], [0.044687897078747214, 0.9918542067933738], [0.11565521426127434, 0.8790936405772263], [0.11236614299863133, 0.9892347597917106], [0.1160994488727925, 0.8779581014575903], [0.9936231666826595, 0.0]]
0.1816, [[0.04466536986864249, 0.9899098660062604], [0.2663952195094912, 0.0], [0.06259559959539082, 0.0915708455226543], [0.01323148255388662, 0.8750551796242366], [0.2655187355376577, 0.0], [0.0024722011045456445, 0.7135895203968248], [0.06842299942944052, 0.013426500000000011], [0.0027183737243771772, 0.6632064308280017], [0.05130503090204821, 0.011921750000000068], [0.0026795796010677226, 0.6556990403869477]]
0.3007, [[0.9959989760140759, 0.0], [0.1167436186356997, 0.8816548923765187], [0.2667054793225295, 0.0], [0.2653214989422262, 0.0], [0.264947894417359, 0.0], [0.26539592436166337, 0.0], [0.013261748871182685, 0.8799447628564998], [0.04656312711551757, 0.8755872749667741], [0.04638862750113959, 0.8682100910576427], [0.0470685351794208, 0.8547485080287308]]
0.3045, [[0.9992520898534095, 0.0], [0.006618834455136026, 0.9174647240164714], [0.9976727806673393, 0.0], [0.9965761500324426, 0.0], [0.9965568214141529, 0.0], [0.9951893216701715, 0.0], [0.1162613785996941, 0.8800577341186553], [0.013261748871182685, 0.8799447628564998], [0.11660732162051464, 0.87973267134858], [0.00861379883182845, 0.7001449284132091]]
0.2277, [[0.11581487647906255, 0.8757353447742444], [0.2675114161225889, 0.0], [0.06867158743941457, 0.012853000000000005], [0.06906529603264534, 0.012001531250000032], [0.06903660711299336, 0.012120218750000024], [0.006848888042791966, 0.8101084964377273], [0.06926385096109576, 0.020595031250000066], [0.06916378479804851, 0.014960468750000015], [0.06880704646210122, 0.015647906250000013], [0.018662462642504752, 0.8919046096170467]]
0.2001, [[0.9911241374096476, 0.0], [0.22318950908083224, 0.09129471875371627], [0.062453387339040406, 0.09159386014983946], [0.9937241050226157, 0.0], [0.002851515944274047, 0.6855453989091675], [0.06793311887359633, 0.017893562500000074], [0.002682044284886621, 0.6682922658668198], [0.0026821428722393764, 0.6672373208224094], [0.0030635773400520317, 0.6343366561844103], [0.0030579085672685666, 0.617735218696666]]
0.1837, [[0.04468612250639761, 0.9885430463131752], [0.2748481373086464, 0.0], [0.046526797676027014, 0.8833078733704693], [0.04504350166013782, 0.9710853927214891], [0.046602019826179786, 0.8713146376359001], [0.27442817849028367, 0.0], [0.04643013277664984, 0.8751254116040761], [0.046173115548015155, 0.8816005698764646], [0.04502048151326931, 0.9617394106889965], [0.06286380648856331, 0.09158149601617316]]
0.2404, [[0.9952014020566025, 0.0], [0.06259559959539082, 0.0915708455226543], [0.046526797676027014, 0.8833078733704693], [0.9916315136397466, 0.0], [0.003291659180652853, 0.8031166987428559], [0.003598808078163922, 0.7453648684537343], [0.0038495157162222278, 0.7286150471556291], [0.9368923297378484, 0.0], [0.0025609297220259724, 0.7220462113542448], [0.0026219059997055097, 0.5936982974297895]]
0.3327, [[0.9984743814202894, 0.0], [0.11243628790011717, 0.9885018072668911], [0.11235189712615809, 0.9847350285925935], [0.11320172010691412, 0.9684337080897358], [0.04524309175579218, 0.9565800989738042], [0.11238245920551243, 0.9817156465760788], [0.11558423136729007, 0.8783743995119577], [0.9949101305171011, 0.0], [0.22601822905482583, 0.09116342490189083], [0.9938926935265848, 0.0]]
0.2530, [[0.04502048151326931, 0.9617394106889965], [0.018399234410646444, 0.9146180784789353], [0.018338060958261397, 0.9120459761353157], [0.04485697438872362, 0.9913260539315728], [0.9928266665373132, 0.0], [0.9889797345916411, 0.0], [0.9288838388932363, 0.0], [0.25637585901141235, 0.0], [0.2561235882348586, 0.0], [0.2563001408427542, 0.0]]
0.1807, [[0.2676519564307568, 0.0], [0.04485697438872362, 0.9913260539315728], [0.26741261314641296, 0.0], [0.04478135788915983, 0.9859669317103996], [0.2656529967781809, 0.0], [0.0450198406954764, 0.9843513170604175], [0.26563674507368834, 0.0], [0.04524309175579218, 0.9565800989738042], [0.26551965892995844, 0.0], [0.007083082299263656, 0.8322282556121225]]
0.2424, [[0.9965761500324426, 0.0], [0.006618834455136026, 0.9174647240164714], [0.04686086092084046, 0.8677299108596661], [0.26678470638193047, 0.0], [0.261660433148373, 0.0], [0.2566323773925495, 0.0], [0.007434250449780242, 0.6931831354389839], [0.05223480822588929, 0.006210718750000011], [0.0025901608721181028, 0.6883197888926817], [0.003602061460804868, 0.6821269192188418]]
0.3180, [[0.99773855166013, 0.0], [0.1167436186356997, 0.8816548923765187], [0.996375615617689, 0.0], [0.04437813561638812, 1.0], [0.04478135788915983, 0.9859669317103996], [0.046205205731337205, 0.884403429455383], [0.045971356530600166, 0.8812254410899614], [0.993180219180192, 0.0], [0.0007437676360288513, 0.4263926616175731], [0.265271820436448, 0.0]]
0.2481, [[0.9312376350760454, 0.0], [0.04437813561638812, 1.0], [0.9286629020480663, 0.0], [0.04504350166013782, 0.9710853927214891], [0.2566323773925495, 0.0], [0.01845616860686299, 0.9165023749355452], [0.007469002491626704, 0.6919541979040329], [0.003633757294715896, 0.6797502662299465], [0.09535474739956816, 0.0], [0.007169247645572329, 0.76847544630446]]
0.3177, [[0.9919021142957993, 0.0], [0.11279825136576052, 0.9799333661696672], [0.04502807273943152, 0.9761251740030359], [0.283326356056841, 0.0], [0.27938347093281124, 0.0], [0.2769987179769989, 0.0], [0.2754162082520428, 0.0], [0.27515728905092385, 0.0], [0.26744973351690143, 0.0], [0.26697307841127527, 0.0]]
0.1177, [[0.09453780330095624, 0.0], [0.00823611068342052, 0.8463015860501262], [0.009579757714130955, 0.314348695750191], [0.00996410050884991, 0.24647853127270714], [0.00807807515695278, 0.8931694830383534], [0.06804043120707116, 0.018103406250000068], [0.007386632758399134, 0.7250781883755892], [0.0071731911396825665, 0.7713278834508657], [0.006751631619298251, 0.8763488366438383], [0.0074426796684408745, 0.7145425191694568]]
0.2193, [[0.9916315136397466, 0.0], [0.018305379250822807, 0.9141937907954654], [0.018718953195633894, 0.8909179427567125], [0.01873310048075437, 0.8905779125155235], [0.018843074672753597, 0.8897058915994279], [0.06862742030537991, 0.011337656250000052], [0.06787593820899791, 0.029849406249999995], [0.069176108217143, 0.014874656250000064], [0.01869248249141893, 0.8884858857022506], [0.003025621209241003, 0.6687126459587636]]
0.3228, [[0.11243628790011717, 0.9885018072668911], [0.9959989760140759, 0.0], [0.04499095460111892, 0.9677800238501597], [0.9952014020566025, 0.0], [0.0464174643018207, 0.882011774106164], [0.9946231542261088, 0.0], [0.11602659281910589, 0.8811401718605885], [0.9944771157768103, 0.0], [0.11565521426127434, 0.8790936405772263], [0.9942497360588769, 0.0]]
0.1428, [[0.018749071631900826, 0.888719503852774], [0.27249108612185513, 0.0], [0.0027967999634945116, 0.7298420657840269], [0.2689048151043596, 0.0], [0.2678251848263699, 0.0], [0.2675287758978422, 0.0], [0.26711232597022216, 0.0], [0.26685746969522633, 0.0], [0.0028563467245590873, 0.7179380417595667], [0.002845797877814204, 0.6163156116287686]]
0.1851, [[0.9973702341005023, 0.0], [0.9968480929536543, 0.0], [0.0027967999634945116, 0.7298420657840269], [0.26117971511662363, 0.0], [0.002815975203605538, 0.7149679930860685], [0.0027148738733543416, 0.7135820541058733], [0.002837319365477195, 0.7123037134494857], [0.002845797877814204, 0.6163156116287686], [0.003493418198067844, 0.5319233923293125], [0.0033457836373158535, 0.4458130741900027]]
0.3103, [[0.99773855166013, 0.0], [0.11660732162051464, 0.87973267134858], [0.2235239617721492, 0.09130449696753479], [0.9973702341005023, 0.0], [0.01323148255388662, 0.8750551796242366], [0.22533695021536232, 0.09124174337019861], [0.9965761500324426, 0.0], [0.003962299647775, 0.43796460896540174], [0.9920135223039956, 0.0], [0.004369366827304195, 0.31096798390252123]]
0.2172, [[0.9956639466303913, 0.0], [0.0187652399577528, 0.8936005741177842], [0.018843074672753597, 0.8897058915994279], [0.9954040840956102, 0.0], [0.003894520842755305, 0.7569685312688372], [0.0029504483527646136, 0.6956329511013633], [0.0030764429895866786, 0.36915716466379744], [0.9925772736707723, 0.0], [0.06818022807327906, 0.02950156250000003], [0.269030396457256, 0.0]]
0.3303, [[0.11236614299863133, 0.9892347597917106], [0.22318950908083224, 0.09129471875371627], [0.2285924621107438, 0.09110492032346296], [0.2235239617721492, 0.09130449696753479], [0.2261329143785739, 0.09126404031394936], [0.9960757535811702, 0.0], [0.22511607477703263, 0.09133104471399692], [0.04502048151326931, 0.9617394106889965], [0.9940894695988933, 0.0], [0.045252704022685886, 0.9476405064600237]]
0.1427, [[0.26168351795589073, 0.0], [0.01873310048075437, 0.8905779125155235], [0.25606098223687046, 0.0], [0.013927903613754438, 0.7163398368254018], [0.06880532118342798, 0.015644281250000062], [0.06917108026215245, 0.013457718750000017], [0.004349107126312853, 0.6463858891011165], [0.004829621883645208, 0.6037467039283044], [0.004656256023823923, 0.5715368107601696], [0.004658277064555419, 0.5436164761897847]]
0.3227, [[0.9942497360588769, 0.0], [0.11247552566651402, 0.9882554545546978], [0.9938926935265848, 0.0], [0.0450198406954764, 0.9843513170604175], [0.9936231666826595, 0.0], [0.11210345699721318, 0.9842755376961795], [0.9925772736707723, 0.0], [0.11237353705008803, 0.9799973878701169], [0.9908433355383863, 0.0], [0.1162613785996941, 0.8800577341186553]]
0.0907, [[0.0945872941520397, 0.0], [0.004555203987249105, 0.6591777737430372], [0.06828142799088302, 0.029072749999999987], [0.06799448950068691, 0.013017406250000033], [0.06790058504718689, 0.02986009374999999], [0.06785617144477035, 0.030486593750000075], [0.004785553336963312, 0.5484641923699829], [0.0031791217174819706, 0.3686505766586554], [0.009297699297896268, 0.09049295932929005], [0.004089920975917539, 0.09133011297419433]]
0.3204, [[0.999569938243059, 0.0], [0.112810180435444, 0.9735131932923242], [0.9960757535811702, 0.0], [0.9959989760140759, 0.0], [0.9957305229822775, 0.0], [0.9943506743988333, 0.0], [0.045105020168257515, 0.9584534751076674], [0.11651859300303431, 0.8791804100426313], [0.01349515442883233, 0.8625706689228938], [0.013486922384877207, 0.8512749731649396]]
0.2184, [[0.26808391934902875, 0.0], [0.018749071631900826, 0.888719503852774], [0.9938926935265848, 0.0], [0.018406973517837783, 0.9126405580530603], [0.26735499346684866, 0.0], [0.0033161581378126997, 0.7703208412918594], [0.2661390704852743, 0.0], [0.003513973661117453, 0.7143542569920038], [0.06905878926736345, 0.012006375000000017], [0.0022249933175101746, 0.5331911615550539]]
0.2477, [[0.11236614299863133, 0.9892347597917106], [0.27403056576559814, 0.0], [0.26941452765435125, 0.0], [0.269078597535353, 0.0], [0.26036472907201746, 0.0], [0.2662524630598015, 0.0], [0.25666506547999457, 0.0], [0.2748160032565816, 0.0], [0.2761484583465055, 0.0], [0.04524457056608352, 0.9619261726304169]]
0.2461, [[0.937857418387164, 0.0], [0.04508303518859294, 0.9722012194374441], [0.9314384379438305, 0.0], [0.0464174643018207, 0.882011774106164], [0.2681625923730492, 0.0], [0.046529360947198665, 0.8740859224797193], [0.261256910712963, 0.0], [0.003442300655663899, 0.5609888256628879], [0.003006199500748086, 0.47507035591451974], [0.003956335112933267, 0.34398663238499827]]
0.3161, [[0.9311546830892197, 0.0], [0.11236614299863133, 0.9892347597917106], [0.11558423136729007, 0.8783743995119577], [0.11271080438386602, 0.9805293436558141], [0.9300674483104359, 0.0], [0.11218824212058327, 0.9820871817739465], [0.013194660177632283, 0.8626309923670775], [0.013106128734857466, 0.8584733149833325], [0.00360684294741353, 0.7992632203815737], [0.003337847355419002, 0.7966237120841294]]
0.3192, [[0.9947407366540363, 0.0], [0.11218824212058327, 0.9820871817739465], [0.9937241050226157, 0.0], [0.04485697438872362, 0.9913260539315728], [0.04478135788915983, 0.9859669317103996], [0.044581619912476333, 0.9839980986978281], [0.045105020168257515, 0.9584534751076674], [0.04490794405009843, 0.9834813546077141], [0.04468612250639761, 0.9885430463131752], [0.9866627164741887, 0.0]]
0.1824, [[0.9959989760140759, 0.0], [0.003028332361441791, 0.6719297800178659], [0.9894924798823763, 0.0], [0.002817306132867743, 0.5677741141234486], [0.2646815880778345, 0.0], [0.002747604874469308, 0.5085080516088163], [0.06865482758944606, 0.012882281250000018], [0.0030963576348433755, 0.49308814858494965], [0.06799986251141212, 0.018353437500000073], [0.007951045352926777, 0.4930184395878749]]
0.1030, [[0.0686726719002949, 0.013637531250000003], [0.01385366733712923, 0.7479793262983594], [0.06799448950068691, 0.013017406250000033], [0.003633757294715896, 0.6797502662299465], [0.052794784389542916, 0.0], [0.0030635773400520317, 0.6343366561844103], [0.05224673729557275, 0.00587371874999998], [0.007598201217413339, 0.6158136954529281], [0.017845567837569198, 0.06711077060292543], [0.0026882059944338655, 0.48340564186835105]]
0.3218, [[0.9906226671462478, 0.0], [0.11558423136729007, 0.8783743995119577], [0.11243628790011717, 0.9885018072668911], [0.26850627898737334, 0.0], [0.013202842927911023, 0.8866199409701295], [0.04632750334243092, 0.8874761221848604], [0.046296201857930916, 0.8827829303159932], [0.04632750334243092, 0.8874761221848604], [0.046173115548015155, 0.8816005698764646], [0.046526797676027014, 0.8833078733704693]]
0.3217, [[0.9968480929536543, 0.0], [0.04437813561638812, 1.0], [0.11247552566651402, 0.9882554545546978], [0.11271080438386602, 0.9805293436558141], [0.11279825136576052, 0.9799333661696672], [0.996375615617689, 0.0], [0.11218824212058327, 0.9820871817739465], [0.9946231542261088, 0.0], [0.04504350166013782, 0.9710853927214891], [0.9943506743988333, 0.0]]
0.1867, [[0.0036298138006056594, 0.5461365238320034], [0.9944771157768103, 0.0], [0.22318950908083224, 0.09129471875371627], [0.0031846426092363013, 0.5369911198681125], [0.9943506743988333, 0.0], [0.005066379411288551, 0.49840519678423034], [0.269112393693559, 0.0], [0.0018420307457298025, 0.45984536521155905], [0.26489932398234173, 0.0], [0.001010347837880859, 0.08822177250564872]]
0.3226, [[0.9944771157768103, 0.0], [0.11581487647906255, 0.8757353447742444], [0.2679291587994299, 0.0], [0.04504350166013782, 0.9710853927214891], [0.22631131377107094, 0.09115610595790224], [0.04499095460111892, 0.9677800238501597], [0.2261329143785739, 0.09126404031394936], [0.046173115548015155, 0.8816005698764646], [0.2285924621107438, 0.09110492032346296], [0.2687387891686919, 0.0]]
0.2044, [[0.9897139536336099, 0.0], [0.00672023154744549, 0.8763783180263343], [0.9288838388932363, 0.0], [0.003588259231419039, 0.8222284846724235], [0.00436369805452073, 0.6512960220781013], [0.0036222718681198315, 0.7104368615979026], [0.00360684294741353, 0.7992632203815737], [0.2567164060919141, 0.0], [0.06864595472769804, 0.013520468750000018], [0.06794278043416643, 0.030721312499999993]]
0.3240, [[0.04437813561638812, 1.0], [0.11236614299863133, 0.9892347597917106], [0.11238245920551243, 0.9817156465760788], [0.11320172010691412, 0.9684337080897358], [0.11320172010691412, 0.9684337080897358], [0.11607928775915392, 0.8725910593857349], [0.9903770326221522, 0.0], [0.013500083796470125, 0.8227410769465404], [0.9387774069271371, 0.0], [0.9334330439700931, 0.0]]
0.2990, [[0.9897139536336099, 0.0], [0.11635898007892247, 0.8785152123637366], [0.2608528342421725, 0.0], [0.1160994488727925, 0.8779581014575903], [0.11582227053051924, 0.8751353899181515], [0.013355751912035457, 0.8646352030386439], [0.01349515442883233, 0.8625706689228938], [0.003949039648829329, 0.09127971815911524], [0.0006358637784374963, 0.07339718694256155], [0.06804388176441763, 0.012983656249999979]]
0.3183, [[0.11238245920551243, 0.9817156465760788], [0.9976727806673393, 0.0], [0.0033074331570938005, 0.7673517695162427], [0.0048953796479334075, 0.5101136113129505], [0.9951893216701715, 0.0], [0.0035007629558481603, 0.712407962409128], [0.003962299647775, 0.43796460896540174], [0.003962348941451379, 0.42298891438898517], [0.004386471733007347, 0.27791640053658284], [0.9911241374096476, 0.0]]
0.3233, [[0.11243628790011717, 0.9885018072668911], [0.9952242205643053, 0.0], [0.0450198406954764, 0.9843513170604175], [0.044581619912476333, 0.9839980986978281], [0.04508303518859294, 0.9722012194374441], [0.9330416394497312, 0.0], [0.932210508863283, 0.0], [0.9313063590521857, 0.0], [0.9304593897368616, 0.0], [0.11678872234958552, 0.8757669195093432]]
0.1504, [[0.018399234410646444, 0.9146180784789353], [0.06899934109365162, 0.011806625000000072], [0.06797832117483495, 0.018557656250000058], [0.06803170622635227, 0.018114250000000005], [0.06880532118342798, 0.015644281250000062], [0.06836187527073184, 0.013162593750000066], [0.04632750334243092, 0.8874761221848604], [0.006678479803553358, 0.8813164670389926], [0.006981192270190412, 0.7827728003602219], [0.009240962276385236, 0.3555064169694263]]
0.2988, [[0.9913732618231563, 0.0], [0.11632279852046104, 0.8768152356038437], [0.9897901942946408, 0.0], [0.003894520842755305, 0.7569685312688372], [0.9325310417832502, 0.0], [0.00395820827263563, 0.6925001093737518], [0.25854324541963775, 0.0], [0.004043437039093122, 0.6607158645682787], [0.004256040665311264, 0.5469219846179544], [0.06851680529558778, 0.011954031250000056]]
0.1651, [[0.046529360947198665, 0.8740859224797193], [0.2682281532263996, 0.0], [0.264947894417359, 0.0], [0.2616216506717432, 0.0], [0.2608303034700351, 0.0], [0.0467171698541987, 0.8731260505327072], [0.007146375379732955, 0.7495119046284124], [0.002846438695607118, 0.7435636780954735], [0.008720519641186733, 0.7355824921818832], [0.008962453004849763, 0.6763308096417393]]
0.3180, [[0.04437813561638812, 1.0], [0.9976727806673393, 0.0], [0.1167436186356997, 0.8816548923765187], [0.04462278013225193, 0.9987678526577243], [0.9930159259247311, 0.0], [0.04624321115582461, 0.8756014050968463], [0.9913732618231563, 0.0], [0.989498385849076, 0.0], [0.9890755723239935, 0.0], [0.9346271230555327, 0.0]]
0.3287, [[0.1121215477764439, 0.989127998808945], [0.9451837700779757, 0.0], [0.1167436186356997, 0.8816548923765187], [0.112810180435444, 0.9735131932923242], [0.04526744283192289, 0.9748809201048712], [0.9372018560835118, 0.0], [0.2285924621107438, 0.09110492032346296], [0.04684814315233494, 0.8769350800403799], [0.0464174643018207, 0.882011774106164], [0.04623700015260099, 0.8797649438678801]]
0.2099, [[0.9942497360588769, 0.0], [0.013190913858227557, 0.8701576416520813], [0.27702087939221587, 0.0], [0.0035566619848607663, 0.5515418742564984], [0.06903660711299336, 0.012120218750000024], [0.0033164046061945895, 0.4471256149646937], [0.06794278043416643, 0.030721312499999993], [0.06793311887359633, 0.017893562500000074], [0.06786050928829161, 0.028252937500000026], [0.02886319744480706, 0.04625890625000008]]
0.3095, [[0.11692472360271232, 0.8757837361085894], [0.937857418387164, 0.0], [0.9293308131911808, 0.0], [0.044581619912476333, 0.9839980986978281], [0.2746176585903892, 0.0], [0.04560175254511822, 0.9333657606123769], [0.2681625923730492, 0.0], [0.018662462642504752, 0.8919046096170467], [0.046529360947198665, 0.8740859224797193], [0.04657742228166718, 0.8719060097463199]]
0.0980, [[0.0028087290331779784, 0.7667692592651771], [0.069176108217143, 0.020824812500000015], [0.003059584552265417, 0.7210388900815583], [0.0032727304089237167, 0.43862080002981013], [0.00292442129163705, 0.3878565000093157], [0.0028744867974661767, 0.34910207340748617], [0.003797806649701748, 0.19538466031337912], [0.014842892834682136, 0.0667901545962659], [0.0036324263654536914, 0.09185472648352956], [0.015669597081216905, 0.032675500000000086]]
0.3250, [[0.04456599381706452, 0.9849957207701192], [0.22492936485382908, 0.09130162326079201], [0.9936231666826595, 0.0], [0.9908433355383863, 0.0], [0.989899186225551, 0.0], [0.9451837700779757, 0.0], [0.227809240761282, 0.09112850576762993], [0.9323541312352953, 0.0], [0.1162613785996941, 0.8800577341186553], [0.013311338309618915, 0.8557756463727277]]
0.3219, [[0.1116950095947454, 0.998159245277538], [0.9948513393031375, 0.0], [0.11232710240693998, 0.9842428813955684], [0.9938926935265848, 0.0], [0.11218824212058327, 0.9820871817739465], [0.9938006141366782, 0.0], [0.11238245920551243, 0.9817156465760788], [0.9937241050226157, 0.0], [0.11279825136576052, 0.9799333661696672], [0.9919571471673179, 0.0]]
0.3032, [[0.2235239617721492, 0.09130449696753479], [0.9313039429748995, 0.0], [0.1162613785996941, 0.8800577341186553], [0.9309630076245154, 0.0], [0.04656312711551757, 0.8755872749667741], [0.25861896358829595, 0.0], [0.04692094991234519, 0.860627270144452], [0.2568120695342676, 0.0], [0.003675311863902517, 0.12393670533642902], [0.2563686565514668, 0.0]]
