0.1923, [[0.9984743814202894, 0.0], [0.0070327041620053795, 0.7609121633488993], [0.0030520426197795884, 0.6884086168214797], [0.003160784469869369, 0.4431919270582977], [0.0031215959971488904, 0.4799205410355302], [0.9947407366540363, 0.0], [0.9913732618231563, 0.0], [0.9892119464641469, 0.0], [0.9890755723239935, 0.0], [0.06867740409322719, 0.01573981250000001]]
0.1035, [[0.007598201217413339, 0.6158136954529281], [0.26796775659759947, 0.0], [0.008074033075489788, 0.4420806127103013], [0.2687387891686919, 0.0], [0.009680908338058531, 0.09037860863360686], [0.004099138893400218, 0.45995007148845796], [0.008242075218262252, 0.06936890652871923], [0.003766160109467097, 0.30280102122109853], [0.0007266134366493211, 0.4244647334972893], [0.0030840835094252624, 0.38656318711456406]]
0.0668, [[0.06859247108882793, 0.011382187500000088], [0.0018359183298589357, 0.4741778459560674], [0.011488704625543841, 0.09044033416577477], [0.002004059059984157, 0.37420422931455316], [0.06860168900631063, 0.011928062500000005], [0.0017014944743762382, 0.4058519553406743], [0.0019983902872006912, 0.3676663376558049], [0.001999524041757385, 0.3634046335401415], [0.010001415821868026, 0.06737913009870376], [0.0016991283779100963, 0.35050586728895383]]
0.1926, [[0.99773855166013, 0.0], [0.003598808078163922, 0.7453648684537343], [0.09525941342945318, 0.0], [0.008933073973728499, 0.679750161562316], [0.06867740409322719, 0.01573981250000001], [0.067887423635594, 0.017085750000000014], [0.06778612513063728, 0.03015534375000007], [0.06804043120707116, 0.018103406250000068], [0.06862189941362559, 0.01263168749999999], [0.00961155213539474, 0.30709178926089475]]
0.2149, [[0.2650431885027923, 0.0], [0.01835003932162124, 0.9124775207744765], [0.06282718128701449, 0.09165307230348436], [0.9286629020480663, 0.0], [0.007051534346381761, 0.8293392545735805], [0.2613372458431247, 0.0], [0.0028289887341693193, 0.5608291377484697], [0.2588088130453219, 0.0], [0.0032739627508331657, 0.3829932107391056], [0.2561632941037891, 0.0]]
0.2330, [[0.9387774069271371, 0.0], [0.0464174643018207, 0.882011774106164], [0.9334330439700931, 0.0], [0.046173115548015155, 0.8816005698764646], [0.9312349505457274, 0.0], [0.01323148255388662, 0.8750551796242366], [0.930662608681933, 0.0], [0.013190913858227557, 0.8701576416520813], [0.2566606331969512, 0.0], [0.013596255759083525, 0.7809386745876699]]
0.1464, [[0.06915979201026187, 0.01905193750000001], [0.26563674507368834, 0.0], [0.02679276444957998, 0.06677505827090022], [0.018511673286464574, 0.9153195260470761], [0.06797832117483495, 0.018557656250000058], [0.06801750964755542, 0.01600431250000001], [0.2579875479330708, 0.0], [0.0036763963247828314, 0.09174608039005827], [0.0513307622011175, 0.011128156250000078], [0.0004885249797437738, 0.07745557616839101]]
0.1206, [[0.01402792048312532, 0.7338356592128866], [0.2564648740292008, 0.0], [0.014156971327882822, 0.6942071337540764], [0.06958278104726116, 0.0199771875], [0.004633334464308172, 0.522269513018091], [0.06957701368712495, 0.021915562500000044], [0.003497065930119813, 0.24069649201647025], [0.0037394922305466205, 0.18106093682112048], [0.06953496618117455, 0.01917406249999998], [0.06916378479804851, 0.014960468750000015]]
0.1264, [[0.007083082299263656, 0.8322282556121225], [0.26711232597022216, 0.0], [0.005076878964357056, 0.5010126369124139], [0.2608303034700351, 0.0], [0.003093400014260698, 0.3504591619436217], [0.258392547796162, 0.0], [0.0032638082534993057, 0.32017366457995666], [0.2583511798210901, 0.0], [0.003282145501111907, 0.3179230190225998], [0.06898657403146974, 0.009553531250000026]]
0.1117, [[0.007434250449780242, 0.6931831354389839], [0.2609813704504312, 0.0], [0.008569237348382774, 0.20934873360907746], [0.014447705431160028, 0.058866656249999996], [0.013637514566211876, 0.06743737007967654], [0.0137161872737111, 0.06738678439766917], [0.2616183264594607, 0.0], [0.0007464294945532609, 0.3416395301361951], [0.003611969489756838, 0.24792944297877897], [0.05205749887195777, 0.012586812500000048]]
0.1086, [[0.2654402471920974, 0.0], [0.06307887479860036, 0.09158849922701867], [0.004541746813597921, 0.6347381961029248], [0.2566888890013529, 0.0], [0.004343586234558522, 0.6285402326044169], [0.069176108217143, 0.014874656250000064], [0.06831070843465152, 0.012370218749999998], [0.003027740837325255, 0.3594818921990575], [0.005507262052813025, 0.3548162122296129], [0.0031012377088047937, 0.3469192648258904]]
0.1831, [[0.2740006478550552, 0.0], [0.04437813561638812, 1.0], [0.27313819944619244, 0.0], [0.04524343681152682, 0.9524310043357327], [0.2718670576050357, 0.0], [0.0036339544694214076, 0.72460924250325], [0.26483191634438996, 0.0], [0.002535789947073213, 0.5399575749529752], [0.06921790925471151, 0.02060809375000006], [0.0007464294945532609, 0.3416395301361951]]
0.1669, [[0.04633534103697502, 0.8731649520019176], [0.2761484583465055, 0.0], [0.2748481373086464, 0.0], [0.2748160032565816, 0.0], [0.0036126103075497513, 0.8136410987341405], [0.06282308991187512, 0.09149809311452016], [0.008611925672126089, 0.8025898018926161], [0.00857855385321821, 0.7918125946852781], [0.008984339397161577, 0.6861718695649017], [0.014173336828440302, 0.6975923291380102]]
0.1800, [[0.06803574830781527, 0.012893031250000079], [0.013886003988833173, 0.06791227851111904], [0.99601454628992, 0.0], [0.00346137730842217, 0.09305790878820312], [0.06903714934343352, 0.01252396875000006], [0.01442956535825294, 0.0668890236651207], [0.02565437628730737, 0.06674678855987631], [0.003134609527712672, 0.6600930223903905], [0.011560870567761172, 0.09071396539422048], [0.0033828524819520794, 0.4706965526242246]]
0.2494, [[0.993180219180192, 0.0], [0.04556078950004814, 0.9544233526758803], [0.9916315136397466, 0.0], [0.046476370245092366, 0.8708073136325014], [0.9913732618231563, 0.0], [0.04692094991234519, 0.860627270144452], [0.9897901942946408, 0.0], [0.04670272680701996, 0.8584539514717526], [0.2751475010925364, 0.0], [0.2748481373086464, 0.0]]
0.1674, [[0.2648117863922345, 0.0], [0.006677148874291154, 0.8999367686665264], [0.2658001855109139, 0.0], [0.2680698837860579, 0.0], [0.26475195057114853, 0.0], [0.04633534103697502, 0.8731649520019176], [0.2563815840436767, 0.0], [0.002848016093251212, 0.6551488375443926], [0.003082259643399279, 0.5720315048695288], [0.003207021938311896, 0.534474421590059]]
0.1871, [[0.283326356056841, 0.0], [0.018406973517837783, 0.9126405580530603], [0.2740006478550552, 0.0], [0.01323148255388662, 0.8750551796242366], [0.26010470180013756, 0.0], [0.013355751912035457, 0.8646352030386439], [0.25639026393130343, 0.0], [0.01349515442883233, 0.8625706689228938], [0.22492936485382908, 0.09130162326079201], [0.0470685351794208, 0.8547485080287308]]
0.3122, [[0.04504350166013782, 0.9710853927214891], [0.9928395522828397, 0.0], [0.04499095460111892, 0.9677800238501597], [0.9919485566703006, 0.0], [0.04556078950004814, 0.9544233526758803], [0.9894661714852602, 0.0], [0.11565521426127434, 0.8790936405772263], [0.9890320829328418, 0.0], [0.013687399766706373, 0.793409822721562], [0.9889797345916411, 0.0]]
0.3212, [[0.11247552566651402, 0.9882554545546978], [0.9952242205643053, 0.0], [0.04437813561638812, 1.0], [0.11237353705008803, 0.9799973878701169], [0.11210345699721318, 0.9842755376961795], [0.989498385849076, 0.0], [0.04478687878091416, 0.9927406020640122], [0.9379062768389511, 0.0], [0.04485697438872362, 0.9913260539315728], [0.27249108612185513, 0.0]]
0.2540, [[0.99773855166013, 0.0], [0.2235239617721492, 0.09130449696753479], [0.046529360947198665, 0.8740859224797193], [0.9973702341005023, 0.0], [0.014302732728932448, 0.7039699022898769], [0.9890755723239935, 0.0], [0.014173336828440302, 0.6975923291380102], [0.265071444307194, 0.0], [0.014156971327882822, 0.6942071337540764], [0.0009693354991343965, 0.37951093380284323]]
0.1280, [[0.007051534346381761, 0.8293392545735805], [0.26460937879991897, 0.0], [0.007076624827658142, 0.7770552263949511], [0.007645375265707045, 0.6123922850689577], [0.008164733440025234, 0.34506339366161776], [0.008851985876086753, 0.09235353549768106], [0.007026295984076245, 0.8379729733828156], [0.007488917136883401, 0.6810715903931208], [0.06925083743053198, 0.01942209375000004], [0.002805968587300812, 0.6377231773583262]]
0.2117, [[0.9951893216701715, 0.0], [0.06329073901967282, 0.09160831965750982], [0.9892119464641469, 0.0], [0.01348130290577012, 0.858033466712179], [0.0033161581378126997, 0.7703208412918594], [0.013848639382138681, 0.74738795418794], [0.27228793981569904, 0.0], [0.25836964766710435, 0.0], [0.26456708743254653, 0.0], [0.05320579506318235, 0.0]]
0.1602, [[0.06927977281856584, 0.02067418750000006], [0.044951223897958276, 0.9846397810491454], [0.06880704646210122, 0.015647906250000013], [0.006907646105034495, 0.831552381834952], [0.008611925672126089, 0.8025898018926161], [0.06864595472769804, 0.013520468750000018], [0.007776496444872419, 0.4799353585601702], [0.0028087290331779784, 0.7667692592651771], [0.06806359923496881, 0.013848437499999979], [0.002832685759897666, 0.7438002967180615]]
0.1954, [[0.9984743814202894, 0.0], [0.003588259231419039, 0.8222284846724235], [0.0036066950663843963, 0.8153709057686305], [0.0036066950663843963, 0.8153709057686305], [0.002779054239998446, 0.7658234825590264], [0.003912710209338772, 0.7399365260398132], [0.003932181211508066, 0.5892077420929169], [0.004257963118690005, 0.5414282598243921], [0.9919021142957993, 0.0], [0.9916648018156897, 0.0]]
0.0844, [[0.0033409528570308134, 0.4584198051161667], [0.0679996653367066, 0.012186156250000081], [0.2563668097668654, 0.0], [0.09445592650449243, 0.0], [0.0028974576506583067, 0.45247597879753343], [0.014678104074550613, 0.046161500000000084], [0.01461944459966084, 0.05310696874999999], [0.014218243367620623, 0.06693481448448091], [0.013671182147178024, 0.06678788322035914], [0.002972729094487451, 0.3322637810817359]]
0.2383, [[0.04657742228166718, 0.8719060097463199], [0.9984743814202894, 0.0], [0.0027926592946787634, 0.7603887554196657], [0.2680244528848631, 0.0], [0.0028465865766362517, 0.6984455796590969], [0.2653781952294897, 0.0], [0.0019275059805691852, 0.5960631927548969], [0.06828142799088302, 0.029072749999999987], [0.0029347236700000435, 0.5958788730581802], [0.013286494296724422, 0.06807877452729219]]
0.3252, [[0.04481694792350471, 0.9998148778514525], [0.99773855166013, 0.0], [0.11178117494105408, 0.9918659295679522], [0.0450198406954764, 0.9843513170604175], [0.112810180435444, 0.9735131932923242], [0.046173115548015155, 0.8816005698764646], [0.1116950095947454, 0.998159245277538], [0.11602659281910589, 0.8811401718605885], [0.9943506743988333, 0.0], [0.9938926935265848, 0.0]]
0.1462, [[0.2679291587994299, 0.0], [0.00857855385321821, 0.7918125946852781], [0.013549032417113438, 0.7692677453755822], [0.22631131377107094, 0.09115610595790224], [0.013910897295404042, 0.7533721166072354], [0.265071444307194, 0.0], [0.06277093720226723, 0.09166804554643834], [0.2646815880778345, 0.0], [0.009240962276385236, 0.3555064169694263], [0.008575842701017421, 0.21488858407392952]]
0.2468, [[0.044581619912476333, 0.9839980986978281], [0.9275472112479117, 0.0], [0.045105020168257515, 0.9584534751076674], [0.26846601908306233, 0.0], [0.04560175254511822, 0.9333657606123769], [0.2679291587994299, 0.0], [0.0464174643018207, 0.882011774106164], [0.26754539695925494, 0.0], [0.046466905859227796, 0.8691827673447452], [0.26717807150203277, 0.0]]
0.3216, [[0.0450198406954764, 0.9843513170604175], [0.1162613785996941, 0.8800577341186553], [0.9942497360588769, 0.0], [0.11237353705008803, 0.9799973878701169], [0.11565521426127434, 0.8790936405772263], [0.1160994488727925, 0.8779581014575903], [0.9936231666826595, 0.0], [0.013626522076379592, 0.8334692997029625], [0.9906226671462478, 0.0], [0.014156971327882822, 0.6942071337540764]]
0.2455, [[0.26684934384298015, 0.0], [0.11210345699721318, 0.9842755376961795], [0.2653323949713745, 0.0], [0.044951223897958276, 0.9846397810491454], [0.0025609297220259724, 0.7220462113542448], [0.06804713514705857, 0.011202687499999977], [0.0680245093496011, 0.012105531250000025], [0.06796609634309321, 0.012606531249999999], [0.0028671913333622383, 0.6909482024213285], [0.002845797877814204, 0.6163156116287686]]
0.1825, [[0.9312376350760454, 0.0], [0.007386632758399134, 0.7250781883755892], [0.2566323773925495, 0.0], [0.007401913798076301, 0.7072963093548694], [0.06925083743053198, 0.01942209375000004], [0.003633757294715896, 0.6797502662299465], [0.06920144516680125, 0.01949768750000003], [0.007645375265707045, 0.6123922850689577], [0.008112482143064596, 0.439681696719021], [0.06875223189396891, 0.015418656250000055]]
0.3192, [[0.9911241374096476, 0.0], [0.11178117494105408, 0.9918659295679522], [0.9311546830892197, 0.0], [0.9307291850338191, 0.0], [0.013106128734857466, 0.8584733149833325], [0.05098442483088595, 0.016495593749999985], [0.003296588548290649, 0.8090618201361003], [0.00360684294741353, 0.7992632203815737], [0.00383665006668758, 0.758619767802285], [0.0036845790750615727, 0.7570939928681923]]
0.2184, [[0.018406973517837783, 0.9126405580530603], [0.9928266665373132, 0.0], [0.06903581841417131, 0.011370875000000004], [0.002832685759897666, 0.7438002967180615], [0.06903660711299336, 0.012120218750000024], [0.06905878926736345, 0.012006375000000017], [0.06871605033550748, 0.015791187500000085], [0.06917108026215245, 0.013457718750000017], [0.06958278104726116, 0.0199771875], [0.26551965892995844, 0.0]]
0.2540, [[0.9952014020566025, 0.0], [0.04462278013225193, 0.9987678526577243], [0.00383665006668758, 0.758619767802285], [0.258924791118291, 0.0], [0.25681945667267325, 0.0], [0.2563692105868473, 0.0], [0.003633757294715896, 0.6797502662299465], [0.2579657558747741, 0.0], [0.25685786979238273, 0.0], [0.25836946298864427, 0.0]]
0.2066, [[0.013483866176941774, 0.8599760979279994], [0.9897139536336099, 0.0], [0.0028174047202204986, 0.697632765732463], [0.27515451887402176, 0.0], [0.0030009743710520224, 0.40394185901663776], [0.003515551058761548, 0.2581960203454253], [0.2675287758978422, 0.0], [0.003128743580223695, 0.3369214018407768], [0.002988158015193753, 0.4139503195461408], [0.0031691643948536224, 0.3261726044752484]]
0.2017, [[0.006983804835038443, 0.8598493454278721], [0.9365393140010334, 0.0], [0.9948513393031375, 0.0], [0.0028980984684512196, 0.4202788938386155], [0.05218231046054676, 0.005858406250000005], [0.0017599567745604989, 0.40610800978145467], [0.0017223456994841149, 0.4035028858830324], [0.00216421421453615, 0.29032891718368636], [0.0007882305321217712, 0.08451333749554049], [0.0012514925027218404, 0.08447091271256987]]
0.2303, [[0.0027926592946787634, 0.7603887554196657], [0.9323297020094015, 0.0], [0.9309401891168125, 0.0], [0.04638862750113959, 0.8682100910576427], [0.2584294834881904, 0.0], [0.014045567619268631, 0.7063190625812495], [0.014045567619268631, 0.7063190625812495], [0.25808561219540616, 0.0], [0.014303718602460005, 0.7041343002476524], [0.0043008979108152086, 0.5983317938602545]]
0.1829, [[0.26968489691999886, 0.0], [0.04499095460111892, 0.9677800238501597], [0.04633534103697502, 0.8731649520019176], [0.046715099519790824, 0.8699925110208946], [0.044951223897958276, 0.9846397810491454], [0.04692094991234519, 0.860627270144452], [0.2680698837860579, 0.0], [0.00857855385321821, 0.7918125946852781], [0.06282308991187512, 0.09149809311452016], [0.08938981820842395, 0.0]]
0.3243, [[0.9936231666826595, 0.0], [0.044571711883524365, 0.9983692434328544], [0.9907099143815823, 0.0], [0.04478687878091416, 0.9927406020640122], [0.9323058096895716, 0.0], [0.04456599381706452, 0.9849957207701192], [0.044951223897958276, 0.9846397810491454], [0.11210345699721318, 0.9842755376961795], [0.04647710965023803, 0.8806932759690038], [0.11678872234958552, 0.8757669195093432]]
0.1074, [[0.09525941342945318, 0.0], [0.008611925672126089, 0.8025898018926161], [0.09507623812803268, 0.0], [0.004312531218440407, 0.6557586311577206], [0.003476461173393825, 0.547632154488609], [0.0043304248229656065, 0.45805860019003974], [0.005375450762178361, 0.34923098904477123], [0.011924805780459652, 0.09010273813770961], [0.014836731125134891, 0.029237718750000034], [0.01721263703287619, 0.06867967951004875]]
0.3163, [[0.9984743814202894, 0.0], [0.11320172010691412, 0.9684337080897358], [0.9949101305171011, 0.0], [0.04524309175579218, 0.9565800989738042], [0.9938926935265848, 0.0], [0.002837319365477195, 0.7123037134494857], [0.9930878713372533, 0.0], [0.0030790555544347115, 0.6946135930512081], [0.9919021142957993, 0.0], [0.0037489073227348108, 0.30507809718107826]]
0.1406, [[0.04670272680701996, 0.8584539514717526], [0.003428054783190669, 0.7021226232851343], [0.019302935379683587, 0.06734673445118325], [0.01817849732782594, 0.06732306754667618], [0.0178193928954125, 0.06710616660720656], [0.01882720210895989, 0.06315143750000009], [0.017176455474414768, 0.06864011654180045], [0.017317829738266753, 0.06710363420145082], [0.01915254037305443, 0.040416156250000064], [0.01719913056554863, 0.06770789630158164]]
0.3218, [[0.9992520898534095, 0.0], [0.11238245920551243, 0.9817156465760788], [0.989498385849076, 0.0], [0.1162613785996941, 0.8800577341186553], [0.9300674483104359, 0.0], [0.11565521426127434, 0.8790936405772263], [0.0030301562274677746, 0.6718134942807551], [0.007795228041896044, 0.4797284208820079], [0.00796548840010552, 0.4641767783242972], [0.0031306167399260576, 0.5179373912395433]]
0.2169, [[0.9956639466303913, 0.0], [0.0187652399577528, 0.8936005741177842], [0.9954040840956102, 0.0], [0.018843074672753597, 0.8897058915994279], [0.26729534232422286, 0.0], [0.26773303027475914, 0.0], [0.003894520842755305, 0.7569685312688372], [0.06957701368712495, 0.021915562500000044], [0.0029504483527646136, 0.6956329511013633], [0.0030764429895866786, 0.36915716466379744]]
0.1031, [[0.09507623812803268, 0.0], [0.0070820471320597175, 0.749667650062095], [0.09499273464024842, 0.0], [0.008962453004849763, 0.6763308096417393], [0.06880704646210122, 0.015647906250000013], [0.008139248609337828, 0.4453246987312057], [0.02913598864988269, 0.032757687500000084], [0.026250780477804308, 0.06562590624999999], [0.0031571860314937783, 0.3436437351927415], [0.00996410050884991, 0.24647853127270714]]
0.2262, [[0.013106128734857466, 0.8584733149833325], [0.9976727806673393, 0.0], [0.003513973661117453, 0.7143542569920038], [0.9920135223039956, 0.0], [0.003190064913637877, 0.42567529670411564], [0.9919571471673179, 0.0], [0.0038620856036986075, 0.41923011769418517], [0.0038638601760482144, 0.4139352164589273], [0.017682405768758153, 0.09299810381733858], [0.22414928303818976, 0.09140241586395528]]
0.1074, [[0.06296145726146805, 0.09146395469140207], [0.00857855385321821, 0.7918125946852781], [0.02848511494698811, 0.035358624999999984], [0.00861379883182845, 0.7001449284132091], [0.027871310088729746, 0.06047871875000001], [0.0043008979108152086, 0.5983317938602545], [0.02575173129815384, 0.06705304614103937], [0.004682085910245974, 0.5510055224303345], [0.009297107773779734, 0.3412725822294266], [0.01874419155793941, 0.06670582233321441]]
0.2493, [[0.04524457056608352, 0.9619261726304169], [0.9959989760140759, 0.0], [0.002451596347819657, 0.7001156563659736], [0.9305112011719988, 0.0], [0.0035511410931064347, 0.5519981204563776], [0.9304593897368616, 0.0], [0.26968489691999886, 0.0], [0.26707280477975187, 0.0], [0.2661270663853651, 0.0], [0.26581422107388475, 0.0]]
0.2102, [[0.013261748871182685, 0.8799447628564998], [0.9959989760140759, 0.0], [0.003868986718391522, 0.15709830580046508], [0.06839416262875941, 0.016804312500000033], [0.0007427817625012921, 0.09288095968605066], [0.052141150240771164, 0.005765624999999997], [0.0, 0.0781475234867404], [0.0, 0.07802125222975384], [0.00155864140023291, 0.07078988821500773], [0.013755474333784335, 0.06786823165655845]]
0.0870, [[0.01875119125998508, 0.09077036805803307], [0.0024722011045456445, 0.7135895203968248], [0.002755738331071671, 0.5944733263419348], [0.018541742429055125, 0.06711068914258532], [0.009297699297896268, 0.09049295932929005], [0.0029166328907693326, 0.5919260302266636], [0.003146932946807162, 0.5553858627526453], [0.0035615420588221845, 0.5417063268285245], [0.003394584376930034, 0.3871064540457958], [0.014713891283601012, 0.025720656250000088]]
0.2470, [[0.11236614299863133, 0.9892347597917106], [0.269078597535353, 0.0], [0.018662462642504752, 0.8919046096170467], [0.26036472907201746, 0.0], [0.0027091065132181205, 0.6488232493155062], [0.06919247371770047, 0.01418078125], [0.06824125364463499, 0.03016371875000002], [0.05218748629656644, 0.005181468750000031], [0.06828142799088302, 0.029072749999999987], [0.0047490267227672436, 0.5743369489807038]]
0.1866, [[0.9943506743988333, 0.0], [0.22318950908083224, 0.09129471875371627], [0.26483191634438996, 0.0], [0.0036298138006056594, 0.5461365238320034], [0.005507262052813025, 0.3548162122296129], [0.0031846426092363013, 0.5369911198681125], [0.003974968122604136, 0.18401368555884728], [0.0018420307457298025, 0.45984536521155905], [0.0026907692656055193, 0.09298886371744561], [0.0033214818548615186, 0.08894542870733738]]
0.1983, [[0.003291659180652853, 0.8031166987428559], [0.9952014020566025, 0.0], [0.003598808078163922, 0.7453648684537343], [0.0025609297220259724, 0.7220462113542448], [0.0026821428722393764, 0.6672373208224094], [0.0030635773400520317, 0.6343366561844103], [0.06259559959539082, 0.0915708455226543], [0.0038495157162222278, 0.7286150471556291], [0.9916315136397466, 0.0], [0.9368923297378484, 0.0]]
0.1423, [[0.018749071631900826, 0.888719503852774], [0.2678251848263699, 0.0], [0.2675287758978422, 0.0], [0.2584294834881904, 0.0], [0.2563564677730975, 0.0], [0.2563088207303809, 0.0], [0.26025853895743584, 0.0], [0.26685746969522633, 0.0], [0.0027967999634945116, 0.7298420657840269], [0.0027403094103653695, 0.6015862942633252]]
0.1471, [[0.06871605033550748, 0.015791187500000085], [0.04632750334243092, 0.8874761221848604], [0.05100394512673163, 0.016365281250000033], [0.008962453004849763, 0.6763308096417393], [0.004157601193584479, 0.09135590973956476], [0.0038857465683600286, 0.09220900998929718], [0.003658305545552121, 0.09288867998572958], [0.003612807482255263, 0.3835350498574705], [0.0031957829800977203, 0.3941322769548938], [0.003062246410789827, 0.5828889572599918]]
0.1657, [[0.2568120695342676, 0.0], [0.00807807515695278, 0.8931694830383534], [0.045971356530600166, 0.8812254410899614], [0.05321294264625715, 0.0], [0.05188802721257034, 0.011086687500000083], [0.0518525357655782, 0.01063425000000007], [0.05126229328462851, 0.011325593750000088], [0.05274233591787676, 0.0], [0.006848888042791966, 0.8101084964377273], [0.00857855385321821, 0.7918125946852781]]
0.3045, [[0.11660732162051464, 0.87973267134858], [0.9992520898534095, 0.0], [0.006618834455136026, 0.9174647240164714], [0.013355751912035457, 0.8646352030386439], [0.01349515442883233, 0.8625706689228938], [0.004415949351481367, 0.2739717660648744], [0.003264843420703243, 0.4047181767369068], [0.9976727806673393, 0.0], [0.004337720287069545, 0.09154597990248545], [0.9954040840956102, 0.0]]
0.1352, [[0.2608528342421725, 0.0], [0.01349515442883233, 0.8625706689228938], [0.0042450974691553576, 0.6768533802299318], [0.004349107126312853, 0.6463858891011165], [0.004541746813597921, 0.6347381961029248], [0.013355751912035457, 0.8646352030386439], [0.0027290211584748165, 0.4884246261993926], [0.06839416262875941, 0.016804312500000033], [0.0, 0.0705179819241289], [0.06803974109560187, 0.018146562500000022]]
0.2193, [[0.01873310048075437, 0.8905779125155235], [0.9916315136397466, 0.0], [0.018843074672753597, 0.8897058915994279], [0.018718953195633894, 0.8909179427567125], [0.018305379250822807, 0.9141937907954654], [0.06906529603264534, 0.012001531250000032], [0.06902960741094771, 0.012075812500000008], [0.06787593820899791, 0.029849406249999995], [0.01869287684082995, 0.886059027140087], [0.0033074331570938005, 0.7673517695162427]]
0.2329, [[0.11218824212058327, 0.9820871817739465], [0.11558423136729007, 0.8783743995119577], [0.09535474739956816, 0.0], [0.013194660177632283, 0.8626309923670775], [0.09453780330095624, 0.0], [0.0036126103075497513, 0.8136410987341405], [0.003337847355419002, 0.7966237120841294], [0.003428054783190669, 0.7021226232851343], [0.0033798455676930235, 0.6957126729463372], [0.003602061460804868, 0.6821269192188418]]
0.2997, [[0.9944771157768103, 0.0], [0.9898997231316147, 0.0], [0.9897155643518007, 0.0], [0.9890755723239935, 0.0], [0.11635898007892247, 0.8785152123637366], [0.9952014020566025, 0.0], [0.9965761500324426, 0.0], [0.11632279852046104, 0.8768152356038437], [0.04656312711551757, 0.8755872749667741], [0.046715099519790824, 0.8699925110208946]]
0.1477, [[0.04632750334243092, 0.8874761221848604], [0.018399234410646444, 0.9146180784789353], [0.01749109701073528, 0.06767072957545486], [0.006981192270190412, 0.7827728003602219], [0.005092258591386981, 0.40404577206416636], [0.00545279254041538, 0.07047077298132952], [0.0013431787407848462, 0.6382770784571477], [0.004564668373113673, 0.4331530065209697], [0.001427520221067536, 0.6092916809714364], [0.003950025522356888, 0.4170023488718723]]
0.0957, [[0.004658277064555419, 0.5436164761897847], [0.26168351795589073, 0.0], [0.004738182113964092, 0.5324299138808799], [0.25606098223687046, 0.0], [0.004679473345397942, 0.526540231442412], [0.06952895235265644, 0.018119437500000005], [0.0047647021118554355, 0.5141373148883054], [0.06844710403718934, 0.012423656250000085], [0.005060809225857841, 0.4822840155385392], [0.007776496444872419, 0.4799353585601702]]
0.1621, [[0.003442300655663899, 0.5609888256628879], [0.2681625923730492, 0.0], [0.2608303034700351, 0.0], [0.2605527317444419, 0.0], [0.25625618736924044, 0.0], [0.937857418387164, 0.0], [0.2566606331969512, 0.0], [0.003006199500748086, 0.47507035591451974], [0.00309310425220243, 0.38912224025115083], [0.004383119763013647, 0.3027176686788518]]
0.1806, [[0.04468612250639761, 0.9885430463131752], [0.2748481373086464, 0.0], [0.013202842927911023, 0.8866199409701295], [0.2729830695396732, 0.0], [0.013927903613754438, 0.7163398368254018], [0.05131676279702615, 0.009690562500000001], [0.003493418198067844, 0.5319233923293125], [0.019213368769704833, 0.09052799441075039], [0.02848511494698811, 0.035358624999999984], [0.0009155560982060422, 0.2633213291412815]]
0.2043, [[0.9897139536336099, 0.0], [0.00672023154744549, 0.8763783180263343], [0.0030301562274677746, 0.6718134942807551], [0.00436369805452073, 0.6512960220781013], [0.004041761054096272, 0.6294420837951096], [0.004658277064555419, 0.5436164761897847], [0.0030676687151914026, 0.35185102565535775], [0.2567164060919141, 0.0], [0.06783911583274357, 0.02961118750000003], [0.06864595472769804, 0.013520468750000018]]
0.2106, [[0.11581487647906255, 0.8757353447742444], [0.006848888042791966, 0.8101084964377273], [0.06862934275875866, 0.01282146875000001], [0.06859281614456259, 0.012394687500000058], [0.06880704646210122, 0.015647906250000013], [0.06865167279415788, 0.01274928125000008], [0.06862756818640905, 0.012933937500000051], [0.06865482758944606, 0.012882281250000018], [0.06880704646210122, 0.015647906250000013], [0.06918976256549969, 0.01302231250000008]]
0.2365, [[0.018406973517837783, 0.9126405580530603], [0.2235239617721492, 0.09130449696753479], [0.06286380648856331, 0.09158149601617316], [0.9940894695988933, 0.0], [0.22318950908083224, 0.09129471875371627], [0.2261329143785739, 0.09126404031394936], [0.06257538918807587, 0.09163921928885718], [0.0027458795957960793, 0.7242005154074646], [0.27351457414796165, 0.0], [0.004349107126312853, 0.6463858891011165]]
0.3134, [[0.11243628790011717, 0.9885018072668911], [0.9344574607394363, 0.0], [0.0036339544694214076, 0.72460924250325], [0.9322832596349004, 0.0], [0.003184839783941814, 0.35194726024258], [0.2588088130453219, 0.0], [0.06802303053930976, 0.012466687500000021], [0.06860341428498386, 0.011656093749999987], [0.005026550120775159, 0.33302832727814746], [0.06916900992774457, 0.020226375000000022]]
0.3171, [[0.9308218013297895, 0.0], [0.1162613785996941, 0.8800577341186553], [0.11178117494105408, 0.9918659295679522], [0.26735499346684866, 0.0], [0.0033074331570938005, 0.7673517695162427], [0.00383665006668758, 0.758619767802285], [0.0015580005824399961, 0.5100824532632796], [0.003656728147908026, 0.4539494182177259], [0.0036618053965749553, 0.4435782297617053], [0.0032727304089237167, 0.43862080002981013]]
0.3197, [[0.9968480929536543, 0.0], [0.11247552566651402, 0.9882554545546978], [0.996375615617689, 0.0], [0.007083082299263656, 0.8322282556121225], [0.9946231542261088, 0.0], [0.0070820471320597175, 0.749667650062095], [0.9936231666826595, 0.0], [0.007386632758399134, 0.7250781883755892], [0.9913732618231563, 0.0], [0.007401913798076301, 0.7072963093548694]]
0.2508, [[0.26769147762122725, 0.0], [0.04502807273943152, 0.9761251740030359], [0.2662123878339507, 0.0], [0.26551651939613596, 0.0], [0.2678251848263699, 0.0], [0.9919021142957993, 0.0], [0.2582032523745165, 0.0], [0.018718953195633894, 0.8909179427567125], [0.018787126350064614, 0.8908976721256712], [0.018843074672753597, 0.8897058915994279]]
0.1201, [[0.2661390704852743, 0.0], [0.0033161581378126997, 0.7703208412918594], [0.06905878926736345, 0.012006375000000017], [0.003513973661117453, 0.7143542569920038], [0.026833037383180776, 0.06672233202521108], [0.004300109211993162, 0.4044443222290539], [0.009178802950472631, 0.3563316293480894], [0.0033660433383071943, 0.4528872206323481], [0.01915254037305443, 0.040416156250000064], [0.004601786511426276, 0.3426712359845733]]
0.1794, [[0.04478135788915983, 0.9859669317103996], [0.26563674507368834, 0.0], [0.0034523072719686246, 0.5712505099024644], [0.2579657558747741, 0.0], [0.0030270014321795856, 0.54794151711416], [0.2566543541293064, 0.0], [0.007878435767622042, 0.3736181279973172], [0.052226428300905035, 0.005248718749999993], [0.05233132524423734, 0.004059406250000009], [0.0529039698827201, 0.0]]
0.1319, [[0.003732689703206462, 0.2074372094721741], [0.9973702341005023, 0.0], [0.0016008860808888214, 0.07143481448448091], [0.0004333653558768361, 0.07290458259008205], [0.0008956907466257242, 0.07168631406826019], [0.0, 0.07228479367344512], [0.0003150112388933542, 0.07196388215007729], [0.9968480929536543, 0.0], [0.01254349071267943, 0.06968786597692947], [0.996375615617689, 0.0]]
0.1125, [[0.002682044284886621, 0.6682922658668198], [0.0030642674515213232, 0.5127338065694111], [0.009308790375081309, 0.35768732180053286], [0.26494180002817436, 0.0], [0.0030692954065118746, 0.38476052577646147], [0.0030579085672685666, 0.617735218696666], [0.062453387339040406, 0.09159386014983946], [0.0034029150082379093, 0.35807946267210716], [0.0028564453119118436, 0.6656648990144745], [0.26483191634438996, 0.0]]
0.1711, [[0.9894924798823763, 0.0], [0.002817306132867743, 0.5677741141234486], [0.9959989760140759, 0.0], [0.002747604874469308, 0.5085080516088163], [0.2646815880778345, 0.0], [0.007878435767622042, 0.3736181279973172], [0.06865482758944606, 0.012882281250000018], [0.008553857721352849, 0.21300713919475375], [0.06799986251141212, 0.018353437500000073], [0.003762512377415128, 0.2054430942932204]]
0.3172, [[0.04437813561638812, 1.0], [0.1160994488727925, 0.8779581014575903], [0.9976727806673393, 0.0], [0.04504350166013782, 0.9710853927214891], [0.11582227053051924, 0.8751353899181515], [0.931871989590185, 0.0], [0.006678479803553358, 0.8813164670389926], [0.9308218013297895, 0.0], [0.0029685391319953245, 0.4194810637378197], [0.9275472112479117, 0.0]]
0.1810, [[0.0025008900241976174, 0.6684450108284373], [0.9942497360588769, 0.0], [0.0030579085672685666, 0.617735218696666], [0.0027946803354102594, 0.5909526910445704], [0.0035566619848607663, 0.5515418742564984], [0.06793311887359633, 0.017893562500000074], [0.06786050928829161, 0.028252937500000026], [0.05228730599123182, 0.004923624999999988], [0.01842664169471259, 0.06711024735402545], [0.01826762029471729, 0.054106749999999995]]
0.0980, [[0.0028087290331779784, 0.7667692592651771], [0.015669597081216905, 0.032675500000000086], [0.014733017230035662, 0.06798457961707693], [0.014971154980617588, 0.039408843749999985], [0.014926396322466402, 0.032825406250000085], [0.014842892834682136, 0.0667901545962659], [0.069176108217143, 0.020824812500000015], [0.003059584552265417, 0.7210388900815583], [0.0032727304089237167, 0.43862080002981013], [0.00292442129163705, 0.3878565000093157]]
0.1487, [[0.014036744051196974, 0.7144252565344644], [0.013486922384877207, 0.8512749731649396], [0.22492936485382908, 0.09130162326079201], [0.003894520842755305, 0.7569685312688372], [0.05184745851691128, 0.01282846874999999], [0.003912710209338772, 0.7399365260398132], [0.05103958445475289, 0.016085624999999996], [0.007618559505757436, 0.5313752479501502], [0.018988441724392204, 0.05088793749999999], [0.007638227682632241, 0.5168162408473536]]
0.2424, [[0.9965761500324426, 0.0], [0.006618834455136026, 0.9174647240164714], [0.04686086092084046, 0.8677299108596661], [0.26678470638193047, 0.0], [0.007434250449780242, 0.6931831354389839], [0.261660433148373, 0.0], [0.0025901608721181028, 0.6883197888926817], [0.2566323773925495, 0.0], [0.003602061460804868, 0.6821269192188418], [0.05223480822588929, 0.006210718750000011]]
0.1996, [[0.9943506743988333, 0.0], [0.00857855385321821, 0.7918125946852781], [0.9903770326221522, 0.0], [0.007076624827658142, 0.7770552263949511], [0.013852829344630807, 0.7666438674442418], [0.9930159259247311, 0.0], [0.9365991790271242, 0.0], [0.9337017654549236, 0.0], [0.007038570109494356, 0.7933533719796939], [0.004541746813597921, 0.6347381961029248]]
0.3000, [[0.0464174643018207, 0.882011774106164], [0.9952014020566025, 0.0], [0.11602659281910589, 0.8811401718605885], [0.9942497360588769, 0.0], [0.11581487647906255, 0.8757353447742444], [0.9894661714852602, 0.0], [0.013927903613754438, 0.7163398368254018], [0.003075555703411876, 0.5365014846942113], [0.002742724800507889, 0.5126717443034672], [0.9879781363300011, 0.0]]
0.0907, [[0.0945872941520397, 0.0], [0.004555203987249105, 0.6591777737430372], [0.06828142799088302, 0.029072749999999987], [0.004785553336963312, 0.5484641923699829], [0.06799448950068691, 0.013017406250000033], [0.0031791217174819706, 0.3686505766586554], [0.06790058504718689, 0.02986009374999999], [0.004089920975917539, 0.09133011297419433], [0.06785617144477035, 0.030486593750000075], [0.009297699297896268, 0.09049295932929005]]
0.2487, [[0.9889797345916411, 0.0], [0.04502048151326931, 0.9617394106889965], [0.26460937879991897, 0.0], [0.018399234410646444, 0.9146180784789353], [0.2563001408427542, 0.0], [0.018338060958261397, 0.9120459761353157], [0.06868815011467758, 0.013087875000000084], [0.06863161026787205, 0.011799343750000028], [0.06862180082627284, 0.010750437500000045], [0.0036339544694214076, 0.72460924250325]]
0.0843, [[0.007598201217413339, 0.6158136954529281], [0.06799448950068691, 0.013017406250000033], [0.0026882059944338655, 0.48340564186835105], [0.052794784389542916, 0.0], [0.0031572353251701564, 0.3563290592849293], [0.016250030120567385, 0.06774448923772149], [0.014713891283601012, 0.025720656250000088], [0.014627035825823049, 0.039648718749999985], [0.013987696843200904, 0.04017037499999999], [0.013986070151880432, 0.03684356249999999]]
0.2274, [[0.11602659281910589, 0.8811401718605885], [0.046526797676027014, 0.8833078733704693], [0.046526797676027014, 0.8833078733704693], [0.26717807150203277, 0.0], [0.2563815840436767, 0.0], [0.2562990327719934, 0.0], [0.26707280477975187, 0.0], [0.0467171698541987, 0.8731260505327072], [0.046602019826179786, 0.8713146376359001], [0.0027926592946787634, 0.7454360424422448]]
0.2542, [[0.04478135788915983, 0.9859669317103996], [0.99773855166013, 0.0], [0.04623700015260099, 0.8797649438678801], [0.2649059724069069, 0.0], [0.013190913858227557, 0.8701576416520813], [0.06859005569868543, 0.012540093749999984], [0.002483637237465331, 0.708667280863951], [0.06793311887359633, 0.017893562500000074], [0.007244026152637695, 0.6952310971799585], [0.051595321362238, 0.015286000000000025]]
0.1059, [[0.007386632758399134, 0.7250781883755892], [0.007038570109494356, 0.7933533719796939], [0.0072818836960959685, 0.6930450788347993], [0.007076624827658142, 0.7770552263949511], [0.007169247645572329, 0.76847544630446], [0.09453780330095624, 0.0], [0.00725235678394557, 0.7104376291605239], [0.06799986251141212, 0.018353437500000073], [0.007554872075877111, 0.6546620283965056], [0.06793311887359633, 0.017893562500000074]]
0.3176, [[0.1121215477764439, 0.989127998808945], [0.9372018560835118, 0.0], [0.9365393140010334, 0.0], [0.9314384379438305, 0.0], [0.1167436186356997, 0.8816548923765187], [0.2680698837860579, 0.0], [0.04684814315233494, 0.8769350800403799], [0.26784993174002897, 0.0], [0.046452167049990785, 0.8748906769988307], [0.2678251848263699, 0.0]]
0.1677, [[0.018662462642504752, 0.8919046096170467], [0.2681625923730492, 0.0], [0.046529360947198665, 0.8740859224797193], [0.06828142799088302, 0.029072749999999987], [0.06927977281856584, 0.02067418750000006], [0.06840663392888303, 0.015570000000000087], [0.04657742228166718, 0.8719060097463199], [0.007977269588759852, 0.3407760841018765], [0.008553857721352849, 0.21300713919475375], [0.007878435767622042, 0.3736181279973172]]
0.3133, [[0.9330416394497312, 0.0], [0.11243628790011717, 0.9885018072668911], [0.9313063590521857, 0.0], [0.04508303518859294, 0.9722012194374441], [0.27519477877833265, 0.0], [0.046296201857930916, 0.8827829303159932], [0.27515451887402176, 0.0], [0.046173115548015155, 0.8816005698764646], [0.26025853895743584, 0.0], [0.046452167049990785, 0.8748906769988307]]
0.1639, [[0.046529360947198665, 0.8740859224797193], [0.2563874937544013, 0.0], [0.0467171698541987, 0.8731260505327072], [0.25637585901141235, 0.0], [0.007488917136883401, 0.6810715903931208], [0.2562990327719934, 0.0], [0.0030301562274677746, 0.6718134942807551], [0.25625618736924044, 0.0], [0.0029399980933724856, 0.5825552419658225], [0.0026893890426669368, 0.5333165184867786]]
0.3219, [[0.1116950095947454, 0.998159245277538], [0.9948513393031375, 0.0], [0.11218824212058327, 0.9820871817739465], [0.9919021142957993, 0.0], [0.11238245920551243, 0.9817156465760788], [0.936174754783851, 0.0], [0.11279825136576052, 0.9799333661696672], [0.9312349505457274, 0.0], [0.04617562952551043, 0.877768792603836], [0.9302317415658964, 0.0]]
0.2510, [[0.11602659281910589, 0.8811401718605885], [0.04502807273943152, 0.9761251740030359], [0.26711805100248665, 0.0], [0.26818013682676267, 0.0], [0.266946854069935, 0.0], [0.013626522076379592, 0.8334692997029625], [0.2647578602818731, 0.0], [0.013500083796470125, 0.8227410769465404], [0.22601822905482583, 0.09116342490189083], [0.06248552681603885, 0.09153406053038411]]
0.1607, [[0.9334330439700931, 0.0], [0.002535789947073213, 0.5399575749529752], [0.09454278196227041, 0.0], [0.0048953796479334075, 0.5101136113129505], [0.09445592650449243, 0.0], [0.003950025522356888, 0.4519338223874202], [0.09432027030710029, 0.0], [0.003962348941451379, 0.42298891438898517], [0.0679421889100499, 0.012413468750000047], [0.0037425484384820545, 0.2262722504983885]]
0.1884, [[0.003894520842755305, 0.7569685312688372], [0.9913732618231563, 0.0], [0.00395820827263563, 0.6925001093737518], [0.9897901942946408, 0.0], [0.004941370647994044, 0.37577123807128354], [0.9325310417832502, 0.0], [0.004201324684531728, 0.09171376858128197], [0.25854324541963775, 0.0], [0.05160404634295691, 0.004708468750000084], [0.0006927979746540403, 0.090160235462005]]
0.1341, [[0.25861896358829595, 0.0], [0.01348130290577012, 0.858033466712179], [0.0028465865766362517, 0.6984455796590969], [0.003670333202588343, 0.2739375302852462], [0.05130503090204821, 0.011921750000000068], [0.0513066082996923, 0.009289156250000043], [0.0034202170886465733, 0.5640719502661721], [0.01875119125998508, 0.09077036805803307], [0.0037437314867151254, 0.20540600288785818], [0.003797806649701748, 0.19538466031337912]]
