0.3947, [[0.2752, 0.952009065207385], [0.0, 0.9166324666803048], [0.0, 0.9123394723571829], [0.0, 0.9147731784380914], [0.0, 0.9118512612898275], [0.0, 0.6385282029598306], [0.0, 0.6764522198731499], [0.0, 0.6180681818181816], [0.0, 0.6013], [0.0, 0.6013]]
0.0979, [[0.0, 0.8786910513476192], [0.0, 0.30248916155331523], [0.0, 0.6013], [0.0, 0.47790239347894914], [0.0, 0.20420169062432983], [0.0, 0.5680921282051281], [0.0, 0.5315187717632163], [0.0, 0.5602767587844254], [0.0, 0.5611989794238682], [0.0, 0.3249593949796186]]
0.1032, [[0.0, 0.9317651724543548], [0.0, 0.6013], [0.0, 0.7055182663847781], [0.0, 0.6013], [0.0, 0.7757408456659616], [0.0, 0.6013], [0.0, 0.6918977801268497], [0.0, 0.5957320778727444], [0.0, 0.6013], [0.0, 0.790283213530655]]
0.1002, [[0.0, 0.9018026972331611], [0.0, 0.6107082241014801], [0.0, 0.5919590221589109], [0.0, 0.635424355179704], [0.0, 0.6013], [0.0, 0.6013], [0.0, 0.6013], [0.0, 0.6013], [0.0, 0.6013], [0.0, 0.5722564169040836]]
0.0995, [[0.0, 0.8948169355597605], [0.0, 0.6562333615221987], [0.0, 0.7611434883720931], [0.0, 0.6626534672304439], [0.0, 0.6013], [0.0, 0.6839067019027485], [0.0, 0.6886986892177588], [0.0, 0.6212877589852005], [0.0, 0.6013], [0.0, 0.6013]]
0.1024, [[0.0, 0.923568767861709], [0.0, 0.9212569859356621], [0.0, 0.8659431791029508], [0.0, 0.9161670383061422], [0.0, 0.9038608563391807], [0.0, 0.8949429018053495], [0.0, 0.8842921397228046], [0.0, 0.8939762541809441], [0.0, 0.8696666795888098], [0.0, 0.8825347121669308]]
0.4027, [[0.2752, 0.9732468713240935], [0.0, 0.8775377326241497], [0.0, 0.8724389658875875], [0.0, 0.8743746863908352], [0.0, 0.9019373356006751], [0.0, 0.859094701529177], [0.0, 0.6763612896405921], [0.0, 0.790949196617336], [0.0, 0.6013], [0.0, 0.7338115856236784]]
0.5150, [[0.36830016562458323, 0.9996335661023883], [0.2752, 0.9520107555362348], [0.0, 0.9630122241088325], [0.0, 0.9257455439574489], [0.0, 0.8985796075793996], [0.0, 0.8729521644248964], [0.0, 0.8663146104945533], [0.0, 0.7710962156448204], [0.0, 0.6812787103594079], [0.0, 0.6646046934460885]]
0.5150, [[0.2752, 0.9664281582365877], [0.2752, 0.9511386928348591], [0.36830016562458323, 0.9996335661023883], [0.0, 0.9226831825295351], [0.2752, 0.9221768188001841], [0.0, 0.9163177715440086], [0.0, 0.9038937810054722], [0.0, 0.8983894088375184], [0.0, 0.7059236786469344], [0.0, 0.786902262156448]]
0.1808, [[0.07230698568371911, 0.9493431961335856], [0.0, 0.9400605715235513], [0.0, 0.9023186149951413], [0.0, 0.9001324318518897], [0.0, 0.8988170620365161], [0.0, 0.8926114238735744], [0.0, 0.8919280165703471], [0.0, 0.8800981398762338], [0.0, 0.8589644727151843], [0.0, 0.6013]]
0.1036, [[0.0, 0.9359007457167697], [0.0, 0.9296195572034982], [0.0, 0.9117684351761878], [0.0, 0.8982778471334322], [0.0, 0.8690092886513577], [0.0, 0.7387027695560253], [0.0, 0.818637632135306], [0.0, 0.7500978012684985], [0.0, 0.7248565750528542], [0.0, 0.6642869767441861]]
0.0993, [[0.0, 0.8927459152559709], [0.0, 0.8582521828363933], [0.0, 0.7941313953488368], [0.0, 0.8570380122743313], [0.0, 0.6638768921775897], [0.0, 0.7307321775898517], [0.0, 0.6013], [0.0, 0.6128750951374208], [0.0, 0.6013], [0.0, 0.6013]]
0.3790, [[0.25687466648085866, 0.9594552577609574], [0.0, 0.9686325675343936], [0.0, 0.9299135274382447], [0.0, 0.9243331639646091], [0.0, 0.928733751393648], [0.0, 0.9143331049966756], [0.0, 0.9162895504014729], [0.0, 0.9233063259346391], [0.0, 0.9066374786989208], [0.0, 0.8885361880018411]]
0.4032, [[0.2752, 0.9746410251623792], [0.0, 0.9151408617092006], [0.0, 0.9144868514294481], [0.0, 0.878111783000051], [0.0, 0.8862758508668747], [0.0, 0.8847468381833988], [0.0, 0.880670132460492], [0.0, 0.8598100780954329], [0.0, 0.8784926214391653], [0.0, 0.8553712896405917]]
0.4060, [[0.2752, 0.9821562272285583], [0.2752, 0.954471212908505], [0.2752, 0.9703043027668389], [0.2752, 0.9611702066179103], [0.2752, 0.9703009221091393], [0.2752, 0.9373800039380146], [0.0, 0.9669449579092723], [0.2752, 0.9578363636782079], [0.2624676265050129, 0.9644021153787142], [0.2752, 0.9283407131897918]]
0.4080, [[0.2752, 0.9587554616171432], [0.2752, 0.9875072939190918], [0.16898529467269838, 0.9625706073236844], [0.2752, 0.9322156083465452], [0.0, 0.9523363275712167], [0.0, 0.9481143270597862], [0.0, 0.9466174306244566], [0.0, 0.9339958185956119], [0.07949793428620931, 0.9321629876745257], [0.0, 0.9307267226001125]]
0.1045, [[0.0, 0.9451206076816856], [0.0, 0.9347501462179716], [0.0, 0.9340474838643686], [0.0, 0.9163385699381169], [0.0, 0.9296706345317853], [0.0, 0.913349848054007], [0.0, 0.9213033597401934], [0.0, 0.9117330117629008], [0.0, 0.9244558965376156], [0.0, 0.9212245022247224]]
0.1005, [[0.0, 0.9051503567738965], [0.0, 0.8814313683833682], [0.0, 0.8289167019027482], [0.0, 0.6123895348837205], [0.0, 0.6013], [0.0, 0.6013], [0.0, 0.6013], [0.0, 0.6013], [0.0, 0.6013], [0.0, 0.6013]]
0.1046, [[0.0, 0.9440545246253772], [0.0, 0.9335137809031862], [0.0, 0.9381261003938015], [0.0, 0.9455994851940878], [0.0, 0.9327687868357797], [0.0, 0.9374771611005983], [0.0, 0.9449220307881143], [0.0, 0.9272846986140234], [0.0, 0.9323381204418759], [0.0, 0.9244040842837415]]
0.2812, [[0.16658831180520164, 0.954739754717946], [0.0, 0.9361542950442387], [0.0, 0.9197414223904259], [0.0, 0.9228234798240679], [0.0, 0.8944946706899196], [0.0, 0.908844901191633], [0.0, 0.9103350363115633], [0.0, 0.9084334163555464], [0.0, 0.9010045680458241], [0.0, 0.8702613078811435]]
0.5504, [[0.41249388503551565, 0.9706226725310694], [0.2752, 0.9752150755382806], [0.0, 0.9622631879506981], [0.2752, 0.918762942464072], [0.0, 0.9386485589935049], [0.0, 0.9117819578069861], [0.0, 0.9136437447961949], [0.0, 0.9165345010995755], [0.0, 0.8979164107298112], [0.0, 0.9096309775993453]]
0.1045, [[0.0, 0.9447150757428527], [0.0, 0.944195262875262], [0.0, 0.8924289418503554], [0.0, 0.9002681726077839], [0.0, 0.937722111798701], [0.0, 0.9064843936991765], [0.0, 0.918102979287066], [0.0, 0.8812394058200786], [0.0, 0.9035886399018053], [0.0, 0.927715879455838]]
0.4805, [[0.3484891879576083, 0.9714591648340408], [0.0, 0.945146550554902], [0.0, 0.9440576848054008], [0.0, 0.9430897878074975], [0.0, 0.9418498213573365], [0.0, 0.9350850518079067], [0.0, 0.90972416616376], [0.0, 0.9038748199253311], [0.0, 0.8932898336828108], [0.0, 0.9023749102950953]]
0.3995, [[0.2752, 0.9648126448115378], [0.2752, 0.9267760566153531], [0.0, 0.9553457008643176], [0.0, 0.9213326097785506], [0.0, 0.937592176954943], [0.0, 0.9339809730987573], [0.0, 0.9189465268756711], [0.0, 0.8932902011456042], [0.0, 0.8970115703472613], [0.0, 0.905637612437989]]
0.4023, [[0.2752, 0.9722059227228559], [0.2752, 0.9509032961693858], [0.0, 0.9501890219915102], [0.0, 0.9590588388994016], [0.0, 0.950847882780136], [0.0, 0.9308781907635656], [0.0, 0.9394151598731652], [0.0, 0.9225321553214341], [0.0, 0.9355717930240883], [0.0, 0.9350165567432107]]
0.4097, [[0.2752, 0.981997042346443], [0.2752, 0.9919168474402905], [0.2752, 0.972651287628497], [0.22012092917926143, 0.9338555213010792], [0.0, 0.9524998485142945], [0.0, 0.9418498213573365], [0.0, 0.9235053437835626], [0.0, 0.9245459984145655], [0.0, 0.9274905512709046], [0.0, 0.8881005241139466]]
0.1055, [[0.0, 0.9549533975860482], [0.0, 0.9270262252851225], [0.0, 0.8987662051859049], [0.0, 0.8837416069656829], [0.0, 0.8873007780903185], [0.0, 0.8588183695085153], [0.0, 0.8803500723674116], [0.0, 0.8355599999999994], [0.0, 0.8768037624405461], [0.0, 0.8655602093796347]]
0.1030, [[0.0, 0.9188778113332993], [0.0, 0.9296706345317853], [0.0, 0.8899791408990947], [0.0, 0.9079366801513833], [0.0, 0.8712062017081778], [0.0, 0.9139513846468572], [0.0, 0.8785131258630388], [0.0, 0.864249763565693], [0.0, 0.7919120507399577], [0.0, 0.6805929598308665]]
0.3953, [[0.2752, 0.953507064031095], [0.0, 0.9488898205390477], [0.0, 0.9339699492149542], [0.0, 0.9134968331713803], [0.0, 0.910774889275303], [0.0, 0.8858115248810924], [0.0, 0.8634852204776761], [0.0, 0.8782391456042551], [0.0, 0.8754295985782232], [0.0, 0.6310043551797035]]
0.1043, [[0.0, 0.9434744478596635], [0.0, 0.915250512606761], [0.0, 0.914721660154452], [0.0, 0.9341835920830562], [0.0, 0.9173183727305273], [0.0, 0.9095282350023014], [0.0, 0.8985532972433897], [0.0, 0.938302556027208], [0.0, 0.9226134380913414], [0.0, 0.9114880610647982]]
0.4064, [[0.2752, 0.9825203093642919], [0.2752, 0.9830452667109906], [0.2752, 0.9604674707717485], [0.0, 0.8871374776249168], [0.0, 0.6558229175475687], [0.0, 0.8005101691331924], [0.0, 0.8250994291754753], [0.0, 0.6013], [0.0, 0.8265618604651164], [0.0, 0.6459837632135306]]
0.4122, [[0.2752, 0.9986886722753542], [0.2752, 0.9973238419679844], [0.0, 0.9619478313813737], [0.2752, 0.9491890087454611], [0.2752, 0.9337312453843399], [0.0, 0.9491753391295453], [0.2752, 0.9379650047051603], [0.0, 0.9465254914335396], [0.0, 0.9431945881961847], [0.0, 0.9408124003989157]]
0.3953, [[0.2752, 0.9424973642919245], [0.2752, 0.9536499335651818], [0.0, 0.9537357728737277], [0.2752, 0.9201892125505037], [0.0, 0.9471479734056154], [0.0, 0.9465254914335396], [0.0, 0.9452725902930496], [0.0, 0.9282334140541093], [0.0, 0.9163925869687515], [0.0, 0.9270334275558737]]
0.0989, [[0.0, 0.8891569061525085], [0.0, 0.8321129175475687], [0.0, 0.8461442071881606], [0.0, 0.7299148837209299], [0.0, 0.6846938054968283], [0.0, 0.6346688794926002], [0.0, 0.6803126215644821], [0.0, 0.6782923890063421], [0.0, 0.6013], [0.0, 0.6703289852008453]]
0.5460, [[0.2752, 0.981997042346443], [0.2752, 0.952766846980003], [0.0, 0.9578479755024804], [0.2752, 0.934815260624968], [0.0, 0.954429469135171], [0.0, 0.938012921853424], [0.4109699636765122, 0.931470099831228], [0.0, 0.9402045434460186], [0.0, 0.9209677927172301], [0.0, 0.9382053988646243]]
0.1012, [[0.0, 0.8808977389147445], [0.0, 0.9115167231626861], [0.0, 0.8836909705927478], [0.0, 0.8914916177568658], [0.0, 0.8233059830866807], [0.0, 0.8889114410064951], [0.0, 0.8487114587737841], [0.0, 0.7291507822410143], [0.0, 0.6662152008456659], [0.0, 0.6500867653276956]]
0.2306, [[0.12024664303362474, 0.9470103218431953], [0.0, 0.8791101794098092], [0.0, 0.7187365750528543], [0.0, 0.7849485200845665], [0.0, 0.7073059619450315], [0.0, 0.6013], [0.0, 0.6768576321353061], [0.0, 0.6013], [0.0, 0.6013], [0.0, 0.6013]]
0.3939, [[0.2752, 0.9490698038152713], [0.0, 0.9516081632997493], [0.0, 0.9440562149542269], [0.0, 0.9405202674781363], [0.0, 0.9327214576279854], [0.0, 0.938985081419731], [0.0, 0.9225930071600266], [0.0, 0.9325776326906356], [0.0, 0.9207497402956067], [0.0, 0.9080785942822073]]
0.1065, [[0.0, 0.9648762893673605], [0.0, 0.9061965233468009], [0.0, 0.9484629757581957], [0.0, 0.8976278789444074], [0.0, 0.9409720997289418], [0.0, 0.9019183010279752], [0.0, 0.9323381204418759], [0.0, 0.917269426686442], [0.0, 0.9079952537206566], [0.0, 0.9162720591725055]]
0.4061, [[0.2752, 0.9824086006750883], [0.2752, 0.9759176643993249], [0.025965316912142225, 0.9392411294941952], [0.0, 0.9599204656574438], [0.0, 0.9219729504423873], [0.0, 0.9342740614227996], [0.0, 0.9255161736817878], [0.0, 0.9157233637293509], [0.0, 0.9150257723622973], [0.0, 0.9220989166879762]]
0.1026, [[0.0, 0.9261410074157417], [0.0, 0.9253595610392267], [0.0, 0.8987767881143558], [0.0, 0.8944175035032987], [0.0, 0.8674876987163095], [0.0, 0.8810553069605687], [0.0, 0.8498522198731496], [0.0, 0.857410987009666], [0.0, 0.6470037632135308], [0.0, 0.7028086892177586]]
0.1838, [[0.0, 0.9173219003733442], [0.0, 0.8479685623678643], [0.0, 0.8925851135375645], [0.0, 0.8199757082452429], [0.0, 0.9137145916227688], [0.0, 0.9160095437528768], [0.0, 0.8742081522528511], [0.0771009514187126, 0.9378988614023424], [0.0, 0.8994031651920421], [0.0, 0.8717834122641026]]
0.1042, [[0.0, 0.9395959515675344], [0.0, 0.9419322065156241], [0.0, 0.9370955142433386], [0.0, 0.9389477471999181], [0.0, 0.9267727494502123], [0.0, 0.9184344307267427], [0.0, 0.9200621439165345], [0.0, 0.902220428936736], [0.0, 0.9022921576740142], [0.0, 0.8990606898685624]]
0.9074, [[0.31953468213664066, 0.990604490819823], [0.7451897395646407, 0.9498025981179359], [0.2752, 0.9922843102337238], [0.2752, 0.9986886722753542], [0.2752, 0.9834127295044239], [0.2752, 0.9849723150923133], [0.2752, 0.9534348943384647], [0.2752, 0.9410952732573007], [0.2752, 0.9640760288958216], [0.19615110050430865, 0.9667701191121567]]
0.3945, [[0.2744525408424893, 0.9535605666138188], [0.0, 0.9435459561192655], [0.2241159006250869, 0.9392065144990538], [0.0, 0.9418221146627116], [0.0, 0.9332603785608347], [0.0, 0.91525896425101], [0.0, 0.9277162469186314], [0.0, 0.8788704466833733], [0.0, 0.9073615273871016], [0.0, 0.9117463139160231]]
0.5410, [[0.2752, 0.9680281647317548], [0.4109699636765122, 0.931470099831228], [0.0, 0.9707628963330435], [0.2752, 0.9422890863806066], [0.23130684922757713, 0.9502189334628957], [0.0, 0.9507047927683732], [0.0, 0.9451915280008183], [0.0, 0.9443603271620723], [0.0, 0.9290726255817522], [0.0, 0.7219166173361519]]
0.2045, [[0.0, 0.9586026705876336], [0.0, 0.9359007457167697], [0.09627681435867193, 0.9242194709763207], [0.0, 0.9508255410422953], [0.0, 0.945982234439728], [0.0, 0.9332097421878994], [0.0, 0.938985081419731], [0.0, 0.9339699492149542], [0.0, 0.9347334634071498], [0.0, 0.9057120603999386]]
0.5398, [[0.3987785928045404, 0.9550554787500639], [0.2752, 0.9910769744796195], [0.2752, 0.9680281647317548], [0.0, 0.9611743956937554], [0.2752, 0.958526826267069], [0.24329176356505355, 0.949057677543088], [0.2752, 0.9269051830409655], [0.0, 0.9410428730629571], [0.18656316903432899, 0.9140827158492303], [0.0, 0.9183233099780085]]
0.5490, [[0.4063981995995297, 0.9722144478596634], [0.2752, 0.9882422195059581], [0.2752, 0.9831502140847952], [0.0, 0.9562204827903646], [0.0, 0.9590588388994016], [0.19615110050430865, 0.9667701191121567], [0.0, 0.950797246407201], [0.0, 0.9509493025111235], [0.2752, 0.9624813873574388], [0.0, 0.9539903510970184]]
0.4026, [[0.2752, 0.9729205643635247], [0.2752, 0.9690252382754565], [0.0, 0.913251808980719], [0.0, 0.9131048238633458], [0.0, 0.9118309773436301], [0.0, 0.9079113987111951], [0.0, 0.905755567994681], [0.0, 0.9107585004347158], [0.0, 0.8968286473686902], [0.0, 0.9197414223904259]]
0.3928, [[0.2752, 0.946925511430471], [0.0, 0.80915177589852], [0.0, 0.7307939957716703], [0.0, 0.7619730021141647], [0.0, 0.6708849894291753], [0.0, 0.6013], [0.0, 0.6434398731501056], [0.0, 0.6013], [0.0, 0.5949489711934156], [0.0, 0.6313565750528538]]
0.4103, [[0.2752, 0.9934736403109496], [0.0, 0.9099364861658057], [0.0, 0.9259687408581803], [0.0, 0.9060495382294277], [0.0, 0.9248811244821766], [0.0, 0.901248048892753], [0.0, 0.8908611250958932], [0.0, 0.9194742034470413], [0.0, 0.9188442987265381], [0.0, 0.9174269212397074]]
0.4083, [[0.2752, 0.9881408732675293], [0.2752, 0.9743921058661075], [0.2752, 0.9705135360814198], [0.2752, 0.9529471977190201], [0.2752, 0.9380132893162174], [0.002794482526357415, 0.9306738814504167], [0.0, 0.9434525470771749], [0.11465368300947054, 0.9387307236741165], [0.2408947806975568, 0.9399617240321179], [0.0, 0.9359007457167697]]
0.3996, [[0.2752, 0.9612972017593209], [0.0, 0.9749036140745666], [0.2752, 0.934815260624968], [0.2752, 0.9283407131897918], [0.0, 0.9362930489950391], [0.0, 0.9159505292282514], [0.0, 0.9157303455224262], [0.0, 0.8903711502071293], [0.0, 0.906006765560272], [0.0, 0.9054126517158492]]
0.4040, [[0.23290483780590585, 0.9771133883291567], [0.2752, 0.9496874352784738], [0.2752, 0.9737609517721065], [0.2752, 0.9293363903748786], [0.15700038033522196, 0.9507194177875518], [0.2624676265050129, 0.9369613168311768], [0.0, 0.9480219469135172], [0.009186436839679618, 0.9224308090830051], [0.0, 0.9268386722753541], [0.0, 0.9317905273871018]]
0.0990, [[0.0, 0.8904381019280928], [0.0, 0.6152288583509513], [0.0, 0.6140776744186043], [0.0, 0.6626534672304439], [0.0, 0.6926920718816065], [0.0, 0.7105294926004228], [0.0, 0.6013], [0.0, 0.6013], [0.0, 0.6401121141649048], [0.0, 0.6839067019027485]]
0.0975, [[0.0, 0.8750323712985218], [0.0, 0.6013], [0.0, 0.617435623678647], [0.0, 0.5961236312124089], [0.0, 0.6013], [0.0, 0.6871014799154335], [0.0, 0.6013], [0.0, 0.6013], [0.0, 0.6013], [0.0, 0.6013]]
0.0980, [[0.0, 0.8797375118907583], [0.0, 0.8586240551833477], [0.0, 0.8619182121413592], [0.0, 0.868286856799468], [0.0, 0.7980546934460884], [0.0, 0.7971428752642702], [0.0, 0.6212191120507399], [0.0, 0.7560564270613104], [0.0, 0.6809782452431289], [0.0, 0.6013]]
0.1019, [[0.0, 0.9188699476295197], [0.0, 0.8756321440699636], [0.0, 0.8545112262156447], [0.0, 0.6854464059196619], [0.0, 0.6294427272727272], [0.0, 0.6024666384778008], [0.0, 0.6013], [0.0, 0.6021489217758984], [0.0, 0.6013], [0.0, 0.6013]]
0.4009, [[0.2752, 0.9541612947885235], [0.2752, 0.9685415102541809], [0.0, 0.9622631879506981], [0.0, 0.9067355177722087], [0.0, 0.90972416616376], [0.0, 0.9152433103360098], [0.0, 0.9116997931263744], [0.0, 0.927400890349307], [0.0, 0.8997086002659438], [0.0, 0.8839623786119776]]
0.1013, [[0.0, 0.9126856223085972], [0.0, 0.8585007346698715], [0.0, 0.7079313319238898], [0.0, 0.673908689217759], [0.0, 0.6390241860465117], [0.0, 0.6500953911205074], [0.0, 0.6013], [0.0, 0.6013], [0.0, 0.6389828541226213], [0.0, 0.6013]]
0.3904, [[0.2752, 0.9405939805144989], [0.0, 0.9058263413286963], [0.0, 0.9318263917557408], [0.0, 0.8950256544264307], [0.0, 0.9104172744847338], [0.0, 0.912898824221347], [0.0, 0.9005131233058865], [0.0, 0.911285001125147], [0.0, 0.8976940222472254], [0.0, 0.8829107735897305]]
0.3947, [[0.2752, 0.9520107555362348], [0.2752, 0.9503432093796349], [0.0, 0.9270853133023065], [0.0, 0.9352342417020405], [0.0, 0.9176640082340305], [0.0, 0.921154022860942], [0.0, 0.9172857420344704], [0.0, 0.9165889590855623], [0.0, 0.8971324656063008], [0.0, 0.9130173677185086]]
0.1023, [[0.0, 0.89977819771902], [0.0, 0.9230574066383674], [0.0, 0.8920859520789648], [0.0, 0.8899792143916534], [0.0, 0.8885361880018411], [0.0, 0.8853846066076817], [0.0, 0.8456306131078224], [0.0, 0.8002708033826635], [0.0, 0.7642825581395345], [0.0, 0.7498210570824523]]
0.4453, [[0.30886723262365845, 0.9832366413338106], [0.2752, 0.9896071233058866], [0.2752, 0.9645180131437631], [0.0, 0.9015909651715849], [0.0, 0.9156525903953356], [0.0, 0.9182667942003785], [0.0, 0.9135151328184933], [0.0, 0.9009526088068326], [0.0, 0.9002647184575256], [0.0, 0.8852296108014115]]
0.1030, [[0.0, 0.9245914903083925], [0.0, 0.9304456135631362], [0.0, 0.9163385699381169], [0.0, 0.9213639911011098], [0.0, 0.8875294134403927], [0.0, 0.9153762583746738], [0.0, 0.9184768359331048], [0.0, 0.8897385262619546], [0.0, 0.8869867443870505], [0.0, 0.8707656873114099]]
0.3953, [[0.2752, 0.953507064031095], [0.0, 0.9322737409604664], [0.0, 0.9270079991305682], [0.0, 0.9316529493172403], [0.0, 0.9166409183245537], [0.0, 0.9222564112412417], [0.0, 0.8959075651306705], [0.0, 0.8950256544264307], [0.0, 0.9072406321280622], [0.0, 0.9182667942003785]]
0.4008, [[0.2752, 0.9681943314069452], [0.2752, 0.9652122973456758], [0.2752, 0.9628839061013655], [0.2752, 0.958526826267069], [0.2752, 0.9379650047051603], [0.2752, 0.9423517020406076], [0.0, 0.9431945881961847], [0.0, 0.9312108180841814], [0.2752, 0.9269051830409655], [0.0, 0.9174916681839104]]
0.3922, [[0.2752, 0.9452243791745512], [0.2752, 0.940983564568097], [0.0, 0.9444742406280366], [0.0, 0.9365338841098553], [0.0, 0.9327687868357797], [0.0, 0.9327214576279854], [0.0, 0.9303405926967727], [0.0, 0.9298392264614125], [0.0, 0.9284791731703574], [0.0, 0.9244514134915357]]
0.1039, [[0.0, 0.9209677927172301], [0.0, 0.9385278107195826], [0.0, 0.9213326097785506], [0.0, 0.9230574066383674], [0.0, 0.9024729493683833], [0.0, 0.8961724323121771], [0.0, 0.904677432158748], [0.0, 0.8944037603948243], [0.0, 0.8969702675292793], [0.0, 0.8889002701375748]]
0.4480, [[0.3134389967006548, 0.9835786757019382], [0.2752, 0.9640777192246714], [0.0, 0.9650395898327622], [0.0, 0.9650395898327622], [0.2752, 0.960255812202731], [0.0, 0.9622631879506981], [0.11065871156364507, 0.9105922602669667], [0.0, 0.9557161033600982], [0.1058647458286516, 0.9420697110929269], [0.0, 0.9542849827647931]]
0.1026, [[0.0, 0.9257388561346085], [0.0, 0.9077492741267325], [0.0, 0.8815621851378305], [0.0, 0.9077187747148775], [0.0, 0.8792307072060552], [0.0, 0.8964127529790825], [0.0, 0.9114541809952437], [0.0, 0.7831133826638479], [0.0, 0.6381687949260042], [0.0, 0.6519592811839324]]
0.1043, [[0.0, 0.942611939190917], [0.0, 0.9359449882370992], [0.0, 0.9361161524062803], [0.0, 0.9420228228404848], [0.0, 0.9406509372474812], [0.0, 0.9234275886564721], [0.0, 0.9341202414974684], [0.0, 0.9024728758758247], [0.0, 0.915233388840587], [0.0, 0.9177158204879046]]
0.0985, [[0.0, 0.8824829734056154], [0.0, 0.8669238638060655], [0.0, 0.8848836078351147], [0.0, 0.8499532135306553], [0.0, 0.8180011205073991], [0.0, 0.6013], [0.0, 0.6013], [0.0, 0.6223304016913321], [0.0, 0.5928115656853434], [0.0, 0.5874795846786957]]
0.1040, [[0.0, 0.9395894107298112], [0.0, 0.9092377189178131], [0.0, 0.9005168714263796], [0.0, 0.9065473768219711], [0.0, 0.8972452766838848], [0.0, 0.8776291573671559], [0.0, 0.8963620431135887], [0.0, 0.8951979209839921], [0.0, 0.8755987784483199], [0.0, 0.8713010071088835]]
0.1030, [[0.0, 0.9302881190098706], [0.0, 0.906193951107247], [0.0, 0.9122959647624406], [0.0, 0.9126075732112718], [0.0, 0.9187392778601748], [0.0, 0.9152525703984042], [0.0, 0.926193481102644], [0.0, 0.8952098267784995], [0.0, 0.8819201673911932], [0.0, 0.9096966064542524]]
0.0905, [[0.0, 0.6989173784355179], [0.0, 0.8049359196617336], [0.0, 0.6361586257928113], [0.0, 0.6758063636363634], [0.0, 0.6125401268498941], [0.0, 0.6118532980972515], [0.0, 0.5754848698955365], [0.0, 0.5830838398227286], [0.0, 0.591918497309275], [0.0, 0.5775516372269706]]
0.1006, [[0.0, 0.8937077858640617], [0.0, 0.9061405955096404], [0.0, 0.884068060911369], [0.0, 0.8889621508719889], [0.0, 0.8714759928911163], [0.0, 0.8525046511627907], [0.0, 0.8964127529790825], [0.0, 0.8893676093182631], [0.0, 0.8840834208561346], [0.0, 0.8795348194139005]]
0.1024, [[0.0, 0.9216789802076407], [0.0, 0.9239327765048841], [0.0, 0.9137096676213369], [0.0, 0.8906161009052318], [0.0, 0.9081878777169743], [0.0, 0.9047028605840536], [0.0, 0.8982335311205442], [0.0, 0.8863821945992941], [0.0, 0.8956035999079425], [0.0, 0.8829707435176187]]
0.4076, [[0.2752, 0.9864574527182529], [0.0, 0.9146659527949674], [0.0, 0.936099837058252], [0.0, 0.8912135219147956], [0.0, 0.9246711562420088], [0.0, 0.8576930514499054], [0.0, 0.9144926573415844], [0.0, 0.9142794554288345], [0.0, 0.9127983598936225], [0.0, 0.6013]]
0.1040, [[0.0, 0.9399135129136194], [0.0, 0.91946420845906], [0.0, 0.9136369099882371], [0.0, 0.8533323678646932], [0.0, 0.7991645454545451], [0.0, 0.7991645454545451], [0.0, 0.81893198731501], [0.0, 0.850251522198731], [0.0, 0.6962042071881603], [0.0, 0.597270660652105]]
0.3747, [[0.2504827121675365, 0.9690273695596584], [0.0, 0.9477054879558123], [0.0, 0.9308275543906306], [0.0, 0.9551054536899708], [0.0, 0.9484268909118805], [0.0, 0.9375178759781108], [0.0, 0.9420228228404848], [0.0, 0.9314290174909221], [0.0, 0.925803015138342], [0.0, 0.9325978431442745]]
0.0989, [[0.0, 0.8892155532143404], [0.0, 0.8615336255817522], [0.0, 0.6869393868921776], [0.0, 0.7195811839323467], [0.0, 0.7024295137420719], [0.0, 0.6013], [0.0, 0.6654036575052855], [0.0, 0.6013], [0.0, 0.6013], [0.0, 0.65180976744186]]
0.4060, [[0.2752, 0.9821562272285583], [0.2752, 0.9539466230245998], [0.0, 0.9166409183245537], [0.0, 0.9262649893622461], [0.0, 0.9341202414974684], [0.0, 0.9255277855060604], [0.0, 0.8996312126016467], [0.0, 0.9264242477369201], [0.0, 0.9216082068736254], [0.0, 0.9131048238633458]]
0.1024, [[0.0, 0.9241655274382448], [0.0, 0.8293469133192385], [0.0, 0.6841564904862575], [0.0, 0.6013], [0.0, 0.6013], [0.0, 0.6145154334038057], [0.0, 0.5943823440962329], [0.0, 0.6013], [0.0, 0.6013], [0.0, 0.5818919607470717]]
0.1047, [[0.0, 0.9465254914335396], [0.0, 0.9268302206311051], [0.0, 0.9199941632997493], [0.0, 0.9257735446223085], [0.0, 0.915799575512709], [0.0, 0.9220328468777168], [0.0, 0.9248286507952743], [0.0, 0.9136522699330025], [0.0, 0.9131200368229939], [0.0, 0.9112325274382447]]
0.0820, [[0.0, 0.6891882029598309], [0.0, 0.7195811839323467], [0.0, 0.6617254756871035], [0.0, 0.6013], [0.0, 0.6013], [0.0, 0.6944901902748413], [0.0, 0.6013], [0.0, 0.6013], [0.0, 0.6769845031712471], [0.0, 0.6013]]
0.3870, [[0.2752, 0.9309485231422289], [0.0, 0.9331655731601288], [0.0, 0.9281344930701172], [0.0, 0.8946882500895004], [0.0, 0.8879877865289214], [0.0, 0.9038223462384288], [0.0, 0.8739088170613204], [0.0, 0.8714229312637446], [0.0, 0.8747417082289163], [0.0, 0.8788530289469646]]
0.3821, [[0.27205555797499253, 0.9270442309620006], [0.0, 0.8832495007927172], [0.0, 0.9079524810515011], [0.0, 0.9133631502071293], [0.0, 0.8796200707819771], [0.0, 0.8783912017081776], [0.0, 0.8680074380913414], [0.0, 0.8835895508617603], [0.0, 0.9034578966399018], [0.0, 0.8562471670190275]]
0.4061, [[0.2752, 0.9824153619904874], [0.16578931751603362, 0.949126613563136], [0.0, 0.9466410952283537], [0.2752, 0.9460666038971002], [0.19055814048015446, 0.9424048371605379], [0.0, 0.9399759080959443], [0.1769752375643493, 0.9344421389045159], [0.0, 0.9410701388022298], [0.2752, 0.9322156083465452], [0.0, 0.9392028398711194]]
0.4048, [[0.2752, 0.9789463662353604], [0.0, 0.938985081419731], [0.0, 0.9222723591264768], [0.0, 0.9296848920881706], [0.0, 0.9205521188052984], [0.0, 0.9027719905896792], [0.0, 0.9208841581854446], [0.0, 0.9016890042448729], [0.0, 0.9293157389658875], [0.0, 0.9104468184933258]]
0.3976, [[0.2752, 0.959656333401524], [0.2752, 0.9263836063519664], [0.0, 0.9451712440546207], [0.0, 0.9213275387920011], [0.0, 0.8761576158645732], [0.0, 0.893675816601033], [0.0, 0.8879372971411036], [0.0, 0.8866758708638061], [0.0, 0.8853846066076817], [0.0, 0.8847046534547128]]
0.1039, [[0.0, 0.9393195460543139], [0.0, 0.9300672738710173], [0.0, 0.9195791508208458], [0.0, 0.8802591620723162], [0.0, 0.9173744475528052], [0.0, 0.8684443513527336], [0.0, 0.7239677589852008], [0.0, 0.7191861945031713], [0.0, 0.655552642706131], [0.0, 0.6839067019027485]]
0.3944, [[0.20893500913095306, 0.9513782785761776], [0.0, 0.9514298703523756], [0.2752, 0.9495378044289879], [0.0, 0.9490399658364446], [0.0, 0.9458808147087403], [0.0, 0.9396973712985219], [0.0, 0.9371124175318365], [0.0, 0.9361325412468674], [0.0, 0.9333016813788166], [0.0, 0.9267309321843195]]
0.3890, [[0.2752, 0.9366357447961949], [0.0, 0.9360750700659746], [0.0, 0.9374655492763259], [0.0, 0.9290113327878075], [0.0, 0.911408615608858], [0.0, 0.9143787438756201], [0.0, 0.924433554799775], [0.0, 0.9102141410525239], [0.0, 0.9014929995908555], [0.0, 0.9013059610289981]]
0.4099, [[0.2752, 0.9925992993402547], [0.2752, 0.9648126448115378], [0.0, 0.9587040168260625], [0.2752, 0.9512639976474198], [0.0, 0.9523025944867795], [0.2752, 0.9342455463100291], [0.0, 0.9471233533984554], [0.2752, 0.9267760566153531], [0.0, 0.9300672738710173], [0.0, 0.9101705599652227]]
0.4041, [[0.2752, 0.974549600419373], [0.2752, 0.9770609146422544], [0.0, 0.9501890219915102], [0.0, 0.9365254324656063], [0.2752, 0.9328843171380351], [0.0, 0.9475709965734158], [0.0, 0.9214508593054773], [0.0, 0.9266544999232854], [0.0, 0.9377275502480438], [0.0, 0.9347334634071498]]
0.4116, [[0.2752, 0.9893156518181354], [0.2752, 0.9971138737278167], [0.0, 0.9411671489796962], [0.0, 0.9491753391295453], [0.0, 0.950797246407201], [0.0, 0.9328937976781055], [0.0, 0.9318952542832302], [0.0, 0.9250190700148315], [0.0, 0.9139252947885235], [0.0, 0.9225879361734772]]
0.5849, [[0.2752, 0.9925992993402547], [0.44144839085646936, 0.952339046795888], [0.2752, 0.9900270597862221], [0.2752, 0.9796330807037283], [0.2752, 0.974549600419373], [0.2752, 0.9782157767094563], [0.2752, 0.9437649639441519], [0.2752, 0.970604005421163], [0.2752, 0.9587849321331765], [0.0, 0.9251761971053034]]
0.1024, [[0.0, 0.915250512606761], [0.0, 0.9244988896844474], [0.0, 0.9086463242980616], [0.0, 0.7086656025369977], [0.0, 0.6346688794926002], [0.0, 0.6121882663847782], [0.0, 0.6013], [0.0, 0.6013], [0.0, 0.6013], [0.0, 0.6013]]
