1.0379, [[0.9999997980992896, 0.1376194073312779], [0.800454857169367, 1.0], [0.9927527740020132, 0.0], [0.8712630595635532, 0.0], [0.6524388361072129, 0.6055407894736842], [0.7663603601906728, 0.35413867762932494], [0.0, 0.6056073684210526], [0.6639161313369133, 0.49467533333332975], [0.8554970368938, 0.0], [0.7582860064717412, 0.3452332476875644]]
1.0397, [[0.9999997980992896, 0.1376194073312779], [0.800454857169367, 1.0], [0.9927527740020132, 0.0], [0.6354974350564248, 0.6743179664429527], [0.7657623758017188, 0.604065], [0.9471048404984388, 0.0], [0.0, 0.6056073684210526], [0.8712630595635532, 0.0], [0.8554970368938, 0.0], [0.8215923403347212, 0.2197615450496747]]
0.6635, [[0.6427195559782419, 0.6167300877192982], [0.7657623758017188, 0.604065], [0.9855059518054472, 0.09218290510448791], [0.7799099051043248, 0.2066273552586501], [0.9927527740020132, 0.0], [0.5890673889186845, 0.614847192982456], [0.819707111631737, 0.0], [0.7674098053606431, 0.1888706235011991], [0.9644410449925779, 0.0], [0.7379753670219552, 0.6021808771929824]]
1.0397, [[0.800454857169367, 1.0], [0.9999997980992896, 0.1376194073312779], [0.9855059518054472, 0.09218290510448791], [0.7601600604029181, 0.7166169011592433], [0.9927527740020132, 0.0], [0.9471048404984388, 0.0], [0.9644410449925779, 0.0], [0.6354974350564248, 0.6743179664429527], [0.9436684904082945, 0.0], [0.8215923403347212, 0.2197615450496747]]
0.7503, [[0.7601600604029181, 0.7166169011592433], [0.9855059518054472, 0.09218290510448791], [0.7799099051043248, 0.2066273552586501], [0.7657623758017188, 0.604065], [0.7663603601906728, 0.35413867762932494], [0.5890673889186845, 0.614847192982456], [0.9644410449925779, 0.0], [0.7674098053606431, 0.1888706235011991], [0.8554970368938, 0.0], [0.8712630595635532, 0.0]]
0.6700, [[0.9999997980992896, 0.1376194073312779], [0.0, 0.6056073684210526], [0.7657623758017188, 0.604065], [0.8215923403347212, 0.2197615450496747], [0.9927527740020132, 0.0], [0.9927527740020132, 0.0], [0.9855059518054472, 0.09218290510448791], [0.7379753670219552, 0.6021808771929824], [0.7674098053606431, 0.1888706235011991], [0.8991382792372135, 0.0]]
1.0268, [[0.9927527740020132, 0.0], [0.800454857169367, 1.0], [0.9855059518054472, 0.09218290510448791], [0.47273391311522744, 0.6081806140350877], [0.6163208894756385, 0.6054737719298245], [0.6639161313369133, 0.49467533333332975], [0.9644410449925779, 0.0], [0.6514671673490218, 0.3337702637889689], [0.9471048404984388, 0.0], [0.8188458496190022, 0.0]]
1.0397, [[0.800454857169367, 1.0], [0.9999997980992896, 0.1376194073312779], [0.8215923403347212, 0.2197615450496747], [0.6354974350564248, 0.6743179664429527], [0.9927527740020132, 0.0], [0.9471048404984388, 0.0], [0.9666385323240192, 0.0], [0.9644410449925779, 0.0], [0.6427195559782419, 0.6167300877192982], [0.8712630595635532, 0.0]]
0.7303, [[0.644169326173438, 0.7381302013422817], [0.9999997980992896, 0.1376194073312779], [0.6599785887428816, 0.608362543859649], [0.6639161313369133, 0.49467533333332975], [0.6479269102422843, 0.6130365789473684], [0.8215923403347212, 0.2197615450496747], [0.6655510451514132, 0.336640407673861], [0.6427195559782419, 0.6167300877192982], [0.6427195559782419, 0.6167300877192982], [0.8128116516393917, 0.07278338472079468]]
0.7565, [[0.7601600604029181, 0.7166169011592433], [0.9927527740020132, 0.0], [0.9855059518054472, 0.09218290510448791], [0.7657623758017188, 0.604065], [0.8215923403347212, 0.2197615450496747], [0.8712630595635532, 0.0], [0.7379753670219552, 0.6021808771929824], [0.819707111631737, 0.0], [0.4907243491893231, 0.22187254196642672], [0.7663603601906728, 0.35413867762932494]]
1.0397, [[0.800454857169367, 1.0], [0.9999997980992896, 0.1376194073312779], [0.8215923403347212, 0.2197615450496747], [0.644169326173438, 0.7381302013422817], [0.9855059518054472, 0.09218290510448791], [0.9927527740020132, 0.0], [0.6427195559782419, 0.6167300877192982], [0.7638429969960914, 0.0627683281945871], [0.9666385323240192, 0.0], [0.9436684904082945, 0.0]]
1.0397, [[0.800454857169367, 1.0], [0.800454857169367, 1.0], [0.9999997980992896, 0.1376194073312779], [0.8215923403347212, 0.2197615450496747], [0.7663603601906728, 0.35413867762932494], [0.9855059518054472, 0.09218290510448791], [0.9927527740020132, 0.0], [0.0, 0.10665811921891062], [0.9666385323240192, 0.0], [0.9471048404984388, 0.0]]
1.0397, [[0.800454857169367, 1.0], [0.9999997980992896, 0.1376194073312779], [0.8215923403347212, 0.2197615450496747], [0.9927527740020132, 0.0], [0.9855059518054472, 0.09218290510448791], [0.9666385323240192, 0.0], [0.9471048404984388, 0.0], [0.0, 0.0683056354916066], [0.43467502625298365, 0.004927012675573837], [0.8712630595635532, 0.0]]
0.7617, [[0.7601600604029181, 0.7166169011592433], [0.9855059518054472, 0.09218290510448791], [0.644169326173438, 0.7381302013422817], [0.6599785887428816, 0.608362543859649], [0.9666385323240192, 0.0], [0.6354974350564248, 0.6743179664429527], [0.6427195559782419, 0.6167300877192982], [0.8991382792372135, 0.0], [0.8991382792372135, 0.0], [0.5890673889186845, 0.614847192982456]]
1.0397, [[0.800454857169367, 1.0], [0.9999997980992896, 0.1376194073312779], [0.8215923403347212, 0.2197615450496747], [0.7663603601906728, 0.35413867762932494], [0.9927527740020132, 0.0], [0.9855059518054472, 0.09218290510448791], [0.9666385323240192, 0.0], [0.8712630595635532, 0.0], [0.8128116516393917, 0.07278338472079468], [0.8128116516393917, 0.07278338472079468]]
1.0379, [[0.9999997980992896, 0.1376194073312779], [0.800454857169367, 1.0], [0.9927527740020132, 0.0], [0.9855059518054472, 0.09218290510448791], [0.644169326173438, 0.7381302013422817], [0.9666385323240192, 0.0], [0.7601600604029181, 0.7166169011592433], [0.9644410449925779, 0.0], [0.6427195559782419, 0.6167300877192982], [0.6655510451514132, 0.336640407673861]]
0.6946, [[0.9927527740020132, 0.0], [0.644169326173438, 0.7381302013422817], [0.6479269102422843, 0.6130365789473684], [0.6524388361072129, 0.6055407894736842], [0.9855059518054472, 0.09218290510448791], [0.9644410449925779, 0.0], [0.6537707795084724, 0.2816069886947584], [0.6470840642534882, 0.0], [0.550399406741202, 0.2752726447413498], [0.3376813747016706, 0.2781915039397054]]
1.0379, [[0.800454857169367, 1.0], [0.9999997980992896, 0.1376194073312779], [0.7663603601906728, 0.35413867762932494], [0.6599785887428816, 0.608362543859649], [0.9855059518054472, 0.09218290510448791], [0.5733547283303767, 0.6021595614035088], [0.9644410449925779, 0.0], [0.5867982590040844, 0.2904961801986982], [0.9436684904082945, 0.0], [0.8712630595635532, 0.0]]
0.7114, [[0.6354974350564248, 0.6743179664429527], [0.9927527740020132, 0.0], [0.6599785887428816, 0.608362543859649], [0.9855059518054472, 0.09218290510448791], [0.6524388361072129, 0.6055407894736842], [0.9644410449925779, 0.0], [0.7657623758017188, 0.604065], [0.8215923403347212, 0.2197615450496747], [0.8188458496190022, 0.0], [0.8130963848250425, 0.0]]
0.6821, [[0.9999997980992896, 0.1376194073312779], [0.6354974350564248, 0.6743179664429527], [0.6599785887428816, 0.608362543859649], [0.9927527740020132, 0.0], [0.6427195559782419, 0.6167300877192982], [0.6427195559782419, 0.6167300877192982], [0.5890673889186845, 0.614847192982456], [0.9855059518054472, 0.09218290510448791], [0.8215923403347212, 0.2197615450496747], [0.6639161313369133, 0.49467533333332975]]
1.0397, [[0.9999997980992896, 0.1376194073312779], [0.800454857169367, 1.0], [0.800454857169367, 1.0], [0.8215923403347212, 0.2197615450496747], [0.9927527740020132, 0.0], [0.6354974350564248, 0.6743179664429527], [0.9855059518054472, 0.09218290510448791], [0.7657623758017188, 0.604065], [0.9666385323240192, 0.0], [0.7582860064717412, 0.3452332476875644]]
1.0397, [[0.800454857169367, 1.0], [0.9999997980992896, 0.1376194073312779], [0.8215923403347212, 0.2197615450496747], [0.6354974350564248, 0.6743179664429527], [0.9855059518054472, 0.09218290510448791], [0.6427195559782419, 0.6167300877192982], [0.9644410449925779, 0.0], [0.9471048404984388, 0.0], [0.8554970368938, 0.0], [0.3283731264916466, 0.26417367249057894]]
1.0397, [[0.800454857169367, 1.0], [0.9999997980992896, 0.1376194073312779], [0.7601600604029181, 0.7166169011592433], [0.9927527740020132, 0.0], [0.1200598280072186, 0.6055095614035088], [0.9855059518054472, 0.09218290510448791], [0.9666385323240192, 0.0], [0.9471048404984388, 0.0], [0.8215923403347212, 0.2197615450496747], [0.7393454834437085, 0.0]]
0.7631, [[0.9999997980992896, 0.1376194073312779], [0.7657623758017188, 0.604065], [0.7601600604029181, 0.7166169011592433], [0.9855059518054472, 0.09218290510448791], [0.7663603601906728, 0.35413867762932494], [0.6354974350564248, 0.6743179664429527], [0.7379753670219552, 0.6021808771929824], [0.819707111631737, 0.0], [0.6524388361072129, 0.6055407894736842], [0.7799099051043248, 0.2066273552586501]]
1.0379, [[0.9999997980992896, 0.1376194073312779], [0.800454857169367, 1.0], [0.9855059518054472, 0.09218290510448791], [0.9927527740020132, 0.0], [0.7601600604029181, 0.7166169011592433], [0.7657623758017188, 0.604065], [0.9666385323240192, 0.0], [0.1200598280072186, 0.6055095614035088], [0.8128116516393917, 0.07278338472079468], [0.7379753670219552, 0.6021808771929824]]
1.0397, [[0.800454857169367, 1.0], [0.9999997980992896, 0.1376194073312779], [0.8215923403347212, 0.2197615450496747], [0.7601600604029181, 0.7166169011592433], [0.9855059518054472, 0.09218290510448791], [0.9927527740020132, 0.0], [0.7601539813270548, 0.14123245974648851], [0.9471048404984388, 0.0], [0.9436684904082945, 0.0], [0.8991382792372135, 0.0]]
1.0397, [[0.9999997980992896, 0.1376194073312779], [0.800454857169367, 1.0], [0.8215923403347212, 0.2197615450496747], [0.9927527740020132, 0.0], [0.9855059518054472, 0.09218290510448791], [0.7657623758017188, 0.604065], [0.9666385323240192, 0.0], [0.9644410449925779, 0.0], [0.8188238576680854, 0.0], [0.7379753670219552, 0.6021808771929824]]
1.0397, [[0.800454857169367, 1.0], [0.9999997980992896, 0.1376194073312779], [0.8215923403347212, 0.2197615450496747], [0.644169326173438, 0.7381302013422817], [0.9855059518054472, 0.09218290510448791], [0.9927527740020132, 0.0], [0.7799099051043248, 0.2066273552586501], [0.6427195559782419, 0.6167300877192982], [0.8554970368938, 0.0], [0.9666385323240192, 0.0]]
0.7608, [[0.7601600604029181, 0.7166169011592433], [0.9999997980992896, 0.1376194073312779], [0.6427195559782419, 0.6167300877192982], [0.9927527740020132, 0.0], [0.9855059518054472, 0.09218290510448791], [0.5890673889186845, 0.614847192982456], [0.9666385323240192, 0.0], [0.7799099051043248, 0.2066273552586501], [0.7674098053606431, 0.1888706235011991], [0.9644410449925779, 0.0]]
1.0397, [[0.9999997980992896, 0.1376194073312779], [0.800454857169367, 1.0], [0.8215923403347212, 0.2197615450496747], [0.9927527740020132, 0.0], [0.9855059518054472, 0.09218290510448791], [0.0, 0.6056073684210526], [0.7663603601906728, 0.35413867762932494], [0.9471048404984388, 0.0], [0.7582860064717412, 0.3452332476875644], [0.8554970368938, 0.0]]
1.0397, [[0.800454857169367, 1.0], [0.8215923403347212, 0.2197615450496747], [0.9999997980992896, 0.1376194073312779], [0.7663603601906728, 0.35413867762932494], [0.0, 0.6056073684210526], [0.9927527740020132, 0.0], [0.9855059518054472, 0.09218290510448791], [0.4907243491893231, 0.22187254196642672], [0.9666385323240192, 0.0], [0.9471048404984388, 0.0]]
0.6599, [[0.0, 0.6056073684210526], [0.9927527740020132, 0.0], [0.7657623758017188, 0.604065], [0.8215923403347212, 0.2197615450496747], [0.9855059518054472, 0.09218290510448791], [0.7663603601906728, 0.35413867762932494], [0.7379753670219552, 0.6021808771929824], [0.9471048404984388, 0.0], [0.7379312043237727, 0.0], [0.7742198900963803, 0.0]]
1.0268, [[0.9927527740020132, 0.0], [0.800454857169367, 1.0], [0.9855059518054472, 0.09218290510448791], [0.7601600604029181, 0.7166169011592433], [0.9644410449925779, 0.0], [0.9471048404984388, 0.0], [0.1200598280072186, 0.6055095614035088], [0.7657623758017188, 0.604065], [0.7663603601906728, 0.35413867762932494], [0.7582860064717412, 0.3452332476875644]]
1.0144, [[0.9927527740020132, 0.0], [0.800454857169367, 1.0], [0.8215923403347212, 0.2197615450496747], [0.9644410449925779, 0.0], [0.644169326173438, 0.7381302013422817], [0.7601600604029181, 0.7166169011592433], [0.9436684904082945, 0.0], [0.6354974350564248, 0.6743179664429527], [0.8188238576680854, 0.0], [0.6427195559782419, 0.6167300877192982]]
1.0397, [[0.800454857169367, 1.0], [0.9999997980992896, 0.1376194073312779], [0.8215923403347212, 0.2197615450496747], [0.7601600604029181, 0.7166169011592433], [0.9927527740020132, 0.0], [0.9855059518054472, 0.09218290510448791], [0.7663603601906728, 0.35413867762932494], [0.23564050536150405, 0.2630261562178829], [0.9666385323240192, 0.0], [0.7601539813270548, 0.14123245974648851]]
0.7024, [[0.7601600604029181, 0.7166169011592433], [0.6354974350564248, 0.6743179664429527], [0.6599785887428816, 0.608362543859649], [0.6639161313369133, 0.49467533333332975], [0.6427195559782419, 0.6167300877192982], [0.6524388361072129, 0.6055407894736842], [0.6681087269226754, 0.19912925659472436], [0.6655510451514132, 0.336640407673861], [0.5890673889186845, 0.614847192982456], [0.6479012529662147, 0.10724270298047277]]
1.0268, [[0.800454857169367, 1.0], [0.5890673889186845, 0.614847192982456], [0.7657623758017188, 0.604065], [0.9855059518054472, 0.09218290510448791], [0.8128116516393917, 0.07278338472079468], [0.7379312043237727, 0.0], [0.0, 0.0595585303186021], [0.0, 0.10665811921891062], [0.9927527740020132, 0.0], [0.819707111631737, 0.0]]
1.0397, [[0.9999997980992896, 0.1376194073312779], [0.800454857169367, 1.0], [0.9927527740020132, 0.0], [0.9644410449925779, 0.0], [0.8215923403347212, 0.2197615450496747], [0.7601600604029181, 0.7166169011592433], [0.9471048404984388, 0.0], [0.7799099051043248, 0.2066273552586501], [0.6354974350564248, 0.6743179664429527], [0.8991382792372135, 0.0]]
0.6919, [[0.6354974350564248, 0.6743179664429527], [0.9471048404984388, 0.0], [0.8215923403347212, 0.2197615450496747], [0.7657623758017188, 0.604065], [0.7663603601906728, 0.35413867762932494], [0.6427195559782419, 0.6167300877192982], [0.8712630595635532, 0.0], [0.6479269102422843, 0.6130365789473684], [0.6524388361072129, 0.6055407894736842], [0.0, 0.6056073684210526]]
1.0379, [[0.800454857169367, 1.0], [0.9999997980992896, 0.1376194073312779], [0.644169326173438, 0.7381302013422817], [0.6655510451514132, 0.336640407673861], [0.9855059518054472, 0.09218290510448791], [0.5890673889186845, 0.614847192982456], [0.6639161313369133, 0.49467533333332975], [0.9666385323240192, 0.0], [0.6479269102422843, 0.6130365789473684], [0.9644410449925779, 0.0]]
0.7653, [[0.9999997980992896, 0.1376194073312779], [0.7601600604029181, 0.7166169011592433], [0.8215923403347212, 0.2197615450496747], [0.9927527740020132, 0.0], [0.9855059518054472, 0.09218290510448791], [0.7663603601906728, 0.35413867762932494], [0.0, 0.3336633607399796], [0.6207567325384709, 0.31900140459061344], [0.23564050536150405, 0.2630261562178829], [0.9471048404984388, 0.0]]
1.0379, [[0.800454857169367, 1.0], [0.9999997980992896, 0.1376194073312779], [0.6354974350564248, 0.6743179664429527], [0.9855059518054472, 0.09218290510448791], [0.7663603601906728, 0.35413867762932494], [0.9471048404984388, 0.0], [0.9927527740020132, 0.0], [0.9666385323240192, 0.0], [0.9644410449925779, 0.0], [0.9436684904082945, 0.0]]
1.0397, [[0.800454857169367, 1.0], [0.9999997980992896, 0.1376194073312779], [0.8215923403347212, 0.2197615450496747], [0.7663603601906728, 0.35413867762932494], [0.9927527740020132, 0.0], [0.9855059518054472, 0.09218290510448791], [0.7582860064717412, 0.3452332476875644], [0.9471048404984388, 0.0], [0.0, 0.0], [0.819707111631737, 0.0]]
0.7667, [[0.7601600604029181, 0.7166169011592433], [0.9999997980992896, 0.1376194073312779], [0.7657623758017188, 0.604065], [0.8215923403347212, 0.2197615450496747], [0.7663603601906728, 0.35413867762932494], [0.0, 0.6056073684210526], [0.9927527740020132, 0.0], [0.9855059518054472, 0.09218290510448791], [0.9666385323240192, 0.0], [0.9471048404984388, 0.0]]
0.7666, [[0.9999997980992896, 0.1376194073312779], [0.7601600604029181, 0.7166169011592433], [0.9855059518054472, 0.09218290510448791], [0.9927527740020132, 0.0], [0.47273391311522744, 0.6081806140350877], [0.9666385323240192, 0.0], [0.7657623758017188, 0.604065], [0.8215923403347212, 0.2197615450496747], [0.8712630595635532, 0.0], [0.0, 0.0]]
1.0397, [[0.9999997980992896, 0.1376194073312779], [0.800454857169367, 1.0], [0.9927527740020132, 0.0], [0.9855059518054472, 0.09218290510448791], [0.0, 0.6056073684210526], [0.7663603601906728, 0.35413867762932494], [0.8215923403347212, 0.2197615450496747], [0.8128116516393917, 0.07278338472079468], [0.8712630595635532, 0.0], [0.8554970368938, 0.0]]
0.7265, [[0.7601600604029181, 0.7166169011592433], [0.7663603601906728, 0.35413867762932494], [0.644169326173438, 0.7381302013422817], [0.8188458496190022, 0.0], [0.737462132102388, 0.0], [0.6354974350564248, 0.6743179664429527], [0.7742198900963803, 0.0], [0.6427195559782419, 0.6167300877192982], [0.7513425396597118, 0.0], [0.5890673889186845, 0.614847192982456]]
1.0379, [[0.800454857169367, 1.0], [0.9999997980992896, 0.1376194073312779], [0.6427195559782419, 0.6167300877192982], [0.9927527740020132, 0.0], [0.7663603601906728, 0.35413867762932494], [0.9471048404984388, 0.0], [0.4907243491893231, 0.22187254196642672], [0.8991382792372135, 0.0], [0.7674098053606431, 0.1888706235011991], [0.8712630595635532, 0.0]]
0.6407, [[0.644169326173438, 0.7381302013422817], [0.6880495261247259, 0.0], [0.6655510451514132, 0.336640407673861], [0.6681087269226754, 0.19912925659472436], [0.6427195559782419, 0.6167300877192982], [0.6639161313369133, 0.49467533333332975], [0.6599785887428816, 0.608362543859649], [0.6479269102422843, 0.6130365789473684], [0.6514671673490218, 0.3337702637889689], [0.1399458626181119, 0.0]]
0.6407, [[0.644169326173438, 0.7381302013422817], [0.6880495261247259, 0.0], [0.6599785887428816, 0.608362543859649], [0.6354974350564248, 0.6743179664429527], [0.6639161313369133, 0.49467533333332975], [0.6655510451514132, 0.336640407673861], [0.6681087269226754, 0.19912925659472436], [0.6427195559782419, 0.6167300877192982], [0.5890673889186845, 0.614847192982456], [0.6479269102422843, 0.6130365789473684]]
0.7024, [[0.7601600604029181, 0.7166169011592433], [0.6354974350564248, 0.6743179664429527], [0.6681087269226754, 0.19912925659472436], [0.6427195559782419, 0.6167300877192982], [0.6655510451514132, 0.336640407673861], [0.6479269102422843, 0.6130365789473684], [0.6639161313369133, 0.49467533333332975], [0.6599785887428816, 0.608362543859649], [0.6524388361072129, 0.6055407894736842], [0.6514671673490218, 0.3337702637889689]]
0.7667, [[0.9999997980992896, 0.1376194073312779], [0.7601600604029181, 0.7166169011592433], [0.7657623758017188, 0.604065], [0.7663603601906728, 0.35413867762932494], [0.8215923403347212, 0.2197615450496747], [0.9855059518054472, 0.09218290510448791], [0.7379753670219552, 0.6021808771929824], [0.9471048404984388, 0.0], [0.9666385323240192, 0.0], [0.7595544771691352, 0.08353052415210695]]
0.6784, [[0.9999997980992896, 0.1376194073312779], [0.9999997980992896, 0.1376194073312779], [0.8215923403347212, 0.2197615450496747], [0.6354974350564248, 0.6743179664429527], [0.9855059518054472, 0.09218290510448791], [0.6427195559782419, 0.6167300877192982], [0.9644410449925779, 0.0], [0.6479269102422843, 0.6130365789473684], [0.0, 0.6056073684210526], [0.6655510451514132, 0.336640407673861]]
0.6387, [[0.644169326173438, 0.7381302013422817], [0.6639161313369133, 0.49467533333332975], [0.6681087269226754, 0.19912925659472436], [0.6655510451514132, 0.336640407673861], [0.6354974350564248, 0.6743179664429527], [0.6599785887428816, 0.608362543859649], [0.6427195559782419, 0.6167300877192982], [0.5890673889186845, 0.614847192982456], [0.6479269102422843, 0.6130365789473684], [0.6354251119332877, 0.0]]
1.0379, [[0.800454857169367, 1.0], [0.9999997980992896, 0.1376194073312779], [0.9855059518054472, 0.09218290510448791], [0.9927527740020132, 0.0], [0.9471048404984388, 0.0], [0.9666385323240192, 0.0], [0.644169326173438, 0.7381302013422817], [0.6427195559782419, 0.6167300877192982], [0.8188238576680854, 0.0], [0.6599785887428816, 0.608362543859649]]
1.0397, [[0.800454857169367, 1.0], [0.9999997980992896, 0.1376194073312779], [0.9999997980992896, 0.1376194073312779], [0.8215923403347212, 0.2197615450496747], [0.7657623758017188, 0.604065], [0.9855059518054472, 0.09218290510448791], [0.0, 0.2606120417951353], [0.9471048404984388, 0.0], [0.7400446665661498, 0.18285834189791034], [0.7340690243908097, 0.11982207947927372]]
0.7266, [[0.644169326173438, 0.7381302013422817], [0.7663603601906728, 0.35413867762932494], [0.9855059518054472, 0.09218290510448791], [0.6427195559782419, 0.6167300877192982], [0.6427195559782419, 0.6167300877192982], [0.9927527740020132, 0.0], [0.6599785887428816, 0.608362543859649], [0.9644410449925779, 0.0], [0.6639161313369133, 0.49467533333332975], [0.9666385323240192, 0.0]]
1.0397, [[0.800454857169367, 1.0], [0.8215923403347212, 0.2197615450496747], [0.9999997980992896, 0.1376194073312779], [0.7601600604029181, 0.7166169011592433], [0.9927527740020132, 0.0], [0.9855059518054472, 0.09218290510448791], [0.0, 0.6056073684210526], [0.9644410449925779, 0.0], [0.9471048404984388, 0.0], [0.8712630595635532, 0.0]]
0.6700, [[0.9999997980992896, 0.1376194073312779], [0.7657623758017188, 0.604065], [0.7663603601906728, 0.35413867762932494], [0.8215923403347212, 0.2197615450496747], [0.0, 0.6056073684210526], [0.9855059518054472, 0.09218290510448791], [0.7379753670219552, 0.6021808771929824], [0.7799099051043248, 0.2066273552586501], [0.9644410449925779, 0.0], [0.0, 0.1750652449468996]]
1.0397, [[0.800454857169367, 1.0], [0.9999997980992896, 0.1376194073312779], [0.8215923403347212, 0.2197615450496747], [0.6427195559782419, 0.6167300877192982], [0.7582860064717412, 0.3452332476875644], [0.6524388361072129, 0.6055407894736842], [0.9855059518054472, 0.09218290510448791], [0.0, 0.2606120417951353], [0.9927527740020132, 0.0], [0.9644410449925779, 0.0]]
0.7651, [[0.644169326173438, 0.7381302013422817], [0.9999997980992896, 0.1376194073312779], [0.7657623758017188, 0.604065], [0.6427195559782419, 0.6167300877192982], [0.9855059518054472, 0.09218290510448791], [0.5890673889186845, 0.614847192982456], [0.9666385323240192, 0.0], [0.6479269102422843, 0.6130365789473684], [0.8188458496190022, 0.0], [0.6599785887428816, 0.608362543859649]]
0.7376, [[0.644169326173438, 0.7381302013422817], [0.7582860064717412, 0.3452332476875644], [0.9999997980992896, 0.1376194073312779], [0.6427195559782419, 0.6167300877192982], [0.9855059518054472, 0.09218290510448791], [0.9855059518054472, 0.09218290510448791], [0.6479269102422843, 0.6130365789473684], [0.7799099051043248, 0.2066273552586501], [0.9644410449925779, 0.0], [0.6599785887428816, 0.608362543859649]]
1.0397, [[0.800454857169367, 1.0], [0.8215923403347212, 0.2197615450496747], [0.644169326173438, 0.7381302013422817], [0.6524388361072129, 0.6055407894736842], [0.9999997980992896, 0.1376194073312779], [0.6354974350564248, 0.6743179664429527], [0.9855059518054472, 0.09218290510448791], [0.9927527740020132, 0.0], [0.9471048404984388, 0.0], [0.8712630595635532, 0.0]]
1.0379, [[0.800454857169367, 1.0], [0.9999997980992896, 0.1376194073312779], [0.7601600604029181, 0.7166169011592433], [0.9927527740020132, 0.0], [0.7799099051043248, 0.2066273552586501], [0.6427195559782419, 0.6167300877192982], [0.644169326173438, 0.7381302013422817], [0.9855059518054472, 0.09218290510448791], [0.7400446665661498, 0.18285834189791034], [0.9666385323240192, 0.0]]
1.0379, [[0.800454857169367, 1.0], [0.9999997980992896, 0.1376194073312779], [0.7601600604029181, 0.7166169011592433], [0.9927527740020132, 0.0], [0.47273391311522744, 0.6081806140350877], [0.9644410449925779, 0.0], [0.1200598280072186, 0.6055095614035088], [0.9471048404984388, 0.0], [0.9436684904082945, 0.0], [0.8991382792372135, 0.0]]
1.0379, [[0.9999997980992896, 0.1376194073312779], [0.800454857169367, 1.0], [0.9855059518054472, 0.09218290510448791], [0.9927527740020132, 0.0], [0.0, 0.6056073684210526], [0.7663603601906728, 0.35413867762932494], [0.9471048404984388, 0.0], [0.9666385323240192, 0.0], [0.3376813747016706, 0.2781915039397054], [0.7601539813270548, 0.14123245974648851]]
0.7640, [[0.9855059518054472, 0.09218290510448791], [0.644169326173438, 0.7381302013422817], [0.7601600604029181, 0.7166169011592433], [0.7799099051043248, 0.2066273552586501], [0.9644410449925779, 0.0], [0.47273391311522744, 0.6081806140350877], [0.6599785887428816, 0.608362543859649], [0.8991382792372135, 0.0], [0.8154374548195915, 0.0], [0.8188458496190022, 0.0]]
1.0268, [[0.800454857169367, 1.0], [0.9855059518054472, 0.09218290510448791], [0.7601600604029181, 0.7166169011592433], [0.9927527740020132, 0.0], [0.9644410449925779, 0.0], [0.0, 0.09349821856800278], [0.23564050536150405, 0.2630261562178829], [0.9436684904082945, 0.0], [0.7799099051043248, 0.2066273552586501], [0.0, 0.14519193216855086]]
0.5927, [[0.6354974350564248, 0.6743179664429527], [0.6880495261247259, 0.0], [0.6681087269226754, 0.19912925659472436], [0.6599785887428816, 0.608362543859649], [0.6639161313369133, 0.49467533333332975], [0.6479269102422843, 0.6130365789473684], [0.6427195559782419, 0.6167300877192982], [0.6655510451514132, 0.336640407673861], [0.5890673889186845, 0.614847192982456], [0.5890673889186845, 0.614847192982456]]
0.7215, [[0.9999997980992896, 0.1376194073312779], [0.6354974350564248, 0.6743179664429527], [0.8215923403347212, 0.2197615450496747], [0.9471048404984388, 0.0], [0.5890673889186845, 0.614847192982456], [0.9436684904082945, 0.0], [0.819707111631737, 0.0], [0.7657623758017188, 0.604065], [0.6639161313369133, 0.49467533333332975], [0.0, 0.3492089585474478]]
1.0397, [[0.800454857169367, 1.0], [0.9999997980992896, 0.1376194073312779], [0.6427195559782419, 0.6167300877192982], [0.8215923403347212, 0.2197615450496747], [0.9927527740020132, 0.0], [0.9855059518054472, 0.09218290510448791], [0.5890673889186845, 0.614847192982456], [0.9666385323240192, 0.0], [0.9471048404984388, 0.0], [0.8128116516393917, 0.07278338472079468]]
1.0397, [[0.9999997980992896, 0.1376194073312779], [0.800454857169367, 1.0], [0.9927527740020132, 0.0], [0.7601600604029181, 0.7166169011592433], [0.9644410449925779, 0.0], [0.9471048404984388, 0.0], [0.7663603601906728, 0.35413867762932494], [0.9436684904082945, 0.0], [0.7582860064717412, 0.3452332476875644], [0.8215923403347212, 0.2197615450496747]]
1.0295, [[0.800454857169367, 1.0], [0.8215923403347212, 0.2197615450496747], [0.9927527740020132, 0.0], [0.7601600604029181, 0.7166169011592433], [0.9855059518054472, 0.09218290510448791], [0.7582860064717412, 0.3452332476875644], [0.9666385323240192, 0.0], [0.7799099051043248, 0.2066273552586501], [0.9644410449925779, 0.0], [0.9436684904082945, 0.0]]
1.0397, [[0.9999997980992896, 0.1376194073312779], [0.800454857169367, 1.0], [0.9855059518054472, 0.09218290510448791], [0.6354974350564248, 0.6743179664429527], [0.9927527740020132, 0.0], [0.6599785887428816, 0.608362543859649], [0.9666385323240192, 0.0], [0.7582860064717412, 0.3452332476875644], [0.9436684904082945, 0.0], [0.8215923403347212, 0.2197615450496747]]
0.6641, [[0.6354974350564248, 0.6743179664429527], [0.9999997980992896, 0.1376194073312779], [0.6479269102422843, 0.6130365789473684], [0.6524388361072129, 0.6055407894736842], [0.5890673889186845, 0.614847192982456], [0.0, 0.6056073684210526], [0.0, 0.3501494347379238], [0.9927527740020132, 0.0], [0.4907243491893231, 0.22187254196642672], [0.9855059518054472, 0.09218290510448791]]
0.4535, [[0.7663603601906728, 0.35413867762932494], [0.9999997980992896, 0.1376194073312779], [0.4620461384248211, 0.3148741349777323], [0.9855059518054472, 0.09218290510448791], [0.9927527740020132, 0.0], [0.0, 0.30755871873929447], [0.9471048404984388, 0.0], [0.9644410449925779, 0.0], [0.8215923403347212, 0.2197615450496747], [0.8991382792372135, 0.0]]
1.0379, [[0.800454857169367, 1.0], [0.9999997980992896, 0.1376194073312779], [0.7601600604029181, 0.7166169011592433], [0.9855059518054472, 0.09218290510448791], [0.9927527740020132, 0.0], [0.7657623758017188, 0.604065], [0.8712630595635532, 0.0], [0.7582860064717412, 0.3452332476875644], [0.7674098053606431, 0.1888706235011991], [0.7432437802391528, 0.09548066118533725]]
0.7667, [[0.9999997980992896, 0.1376194073312779], [0.7601600604029181, 0.7166169011592433], [0.8215923403347212, 0.2197615450496747], [0.9855059518054472, 0.09218290510448791], [0.7657623758017188, 0.604065], [0.9644410449925779, 0.0], [0.7663603601906728, 0.35413867762932494], [0.7582860064717412, 0.3452332476875644], [0.9471048404984388, 0.0], [0.7601539813270548, 0.14123245974648851]]
1.0379, [[0.800454857169367, 1.0], [0.9999997980992896, 0.1376194073312779], [0.6427195559782419, 0.6167300877192982], [0.9927527740020132, 0.0], [0.6599785887428816, 0.608362543859649], [0.9666385323240192, 0.0], [0.5733547283303767, 0.6021595614035088], [0.9471048404984388, 0.0], [0.6537707795084724, 0.2816069886947584], [0.7663603601906728, 0.35413867762932494]]
1.0379, [[0.800454857169367, 1.0], [0.9999997980992896, 0.1376194073312779], [0.6427195559782419, 0.6167300877192982], [0.7657623758017188, 0.604065], [0.9927527740020132, 0.0], [0.9471048404984388, 0.0], [0.6524388361072129, 0.6055407894736842], [0.7663603601906728, 0.35413867762932494], [0.9666385323240192, 0.0], [0.7400446665661498, 0.18285834189791034]]
1.0379, [[0.800454857169367, 1.0], [0.9999997980992896, 0.1376194073312779], [0.7601600604029181, 0.7166169011592433], [0.9855059518054472, 0.09218290510448791], [0.9927527740020132, 0.0], [0.6427195559782419, 0.6167300877192982], [0.9666385323240192, 0.0], [0.6479269102422843, 0.6130365789473684], [0.7657623758017188, 0.604065], [0.7663603601906728, 0.35413867762932494]]
1.0397, [[0.9999997980992896, 0.1376194073312779], [0.800454857169367, 1.0], [0.9927527740020132, 0.0], [0.9927527740020132, 0.0], [0.9855059518054472, 0.09218290510448791], [0.7601600604029181, 0.7166169011592433], [0.8215923403347212, 0.2197615450496747], [0.8991382792372135, 0.0], [0.6163208894756385, 0.6054737719298245], [0.8188238576680854, 0.0]]
1.0397, [[0.800454857169367, 1.0], [0.9999997980992896, 0.1376194073312779], [0.8215923403347212, 0.2197615450496747], [0.7601600604029181, 0.7166169011592433], [0.9855059518054472, 0.09218290510448791], [0.7663603601906728, 0.35413867762932494], [0.7582860064717412, 0.3452332476875644], [0.9471048404984388, 0.0], [0.0, 0.14519193216855086], [0.9436684904082945, 0.0]]
0.7651, [[0.9999997980992896, 0.1376194073312779], [0.644169326173438, 0.7381302013422817], [0.7657623758017188, 0.604065], [0.7663603601906728, 0.35413867762932494], [0.9927527740020132, 0.0], [0.8712630595635532, 0.0], [0.6354974350564248, 0.6743179664429527], [0.9666385323240192, 0.0], [0.8554970368938, 0.0], [0.0, 0.6056073684210526]]
1.0397, [[0.800454857169367, 1.0], [0.9999997980992896, 0.1376194073312779], [0.7601600604029181, 0.7166169011592433], [0.9927527740020132, 0.0], [0.7657623758017188, 0.604065], [0.9855059518054472, 0.09218290510448791], [0.1200598280072186, 0.6055095614035088], [0.9644410449925779, 0.0], [0.8712630595635532, 0.0], [0.8215923403347212, 0.2197615450496747]]
1.0397, [[0.800454857169367, 1.0], [0.9999997980992896, 0.1376194073312779], [0.644169326173438, 0.7381302013422817], [0.9855059518054472, 0.09218290510448791], [0.9927527740020132, 0.0], [0.6354974350564248, 0.6743179664429527], [0.9471048404984388, 0.0], [0.9471048404984388, 0.0], [0.8215923403347212, 0.2197615450496747], [0.8712630595635532, 0.0]]
0.6677, [[0.6354974350564248, 0.6743179664429527], [0.6427195559782419, 0.6167300877192982], [0.6479269102422843, 0.6130365789473684], [0.6599785887428816, 0.608362543859649], [0.9999997980992896, 0.1376194073312779], [0.9927527740020132, 0.0], [0.9927527740020132, 0.0], [0.9855059518054472, 0.09218290510448791], [0.9644410449925779, 0.0], [0.0, 0.0552255738266529]]
0.6778, [[0.5890673889186845, 0.614847192982456], [0.8215923403347212, 0.2197615450496747], [0.6479269102422843, 0.6130365789473684], [0.9999997980992896, 0.1376194073312779], [0.7657623758017188, 0.604065], [0.9855059518054472, 0.09218290510448791], [0.9927527740020132, 0.0], [0.7663603601906728, 0.35413867762932494], [0.9644410449925779, 0.0], [0.4907243491893231, 0.22187254196642672]]
0.6933, [[0.9999997980992896, 0.1376194073312779], [0.6354974350564248, 0.6743179664429527], [0.8215923403347212, 0.2197615450496747], [0.7582860064717412, 0.3452332476875644], [0.9927527740020132, 0.0], [0.6427195559782419, 0.6167300877192982], [0.9471048404984388, 0.0], [0.6479269102422843, 0.6130365789473684], [0.6599785887428816, 0.608362543859649], [0.6537707795084724, 0.2816069886947584]]
0.7216, [[0.7657623758017188, 0.604065], [0.9999997980992896, 0.1376194073312779], [0.8215923403347212, 0.2197615450496747], [0.6354974350564248, 0.6743179664429527], [0.6479269102422843, 0.6130365789473684], [0.6599785887428816, 0.608362543859649], [0.9927527740020132, 0.0], [0.9471048404984388, 0.0], [0.8991382792372135, 0.0], [0.8712630595635532, 0.0]]
0.6561, [[0.6354974350564248, 0.6743179664429527], [0.9927527740020132, 0.0], [0.8215923403347212, 0.2197615450496747], [0.6427195559782419, 0.6167300877192982], [0.9644410449925779, 0.0], [0.6479269102422843, 0.6130365789473684], [0.8154374548195915, 0.0], [0.6524388361072129, 0.6055407894736842], [0.6639161313369133, 0.49467533333332975], [0.6655510451514132, 0.336640407673861]]
0.6407, [[0.644169326173438, 0.7381302013422817], [0.6880495261247259, 0.0], [0.6354974350564248, 0.6743179664429527], [0.6681087269226754, 0.19912925659472436], [0.6655510451514132, 0.336640407673861], [0.6639161313369133, 0.49467533333332975], [0.6599785887428816, 0.608362543859649], [0.6537707795084724, 0.2816069886947584], [0.6479269102422843, 0.6130365789473684], [0.0, 0.0]]
0.7667, [[0.9999997980992896, 0.1376194073312779], [0.7601600604029181, 0.7166169011592433], [0.8215923403347212, 0.2197615450496747], [0.9855059518054472, 0.09218290510448791], [0.6354974350564248, 0.6743179664429527], [0.9927527740020132, 0.0], [0.7657623758017188, 0.604065], [0.7663603601906728, 0.35413867762932494], [0.7379753670219552, 0.6021808771929824], [0.5867982590040844, 0.2904961801986982]]
0.7660, [[0.9999997980992896, 0.1376194073312779], [0.644169326173438, 0.7381302013422817], [0.7657623758017188, 0.604065], [0.9855059518054472, 0.09218290510448791], [0.6599785887428816, 0.608362543859649], [0.7799099051043248, 0.2066273552586501], [0.9666385323240192, 0.0], [0.47273391311522744, 0.6081806140350877], [0.7684266201969358, 0.0], [0.6163208894756385, 0.6054737719298245]]
1.0397, [[0.9999997980992896, 0.1376194073312779], [0.800454857169367, 1.0], [0.8215923403347212, 0.2197615450496747], [0.9927527740020132, 0.0], [0.9855059518054472, 0.09218290510448791], [0.6427195559782419, 0.6167300877192982], [0.6524388361072129, 0.6055407894736842], [0.9471048404984388, 0.0], [0.1200598280072186, 0.6055095614035088], [0.9436684904082945, 0.0]]
0.7215, [[0.6354974350564248, 0.6743179664429527], [0.9999997980992896, 0.1376194073312779], [0.7657623758017188, 0.604065], [0.8215923403347212, 0.2197615450496747], [0.5890673889186845, 0.614847192982456], [0.9855059518054472, 0.09218290510448791], [0.9927527740020132, 0.0], [0.7601539813270548, 0.14123245974648851], [0.9666385323240192, 0.0], [0.5867982590040844, 0.2904961801986982]]
0.7653, [[0.7601600604029181, 0.7166169011592433], [0.6427195559782419, 0.6167300877192982], [0.7663603601906728, 0.35413867762932494], [0.9999997980992896, 0.1376194073312779], [0.9855059518054472, 0.09218290510448791], [0.8215923403347212, 0.2197615450496747], [0.43467502625298365, 0.004927012675573837], [0.4891887627377366, 0.0016130181569028602], [0.7742198900963803, 0.0], [0.9927527740020132, 0.0]]
1.0261, [[0.800454857169367, 1.0], [0.9855059518054472, 0.09218290510448791], [0.0, 0.6056073684210526], [0.7657623758017188, 0.604065], [0.9666385323240192, 0.0], [0.9666385323240192, 0.0], [0.8128116516393917, 0.07278338472079468], [0.5733547283303767, 0.6021595614035088], [0.9436684904082945, 0.0], [0.8712630595635532, 0.0]]
0.7413, [[0.644169326173438, 0.7381302013422817], [0.9999997980992896, 0.1376194073312779], [0.6354974350564248, 0.6743179664429527], [0.9471048404984388, 0.0], [0.6427195559782419, 0.6167300877192982], [0.8215923403347212, 0.2197615450496747], [0.6479269102422843, 0.6130365789473684], [0.6599785887428816, 0.608362543859649], [0.8078974339893993, 0.0], [0.7582860064717412, 0.3452332476875644]]
1.0397, [[0.800454857169367, 1.0], [0.9999997980992896, 0.1376194073312779], [0.8215923403347212, 0.2197615450496747], [0.6427195559782419, 0.6167300877192982], [0.7379753670219552, 0.6021808771929824], [0.6479269102422843, 0.6130365789473684], [0.9855059518054472, 0.09218290510448791], [0.9927527740020132, 0.0], [0.6655510451514132, 0.336640407673861], [0.9666385323240192, 0.0]]
