mean:1.296151,,,,,,,,,,,,,,,,,,,,,,,,,,,,,,
1.3289, [[0.975881223300971,0.9982705255523638, 0.9962912795520531], [0.7733181177465583,1.0, 0.9943591740978847], [0.9901964466019417,0.9965410511047276, 0.9986494672853587], [1.0,0.9959645596221822, 0.9951046790750726], [0.9747278640776703,0.9982705255523638, 0.9965124844462878], [0.7726627496123667,0.9988470170349092, 0.9965910384695147], [0.9969809126213596,0.9953880681396372, 0.998581427571547], [0.7506679556453508,0.9982705255523638, 0.9971741276959767], [0.7702011229619885,0.9982705255523638, 0.9959354106180008], [0.9749653203883494,0.9913526277618196, 0.9940136172749896]]
1.3236, [[0.9901964466019417,0.9965410511047276, 0.9986494672853587], [0.9747278640776703,0.9982705255523638, 0.9965124844462878], [0.7917643330357563,0.9976940340698184, 0.9982177740045624], [0.7550637175210262,0.9965410511047276, 0.99829273900871], [0.9969809126213596,0.9953880681396372, 0.998581427571547], [0.7948333740544097,0.9976940340698184, 0.9970843011198672], [0.9690967572815536,0.9971175425872733, 0.9970635757984239], [0.7941460367429405,0.9913526277618196, 0.9969611623807548], [0.9923335533980586,0.9901996447967288, 0.996990733875985], [0.7867611567918058,0.9913526277618196, 0.9957004056926586]]
1.3272, [[1.0,0.9959645596221822, 0.9951046790750726], [0.9901964466019417,0.9965410511047276, 0.9986494672853587], [0.9747278640776703,0.9982705255523638, 0.9965124844462878], [0.7550637175210262,0.9965410511047276, 0.99829273900871], [0.8220870976835974,0.9786698151458216, 0.9891779448361675], [0.8194816097354698,0.979246306628367, 0.9886666359912899], [0.7864414650190292,0.9925056107269103, 0.99553526026545], [0.7924676549358644,0.9746343747680042, 0.9890680500829531], [0.7951051120612697,0.9705989343901866, 0.9914872005910411], [0.7765150354743222,0.9752108662505496, 0.9921688109187059]]
1.328, [[0.9716070097087384,0.9971175425872733, 0.9978280874118624], [0.7702011229619885,0.9982705255523638, 0.9959354106180008], [0.7971351548183997,0.9948115766570916, 0.999999595603484], [1.0,0.9959645596221822, 0.9951046790750726], [0.7630400272517972,0.9971175425872733, 0.9985739967855661], [0.9923335533980586,0.9901996447967288, 0.996990733875985], [0.9210288155339807,0.969445951425096, 0.9896752009021152], [0.8202808391674107,0.9763638492156402, 0.9871192127229365], [0.7989414133345865,0.9757873577330948, 0.9872879471692243], [0.7947534511112156,0.9786698151458216, 0.9879799201576109]]
1.3157, [[0.9901964466019417,0.9965410511047276, 0.9986494672853587], [0.7506679556453508,0.9982705255523638, 0.9971741276959767], [0.9716070097087384,0.9971175425872733, 0.9978280874118624], [0.7726627496123667,0.9988470170349092, 0.9965910384695147], [0.9749653203883494,0.9913526277618196, 0.9940136172749896], [0.7468476389606729,0.9936585936920008, 0.9952869608046453], [0.7637753183291829,0.9930821022094556, 0.9924156444421401], [0.7910290419583706,0.9740578832854588, 0.9899444278826213], [0.8093473805384579,0.8950785501767451, 0.9560224349336375], [0.8028896067283747,0.8962315331418357, 0.9562682574657818]]
1.2895, [[0.9690967572815536,0.9971175425872733, 0.9970635757984239], [0.770776568152986,1.0, 0.9966538715781833], [0.9306288349514564,0.9700224429076414, 0.9898885706138532], [0.8202808391674107,0.9763638492156402, 0.9871192127229365], [0.7907892731287883,0.9746343747680042, 0.9964335260265449], [0.819625471033219,0.9763638492156402, 0.9864687914765657], [0.81839465770803,0.9763638492156402, 0.9876784931045208], [0.7873046328055257,0.9752108662505496, 0.9904452224180837], [0.7926275008222525,0.9746343747680042, 0.9896708030900041], [0.7924676549358644,0.9746343747680042, 0.9890680500829531]]
1.3174, [[0.9901964466019417,0.9965410511047276, 0.9986494672853587], [0.976559669902913,0.9988470170349092, 0.9965722340315222], [0.7881198468261055,0.9976940340698184, 0.9979498107631688], [0.7506679556453508,0.9982705255523638, 0.9971741276959767], [0.7630400272517972,0.9971175425872733, 0.9985739967855661], [0.7971351548183997,0.9948115766570916, 0.999999595603484], [0.9531532621359224,0.9907761362792742, 0.9960803867689755], [0.7498367570361321,0.9965410511047276, 0.9964330205309], [0.7637753183291829,0.9930821022094556, 0.9924156444421401], [0.7947534511112156,0.9786698151458216, 0.9879799201576109]]
1.3249, [[1.0,0.9959645596221822, 0.9951046790750726], [0.7596992482262839,0.9965410511047276, 0.9983211984135213], [0.9969809126213596,0.9953880681396372, 0.998581427571547], [0.9356154174757282,0.9717519173552772, 0.9898790672957278], [0.8220870976835974,0.9786698151458216, 0.9891779448361675], [0.7943058826293286,0.971175425872732, 0.9905857502073827], [0.7936345299064982,0.9717519173552772, 0.9903796090833679], [0.7931070384814172,0.9775168321807308, 0.9891453403670676], [0.7926275008222525,0.9746343747680042, 0.9896708030900041], [0.7908851806606212,0.9746343747680042, 0.9895676819784321]]
1.3285, [[0.9969809126213596,0.9953880681396372, 0.998581427571547], [0.7971351548183997,0.9948115766570916, 0.999999595603484], [0.975881223300971,0.9982705255523638, 0.9962912795520531], [0.9716070097087384,0.9971175425872733, 0.9978280874118624], [0.9749653203883494,0.9913526277618196, 0.9940136172749896], [1.0,0.9959645596221822, 0.9951046790750726], [0.9531532621359224,0.9907761362792742, 0.9960803867689755], [0.7917643330357563,0.9976940340698184, 0.9982177740045624], [0.7850348212188132,0.9907761362792742, 0.9946383087930319], [0.7838199924822629,0.9913526277618196, 0.9950488218063044]]
1.075, [[0.7917643330357563,0.9976940340698184, 0.9982177740045624], [0.7906454118310389,0.877207314217839, 0.9507828209249274], [0.5549197441916943,0.3746719164173553, 0.8273668650388377], [0.5543050271189185,0.3746719164173553, 0.8285913779487917], [0.554941374564883,0.3733843840585328, 0.8209004637514384], [0.5543076175827735,0.3759594487761777, 0.8221201110471806], [0.5549319193718125,0.3733843840585328, 0.8283721390966627], [0.5549222051323566,0.3772469811350002, 0.8214364445483314], [0.5549574354407837,0.3746719164173553, 0.818876559047756], [0.5549153404031409,0.3746719164173553, 0.8257500500575374]]
1.0858, [[0.7971351548183997,0.9948115766570916, 0.999999595603484], [0.7506679556453508,0.9982705255523638, 0.9971741276959767], [0.7989414133345865,0.9757873577330948, 0.9872879471692243], [0.772023366066814,0.9942350851745464, 0.9953983720447946], [0.7936345299064982,0.9717519173552772, 0.9903796090833679], [0.7926275008222525,0.9746343747680042, 0.9896708030900041], [0.7924676549358644,0.9746343747680042, 0.9890680500829531], [0.7915085796175352,0.9775168321807308, 0.9867608668602239], [0.7910290419583706,0.9740578832854588, 0.9899444278826213], [0.7888711224921299,0.9746343747680042, 0.9892212152633761]]
1.3273, [[1.0,0.9959645596221822, 0.9951046790750726], [0.8202808391674107,0.9763638492156402, 0.9871192127229365], [0.819625471033219,0.9763638492156402, 0.9864687914765657], [0.81839465770803,0.9763638492156402, 0.9876784931045208], [0.7971351548183997,0.9948115766570916, 0.999999595603484], [0.792147963163088,0.9752108662505496, 0.9902344812836997], [0.7881198468261055,0.9976940340698184, 0.9979498107631688], [0.7881198468261055,0.9976940340698184, 0.9979498107631688], [0.7867611567918058,0.9913526277618196, 0.9957004056926586], [0.7702011229619885,0.9982705255523638, 0.9959354106180008]]
1.3303, [[1.0,0.9959645596221822, 0.9951046790750726], [0.9901964466019417,0.9965410511047276, 0.9986494672853587], [0.976559669902913,0.9988470170349092, 0.9965722340315222], [0.7731902410374478,1.0, 0.9955591196598921], [0.7971351548183997,0.9948115766570916, 0.999999595603484], [0.9923335533980586,0.9901996447967288, 0.996990733875985], [0.975881223300971,0.9982705255523638, 0.9962912795520531], [0.9716070097087384,0.9971175425872733, 0.9978280874118624], [0.7948333740544097,0.9976940340698184, 0.9970843011198672], [0.7743571160080817,0.9976940340698184, 0.9986983992637909]]
1.3288, [[0.975881223300971,0.9982705255523638, 0.9962912795520531], [1.0,0.9959645596221822, 0.9951046790750726], [0.770776568152986,1.0, 0.9966538715781833], [0.9969809126213596,0.9953880681396372, 0.998581427571547], [0.7506679556453508,0.9982705255523638, 0.9971741276959767], [0.7917643330357563,0.9976940340698184, 0.9982177740045624], [0.7713200441667059,1.0, 0.9961386704168395], [0.9690967572815536,0.9971175425872733, 0.9970635757984239], [0.7596992482262839,0.9965410511047276, 0.9983211984135213], [0.7550637175210262,0.9965410511047276, 0.99829273900871]]
1.3172, [[0.9901964466019417,0.9965410511047276, 0.9986494672853587], [0.976559669902913,0.9988470170349092, 0.9965722340315222], [0.7731902410374478,1.0, 0.9955591196598921], [0.9328677087378644,0.9688694599425506, 0.9902897319576939], [0.9306288349514564,0.9700224429076414, 0.9898885706138532], [0.7743571160080817,0.9976940340698184, 0.9986983992637909], [0.8194816097354698,0.979246306628367, 0.9886666359912899], [0.772023366066814,0.9942350851745464, 0.9953983720447946], [0.7550637175210262,0.9965410511047276, 0.99829273900871], [0.7838199924822629,0.9913526277618196, 0.9950488218063044]]
1.3267, [[0.7971351548183997,0.9948115766570916, 0.999999595603484], [0.7743571160080817,0.9976940340698184, 0.9986983992637909], [0.976559669902913,0.9988470170349092, 0.9965722340315222], [0.9716070097087384,0.9971175425872733, 0.9978280874118624], [0.770776568152986,1.0, 0.9966538715781833], [0.7713200441667059,1.0, 0.9961386704168395], [0.7731902410374478,1.0, 0.9955591196598921], [0.9969809126213596,0.9953880681396372, 0.998581427571547], [0.7881198468261055,0.9976940340698184, 0.9979498107631688], [0.9901964466019417,0.9965410511047276, 0.9986494672853587]]
1.3134, [[0.9901964466019417,0.9965410511047276, 0.9986494672853587], [0.7864414650190292,0.9925056107269103, 0.99553526026545], [0.7888551379034912,0.972904900320368, 0.9889853509954376], [0.8008116102053282,0.8985374990720172, 0.955188619867275], [0.801978485175962,0.8956550416592903, 0.9565562383347159], [0.7567420993281023,0.9734813918029136, 0.9901515294483616], [0.6965920922802236,0.8881606523862007, 0.9530935426171713], [0.7123688812667387,0.8847017034909286, 0.9499450124429697], [0.693459112907015,0.8893136353512915, 0.9539358500103691], [0.7316143259878776,0.8858546864560194, 0.9495212048942346]]
1.3267, [[0.770776568152986,1.0, 0.9966538715781833], [0.9901964466019417,0.9965410511047276, 0.9986494672853587], [0.7971351548183997,0.9948115766570916, 0.999999595603484], [0.976559669902913,0.9988470170349092, 0.9965722340315222], [0.9969809126213596,0.9953880681396372, 0.998581427571547], [0.7596992482262839,0.9965410511047276, 0.9983211984135213], [0.9747278640776703,0.9982705255523638, 0.9965124844462878], [0.975881223300971,0.9982705255523638, 0.9962912795520531], [0.7726627496123667,0.9988470170349092, 0.9965910384695147], [0.7702011229619885,0.9982705255523638, 0.9959354106180008]]
1.2323, [[0.9368026990291265,0.9700224429076414, 0.9892804088034011], [0.7890949067330734,0.9740578832854588, 0.9895840094877644], [0.7421961236667763,0.9907761362792742, 0.9941597055163832], [0.7943058826293286,0.971175425872732, 0.9905857502073827], [0.8028896067283747,0.8962315331418357, 0.9562682574657818], [0.7298879904148852,0.9734813918029136, 0.9876917370904189], [0.727154625757647,0.971175425872732, 0.990359642005392], [0.7926914391768078,0.8760543312527482, 0.9493385693177104], [0.7115696518347977,0.8991139905545624, 0.9579601513894649], [0.7906454118310389,0.877207314217839, 0.9507828209249274]]
1.325, [[0.7971351548183997,0.9948115766570916, 0.999999595603484], [1.0,0.9959645596221822, 0.9951046790750726], [0.8202808391674107,0.9763638492156402, 0.9871192127229365], [0.760402570126392,0.9763638492156402, 0.9915420468685193], [0.760402570126392,0.9763638492156402, 0.9915420468685193], [0.7954887421886013,0.9757873577330948, 0.9909898434259643], [0.81839465770803,0.9763638492156402, 0.9876784931045208], [0.792147963163088,0.9752108662505496, 0.9902344812836997], [0.7309909270309637,0.969445951425096, 0.9895931084093736], [0.7609140769628342,0.9734813918029136, 0.989401980506014]]
1.3292, [[0.976559669902913,0.9988470170349092, 0.9965722340315222], [0.7971351548183997,0.9948115766570916, 0.999999595603484], [0.975881223300971,0.9982705255523638, 0.9962912795520531], [0.9747278640776703,0.9982705255523638, 0.9965124844462878], [0.9716070097087384,0.9971175425872733, 0.9978280874118624], [0.9690967572815536,0.9971175425872733, 0.9970635757984239], [0.7881198468261055,0.9976940340698184, 0.9979498107631688], [0.9901964466019417,0.9965410511047276, 0.9986494672853587], [1.0,0.9959645596221822, 0.9951046790750726], [0.9969809126213596,0.9953880681396372, 0.998581427571547]]
1.3134, [[0.9901964466019417,0.9965410511047276, 0.9986494672853587], [0.8008116102053282,0.8985374990720172, 0.955188619867275], [0.7908851806606212,0.9746343747680042, 0.9895676819784321], [0.801978485175962,0.8956550416592903, 0.9565562383347159], [0.7903417046469012,0.9717519173552772, 0.991975104987557], [0.8093473805384579,0.8950785501767451, 0.9560224349336375], [0.8044081426490627,0.8875841609036553, 0.9525085325072584], [0.7890949067330734,0.9740578832854588, 0.9895840094877644], [0.7325893858948456,0.8858546864560194, 0.947747016279552], [0.7312147112719072,0.8852781949734738, 0.9489202716715056]]
1.3301, [[1.0,0.9959645596221822, 0.9951046790750726], [1.0,0.9959645596221822, 0.9951046790750726], [0.976559669902913,0.9988470170349092, 0.9965722340315222], [0.770776568152986,1.0, 0.9966538715781833], [0.7971351548183997,0.9948115766570916, 0.999999595603484], [0.9716070097087384,0.9971175425872733, 0.9978280874118624], [0.975881223300971,0.9982705255523638, 0.9962912795520531], [0.7713200441667059,1.0, 0.9961386704168395], [0.7743571160080817,0.9976940340698184, 0.9986983992637909], [0.9690967572815536,0.9971175425872733, 0.9970635757984239]]
1.329, [[1.0,0.9959645596221822, 0.9951046790750726], [0.770776568152986,1.0, 0.9966538715781833], [0.7713200441667059,1.0, 0.9961386704168395], [0.7731902410374478,1.0, 0.9955591196598921], [0.9969809126213596,0.9953880681396372, 0.998581427571547], [0.9901964466019417,0.9965410511047276, 0.9986494672853587], [0.9690967572815536,0.9971175425872733, 0.9970635757984239], [0.976559669902913,0.9988470170349092, 0.9965722340315222], [0.9690967572815536,0.9971175425872733, 0.9970635757984239], [0.7743571160080817,0.9976940340698184, 0.9986983992637909]]
0.9501, [[0.8028896067283747,0.8962315331418357, 0.9562682574657818], [0.6623531034158717,0.8893136353512915, 0.9524060685400249], [0.5549403383793411,0.3759594487761777, 0.8180730648734177], [0.3485065594583159,0.007725194152935, 0.1562461682509505], [0.04102835378755833,0.0, 0.11304720199619762], [0.0,0.0, 0.004514810361216719], [0.35014769360981746,0.0103002588705799, 0.15641942490494257], [0.0,0.0, 0.0], [0.3924655099449849,0.0, 0.0], [0.0,0.0, 0.0]]
1.3176, [[0.9901964466019417,0.9965410511047276, 0.9986494672853587], [0.7948333740544097,0.9976940340698184, 0.9970843011198672], [0.7702011229619885,0.9982705255523638, 0.9959354106180008], [0.9923335533980586,0.9901996447967288, 0.996990733875985], [0.7864414650190292,0.9925056107269103, 0.99553526026545], [0.772023366066814,0.9942350851745464, 0.9953983720447946], [0.7947534511112156,0.9786698151458216, 0.9879799201576109], [0.7903417046469012,0.9717519173552772, 0.991975104987557], [0.7864894187849458,0.9723284088378228, 0.9882589537536292], [0.7434748907578819,0.9925056107269103, 0.9932108396412276]]
1.2958, [[0.9749653203883494,0.9913526277618196, 0.9940136172749896], [0.7847470986233145,0.9930821022094556, 0.9959808546764828], [0.7713200441667059,1.0, 0.9961386704168395], [0.7550637175210262,0.9965410511047276, 0.99829273900871], [0.7506679556453508,0.9982705255523638, 0.9971741276959767], [0.8194816097354698,0.979246306628367, 0.9886666359912899], [0.745153272564958,0.9925056107269103, 0.9943572532144338], [0.7931070384814172,0.9775168321807308, 0.9891453403670676], [0.7926275008222525,0.9746343747680042, 0.9896708030900041], [0.7910290419583706,0.9740578832854588, 0.9899444278826213]]
1.329, [[0.7713200441667059,1.0, 0.9961386704168395], [0.976559669902913,0.9988470170349092, 0.9965722340315222], [0.7731902410374478,1.0, 0.9955591196598921], [1.0,0.9959645596221822, 0.9951046790750726], [0.975881223300971,0.9982705255523638, 0.9962912795520531], [0.7726627496123667,0.9988470170349092, 0.9965910384695147], [0.9923335533980586,0.9901996447967288, 0.996990733875985], [0.9901964466019417,0.9965410511047276, 0.9986494672853587], [0.9716070097087384,0.9971175425872733, 0.9978280874118624], [0.7881198468261055,0.9976940340698184, 0.9979498107631688]]
1.3254, [[0.9901964466019417,0.9965410511047276, 0.9986494672853587], [0.7743571160080817,0.9976940340698184, 0.9986983992637909], [0.9690967572815536,0.9971175425872733, 0.9970635757984239], [0.7948333740544097,0.9976940340698184, 0.9970843011198672], [0.9969809126213596,0.9953880681396372, 0.998581427571547], [0.7713200441667059,1.0, 0.9961386704168395], [0.976559669902913,0.9988470170349092, 0.9965722340315222], [0.976559669902913,0.9988470170349092, 0.9965722340315222], [0.7731902410374478,1.0, 0.9955591196598921], [0.7941460367429405,0.9913526277618196, 0.9969611623807548]]
1.3154, [[0.9923335533980586,0.9901996447967288, 0.996990733875985], [0.7917643330357563,0.9976940340698184, 0.9982177740045624], [0.7954887421886013,0.9757873577330948, 0.9909898434259643], [0.8220870976835974,0.9786698151458216, 0.9891779448361675], [0.7881198468261055,0.9976940340698184, 0.9979498107631688], [0.791700394681201,0.9740578832854588, 0.9927928958419743], [0.792147963163088,0.9752108662505496, 0.9902344812836997], [0.8202808391674107,0.9763638492156402, 0.9871192127229365], [0.7506679556453508,0.9982705255523638, 0.9971741276959767], [0.7900220128741249,0.9746343747680042, 0.9904991588034011]]
1.3267, [[1.0,0.9959645596221822, 0.9951046790750726], [0.9969809126213596,0.9953880681396372, 0.998581427571547], [0.9328677087378644,0.9688694599425506, 0.9902897319576939], [0.7677554809002491,0.9942350851745464, 0.9919715665180423], [0.7743571160080817,0.9976940340698184, 0.9986983992637909], [0.9306288349514564,0.9700224429076414, 0.9898885706138532], [0.9405680776699028,0.9700224429076414, 0.9898560166943177], [0.7702011229619885,0.9982705255523638, 0.9959354106180008], [0.9356154174757282,0.9717519173552772, 0.9898790672957278], [0.7550637175210262,0.9965410511047276, 0.99829273900871]]
1.2276, [[0.9306288349514564,0.9700224429076414, 0.9898885706138532], [0.9328677087378644,0.9688694599425506, 0.9902897319576939], [0.9405680776699028,0.9700224429076414, 0.9898560166943177], [0.8215116524925998,0.9775168321807308, 0.9870830192347573], [0.9356154174757282,0.9717519173552772, 0.9898790672957278], [0.9368026990291265,0.9700224429076414, 0.9892804088034011], [0.7397664661936757,0.9757873577330948, 0.987631330360846], [0.792147963163088,0.9752108662505496, 0.9902344812836997], [0.7907892731287883,0.9746343747680042, 0.9964335260265449], [0.7301916975990227,0.9740578832854588, 0.9881921777789299]]
1.051, [[0.7763711741765729,0.9919291192443648, 0.995296817969722], [0.7508597707090165,0.9930821022094556, 0.997274013635421], [0.7609140769628342,0.9734813918029136, 0.989401980506014], [0.760226739651365,0.9723284088378228, 0.9882512196702613], [0.5549005747591679,0.3733843840585328, 0.8245190496619678], [0.5549574354407837,0.3746719164173553, 0.818876559047756], [0.5543595563830649,0.3643716575467749, 0.8150661152905638], [0.0,0.0, 0.0], [0.02907151925518399,0.0, 0.03395277471482895], [0.0,0.0012875323588224, 0.08972298574144474]]
1.3267, [[0.7743571160080817,0.9976940340698184, 0.9986983992637909], [0.770776568152986,1.0, 0.9966538715781833], [0.9969809126213596,0.9953880681396372, 0.998581427571547], [0.976559669902913,0.9988470170349092, 0.9965722340315222], [0.7971351548183997,0.9948115766570916, 0.999999595603484], [0.7596992482262839,0.9965410511047276, 0.9983211984135213], [0.7881198468261055,0.9976940340698184, 0.9979498107631688], [0.7713200441667059,1.0, 0.9961386704168395], [0.975881223300971,0.9982705255523638, 0.9962912795520531], [0.7731902410374478,1.0, 0.9955591196598921]]
1.0395, [[0.7896223981581545,0.9700224429076414, 0.9920066479158025], [0.5543537278393913,0.3695217869820651, 0.8241000344145569], [0.5545186108637579,0.3733843840585328, 0.8233856477632335], [0.554224981785801,0.3695217869820651, 0.8079773924050633], [0.19236436732966547,0.0180254530235154, 0.11885682937262358], [0.3685518408802373,0.0103002588705799, 0.17837509790874512], [0.18474481591197614,0.0180254530235154, 0.05051445199619713], [0.4344316546762587,0.0, 0.016416989543725828], [0.46315150232754915,0.0, 0.0], [0.4283360135421069,0.0, 0.0]]
1.3243, [[0.9969809126213596,0.9953880681396372, 0.998581427571547], [0.9901964466019417,0.9965410511047276, 0.9986494672853587], [0.976559669902913,0.9988470170349092, 0.9965722340315222], [0.9690967572815536,0.9971175425872733, 0.9970635757984239], [0.786553357139501,0.9919291192443648, 0.9970764659373703], [0.9747278640776703,0.9982705255523638, 0.9965124844462878], [0.7941460367429405,0.9913526277618196, 0.9969611623807548], [0.966586504854369,0.989046661831638, 0.9950963889464952], [0.745153272564958,0.9925056107269103, 0.9943572532144338], [0.7847470986233145,0.9930821022094556, 0.9959808546764828]]
1.3303, [[0.7713200441667059,1.0, 0.9961386704168395], [0.7971351548183997,0.9948115766570916, 0.999999595603484], [0.7731902410374478,1.0, 0.9955591196598921], [1.0,0.9959645596221822, 0.9951046790750726], [0.9969809126213596,0.9953880681396372, 0.998581427571547], [0.9901964466019417,0.9965410511047276, 0.9986494672853587], [0.976559669902913,0.9988470170349092, 0.9965722340315222], [0.7743571160080817,0.9976940340698184, 0.9986983992637909], [0.9716070097087384,0.9971175425872733, 0.9978280874118624], [0.7506679556453508,0.9982705255523638, 0.9971741276959767]]
1.3292, [[0.976559669902913,0.9988470170349092, 0.9965722340315222], [0.7971351548183997,0.9948115766570916, 0.999999595603484], [0.9901964466019417,0.9965410511047276, 0.9986494672853587], [0.975881223300971,0.9982705255523638, 0.9962912795520531], [1.0,0.9959645596221822, 0.9951046790750726], [0.966586504854369,0.989046661831638, 0.9950963889464952], [0.7630400272517972,0.9971175425872733, 0.9985739967855661], [0.7917643330357563,0.9976940340698184, 0.9982177740045624], [0.8093473805384579,0.8950785501767451, 0.9560224349336375], [0.7550637175210262,0.9965410511047276, 0.99829273900871]]
1.0778, [[0.7864414650190292,0.9925056107269103, 0.99553526026545], [0.7989414133345865,0.9757873577330948, 0.9872879471692243], [0.7941140675656627,0.9705989343901866, 0.9919356257776856], [0.7508597707090165,0.9930821022094556, 0.997274013635421], [0.7970072781092892,0.9769403406981856, 0.9857064534944007], [0.7937943757928864,0.9705989343901866, 0.9901704349854832], [0.7624166282948833,0.9740578832854588, 0.9909122498444629], [0.7309909270309637,0.969445951425096, 0.9895931084093736], [0.7472952074425598,0.9746343747680042, 0.9867843724077145], [0.7460164403514543,0.9757873577330948, 0.988382244141435]]
1.3302, [[0.7713200441667059,1.0, 0.9961386704168395], [1.0,0.9959645596221822, 0.9951046790750726], [0.9969809126213596,0.9953880681396372, 0.998581427571547], [0.7971351548183997,0.9948115766570916, 0.999999595603484], [0.7733181177465583,1.0, 0.9943591740978847], [0.9716070097087384,0.9971175425872733, 0.9978280874118624], [0.7630400272517972,0.9971175425872733, 0.9985739967855661], [0.9747278640776703,0.9982705255523638, 0.9965124844462878], [0.7917643330357563,0.9976940340698184, 0.9982177740045624], [0.7881198468261055,0.9976940340698184, 0.9979498107631688]]
1.3278, [[0.9690967572815536,0.9971175425872733, 0.9970635757984239], [1.0,0.9959645596221822, 0.9951046790750726], [0.7881198468261055,0.9976940340698184, 0.9979498107631688], [0.9969809126213596,0.9953880681396372, 0.998581427571547], [0.7550637175210262,0.9965410511047276, 0.99829273900871], [0.976559669902913,0.9988470170349092, 0.9965722340315222], [0.7948333740544097,0.9976940340698184, 0.9970843011198672], [0.975881223300971,0.9982705255523638, 0.9962912795520531], [0.966586504854369,0.989046661831638, 0.9950963889464952], [0.9531532621359224,0.9907761362792742, 0.9960803867689755]]
1.3253, [[0.9901964466019417,0.9965410511047276, 0.9986494672853587], [0.7743571160080817,0.9976940340698184, 0.9986983992637909], [0.7713200441667059,1.0, 0.9961386704168395], [0.9747278640776703,0.9982705255523638, 0.9965124844462878], [0.9969809126213596,0.9953880681396372, 0.998581427571547], [0.9690967572815536,0.9971175425872733, 0.9970635757984239], [0.7596992482262839,0.9965410511047276, 0.9983211984135213], [0.7948333740544097,0.9976940340698184, 0.9970843011198672], [0.7550637175210262,0.9965410511047276, 0.99829273900871], [0.966586504854369,0.989046661831638, 0.9950963889464952]]
1.3145, [[0.9901964466019417,0.9965410511047276, 0.9986494672853587], [0.7948333740544097,0.9976940340698184, 0.9970843011198672], [0.8220870976835974,0.9786698151458216, 0.9891779448361675], [0.8194816097354698,0.979246306628367, 0.9886666359912899], [0.7917803176243952,0.972904900320368, 0.990879746474492], [0.7909011652492601,0.9717519173552772, 0.9919974478950642], [0.7903417046469012,0.9717519173552772, 0.991975104987557], [0.7890949067330734,0.9740578832854588, 0.9895840094877644], [0.7689383404595217,0.9723284088378228, 0.9908549266383243], [0.7580688201851243,0.9740578832854588, 0.9905342402011613]]
1.3254, [[0.770776568152986,1.0, 0.9966538715781833], [0.7713200441667059,1.0, 0.9961386704168395], [0.7731902410374478,1.0, 0.9955591196598921], [0.9969809126213596,0.9953880681396372, 0.998581427571547], [0.9901964466019417,0.9965410511047276, 0.9986494672853587], [0.976559669902913,0.9988470170349092, 0.9965722340315222], [0.9747278640776703,0.9982705255523638, 0.9965124844462878], [0.9690967572815536,0.9971175425872733, 0.9970635757984239], [0.7743571160080817,0.9976940340698184, 0.9986983992637909], [0.7948333740544097,0.9976940340698184, 0.9970843011198672]]
1.329, [[1.0,0.9959645596221822, 0.9951046790750726], [0.9969809126213596,0.9953880681396372, 0.998581427571547], [0.976559669902913,0.9988470170349092, 0.9965722340315222], [0.7948333740544097,0.9976940340698184, 0.9970843011198672], [0.770776568152986,1.0, 0.9966538715781833], [0.7731902410374478,1.0, 0.9955591196598921], [0.7743571160080817,0.9976940340698184, 0.9986983992637909], [0.9923335533980586,0.9901996447967288, 0.996990733875985], [0.9747278640776703,0.9982705255523638, 0.9965124844462878], [0.7596992482262839,0.9965410511047276, 0.9983211984135213]]
1.3292, [[0.9901964466019417,0.9965410511047276, 0.9986494672853587], [0.7971351548183997,0.9948115766570916, 0.999999595603484], [0.9969809126213596,0.9953880681396372, 0.998581427571547], [0.976559669902913,0.9988470170349092, 0.9965722340315222], [1.0,0.9959645596221822, 0.9951046790750726], [0.9716070097087384,0.9971175425872733, 0.9978280874118624], [0.7881198468261055,0.9976940340698184, 0.9979498107631688], [0.7702011229619885,0.9982705255523638, 0.9959354106180008], [0.9690967572815536,0.9971175425872733, 0.9970635757984239], [0.7948333740544097,0.9976940340698184, 0.9970843011198672]]
1.3262, [[1.0,0.9959645596221822, 0.9951046790750726], [0.9969809126213596,0.9953880681396372, 0.998581427571547], [0.7948333740544097,0.9976940340698184, 0.9970843011198672], [0.9923335533980586,0.9901996447967288, 0.996990733875985], [0.7743571160080817,0.9976940340698184, 0.9986983992637909], [0.9749653203883494,0.9913526277618196, 0.9940136172749896], [0.772023366066814,0.9942350851745464, 0.9953983720447946], [0.772023366066814,0.9942350851745464, 0.9953983720447946], [0.7550637175210262,0.9965410511047276, 0.99829273900871], [0.7637753183291829,0.9930821022094556, 0.9924156444421401]]
1.3297, [[1.0,0.9959645596221822, 0.9951046790750726], [1.0,0.9959645596221822, 0.9951046790750726], [0.9923335533980586,0.9901996447967288, 0.996990733875985], [0.9716070097087384,0.9971175425872733, 0.9978280874118624], [0.9531532621359224,0.9907761362792742, 0.9960803867689755], [0.7971351548183997,0.9948115766570916, 0.999999595603484], [0.7881198468261055,0.9976940340698184, 0.9979498107631688], [0.7733181177465583,1.0, 0.9943591740978847], [0.7702011229619885,0.9982705255523638, 0.9959354106180008], [0.7630400272517972,0.9971175425872733, 0.9985739967855661]]
1.3263, [[1.0,0.9959645596221822, 0.9951046790750726], [0.9690967572815536,0.9971175425872733, 0.9970635757984239], [0.7550637175210262,0.9965410511047276, 0.99829273900871], [0.7948333740544097,0.9976940340698184, 0.9970843011198672], [0.9969809126213596,0.9953880681396372, 0.998581427571547], [0.966586504854369,0.989046661831638, 0.9950963889464952], [0.7864414650190292,0.9925056107269103, 0.99553526026545], [0.772023366066814,0.9942350851745464, 0.9953983720447946], [0.9405680776699028,0.9700224429076414, 0.9898560166943177], [0.9328677087378644,0.9688694599425506, 0.9902897319576939]]
1.3289, [[1.0,0.9959645596221822, 0.9951046790750726], [0.9969809126213596,0.9953880681396372, 0.998581427571547], [0.976559669902913,0.9988470170349092, 0.9965722340315222], [0.9690967572815536,0.9971175425872733, 0.9970635757984239], [0.7917643330357563,0.9976940340698184, 0.9982177740045624], [0.770776568152986,1.0, 0.9966538715781833], [0.7713200441667059,1.0, 0.9961386704168395], [0.7948333740544097,0.9976940340698184, 0.9970843011198672], [0.7731902410374478,1.0, 0.9955591196598921], [0.975881223300971,0.9982705255523638, 0.9962912795520531]]
1.2182, [[0.9368026990291265,0.9700224429076414, 0.9892804088034011], [0.8220870976835974,0.9786698151458216, 0.9891779448361675], [0.727154625757647,0.971175425872732, 0.990359642005392], [0.792147963163088,0.9752108662505496, 0.9902344812836997], [0.7926275008222525,0.9746343747680042, 0.9896708030900041], [0.8202808391674107,0.9763638492156402, 0.9871192127229365], [0.753577150777616,0.972904900320368, 0.9897362647760265], [0.7911249494902035,0.972904900320368, 0.9893757958316052], [0.7888711224921299,0.9746343747680042, 0.9892212152633761], [0.7301916975990227,0.9740578832854588, 0.9881921777789299]]
1.3282, [[1.0,0.9959645596221822, 0.9951046790750726], [0.7596992482262839,0.9965410511047276, 0.9983211984135213], [0.9690967572815536,0.9971175425872733, 0.9970635757984239], [0.976559669902913,0.9988470170349092, 0.9965722340315222], [0.7550637175210262,0.9965410511047276, 0.99829273900871], [0.975881223300971,0.9982705255523638, 0.9962912795520531], [0.7881198468261055,0.9976940340698184, 0.9979498107631688], [0.7506679556453508,0.9982705255523638, 0.9971741276959767], [0.770776568152986,1.0, 0.9966538715781833], [0.7713200441667059,1.0, 0.9961386704168395]]
1.329, [[1.0,0.9959645596221822, 0.9951046790750726], [0.7713200441667059,1.0, 0.9961386704168395], [0.976559669902913,0.9988470170349092, 0.9965722340315222], [0.976559669902913,0.9988470170349092, 0.9965722340315222], [0.7731902410374478,1.0, 0.9955591196598921], [0.9969809126213596,0.9953880681396372, 0.998581427571547], [0.975881223300971,0.9982705255523638, 0.9962912795520531], [0.9901964466019417,0.9965410511047276, 0.9986494672853587], [0.9747278640776703,0.9982705255523638, 0.9965124844462878], [0.9690967572815536,0.9971175425872733, 0.9970635757984239]]
1.3168, [[0.9901964466019417,0.9965410511047276, 0.9986494672853587], [0.9901964466019417,0.9965410511047276, 0.9986494672853587], [0.7948333740544097,0.9976940340698184, 0.9970843011198672], [0.7731902410374478,1.0, 0.9955591196598921], [0.966586504854369,0.989046661831638, 0.9950963889464952], [0.786553357139501,0.9919291192443648, 0.9970764659373703], [0.7864414650190292,0.9925056107269103, 0.99553526026545], [0.7743571160080817,0.9976940340698184, 0.9986983992637909], [0.7931070384814172,0.9775168321807308, 0.9891453403670676], [0.7630400272517972,0.9971175425872733, 0.9985739967855661]]
1.329, [[0.976559669902913,0.9988470170349092, 0.9965722340315222], [0.7713200441667059,1.0, 0.9961386704168395], [0.9969809126213596,0.9953880681396372, 0.998581427571547], [0.9901964466019417,0.9965410511047276, 0.9986494672853587], [0.7743571160080817,0.9976940340698184, 0.9986983992637909], [0.9716070097087384,0.9971175425872733, 0.9978280874118624], [1.0,0.9959645596221822, 0.9951046790750726], [0.7731902410374478,1.0, 0.9955591196598921], [0.7731902410374478,1.0, 0.9955591196598921], [0.7596992482262839,0.9965410511047276, 0.9983211984135213]]
1.3251, [[0.9969809126213596,0.9953880681396372, 0.998581427571547], [0.9747278640776703,0.9982705255523638, 0.9965124844462878], [0.9690967572815536,0.9971175425872733, 0.9970635757984239], [0.9405680776699028,0.9700224429076414, 0.9898560166943177], [0.9356154174757282,0.9717519173552772, 0.9898790672957278], [0.9328677087378644,0.9688694599425506, 0.9902897319576939], [0.9306288349514564,0.9700224429076414, 0.9898885706138532], [0.745153272564958,0.9925056107269103, 0.9943572532144338], [0.770776568152986,1.0, 0.9966538715781833], [0.7596992482262839,0.9965410511047276, 0.9983211984135213]]
1.3302, [[0.975881223300971,0.9982705255523638, 0.9962912795520531], [0.7733181177465583,1.0, 0.9943591740978847], [0.9716070097087384,0.9971175425872733, 0.9978280874118624], [0.7917643330357563,0.9976940340698184, 0.9982177740045624], [0.9901964466019417,0.9965410511047276, 0.9986494672853587], [0.7630400272517972,0.9971175425872733, 0.9985739967855661], [1.0,0.9959645596221822, 0.9951046790750726], [0.9969809126213596,0.9953880681396372, 0.998581427571547], [0.7971351548183997,0.9948115766570916, 0.999999595603484], [0.9923335533980586,0.9901996447967288, 0.996990733875985]]
1.3254, [[0.9969809126213596,0.9953880681396372, 0.998581427571547], [0.9901964466019417,0.9965410511047276, 0.9986494672853587], [0.976559669902913,0.9988470170349092, 0.9965722340315222], [0.7743571160080817,0.9976940340698184, 0.9986983992637909], [0.770776568152986,1.0, 0.9966538715781833], [0.7713200441667059,1.0, 0.9961386704168395], [0.7731902410374478,1.0, 0.9955591196598921], [0.7733181177465583,1.0, 0.9943591740978847], [0.9690967572815536,0.9971175425872733, 0.9970635757984239], [0.7948333740544097,0.9976940340698184, 0.9970843011198672]]
1.3267, [[0.9969809126213596,0.9953880681396372, 0.998581427571547], [0.976559669902913,0.9988470170349092, 0.9965722340315222], [0.7731902410374478,1.0, 0.9955591196598921], [0.7713200441667059,1.0, 0.9961386704168395], [0.770776568152986,1.0, 0.9966538715781833], [0.7971351548183997,0.9948115766570916, 0.999999595603484], [0.9901964466019417,0.9965410511047276, 0.9986494672853587], [0.9747278640776703,0.9982705255523638, 0.9965124844462878], [0.7743571160080817,0.9976940340698184, 0.9986983992637909], [0.9716070097087384,0.9971175425872733, 0.9978280874118624]]
1.3303, [[0.9969809126213596,0.9953880681396372, 0.998581427571547], [1.0,0.9959645596221822, 0.9951046790750726], [0.7971351548183997,0.9948115766570916, 0.999999595603484], [0.976559669902913,0.9988470170349092, 0.9965722340315222], [0.770776568152986,1.0, 0.9966538715781833], [0.9901964466019417,0.9965410511047276, 0.9986494672853587], [0.9690967572815536,0.9971175425872733, 0.9970635757984239], [0.7743571160080817,0.9976940340698184, 0.9986983992637909], [0.9747278640776703,0.9982705255523638, 0.9965124844462878], [0.7506679556453508,0.9982705255523638, 0.9971741276959767]]
1.3302, [[1.0,0.9959645596221822, 0.9951046790750726], [0.7971351548183997,0.9948115766570916, 0.999999595603484], [0.975881223300971,0.9982705255523638, 0.9962912795520531], [0.7630400272517972,0.9971175425872733, 0.9985739967855661], [0.7733181177465583,1.0, 0.9943591740978847], [0.9969809126213596,0.9953880681396372, 0.998581427571547], [0.9716070097087384,0.9971175425872733, 0.9978280874118624], [0.7726627496123667,0.9988470170349092, 0.9965910384695147], [0.9923335533980586,0.9901996447967288, 0.996990733875985], [0.7917643330357563,0.9976940340698184, 0.9982177740045624]]
1.3292, [[0.9901964466019417,0.9965410511047276, 0.9986494672853587], [0.976559669902913,0.9988470170349092, 0.9965722340315222], [0.7971351548183997,0.9948115766570916, 0.999999595603484], [1.0,0.9959645596221822, 0.9951046790750726], [0.9969809126213596,0.9953880681396372, 0.998581427571547], [0.7743571160080817,0.9976940340698184, 0.9986983992637909], [0.9690967572815536,0.9971175425872733, 0.9970635757984239], [0.9747278640776703,0.9982705255523638, 0.9965124844462878], [0.9749653203883494,0.9913526277618196, 0.9940136172749896], [0.7917643330357563,0.9976940340698184, 0.9982177740045624]]
1.3254, [[0.9969809126213596,0.9953880681396372, 0.998581427571547], [0.9901964466019417,0.9965410511047276, 0.9986494672853587], [0.770776568152986,1.0, 0.9966538715781833], [0.7743571160080817,0.9976940340698184, 0.9986983992637909], [0.9690967572815536,0.9971175425872733, 0.9970635757984239], [0.7713200441667059,1.0, 0.9961386704168395], [0.7948333740544097,0.9976940340698184, 0.9970843011198672], [0.976559669902913,0.9988470170349092, 0.9965722340315222], [0.7726627496123667,0.9988470170349092, 0.9965910384695147], [0.9747278640776703,0.9982705255523638, 0.9965124844462878]]
1.3303, [[1.0,0.9959645596221822, 0.9951046790750726], [0.9969809126213596,0.9953880681396372, 0.998581427571547], [0.9901964466019417,0.9965410511047276, 0.9986494672853587], [0.976559669902913,0.9988470170349092, 0.9965722340315222], [0.7971351548183997,0.9948115766570916, 0.999999595603484], [0.7917643330357563,0.9976940340698184, 0.9982177740045624], [0.7733181177465583,1.0, 0.9943591740978847], [0.770776568152986,1.0, 0.9966538715781833], [0.7630400272517972,0.9971175425872733, 0.9985739967855661], [0.7726627496123667,0.9988470170349092, 0.9965910384695147]]
1.329, [[1.0,0.9959645596221822, 0.9951046790750726], [0.9969809126213596,0.9953880681396372, 0.998581427571547], [0.976559669902913,0.9988470170349092, 0.9965722340315222], [0.9901964466019417,0.9965410511047276, 0.9986494672853587], [0.770776568152986,1.0, 0.9966538715781833], [0.7743571160080817,0.9976940340698184, 0.9986983992637909], [0.975881223300971,0.9982705255523638, 0.9962912795520531], [0.9747278640776703,0.9982705255523638, 0.9965124844462878], [0.7713200441667059,1.0, 0.9961386704168395], [0.7731902410374478,1.0, 0.9955591196598921]]
1.3254, [[0.9969809126213596,0.9953880681396372, 0.998581427571547], [0.976559669902913,0.9988470170349092, 0.9965722340315222], [0.770776568152986,1.0, 0.9966538715781833], [0.7713200441667059,1.0, 0.9961386704168395], [0.7731902410374478,1.0, 0.9955591196598921], [0.9901964466019417,0.9965410511047276, 0.9986494672853587], [0.9747278640776703,0.9982705255523638, 0.9965124844462878], [0.7948333740544097,0.9976940340698184, 0.9970843011198672], [0.7743571160080817,0.9976940340698184, 0.9986983992637909], [0.9690967572815536,0.9971175425872733, 0.9970635757984239]]
1.3254, [[0.9969809126213596,0.9953880681396372, 0.998581427571547], [0.9901964466019417,0.9965410511047276, 0.9986494672853587], [0.976559669902913,0.9988470170349092, 0.9965722340315222], [0.7743571160080817,0.9976940340698184, 0.9986983992637909], [0.9747278640776703,0.9982705255523638, 0.9965124844462878], [0.7550637175210262,0.9965410511047276, 0.99829273900871], [0.9690967572815536,0.9971175425872733, 0.9970635757984239], [0.770776568152986,1.0, 0.9966538715781833], [0.7731902410374478,1.0, 0.9955591196598921], [0.7713200441667059,1.0, 0.9961386704168395]]
1.3303, [[0.9969809126213596,0.9953880681396372, 0.998581427571547], [0.976559669902913,0.9988470170349092, 0.9965722340315222], [0.7971351548183997,0.9948115766570916, 0.999999595603484], [0.770776568152986,1.0, 0.9966538715781833], [1.0,0.9959645596221822, 0.9951046790750726], [0.9716070097087384,0.9971175425872733, 0.9978280874118624], [0.7743571160080817,0.9976940340698184, 0.9986983992637909], [0.7917643330357563,0.9976940340698184, 0.9982177740045624], [0.975881223300971,0.9982705255523638, 0.9962912795520531], [0.7733181177465583,1.0, 0.9943591740978847]]
1.3249, [[0.9969809126213596,0.9953880681396372, 0.998581427571547], [0.7713200441667059,1.0, 0.9961386704168395], [0.770776568152986,1.0, 0.9966538715781833], [0.9690967572815536,0.9971175425872733, 0.9970635757984239], [0.7596992482262839,0.9965410511047276, 0.9983211984135213], [0.7948333740544097,0.9976940340698184, 0.9970843011198672], [0.7948333740544097,0.9976940340698184, 0.9970843011198672], [0.966586504854369,0.989046661831638, 0.9950963889464952], [0.7550637175210262,0.9965410511047276, 0.99829273900871], [0.7941460367429405,0.9913526277618196, 0.9969611623807548]]
1.2973, [[0.7917643330357563,0.9976940340698184, 0.9982177740045624], [0.975881223300971,0.9982705255523638, 0.9962912795520531], [0.9405680776699028,0.9700224429076414, 0.9898560166943177], [0.9356154174757282,0.9717519173552772, 0.9898790672957278], [0.9328677087378644,0.9688694599425506, 0.9902897319576939], [0.7841077150777617,0.9913526277618196, 0.9958015553712152], [0.8215116524925998,0.9775168321807308, 0.9870830192347573], [0.7374806700183245,0.9723284088378228, 0.9896466909477395], [0.7954887421886013,0.9757873577330948, 0.9909898434259643], [0.7913966874970635,0.9700224429076414, 0.990973920313148]]
1.3289, [[0.976559669902913,0.9988470170349092, 0.9965722340315222], [0.7731902410374478,1.0, 0.9955591196598921], [1.0,0.9959645596221822, 0.9951046790750726], [0.9969809126213596,0.9953880681396372, 0.998581427571547], [0.7713200441667059,1.0, 0.9961386704168395], [0.975881223300971,0.9982705255523638, 0.9962912795520531], [0.7917643330357563,0.9976940340698184, 0.9982177740045624], [0.770776568152986,1.0, 0.9966538715781833], [0.9690967572815536,0.9971175425872733, 0.9970635757984239], [0.7506679556453508,0.9982705255523638, 0.9971741276959767]]
1.3302, [[1.0,0.9959645596221822, 0.9951046790750726], [0.9923335533980586,0.9901996447967288, 0.996990733875985], [0.9901964466019417,0.9965410511047276, 0.9986494672853587], [0.975881223300971,0.9982705255523638, 0.9962912795520531], [0.9747278640776703,0.9982705255523638, 0.9965124844462878], [0.7733181177465583,1.0, 0.9943591740978847], [0.7726627496123667,0.9988470170349092, 0.9965910384695147], [0.7506679556453508,0.9982705255523638, 0.9971741276959767], [0.7917643330357563,0.9976940340698184, 0.9982177740045624], [0.7971351548183997,0.9948115766570916, 0.999999595603484]]
1.3303, [[0.9901964466019417,0.9965410511047276, 0.9986494672853587], [0.9901964466019417,0.9965410511047276, 0.9986494672853587], [0.7971351548183997,0.9948115766570916, 0.999999595603484], [0.9969809126213596,0.9953880681396372, 0.998581427571547], [1.0,0.9959645596221822, 0.9951046790750726], [0.9716070097087384,0.9971175425872733, 0.9978280874118624], [0.9747278640776703,0.9982705255523638, 0.9965124844462878], [0.976559669902913,0.9988470170349092, 0.9965722340315222], [0.7713200441667059,1.0, 0.9961386704168395], [0.7881198468261055,0.9976940340698184, 0.9979498107631688]]
1.2684, [[0.7733181177465583,1.0, 0.9943591740978847], [0.9531532621359224,0.9907761362792742, 0.9960803867689755], [0.7726627496123667,0.9988470170349092, 0.9965910384695147], [0.811824991777475,0.8864311779385647, 0.9561773693488179], [0.7637753183291829,0.9930821022094556, 0.9924156444421401], [0.8044081426490627,0.8875841609036553, 0.9525085325072584], [0.7624166282948833,0.9740578832854588, 0.9909122498444629], [0.7609140769628342,0.9734813918029136, 0.989401980506014], [0.7460164403514543,0.9757873577330948, 0.988382244141435], [0.6912692242634967,0.8996904820371078, 0.9566714913417669]]
1.3302, [[1.0,0.9959645596221822, 0.9951046790750726], [0.9969809126213596,0.9953880681396372, 0.998581427571547], [0.7971351548183997,0.9948115766570916, 0.999999595603484], [0.975881223300971,0.9982705255523638, 0.9962912795520531], [0.9747278640776703,0.9982705255523638, 0.9965124844462878], [0.9716070097087384,0.9971175425872733, 0.9978280874118624], [0.7917643330357563,0.9976940340698184, 0.9982177740045624], [0.9690967572815536,0.9971175425872733, 0.9970635757984239], [0.7948333740544097,0.9976940340698184, 0.9970843011198672], [0.7733181177465583,1.0, 0.9943591740978847]]
1.0391, [[0.7909651036038153,0.969445951425096, 0.9905176093944421], [0.5549403383793411,0.3759594487761777, 0.8180730648734177], [0.19447439695302587,0.0154503883058701, 0.0898206730038019], [0.18474481591197614,0.0180254530235154, 0.05051445199619713], [0.45482860770207373,0.0, 0.0], [0.4344316546762587,0.0, 0.016416989543725828], [0.18134532374100715,0.0180254530235154, 0.08462113022813657], [0.3435831570038089,0.0, 0.0], [0.4283360135421069,0.0, 0.0], [0.34639652983495545,0.0, 0.0]]
0.9614, [[0.8008116102053282,0.8985374990720172, 0.955188619867275], [0.6912692242634967,0.8996904820371078, 0.9566714913417669], [0.7115696518347977,0.8991139905545624, 0.9579601513894649], [0.8093473805384579,0.8950785501767451, 0.9560224349336375], [0.6895908424564207,0.8979610075894718, 0.9564828909166321], [0.6659336512709674,0.8979610075894718, 0.9564039830464537], [0.7153100455762816,0.8979610075894718, 0.9574067853069266], [0.7325893858948456,0.8858546864560194, 0.947747016279552], [0.6738140534699056,0.8962315331418357, 0.9575601021360431], [0.6667009115256308,0.8973845161069265, 0.9558190234861053]]
1.0506, [[0.7713200441667059,1.0, 0.9961386704168395], [0.7061508762862378,0.8823957375607471, 0.9487268184881792], [0.0,0.0090127265117575, 0.15857499572243314], [0.0,0.0090127265117575, 0.1756748745247146], [0.3612839610664405,0.007725194152935, 0.11666623859315582], [0.0,0.007725194152935, 0.10085380418250921], [0.3371358442657635,0.007725194152935, 0.08535101996197658], [0.0,0.007725194152935, 0.10907059315589338], [0.0,0.0064376617941126, 0.1280560204372623], [0.36046339399068916,0.0064376617941126, 0.09452901473383996]]
1.3288, [[0.975881223300971,0.9982705255523638, 0.9962912795520531], [1.0,0.9959645596221822, 0.9951046790750726], [0.9747278640776703,0.9982705255523638, 0.9965124844462878], [0.9969809126213596,0.9953880681396372, 0.998581427571547], [0.7917643330357563,0.9976940340698184, 0.9982177740045624], [0.7713200441667059,1.0, 0.9961386704168395], [0.770776568152986,1.0, 0.9966538715781833], [0.7726627496123667,0.9988470170349092, 0.9965910384695147], [0.9690967572815536,0.9971175425872733, 0.9970635757984239], [0.9749653203883494,0.9913526277618196, 0.9940136172749896]]
1.3254, [[0.976559669902913,0.9988470170349092, 0.9965722340315222], [0.7743571160080817,0.9976940340698184, 0.9986983992637909], [0.9901964466019417,0.9965410511047276, 0.9986494672853587], [0.770776568152986,1.0, 0.9966538715781833], [0.9969809126213596,0.9953880681396372, 0.998581427571547], [0.7713200441667059,1.0, 0.9961386704168395], [0.7731902410374478,1.0, 0.9955591196598921], [0.9716070097087384,0.9971175425872733, 0.9978280874118624], [0.7596992482262839,0.9965410511047276, 0.9983211984135213], [0.9747278640776703,0.9982705255523638, 0.9965124844462878]]
1.3303, [[0.7971351548183997,0.9948115766570916, 0.999999595603484], [1.0,0.9959645596221822, 0.9951046790750726], [0.9969809126213596,0.9953880681396372, 0.998581427571547], [0.9901964466019417,0.9965410511047276, 0.9986494672853587], [0.770776568152986,1.0, 0.9966538715781833], [0.7743571160080817,0.9976940340698184, 0.9986983992637909], [0.9690967572815536,0.9971175425872733, 0.9970635757984239], [0.7731902410374478,1.0, 0.9955591196598921], [0.7596992482262839,0.9965410511047276, 0.9983211984135213], [0.976559669902913,0.9988470170349092, 0.9965722340315222]]
1.329, [[1.0,0.9959645596221822, 0.9951046790750726], [0.770776568152986,1.0, 0.9966538715781833], [0.9969809126213596,0.9953880681396372, 0.998581427571547], [0.9901964466019417,0.9965410511047276, 0.9986494672853587], [0.7743571160080817,0.9976940340698184, 0.9986983992637909], [0.7731902410374478,1.0, 0.9955591196598921], [0.7733181177465583,1.0, 0.9943591740978847], [0.976559669902913,0.9988470170349092, 0.9965722340315222], [0.7506679556453508,0.9982705255523638, 0.9971741276959767], [0.975881223300971,0.9982705255523638, 0.9962912795520531]]
1.3303, [[1.0,0.9959645596221822, 0.9951046790750726], [1.0,0.9959645596221822, 0.9951046790750726], [0.770776568152986,1.0, 0.9966538715781833], [0.7971351548183997,0.9948115766570916, 0.999999595603484], [0.9901964466019417,0.9965410511047276, 0.9986494672853587], [0.9969809126213596,0.9953880681396372, 0.998581427571547], [0.976559669902913,0.9988470170349092, 0.9965722340315222], [0.9716070097087384,0.9971175425872733, 0.9978280874118624], [0.7713200441667059,1.0, 0.9961386704168395], [0.7731902410374478,1.0, 0.9955591196598921]]
1.3303, [[0.7971351548183997,0.9948115766570916, 0.999999595603484], [0.9901964466019417,0.9965410511047276, 0.9986494672853587], [0.9969809126213596,0.9953880681396372, 0.998581427571547], [1.0,0.9959645596221822, 0.9951046790750726], [0.976559669902913,0.9988470170349092, 0.9965722340315222], [0.7917643330357563,0.9976940340698184, 0.9982177740045624], [0.975881223300971,0.9982705255523638, 0.9962912795520531], [0.770776568152986,1.0, 0.9966538715781833], [0.7726627496123667,0.9988470170349092, 0.9965910384695147], [0.7733181177465583,1.0, 0.9943591740978847]]
1.3303, [[0.7971351548183997,0.9948115766570916, 0.999999595603484], [0.9901964466019417,0.9965410511047276, 0.9986494672853587], [0.9969809126213596,0.9953880681396372, 0.998581427571547], [0.7713200441667059,1.0, 0.9961386704168395], [1.0,0.9959645596221822, 0.9951046790750726], [0.7733181177465583,1.0, 0.9943591740978847], [0.770776568152986,1.0, 0.9966538715781833], [0.7743571160080817,0.9976940340698184, 0.9986983992637909], [0.976559669902913,0.9988470170349092, 0.9965722340315222], [0.7726627496123667,0.9988470170349092, 0.9965910384695147]]
1.3303, [[1.0,0.9959645596221822, 0.9951046790750726], [0.976559669902913,0.9988470170349092, 0.9965722340315222], [0.7731902410374478,1.0, 0.9955591196598921], [0.9969809126213596,0.9953880681396372, 0.998581427571547], [0.975881223300971,0.9982705255523638, 0.9962912795520531], [0.9901964466019417,0.9965410511047276, 0.9986494672853587], [0.9747278640776703,0.9982705255523638, 0.9965124844462878], [0.9716070097087384,0.9971175425872733, 0.9978280874118624], [0.7506679556453508,0.9982705255523638, 0.9971741276959767], [0.7971351548183997,0.9948115766570916, 0.999999595603484]]
1.33, [[0.9716070097087384,0.9971175425872733, 0.9978280874118624], [0.7971351548183997,0.9948115766570916, 0.999999595603484], [1.0,0.9959645596221822, 0.9951046790750726], [0.975881223300971,0.9982705255523638, 0.9962912795520531], [0.9923335533980586,0.9901996447967288, 0.996990733875985], [0.7630400272517972,0.9971175425872733, 0.9985739967855661], [0.7917643330357563,0.9976940340698184, 0.9982177740045624], [0.7733181177465583,1.0, 0.9943591740978847], [0.7726627496123667,0.9988470170349092, 0.9965910384695147], [0.7506679556453508,0.9982705255523638, 0.9971741276959767]]
1.3302, [[1.0,0.9959645596221822, 0.9951046790750726], [0.770776568152986,1.0, 0.9966538715781833], [0.7733181177465583,1.0, 0.9943591740978847], [0.9969809126213596,0.9953880681396372, 0.998581427571547], [0.975881223300971,0.9982705255523638, 0.9962912795520531], [0.7743571160080817,0.9976940340698184, 0.9986983992637909], [0.7971351548183997,0.9948115766570916, 0.999999595603484], [0.9716070097087384,0.9971175425872733, 0.9978280874118624], [0.7506679556453508,0.9982705255523638, 0.9971741276959767], [0.7917643330357563,0.9976940340698184, 0.9982177740045624]]
1.3303, [[1.0,0.9959645596221822, 0.9951046790750726], [0.9901964466019417,0.9965410511047276, 0.9986494672853587], [0.7731902410374478,1.0, 0.9955591196598921], [0.7971351548183997,0.9948115766570916, 0.999999595603484], [0.9923335533980586,0.9901996447967288, 0.996990733875985], [0.976559669902913,0.9988470170349092, 0.9965722340315222], [0.9716070097087384,0.9971175425872733, 0.9978280874118624], [0.7881198468261055,0.9976940340698184, 0.9979498107631688], [0.7506679556453508,0.9982705255523638, 0.9971741276959767], [0.7743571160080817,0.9976940340698184, 0.9986983992637909]]
1.3254, [[0.9901964466019417,0.9965410511047276, 0.9986494672853587], [0.9969809126213596,0.9953880681396372, 0.998581427571547], [0.7743571160080817,0.9976940340698184, 0.9986983992637909], [0.976559669902913,0.9988470170349092, 0.9965722340315222], [0.9690967572815536,0.9971175425872733, 0.9970635757984239], [0.7948333740544097,0.9976940340698184, 0.9970843011198672], [0.9747278640776703,0.9982705255523638, 0.9965124844462878], [0.770776568152986,1.0, 0.9966538715781833], [0.7713200441667059,1.0, 0.9961386704168395], [0.7731902410374478,1.0, 0.9955591196598921]]
1.3254, [[0.9901964466019417,0.9965410511047276, 0.9986494672853587], [0.9969809126213596,0.9953880681396372, 0.998581427571547], [0.9901964466019417,0.9965410511047276, 0.9986494672853587], [0.976559669902913,0.9988470170349092, 0.9965722340315222], [0.770776568152986,1.0, 0.9966538715781833], [0.7731902410374478,1.0, 0.9955591196598921], [0.7713200441667059,1.0, 0.9961386704168395], [0.9690967572815536,0.9971175425872733, 0.9970635757984239], [0.7743571160080817,0.9976940340698184, 0.9986983992637909], [0.7948333740544097,0.9976940340698184, 0.9970843011198672]]
1.33, [[1.0,0.9959645596221822, 0.9951046790750726], [0.7971351548183997,0.9948115766570916, 0.999999595603484], [0.9923335533980586,0.9901996447967288, 0.996990733875985], [0.975881223300971,0.9982705255523638, 0.9962912795520531], [0.9716070097087384,0.9971175425872733, 0.9978280874118624], [0.7733181177465583,1.0, 0.9943591740978847], [0.7917643330357563,0.9976940340698184, 0.9982177740045624], [0.7726627496123667,0.9988470170349092, 0.9965910384695147], [0.7630400272517972,0.9971175425872733, 0.9985739967855661], [0.7506679556453508,0.9982705255523638, 0.9971741276959767]]
1.3302, [[1.0,0.9959645596221822, 0.9951046790750726], [0.7733181177465583,1.0, 0.9943591740978847], [0.975881223300971,0.9982705255523638, 0.9962912795520531], [0.7971351548183997,0.9948115766570916, 0.999999595603484], [0.9901964466019417,0.9965410511047276, 0.9986494672853587], [0.9969809126213596,0.9953880681396372, 0.998581427571547], [0.7726627496123667,0.9988470170349092, 0.9965910384695147], [0.9747278640776703,0.9982705255523638, 0.9965124844462878], [0.9716070097087384,0.9971175425872733, 0.9978280874118624], [0.7917643330357563,0.9976940340698184, 0.9982177740045624]]
1.3303, [[1.0,0.9959645596221822, 0.9951046790750726], [0.770776568152986,1.0, 0.9966538715781833], [0.7731902410374478,1.0, 0.9955591196598921], [0.7713200441667059,1.0, 0.9961386704168395], [0.9969809126213596,0.9953880681396372, 0.998581427571547], [0.9901964466019417,0.9965410511047276, 0.9986494672853587], [0.976559669902913,0.9988470170349092, 0.9965722340315222], [0.9716070097087384,0.9971175425872733, 0.9978280874118624], [0.7971351548183997,0.9948115766570916, 0.999999595603484], [0.7743571160080817,0.9976940340698184, 0.9986983992637909]]
1.3303, [[1.0,0.9959645596221822, 0.9951046790750726], [0.9969809126213596,0.9953880681396372, 0.998581427571547], [0.7971351548183997,0.9948115766570916, 0.999999595603484], [0.7713200441667059,1.0, 0.9961386704168395], [0.9901964466019417,0.9965410511047276, 0.9986494672853587], [0.7731902410374478,1.0, 0.9955591196598921], [0.7743571160080817,0.9976940340698184, 0.9986983992637909], [0.976559669902913,0.9988470170349092, 0.9965722340315222], [0.7506679556453508,0.9982705255523638, 0.9971741276959767], [0.9690967572815536,0.9971175425872733, 0.9970635757984239]]
1.3254, [[0.9969809126213596,0.9953880681396372, 0.998581427571547], [0.9901964466019417,0.9965410511047276, 0.9986494672853587], [0.7743571160080817,0.9976940340698184, 0.9986983992637909], [0.770776568152986,1.0, 0.9966538715781833], [0.9690967572815536,0.9971175425872733, 0.9970635757984239], [0.7948333740544097,0.9976940340698184, 0.9970843011198672], [0.7713200441667059,1.0, 0.9961386704168395], [0.976559669902913,0.9988470170349092, 0.9965722340315222], [0.7731902410374478,1.0, 0.9955591196598921], [0.9747278640776703,0.9982705255523638, 0.9965124844462878]]
1.3254, [[0.770776568152986,1.0, 0.9966538715781833], [0.7713200441667059,1.0, 0.9961386704168395], [0.7731902410374478,1.0, 0.9955591196598921], [0.9901964466019417,0.9965410511047276, 0.9986494672853587], [0.7743571160080817,0.9976940340698184, 0.9986983992637909], [0.976559669902913,0.9988470170349092, 0.9965722340315222], [0.9690967572815536,0.9971175425872733, 0.9970635757984239], [0.9969809126213596,0.9953880681396372, 0.998581427571547], [0.7948333740544097,0.9976940340698184, 0.9970843011198672], [0.9747278640776703,0.9982705255523638, 0.9965124844462878]]
1.33, [[1.0,0.9959645596221822, 0.9951046790750726], [0.975881223300971,0.9982705255523638, 0.9962912795520531], [0.9716070097087384,0.9971175425872733, 0.9978280874118624], [0.7971351548183997,0.9948115766570916, 0.999999595603484], [0.7917643330357563,0.9976940340698184, 0.9982177740045624], [0.7506679556453508,0.9982705255523638, 0.9971741276959767], [0.7733181177465583,1.0, 0.9943591740978847], [0.7726627496123667,0.9988470170349092, 0.9965910384695147], [0.9923335533980586,0.9901996447967288, 0.996990733875985], [0.9749653203883494,0.9913526277618196, 0.9940136172749896]]
1.3303, [[0.7971351548183997,0.9948115766570916, 0.999999595603484], [0.976559669902913,0.9988470170349092, 0.9965722340315222], [0.9901964466019417,0.9965410511047276, 0.9986494672853587], [1.0,0.9959645596221822, 0.9951046790750726], [0.9969809126213596,0.9953880681396372, 0.998581427571547], [0.9969809126213596,0.9953880681396372, 0.998581427571547], [0.7726627496123667,0.9988470170349092, 0.9965910384695147], [0.7743571160080817,0.9976940340698184, 0.9986983992637909], [0.7733181177465583,1.0, 0.9943591740978847], [0.9747278640776703,0.9982705255523638, 0.9965124844462878]]
1.329, [[0.976559669902913,0.9988470170349092, 0.9965722340315222], [0.9901964466019417,0.9965410511047276, 0.9986494672853587], [1.0,0.9959645596221822, 0.9951046790750726], [0.7743571160080817,0.9976940340698184, 0.9986983992637909], [0.770776568152986,1.0, 0.9966538715781833], [0.9969809126213596,0.9953880681396372, 0.998581427571547], [0.7713200441667059,1.0, 0.9961386704168395], [0.9690967572815536,0.9971175425872733, 0.9970635757984239], [0.7948333740544097,0.9976940340698184, 0.9970843011198672], [0.9747278640776703,0.9982705255523638, 0.9965124844462878]]
