mean:0.636910,,,,,,,,,,,,,,,,,,,,
0.025, [[0.13391529926091947, 0.007048251038205982], [0.0, 0.0], [0.0, 0.0], [0.0, 0.0], [0.0, 0.0], [0.0, 0.0], [0.0, 0.0], [0.0, 0.0], [0.0, 0.0], [0.0, 0.0]]
0.01, [[0.0, 0.0], [0.0, 0.0], [0.0, 0.0], [0.0, 0.0], [0.0, 0.0], [0.0, 0.0], [0.0, 0.0], [0.0, 0.0], [0.0, 0.0], [0.0, 0.0]]
0.01, [[0.0, 0.0], [0.0, 0.0], [0.0, 0.0], [0.0, 0.0], [0.0, 0.0], [0.0, 0.0], [0.0, 0.0], [0.0, 0.0], [0.0, 0.0], [0.0, 0.0]]
0.1565, [[0.8200028085789856, 0.07007582110259253], [0.0, 0.00843212043189372], [0.0, 0.007754390365448585], [0.0, 0.0], [0.0, 0.0], [0.0, 0.0], [0.0, 0.0], [0.0, 0.0], [0.0, 0.0], [0.0, 0.0]]
0.01, [[0.0, 0.0], [0.0, 0.0], [0.0, 0.0], [0.0, 0.0], [0.0, 0.0], [0.0, 0.0], [0.0, 0.0], [0.0, 0.0], [0.0, 0.0], [0.0, 0.0]]
0.01, [[0.0, 0.0], [0.0, 0.0], [0.0, 0.0], [0.0, 0.0], [0.0, 0.0], [0.0, 0.0], [0.0, 0.0], [0.0, 0.0], [0.0, 0.0], [0.0, 0.0]]
0.0134, [[0.0, 0.034300208264119614], [0.0, 0.0], [0.0, 0.0], [0.0, 0.0], [0.0, 0.0], [0.0, 0.0], [0.0, 0.0], [0.0, 0.0], [0.0, 0.0], [0.0, 0.0]]
0.4915, [[0.9061771013556185, 0.3885319561883897], [0.3632, 0.002778756229235945], [0.0, 0.0], [0.0, 0.0], [0.0, 0.0], [0.0, 0.0], [0.0, 0.0], [0.0, 0.0], [0.0, 0.0], [0.0, 0.0]]
0.01, [[0.0, 0.0], [0.0, 0.0], [0.0, 0.0], [0.0, 0.0], [0.0, 0.0], [0.0, 0.0], [0.0, 0.0], [0.0, 0.0], [0.0, 0.0], [0.0, 0.0]]
0.6605, [[0.6583826108277704, 0.7486872664907637], [0.5810512287517392, 0.26809020262869737], [0.14795695798598169, 0.27958643629061675], [0.6289556247280429, 0.20828743556042373], [0.6046612524829162, 0.17080023402701733], [0.7923918141001737, 0.025710774501661142], [0.3632, 0.15612636655713746], [0.6501704286604053, 0.02589980232558141], [0.3632, 0.1331679821102595], [0.3632, 0.12442215735669945]]
0.3225, [[0.723737893909729, 0.2915384293537785], [0.3632, 0.021725923172757563], [0.24709106858492144, 0.020012081395348835], [0.0, 0.0], [0.0, 0.0], [0.0, 0.0], [0.0, 0.0], [0.0, 0.0], [0.0, 0.0], [0.0, 0.0]]
0.0296, [[0.1959794308256955, 0.0], [0.0, 0.0], [0.0, 0.0], [0.0, 0.0], [0.0, 0.0], [0.0, 0.0], [0.0, 0.0], [0.0, 0.0], [0.0, 0.0], [0.0, 0.0]]
0.6735, [[0.8811916555209747, 0.5864397428571458], [0.7846384511479986, 0.5043108475177294], [0.7452948720990662, 0.5605874432624123], [0.7494009631827487, 0.017181071013289074], [0.3632, 0.39172782037239884], [0.6217699653315961, 0.2553218057685293], [0.3632, 0.0927171555312164], [0.3632, 0.09654315662650571], [0.3632, 0.027460501661129656], [0.3632, 0.17371550894487114]]
0.0989, [[0.3632, 0.1134886874771822], [0.0, 0.0], [0.0, 0.0], [0.0, 0.0], [0.0, 0.0], [0.0, 0.0], [0.0, 0.0], [0.0, 0.0], [0.0, 0.0], [0.0, 0.0]]
0.1371, [[0.3632, 0.196031074479737], [0.3632, 0.125515187294633], [0.0, 0.02221478280730903], [0.3632, 0.013812488164451903], [0.0, 0.0], [0.0, 0.0], [0.0, 0.0], [0.0, 0.0], [0.0, 0.0], [0.0, 0.0]]
0.0571, [[0.3632, 0.023310310008305697], [0.0, 0.0], [0.0, 0.0], [0.0, 0.0], [0.0, 0.0], [0.0, 0.0], [0.0, 0.0], [0.0, 0.0], [0.0, 0.0], [0.0, 0.0]]
0.8639, [[0.9102563578184186, 0.18661310368747708], [0.8089098482156761, 0.8184752911169746], [0.7950886359965829, 0.4674472909821104], [0.7374248641886728, 0.434683342095656], [0.6511969514313267, 0.4190091818181817], [0.6334038900687002, 0.3983652625045638], [0.6357991098675149, 0.20867899233296827], [0.3632, 0.3506286265060241], [0.5875525396342364, 0.026048695182724246], [0.3632, 0.2195371628331514]]
0.2503, [[0.5677064327297671, 0.16337016684921574], [0.3632, 0.18345924863088764], [0.34369768061334843, 0.22733104490689987], [0.34369768061334843, 0.22733104490689987], [0.9005681237192675, 0.03709627761627905], [0.6679634900230318, 0.03421498048172763], [0.3632, 0.15284727674333676], [0.27938688365256453, 0.024011019310631227], [0.27938688365256453, 0.024011019310631227], [0.050227013259548155, 0.023484700373754254]]
0.2171, [[0.3632, 0.3283178167214313], [0.5050885437036011, 0.031529872508305724], [0.3632, 0.2344377210660828], [0.3632, 0.07821370244614911], [0.3632, 0.02499393251661127], [0.28219521539757697, 0.06305237057320259], [0.1645261152815541, 0.10509082511865693], [0.3038193698341723, 0.11084528294998261], [0.3632, 0.03621023920265787], [0.34369768061334843, 0.03458548131229234]]
0.2057, [[0.5909742822039723, 0.19775424132895209], [0.0, 0.026767898048172842], [0.3632, 0.0025761926910298897], [0.0, 0.0], [0.0, 0.0], [0.0, 0.0], [0.0, 0.0], [0.0, 0.0], [0.0, 0.0], [0.0, 0.0]]
0.9101, [[0.6173216999909388, 0.9596758188214609], [0.7689048958302431, 0.7185779349164456], [0.8038533071599101, 0.6418317714285727], [0.8031791016858071, 0.5690158014184408], [0.774379683941822, 0.3683144691493249], [0.7726688126569541, 0.030952479858804092], [0.7671940245453752, 0.18778222562979258], [0.7630879334616927, 0.02864133534053154], [0.7011543929494701, 0.43959603212851434], [0.3632, 0.06374512486308909]]
0.0544, [[0.3632, 0.017503095099667812], [0.0, 0.0], [0.0, 0.0], [0.0, 0.0], [0.0, 0.0], [0.0, 0.0], [0.0, 0.0], [0.0, 0.0], [0.0, 0.0], [0.0, 0.0]]
0.5204, [[0.7316079018201223, 0.2528543640014604], [0.7168944087702569, 0.27350938006571746], [0.7011543929494701, 0.43959603212851434], [0.6984169988936839, 0.2043472964585622], [0.6813082860450039, 0.18272289996348995], [0.638878678180276, 0.37341580394304447], [0.6683056642800067, 0.279007027382256], [0.620401268303703, 0.4833815815602845], [0.6176638742479136, 0.5468184361702118], [0.6108203891084416, 0.3012393672873317]]
0.8763, [[0.8985284954878698, 0.39097878970427197], [0.8847610049259231, 0.39755361445783194], [0.801156485263501, 0.5279545212765971], [0.8230622509260822, 0.3654649821102591], [0.8715034214218237, 0.14979487769258898], [0.7788279492824794, 0.8261592893579587], [0.7572709710931421, 0.5751555780141856], [0.7699314186011645, 0.5285604326241147], [0.8031791016858071, 0.03779438995016617], [0.5974755930864726, 0.7830016842568156]]
0.7554, [[0.7689048958302431, 0.7185779349164456], [0.8613052802648254, 0.37560107119386654], [0.6898626424693439, 0.6974476121372021], [0.8179631803475831, 0.36173964439576495], [0.8194929015211337, 0.32269255677254494], [0.7357139929038048, 0.6576485714285596], [0.8095840536897776, 0.19790008433735], [0.7699314186011645, 0.5285604326241147], [0.5687329555006885, 0.41551766849215016], [0.6145843059351525, 0.0251732807308971]]
0.01, [[0.0, 0.0], [0.0, 0.0], [0.0, 0.0], [0.0, 0.0], [0.0, 0.0], [0.0, 0.0], [0.0, 0.0], [0.0, 0.0], [0.0, 0.0], [0.0, 0.0]]
0.8104, [[0.7651409790035355, 0.8367264678979771], [0.6802817632740825, 0.4557037583059515], [0.6265604049292284, 0.15608197955458264], [0.6443534662918549, 0.03413360880398671], [0.6097938663375202, 0.30976087915297534], [0.5834464485505538, 0.3214425870755744], [0.5909742822039723, 0.19775424132895209], [0.6046612524829162, 0.17080023402701733], [0.5854994940923967, 0.06259581854691518], [0.5160381199267556, 0.3332376403797006]]
0.0112, [[0.0, 0.011576262250830641], [0.0, 0.0], [0.0, 0.0], [0.0, 0.0], [0.0, 0.0], [0.0, 0.0], [0.0, 0.0], [0.0, 0.0], [0.0, 0.0], [0.0, 0.0]]
0.7853, [[0.7357139929038048, 0.6576485714285596], [0.7223691968818358, 0.7723699569041329], [0.7367405156747262, 0.38509830449069], [0.8648746296697739, 0.34705626542533746], [0.8648746296697739, 0.34705626542533746], [0.5964490703155512, 0.4492026476816355], [0.603292555455023, 0.44752386783497655], [0.7011543929494701, 0.43959603212851434], [0.7073135295749956, 0.37580239795545833], [0.7819075175952406, 0.12008015735669939]]
1.0482, [[0.9158653354547649, 0.9318203166226924], [0.8715034214218237, 0.6864909714285566], [0.8164334591740324, 0.6983136420404579], [0.8429486261822314, 0.03068632994186055], [0.8050331667395886, 0.45796908068638215], [0.8050331667395886, 0.45796908068638215], [0.8092469509527268, 0.11080248119751786], [0.30887436697519516, 0.3488674136546187], [0.7822496918522154, 0.31224575867104787], [0.7854812079906263, 0.30072733150785036]]
0.2727, [[0.6535921712301413, 0.02185215157807307], [0.5434120604846435, 0.30168957831325316], [0.640589549465144, 0.027547618147840562], [0.6019238584271268, 0.03176517358803985], [0.6501704286604053, 0.02589980232558141], [0.3632, 0.2873200788608982], [0.3632, 0.10651834282584964], [0.3632, 0.10651834282584964], [0.3632, 0.03232509572259139], [0.3632, 0.02996956665282391]]
0.5818, [[0.620401268303703, 0.4833815815602845], [0.9153554283969177, 0.4476863559693317], [0.7168944087702569, 0.27350938006571746], [0.1923285995571788, 0.29338366046002196], [0.3632, 0.2735529744432273], [0.6357991098675149, 0.2638742300109536], [0.6587247850847453, 0.20876618108798783], [0.3632, 0.21088011208470248], [0.6265604049292284, 0.15608197955458264], [0.6156108287060708, 0.01870832454318935]]
0.6795, [[0.7788279492824794, 0.4579873110624308], [0.6898626424693439, 0.6974476121372021], [0.7011543929494701, 0.43959603212851434], [0.7011543929494701, 0.43959603212851434], [0.7524805314955099, 0.4387193888280397], [0.6624887019114561, 0.44494704381161], [0.7367405156747262, 0.38509830449069], [0.7340031216189369, 0.16635915589631212], [0.7162100602563104, 0.19595498247535648], [0.7011543929494701, 0.1824859050748444]]
0.7137, [[0.8648746296697739, 0.34705626542533746], [0.8613052802648254, 0.37560107119386654], [0.6416160722360654, 0.3449375786783498], [0.3632, 0.39282085031033237], [0.7695892443441898, 0.2779480803212847], [0.6898626424693439, 0.6974476121372021], [0.8495774179342765, 0.2421515480102227], [0.6238230108734389, 0.3873549079956195], [0.7617192364337995, 0.2865861080686385], [0.7011543929494701, 0.43959603212851434]]
1.1303, [[0.8913897966779729, 0.9932949920844318], [1.0, 0.3004063183643668], [0.9158653354547649, 0.19134111208470217], [0.896488867256472, 0.8732274766930528], [0.8087412968471499, 0.7570006156552327], [0.8531467673392297, 0.4380615100401604], [0.7895264408352399, 0.8440124151275294], [0.8031791016858071, 0.5690158014184408], [0.847027882645027, 0.43088429025191655], [0.719973977083018, 0.4329015209930626]]
1.0896, [[0.8913897966779729, 0.9932949920844318], [0.9102563578184186, 0.18661310368747708], [0.7957628414706843, 0.9510316569920835], [0.9015879378349712, 0.22063811902154107], [0.7788279492824794, 0.8261592893579587], [0.7999766256838227, 0.7185779349164456], [0.7815653433382657, 0.31794394012413324], [0.875072770826772, 0.346672634903249], [0.7957628414706843, 0.10857441219423242], [0.6689900127939532, 0.8818716385224279]]
0.96, [[0.6173216999909388, 0.9596758188214609], [0.8271415073888824, 0.6955259401934907], [0.7967741496818381, 0.8789898029903256], [0.8256117862153317, 0.15618660606060586], [0.8038533071599101, 0.6418317714285727], [0.8028419989487563, 0.4056074775465505], [0.7747218581987938, 0.40098726615553165], [0.6806239375310543, 0.3850618437385912], [0.3632, 0.3466401372763783], [0.6683056642800067, 0.279007027382256]]
0.9567, [[0.7999766256838227, 0.7041701020228658], [0.8985284954878698, 0.39097878970427197], [0.8099211564268284, 0.45981351916757907], [0.8847610049259231, 0.39755361445783194], [0.7839605631370834, 0.9116488126649078], [0.8715034214218237, 0.14979487769258898], [0.8363198344301818, 0.2713732555677261], [0.7524805314955099, 0.4387193888280397], [0.808235642741573, 0.1797465929171227], [0.8028419989487563, 0.4056074775465505]]
0.9852, [[0.7957628414706843, 0.9510316569920835], [0.8490675108764295, 0.5785313428571425], [0.8490675108764295, 0.5785313428571425], [0.8664043508433246, 0.338235141292442], [0.7240800681667037, 0.8309627968337725], [0.7825918661091871, 0.6967335408970958], [0.8099211564268284, 0.45981351916757907], [0.8194929015211337, 0.3252677955458201], [0.8194929015211337, 0.32269255677254494], [0.7124461434295996, 0.7070519375549682]]
1.0355, [[0.8409089979508291, 0.46191318291347166], [0.6594091335986919, 1.0], [0.9852126953223544, 0.3571194330047461], [0.8337702991409321, 0.49493141489361775], [0.7962684955762612, 0.6734653714285663], [0.9061771013556185, 0.3885319561883897], [0.6645417474532959, 0.5482272269503556], [0.801830690737604, 0.48162012411347466], [0.6991013474076304, 0.4456390054764514], [0.6176638742479136, 0.5468184361702118]]
1.0313, [[0.7004700444355236, 0.9385441512752856], [0.8256117862153317, 0.90204314248021], [0.9852126953223544, 0.3571194330047461], [0.8164334591740324, 0.6983136420404579], [0.9586975283141601, 0.28244067907995574], [0.7699314186011645, 0.5285604326241147], [0.8791520272895723, 0.26187602227090123], [0.8572260238020253, 0.17839516721431192], [0.847027882645027, 0.43088429025191655], [0.8429486261822314, 0.03068632994186055]]
0.7797, [[0.9061771013556185, 0.3885319561883897], [0.6737804523915824, 0.7570006156552327], [0.5899477594330509, 0.4867825638297886], [0.6802817632740825, 0.4557037583059515], [0.6624887019114561, 0.44494704381161], [0.7374248641886728, 0.434683342095656], [0.7045761355192062, 0.37277060715589583], [0.5204863852674131, 0.27922262139466986], [0.0, 0.0], [0.0, 0.0]]
1.0283, [[0.896488867256472, 0.8732274766930528], [0.9219842201489675, 0.5244109716312066], [0.8035162044228594, 0.9202943192612125], [0.8383594626615795, 0.46837862541073394], [0.781223169081294, 0.9097271407211965], [0.7895264408352399, 0.8440124151275294], [0.8003137284208733, 0.8098311292875995], [0.7651409790035355, 0.8367264678979771], [0.7876723757814585, 0.7041701020228658], [0.7651409790035355, 0.8367264678979771]]
1.097, [[0.9153554283969177, 0.4476863559693317], [0.8913897966779729, 0.9932949920844318], [0.9015879378349712, 0.22063811902154107], [0.7957628414706843, 0.9510316569920835], [0.8791520272895723, 0.26187602227090123], [0.8271415073888824, 0.6955259401934907], [0.875072770826772, 0.346672634903249], [0.8271415073888824, 0.6955259401934907], [0.7579553196070887, 0.9471896578715926], [0.9102563578184186, 0.18661310368747708]]
1.0154, [[0.9852126953223544, 0.3571194330047461], [0.781223169081294, 0.9097271407211965], [0.9153554283969177, 0.4476863559693317], [0.8256117862153317, 0.90204314248021], [0.8048646153710625, 0.7848561178540012], [0.8133740168269358, 0.777172119613017], [0.7654831532605072, 0.7521984529463484], [0.8050331667395886, 0.45796908068638215], [0.8099211564268284, 0.45981351916757907], [0.710050923630785, 0.429486099671413]]
0.9654, [[0.760692713662878, 0.8044977836411613], [0.8117752214806099, 0.7637244503078282], [0.8429486261822314, 0.6964861037818817], [0.7808809948243192, 0.17790215443592577], [0.8730331425953743, 0.6995225875109926], [0.7996395229467719, 0.858818299032541], [0.8500873249921284, 0.45022513399050806], [0.8664043508433246, 0.338235141292442], [0.7984596633670934, 0.31792570974808315], [0.8256117862153317, 0.90204314248021]]
1.0329, [[0.9852126953223544, 0.3571194330047461], [0.7913805058890199, 0.9471883131046607], [0.8035162044228594, 0.9202943192612125], [0.8531467673392297, 0.4380615100401604], [0.7979540092615165, 0.8645819700967458], [0.8409089979508291, 0.2669535783132526], [0.6436691177779083, 0.8175151275285836], [0.8363198344301818, 0.2713732555677261], [0.7825918661091871, 0.79830378715919], [0.8291811356202802, 0.03652510195182735]]
1.0662, [[0.9158653354547649, 0.9318203166226924], [0.7600083651489316, 0.9279783175021991], [0.896488867256472, 0.8732274766930528], [0.7967741496818381, 0.8789898029903256], [0.7196318028260464, 0.8391107396657872], [0.875072770826772, 0.8280809613016701], [0.7227113711388075, 0.5580925141843959], [0.8025048962117056, 0.4648538218327852], [0.9153554283969177, 0.4476863559693317], [0.9841928812066556, 0.1639852438846302]]
0.01, [[0.0, 0.0], [0.0, 0.0], [0.0, 0.0], [0.0, 0.0], [0.0, 0.0], [0.0, 0.0], [0.0, 0.0], [0.0, 0.0], [0.0, 0.0], [0.0, 0.0]]
0.5079, [[0.7950886359965829, 0.4674472909821104], [0.0, 0.0], [0.0, 0.0], [0.0, 0.0], [0.0, 0.0], [0.0, 0.0], [0.0, 0.0], [0.0, 0.0], [0.0, 0.0], [0.0, 0.0]]
1.0316, [[0.8811916555209747, 0.7285251759014953], [0.7957628414706843, 0.9510316569920835], [0.8048646153710625, 0.7848561178540012], [0.8087412968471499, 0.7570006156552327], [0.9153554283969177, 0.4476863559693317], [0.8337702991409321, 0.49493141489361775], [0.8531467673392297, 0.4380615100401604], [0.9061771013556185, 0.3885319561883897], [0.7913805058890199, 0.9471883131046607], [0.7240800681667037, 0.8309627968337725]]
0.9485, [[0.6227964881025175, 0.8805806622691283], [0.875072770826772, 0.8280809613016701], [0.6351147613535684, 0.8693854775725595], [0.8811916555209747, 0.7285251759014953], [0.8003137284208733, 0.8098311292875995], [0.8648746296697739, 0.34705626542533746], [0.7858183107276786, 0.8059877854001767], [0.8572260238020253, 0.17839516721431192], [0.5974755930864726, 0.7830016842568156], [0.8429486261822314, 0.03068632994186055]]
0.01, [[0.0, 0.0], [0.0, 0.0], [0.0, 0.0], [0.0, 0.0], [0.0, 0.0], [0.0, 0.0], [0.0, 0.0], [0.0, 0.0], [0.0, 0.0], [0.0, 0.0]]
1.0839, [[0.8913897966779729, 0.9932949920844318], [0.6689900127939532, 0.8818716385224279], [0.7967741496818381, 0.8789898029903256], [0.6262182306722535, 0.422378630887185], [0.706629181061049, 0.22834481234026993], [0.5427277119706969, 0.3309532949981749], [0.5755764406401604, 0.23653104381161083], [0.5978177673434443, 0.22116917780211753], [0.7049183097761811, 0.08295122234392177], [0.5978177673434443, 0.16365630449069063]]
0.01, [[0.0, 0.0], [0.0, 0.0], [0.0, 0.0], [0.0, 0.0], [0.0, 0.0], [0.0, 0.0], [0.0, 0.0], [0.0, 0.0], [0.0, 0.0], [0.0, 0.0]]
0.9535, [[0.8271415073888824, 0.6955259401934907], [0.7579553196070887, 0.9471896578715926], [0.801156485263501, 0.5279545212765971], [0.7974483551559396, 0.2077436947791167], [0.7856497593591524, 0.4528732942679807], [0.7825918661091871, 0.27657842424242385], [0.6905469909832905, 0.17256858050383372], [0.6614621791405346, 0.4230420580503838], [0.6467486860906694, 0.3927114680540347], [0.5786560089529247, 0.8567984591029012]]
0.9978, [[0.8490675108764295, 0.5785313428571425], [0.8105953619009314, 0.7262632779243616], [0.7957628414706843, 0.9510316569920835], [0.6481173831185625, 0.880911474934037], [0.8495774179342765, 0.2421515480102227], [0.8551863955706275, 0.2605428269441406], [0.8572260238020253, 0.17839516721431192], [0.8256117862153317, 0.15618660606060586], [0.9102563578184186, 0.18661310368747708], [0.7825918661091871, 0.7377892752858392]]
0.0113, [[0.01147203517837593, 0.0012388326411961117], [0.0, 0.0], [0.0, 0.0], [0.0, 0.0], [0.0, 0.0], [0.0, 0.0], [0.0, 0.0], [0.0, 0.0], [0.0, 0.0], [0.0, 0.0]]
1.0098, [[0.9841928812066556, 0.1639852438846302], [0.7957628414706843, 0.9510316569920835], [0.8271415073888824, 0.6955259401934907], [0.7999766256838227, 0.7041701020228658], [0.8572260238020253, 0.17839516721431192], [0.7654831532605072, 0.7521984529463484], [0.8495774179342765, 0.2421515480102227], [0.6351147613535684, 0.8693854775725595], [0.8256117862153317, 0.15618660606060586], [0.6878095969275011, 0.5753281595744668]]
0.01, [[0.0, 0.0], [0.0, 0.0], [0.0, 0.0], [0.0, 0.0], [0.0, 0.0], [0.0, 0.0], [0.0, 0.0], [0.0, 0.0], [0.0, 0.0], [0.0, 0.0]]
1.0115, [[0.7957628414706843, 0.9510316569920835], [0.9586975283141601, 0.28244067907995574], [0.8117752214806099, 0.7637244503078282], [0.7240800681667037, 0.8309627968337725], [0.9102563578184186, 0.18661310368747708], [0.8050331667395886, 0.45796908068638215], [0.7876723757814585, 0.7041701020228658], [0.7709579413720861, 0.7138685611257694], [0.7791701235394511, 0.3321897900693684], [0.6563295652859307, 0.6970751116974476]]
0.0125, [[0.0, 0.02465089659468443], [0.0, 0.0], [0.0, 0.0], [0.0, 0.0], [0.0, 0.0], [0.0, 0.0], [0.0, 0.0], [0.0, 0.0], [0.0, 0.0], [0.0, 0.0]]
1.0819, [[1.0, 0.3004063183643668], [0.9158653354547649, 0.9318203166226924], [0.7808809948243192, 0.40217461847389585], [0.8913897966779729, 0.032615720099667816], [0.7984596633670934, 0.31792570974808315], [0.8100897077953545, 0.15636970244614898], [0.8531467673392297, 0.03434191715116276], [0.723737893909729, 0.2915384293537785], [0.8291811356202802, 0.03652510195182735], [0.3632, 0.27310751916757886]]
0.01, [[0.0, 0.0], [0.0, 0.0], [0.0, 0.0], [0.0, 0.0], [0.0, 0.0], [0.0, 0.0], [0.0, 0.0], [0.0, 0.0], [0.0, 0.0], [0.0, 0.0]]
0.8178, [[0.6412738979790906, 0.8520944643799478], [0.8383594626615795, 0.46837862541073394], [0.5964490703155512, 0.4492026476816355], [0.7808809948243192, 0.40217461847389585], [0.774379683941822, 0.3683144691493249], [0.5810512287517392, 0.3298206338079595], [0.6156108287060708, 0.30500750675429056], [0.6265604049292284, 0.2116180460021903], [0.7791701235394511, 0.12157742606790806], [0.6905469909832905, 0.17256858050383372]]
0.9942, [[0.8811916555209747, 0.5864397428571458], [0.8038533071599101, 0.6418317714285727], [0.7967741496818381, 0.8789898029903256], [0.8025048962117056, 0.5687137836879438], [0.7196318028260464, 0.8391107396657872], [0.6173216999909388, 0.9596758188214609], [0.7586396681210352, 0.6892932476190408], [0.0, 0.0], [0.8363198344301818, 0.2713732555677261], [0.0, 0.0]]
1.1048, [[0.9219842201489675, 0.5244109716312066], [0.8913897966779729, 0.9932949920844318], [0.896488867256472, 0.8732274766930528], [0.8531467673392297, 0.4380615100401604], [0.8035162044228594, 0.9202943192612125], [0.8117752214806099, 0.7637244503078282], [0.8025048962117056, 0.5687137836879438], [0.781223169081294, 0.9097271407211965], [0.7637722819756392, 0.46476266995253757], [0.8068872317933701, 0.390905868200073]]
0.962, [[0.9005681237192675, 0.03709627761627905], [0.8038533071599101, 0.6418317714285727], [0.8353000203144828, 0.026116924626245944], [0.6173216999909388, 0.9596758188214609], [0.6898626424693439, 0.6974476121372021], [0.23052191128934651, 0.00047217607973423694], [0.8025048962117056, 0.5687137836879438], [0.7600083651489316, 0.9279783175021991], [0.8495774179342765, 0.2421515480102227], [0.6991013474076304, 0.4456390054764514]]
1.0405, [[0.9061771013556185, 0.3885319561883897], [0.896488867256472, 0.8732274766930528], [0.7913805058890199, 0.9471883131046607], [0.8811916555209747, 0.7285251759014953], [0.8811916555209747, 0.7285251759014953], [0.8715034214218237, 0.6864909714285566], [0.8531467673392297, 0.4380615100401604], [0.847027882645027, 0.43088429025191655], [0.8409089979508291, 0.2669535783132526], [0.8495774179342765, 0.2421515480102227]]
0.2087, [[0.3632, 0.26272096056955163], [0.3632, 0.3506286265060241], [0.3632, 0.006252240863787457], [0.28219521539757697, 0.06305237057320259], [0.3632, 0.03578048027408641], [0.3632, 0.03518002969269101], [0.3632, 0.03165326785714285], [0.3632, 0.019551631021594698], [0.332183520458799, 0.013745596553156238], [0.3632, 0.012999400955149577]]
0.789, [[0.8363198344301818, 0.2713732555677261], [0.8087412968471499, 0.7570006156552327], [0.7367405156747262, 0.4081462555677255], [0.6334038900687002, 0.3983652625045638], [0.6984169988936839, 0.2043472964585622], [0.638878678180276, 0.37341580394304447], [0.6843878543577652, 0.3660864001460381], [0.4941389674804435, 0.35018317123037573], [0.6381943296663295, 0.21872710003650975], [0.6813082860450039, 0.18272289996348995]]
0.8104, [[0.7651409790035355, 0.8367264678979771], [0.3632, 0.10747583388097932], [0.14346362719396075, 0.3283178167214313], [0.3632, 0.013308361503322324], [0.24961856715543163, 0.3265566038700259], [0.3632, 0.0028330564784054216], [0.16621111432856256, 0.2026716871120849], [0.3632, 0.004197094476744208], [0.282756881746579, 0.08319138773274887], [0.3632, 0.0033285265780731146]]
0.3794, [[0.6262182306722535, 0.422378630887185], [0.5916586307179189, 0.20731567725447198], [0.5810512287517392, 0.3298206338079595], [0.5834464485505538, 0.036667935215946856], [0.5050885437036011, 0.38999038627236166], [0.5451229317695114, 0.069302219058051], [0.15610112004651674, 0.21271186856517033], [0.45102501110177207, 0.20594919167579412], [0.537595098116093, 0.011742232142857143], [0.19766442987270144, 0.1830034892296467]]
0.01, [[0.0, 0.0], [0.0, 0.0], [0.0, 0.0], [0.0, 0.0], [0.0, 0.0], [0.0, 0.0], [0.0, 0.0], [0.0, 0.0], [0.0, 0.0], [0.0, 0.0]]
1.0387, [[0.9153554283969177, 0.4476863559693317], [0.8811916555209747, 0.7285251759014953], [0.7957628414706843, 0.9510316569920835], [0.9219842201489675, 0.5244109716312066], [0.7240800681667037, 0.8309627968337725], [0.875072770826772, 0.346672634903249], [0.8730331425953743, 0.6995225875109926], [0.6867830741565797, 0.8251991257695678], [0.8003137284208733, 0.8098311292875995], [0.8133740168269358, 0.777172119613017]]
0.9227, [[0.875072770826772, 0.8280809613016701], [0.8715034214218237, 0.6864909714285566], [0.7706157671151111, 0.4366696604600215], [0.6412738979790906, 0.8520944643799478], [0.7011543929494701, 0.1824859050748444], [0.6467486860906694, 0.20633757794815705], [0.6262182306722535, 0.422378630887185], [0.5701016525285847, 0.16847546476816333], [0.3632, 0.32449102300109556], [0.3632, 0.28179706754289857]]
0.4065, [[0.5707860010425313, 0.45853501496896726], [0.5964490703155512, 0.4492026476816355], [0.6299821474989644, 0.4064088214676883], [0.5570990307635874, 0.35199907520993], [0.6316930187838323, 0.3427649934282582], [0.5707860010425313, 0.21295044870390734], [0.6193747455327816, 0.02680150124584727], [0.5605207733333233, 0.1809791248630896], [0.5742077436122672, 0.05785037239868645], [0.5683907812437168, 0.09987773019350171]]
0.01, [[0.0, 0.0], [0.0, 0.0], [0.0, 0.0], [0.0, 0.0], [0.0, 0.0], [0.0, 0.0], [0.0, 0.0], [0.0, 0.0], [0.0, 0.0], [0.0, 0.0]]
0.9093, [[0.7367405156747262, 0.8242389621811792], [0.7541914027803778, 0.04273501277838627], [0.6594091335986919, 1.0], [0.7261331137085434, 0.4427372051843732], [0.5964490703155512, 0.4492026476816355], [0.6587247850847453, 0.20876618108798783], [0.6262182306722535, 0.422378630887185], [0.6292977989850146, 0.4168342186929537], [0.5677064327297671, 0.03792932712668916], [0.6234808366164641, 0.02378775872093027]]
0.8542, [[0.7651409790035355, 0.8367264678979771], [0.8038533071599101, 0.3282448952172324], [0.8791520272895723, 0.26187602227090123], [0.3632, 0.16050007155896323], [0.3632, 0.196031074479737], [0.21395275399377411, 0.2125945600584151], [0.8495774179342765, 0.036144291943521666], [0.3632, 0.19876483826213914], [0.3632, 0.15394030668127032], [0.3632, 0.0203799065614619]]
1.0173, [[0.8035162044228594, 0.9202943192612125], [0.875072770826772, 0.8280809613016701], [0.8811916555209747, 0.7285251759014953], [0.7913805058890199, 0.9471883131046607], [0.8730331425953743, 0.6995225875109926], [0.7470057433839342, 0.8905171451187325], [0.8107639132694561, 0.28795576414749935], [0.7110774464017064, 0.7570934045734383], [0.8068872317933701, 0.390905868200073], [0.6583826108277704, 0.7486872664907637]]
0.8958, [[0.8495774179342765, 0.036144291943521666], [0.7932345709428014, 0.8933989806508348], [0.7976169065244658, 0.2054791650237311], [0.6412738979790906, 0.8520944643799478], [0.6741226266485572, 0.19786362358524984], [0.6227964881025175, 0.8805806622691283], [0.6470908603476442, 0.03631931187707648], [0.5427277119706969, 0.3309532949981749], [0.6364834583814615, 0.12641957247170535], [0.5184333397255703, 0.13082577510040183]]
0.8313, [[0.7004700444355236, 0.9385441512752856], [0.6115047376223882, 0.3937196871120852], [0.6741226266485572, 0.19786362358524984], [0.6799395890171078, 0.03789795390365448], [0.3632, 0.14750022818546915], [0.3632, 0.07085100839722555], [0.545807280283458, 0.032079721553156124], [0.3632, 0.25889495947426094], [0.3632, 0.017751066237541628], [0.3632, 0.2063550156991607]]
0.9958, [[0.875072770826772, 0.8280809613016701], [0.6481173831185625, 0.880911474934037], [0.9852126953223544, 0.3571194330047461], [0.8490675108764295, 0.5785313428571425], [0.6573560880568521, 0.7473949454705371], [0.8500873249921284, 0.45022513399050806], [0.8531467673392297, 0.4380615100401604], [0.9061771013556185, 0.3885319561883897], [0.9005681237192675, 0.03709627761627905], [0.6816504603019757, 0.5404891950354618]]
0.4366, [[0.6802817632740825, 0.4557037583059515], [0.5570990307635874, 0.35199907520993], [0.6813082860450039, 0.18272289996348995], [0.6919156880111836, 0.03599563517441865], [0.7021809157203915, 0.025253786752491784], [0.45102501110177207, 0.20594919167579412], [0.6364834583814615, 0.12641957247170535], [0.6741226266485572, 0.1305816465863453], [0.5913164564609472, 0.16112941584519974], [0.6570139137998774, 0.023476830772425232]]
1.0482, [[0.9158653354547649, 0.9318203166226924], [0.7895264408352399, 0.8440124151275294], [0.8048646153710625, 0.7848561178540012], [0.7654831532605072, 0.7521984529463484], [0.7962684955762612, 0.6734653714285663], [0.7896949922037646, 0.46646126542533806], [0.8025048962117056, 0.4648538218327852], [0.710050923630785, 0.429486099671413], [0.0, 0.0], [0.0, 0.0]]
0.9134, [[0.8164334591740324, 0.6983136420404579], [0.9281031048431655, 0.024390648878737622], [0.7895264408352399, 0.8440124151275294], [0.8715034214218237, 0.6864909714285566], [0.7110774464017064, 0.7570934045734383], [0.8791520272895723, 0.26187602227090123], [0.7459792206130127, 0.49570990780141966], [0.8099211564268284, 0.45981351916757907], [0.7950886359965829, 0.4674472909821104], [0.8230622509260822, 0.3654649821102591]]
0.7534, [[0.9153554283969177, 0.4476863559693317], [0.9041374731242207, 0.40569942205184323], [0.8648746296697739, 0.34705626542533746], [0.9005681237192675, 0.03709627761627905], [0.8028419989487563, 0.4056074775465505], [0.8256117862153317, 0.15618660606060586], [0.6816504603019757, 0.5404891950354618], [0.7011543929494701, 0.43959603212851434], [0.7808809948243192, 0.17790215443592577], [0.6898626424693439, 0.6974476121372021]]
0.8872, [[0.9005681237192675, 0.03709627761627905], [0.8648746296697739, 0.34705626542533746], [0.8271415073888824, 0.6955259401934907], [0.8373396485458806, 0.29564501971522456], [0.8572260238020253, 0.17839516721431192], [0.6351147613535684, 0.8693854775725595], [0.7131304919435462, 0.5002926985815607], [0.6364834583814615, 0.7250234028144243], [0.8256117862153317, 0.15618660606060586], [0.7593240166349818, 0.4318703158086889]]
0.0538, [[0.3632, 0.016240574958471813], [0.0, 0.0], [0.0, 0.0], [0.0, 0.0], [0.0, 0.0], [0.0, 0.0], [0.0, 0.0], [0.0, 0.0], [0.0, 0.0], [0.0, 0.0]]
0.9277, [[0.8531467673392297, 0.4380615100401604], [0.8327504850252333, 0.729145113456464], [0.7470057433839342, 0.8905171451187325], [0.9005681237192675, 0.03709627761627905], [0.847027882645027, 0.43088429025191655], [0.7784857750255045, 0.7355273773087054], [0.8025048962117056, 0.4648538218327852], [0.8353000203144828, 0.026116924626245944], [0.8194929015211337, 0.32269255677254494], [0.8031791016858071, 0.2492748692953628]]
1.0799, [[1.0, 0.3004063183643668], [0.6173216999909388, 0.9596758188214609], [0.924533755438217, 0.7541187801231303], [0.7579553196070887, 0.9471896578715926], [0.8342802061987793, 0.36234203943044885], [0.7004700444355236, 0.9385441512752856], [0.7871667216758816, 0.5646506134751764], [0.7846384511479986, 0.5043108475177294], [0.630324321755936, 0.238566504928807], [0.2518652325514421, 0.0037249183970099707]]
0.9163, [[0.6351147613535684, 0.8693854775725595], [0.7223691968818358, 0.7723699569041329], [0.8105953619009314, 0.7262632779243616], [0.7960999442077351, 0.7214611152154798], [0.8490675108764295, 0.5785313428571425], [0.7896949922037646, 0.46646126542533806], [0.7825918661091871, 0.7377892752858392], [0.9061771013556185, 0.3885319561883897], [0.9061771013556185, 0.3885319561883897], [0.8194929015211337, 0.3252677955458201]]
0.9795, [[0.6594091335986919, 1.0], [0.8327504850252333, 0.729145113456464], [0.6737804523915824, 0.7570006156552327], [0.7962684955762612, 0.6734653714285663], [0.7846384511479986, 0.5043108475177294], [0.8089098482156761, 0.09460281051478663], [0.692942210782105, 0.4500420376049649], [0.6758334979334253, 0.4699828985031038], [0.7367405156747262, 0.4081462555677255], [0.7367405156747262, 0.4081462555677255]]
0.6267, [[0.8409089979508291, 0.2669535783132526], [0.9005681237192675, 0.03709627761627905], [0.8383594626615795, 0.46837862541073394], [0.6878095969275011, 0.5753281595744668], [0.7340031216189369, 0.16635915589631212], [0.7093665751168384, 0.325870190580504], [0.6816504603019757, 0.5404891950354618], [0.7011543929494701, 0.1824859050748444], [0.3632, 0.3967594041621024], [0.6590669593417202, 0.32552856918583384]]
0.8133, [[0.8337702991409321, 0.49493141489361775], [0.8133740168269358, 0.777172119613017], [0.6816504603019757, 0.5404891950354618], [0.6802817632740825, 0.4557037583059515], [0.603292555455023, 0.44752386783497655], [0.7367405156747262, 0.4081462555677255], [0.7011543929494701, 0.43959603212851434], [0.7367405156747262, 0.38509830449069], [0.6299821474989644, 0.4064088214676883], [0.5909742822039723, 0.19775424132895209]]
1.0482, [[0.9158653354547649, 0.9318203166226924], [0.8048646153710625, 0.7848561178540012], [0.6737804523915824, 0.7570006156552327], [0.6737804523915824, 0.7570006156552327], [0.8105953619009314, 0.7262632779243616], [0.620401268303703, 0.4833815815602845], [0.7709579413720861, 0.3274776341730554], [0.7261331137085434, 0.4427372051843732], [0.8031791016858071, 0.2492748692953628], [0.6368256326384363, 0.3883306294267979]]
1.0951, [[0.7579553196070887, 0.9471896578715926], [1.0, 0.3004063183643668], [0.9158653354547649, 0.9318203166226924], [0.9841928812066556, 0.1639852438846302], [0.7999766256838227, 0.7041701020228658], [0.8811916555209747, 0.5864397428571458], [0.8847610049259231, 0.39755361445783194], [0.7788279492824794, 0.8261592893579587], [0.8271415073888824, 0.6955259401934907], [0.9454399448100606, 0.25747457539247925]]
0.9919, [[0.8164334591740324, 0.6983136420404579], [0.9586975283141601, 0.28244067907995574], [0.8035162044228594, 0.9202943192612125], [0.7979540092615165, 0.8645819700967458], [0.7987967661041442, 0.7099337730870705], [0.7470057433839342, 0.8905171451187325], [0.7651409790035355, 0.8367264678979771], [0.7110774464017064, 0.7570934045734383], [0.8383594626615795, 0.46837862541073394], [0.847027882645027, 0.43088429025191655]]
0.9657, [[0.9281031048431655, 0.024390648878737622], [0.8133740168269358, 0.777172119613017], [0.7004700444355236, 0.9385441512752856], [0.8551863955706275, 0.2605428269441406], [0.8117752214806099, 0.7637244503078282], [0.7839605631370834, 0.9116488126649078], [0.8159235521161853, 0.17342699342825835], [0.7240800681667037, 0.8309627968337725], [0.8058759235822163, 0.2826776739686013], [0.760692713662878, 0.8044977836411613]]
