mean:1.125442,,,,,,,,,,,,,,,,,,,,
1.1648, [[0.9958625271566636, 0.6518894016424671], [0.9180513443287425, 0.9716120313366023], [0.9729062262194385, 0.9318539840119382], [0.9404737778023117, 0.9241083935195051], [0.9673006178510453, 0.9075856719249623], [0.9500833921481266, 0.8729911106373912], [0.9276609586745574, 0.8369804399914722], [0.9663663497896468, 0.8351154261351517], [0.9698364883034138, 0.7192720422084845], [0.8561205857749126, 0.6953528780643785]]
1.1681, [[0.9180513443287425, 0.9716120313366023], [0.9958625271566636, 0.6518894016424671], [0.9779779671241733, 0.9633503091025374], [0.9667667503873894, 0.8384796798124062], [0.97784450025826, 0.7649930737582601], [0.9188521455242276, 0.9612850592624176], [0.9410076452659676, 0.8977755544659991], [0.9547547324551202, 0.8363312995096991], [0.9754420966718059, 0.7110442950330413], [0.9407407115341396, 0.8409779309315705]]
1.0931, [[0.8833499591910762, 0.9365006154338098], [0.9097763986420684, 0.9055204220848437], [0.9427427145228512, 0.8244884615220636], [0.9093759980443259, 0.8332330633127258], [0.9100433323738963, 0.753134332551695], [0.9089755974465833, 0.7488368490726923], [0.926993624344987, 0.7458383694308244], [0.7593519165769869, 0.714955764016201], [0.9495495246844707, 0.7046815617139202], [0.9636970124713647, 0.6992513353229586]]
1.0785, [[0.8852184953138731, 0.8693767426987848], [0.9515515276731823, 0.733646383500319], [0.8597298324093181, 0.7663759309315707], [0.9734400936830944, 0.7132758057983372], [0.9031030553463634, 0.9135146810914518], [0.9292625610655264, 0.6591558542522119], [0.8958958445870012, 0.6449745244041823], [0.8914914380118368, 0.894962130462588], [0.9093759980443259, 0.8332330633127258], [0.9427427145228512, 0.8244884615220636]]
1.147, [[0.9673006178510453, 0.6728686179918986], [0.9667667503873894, 0.8384796798124062], [0.9742408948785795, 0.6548999263429709], [0.9374040398862871, 0.9736772811767209], [0.9607607414212548, 0.7673084378597317], [0.9447447175115626, 0.7743709128117672], [0.9618284763485678, 0.638746792321043], [0.9137804046194915, 0.9411479697292684], [0.8561886847680149, 0.9230226373907477], [0.9442108500479067, 0.6607209901367311]]
1.1205, [[0.7750146849904441, 0.6524594532870508], [0.7853657319419469, 0.6449250755619523], [0.9734400936830944, 0.7132758057983372], [0.7731760121766906, 0.6550157141345299], [0.6546837641792308, 0.6470437941836347], [0.9398064434727411, 0.8440761671285437], [0.7711330423836309, 0.6489552404436354], [0.6219962474902764, 0.6428179820513906], [0.9281948261382146, 0.9525072052867194], [0.7652765289768604, 0.6478117254370741]]
1.1902, [[0.9562228679801759, 0.8544031392027286], [0.9958625271566636, 0.6518894016424671], [0.9511511270754397, 0.8802198465146027], [0.97784450025826, 0.7649930737582601], [0.9374040398862871, 0.9736772811767209], [0.9742408948785795, 0.6548999263429709], [0.920854148512939, 0.9122330262204221], [0.932332298981551, 0.6505006220632434], [0.8796128869454811, 1.0], [0.926993624344987, 0.6526289440375905]]
1.1075, [[0.9519519282709237, 0.8378298164570459], [0.9698364883034138, 0.7192720422084845], [0.9734400936830944, 0.7132758057983372], [0.9599599402257697, 0.7496695994457466], [0.976509831599119, 0.6530918424840197], [0.9382048410817722, 0.934951497335323], [0.9427427145228512, 0.8244884615220636], [0.9663663497896468, 0.6511353278584431], [0.9295294947973556, 0.8957095817522921], [0.9031030553463634, 0.9135146810914518]]
1.0794, [[0.9261928231495031, 0.9065526855681088], [0.32985447577254956, 0.6063829462811667], [0.9779779671241733, 0.6533430880921136], [0.3097736130040389, 0.5715678023536384], [0.3293858763668327, 0.5842340769588961], [0.3236730983177266, 0.6018646530923253], [0.7697710625215912, 0.6552771106548703], [0.3320389759433175, 0.6093342924268721], [0.32397630969789626, 0.5880665728315625], [0.9689022202420154, 0.8285857090172672]]
1.0328, [[0.8852184953138731, 0.8693767426987848], [0.8914914380118368, 0.8373642858665525], [0.9183182780605704, 0.8352983131528456], [0.8974974469779714, 0.7343461251332333], [0.8450204498992884, 0.6502890955848114], [0.8271785137065676, 0.6380941855395166], [0.9384717748136001, 0.6567040930449138], [0.9811811719061125, 0.6379587277229819], [0.85843595154038, 0.7929162347047541], [0.831673047251299, 0.6553352362104728]]
0.6905, [[0.32647780358429623, 0.5817091954874487], [0.3254441284246268, 0.595396247513017], [0.6761349470063571, 0.6399956914871101], [0.7633016581769023, 0.6469983888583161], [0.8025266782036479, 0.6444094429158024], [0.8249312469342018, 0.6329825904838505], [0.3164856103741588, 0.5669413872073826], [0.3514445042741775, 0.6226849743893663], [0.7660256179009818, 0.6307391125174617], [0.3368834668583014, 0.5979215080641748]]
1.1493, [[0.9374040398862871, 0.9736772811767209], [0.97784450025826, 0.7649930737582601], [0.904838124603247, 0.9091347900234489], [0.9410076452659676, 0.8977755544659991], [0.9407407115341396, 0.8487227985504152], [0.9360693712271461, 0.6517020941455361], [0.9620954100803958, 0.6570204561232698], [0.9447447175115626, 0.7743709128117672], [0.9646312805327633, 0.6732184888083558], [0.928328293004128, 0.6595738528129366]]
1.1613, [[0.863883870988539, 0.9783239125985936], [0.9689022202420154, 0.8540698944787894], [0.9663663497896468, 0.8351154261351517], [0.9604938076894268, 0.828069577275634], [0.9961294608884915, 0.6823960918780637], [0.8701367394655807, 0.9297887341718185], [0.9462128530366183, 0.8523378893626088], [0.9223222840379934, 0.8487227985504152], [0.9438104494501642, 0.8322007998294608], [0.9606272745553401, 0.6560431465097575]]
1.1597, [[0.9779779671241733, 0.9633503091025374], [0.9354020368975756, 0.942697087827755], [0.9729062262194385, 0.9318539840119382], [0.9404737778023117, 0.9241083935195051], [0.9673006178510453, 0.9075856719249623], [0.9547547324551202, 0.8363312995096991], [0.8906906368163517, 0.8270373137923678], [0.9576910035052302, 0.7838644116393092], [0.9734400936830944, 0.7132758057983372], [0.9958625271566636, 0.6518894016424671]]
1.1602, [[0.9779779671241733, 0.9633503091025374], [0.980246903844714, 0.8678276246002982], [0.9958625271566636, 0.6518894016424671], [0.9435435157183363, 0.957154559582178], [0.9673006178510453, 0.9075856719249623], [0.9698364883034138, 0.7192720422084845], [0.9271270912109015, 0.951474218929866], [0.9354020368975756, 0.942697087827755], [0.9620954100803958, 0.6570204561232698], [0.9407407115341396, 0.8409779309315705]]
1.1704, [[0.9374040398862871, 0.9736772811767209], [0.9779779671241733, 0.9633503091025374], [0.9543543318573777, 0.9473437192496263], [0.9446112506456481, 0.884350346194841], [0.9407407115341396, 0.8409779309315705], [0.9416749795955381, 0.8087818642080584], [0.9203202810492819, 0.7805666623321252], [0.9607607414212548, 0.7673084378597317], [0.9523523288686662, 0.6866097220208907], [0.9958625271566636, 0.6518894016424671]]
1.1803, [[0.9715715575602974, 0.9963957522916218], [0.8766766158953712, 0.9871017665742918], [0.9374040398862871, 0.9736772811767209], [0.97784450025826, 0.7649930737582601], [0.9547547324551202, 0.8363312995096991], [0.9407407115341396, 0.8409779309315705], [0.9276609586745574, 0.8915790820720526], [0.8706706069292366, 0.8521875316563636], [0.8892225012912961, 0.8487227985504152], [0.9408741784000542, 0.6575367626889048]]
1.1598, [[0.9779779671241733, 0.9633503091025374], [0.9958625271566636, 0.6518894016424671], [0.9673006178510453, 0.9075856719249623], [0.9391391091431707, 0.9272066297164784], [0.9857190453471915, 0.6568574097278077], [0.9753086298058913, 0.641382702027685], [0.9576910035052302, 0.7838644116393092], [0.9491491240867282, 0.8528540211042419], [0.9407407115341396, 0.8409779309315705], [0.943009648254679, 0.7266171607333194]]
1.1605, [[0.9961294608884915, 0.6823960918780637], [0.9779779671241733, 0.9633503091025374], [0.9673006178510453, 0.9075856719249623], [0.9779779671241733, 0.6533430880921136], [0.9188521455242276, 0.9612850592624176], [0.9663663497896468, 0.8351154261351517], [0.9739739611467503, 0.6447590807687423], [0.9281948261382146, 0.9525072052867194], [0.9663663497896468, 0.6511353278584431], [0.9193860129878835, 0.8652462430185466]]
1.1881, [[0.9779779671241733, 0.9633503091025374], [0.9543543318573777, 0.9473437192496263], [0.9689022202420154, 0.8285857090172672], [0.9562228679801759, 0.8544031392027286], [0.9446112506456481, 0.884350346194841], [0.9646312805327633, 0.6732184888083558], [0.8796128869454811, 1.0], [0.8956289108551733, 0.9669646770411425], [0.9857190453471915, 0.6568574097278077], [0.9715715575602974, 0.6423609804004572]]
1.1597, [[0.9958625271566636, 0.6518894016424671], [0.9779779671241733, 0.9633503091025374], [0.9689022202420154, 0.8285857090172672], [0.9410076452659676, 0.8977755544659991], [0.9742408948785795, 0.6548999263429709], [0.9295294947973556, 0.8957095817522921], [0.9562228679801759, 0.8544031392027286], [0.9407407115341396, 0.8409779309315705], [0.9093759980443259, 0.8332330633127258], [0.9454120518411332, 0.6581966983448334]]
1.1195, [[0.97490822920815, 0.726701014069494], [0.4552146084477774, 0.6176023578715659], [0.9734400936830944, 0.7132758057983372], [0.4823323408390431, 0.6325219665156839], [0.4310197454160496, 0.634086428480718], [0.584957531685033, 0.6164998677136689], [0.43329308825124496, 0.6082331079879778], [0.7891792755556579, 0.6477255058629302], [0.8510131612922636, 0.6476496056809042], [0.9271270912109015, 0.951474218929866]]
1.1629, [[0.9689022202420154, 0.8540698944787894], [0.93393390137252, 0.971611308463014], [0.9500833921481266, 0.8729911106373912], [0.9961294608884915, 0.6823960918780637], [0.8902902362186091, 0.9060365538264756], [0.9739739611467503, 0.6447590807687423], [0.9510176602095252, 0.7358945203581327], [0.9626292775440517, 0.6526551426575795], [0.9620954100803958, 0.6570204561232698], [0.9618284763485678, 0.638746792321043]]
1.0754, [[0.9673006178510453, 0.9075856719249623], [0.9491491240867282, 0.8528540211042419], [0.9636970124713647, 0.6992513353229586], [0.9476809885616726, 0.8693767426987848], [0.9486152566230711, 0.7760530396503938], [0.9506172596117826, 0.6410837766160099], [0.9407407115341396, 0.8409779309315705], [0.9486152566230711, 0.6550464617110443], [0.9203202810492819, 0.7805666623321252], [0.926993624344987, 0.6526289440375905]]
1.1935, [[0.9958625271566636, 0.6518894016424671], [0.9715715575602974, 0.9963957522916218], [0.9729062262194385, 0.9318539840119382], [0.9374040398862871, 0.9736772811767209], [0.9404737778023117, 0.9241083935195051], [0.904838124603247, 0.9091347900234489], [0.9410076452659676, 0.8977755544659991], [0.9116449347648653, 0.7449889929652521], [0.9231230852334785, 0.8461912952462163], [0.9265932237472444, 0.7416081131954808]]
1.1816, [[0.9435435157183363, 0.957154559582178], [0.8796128869454811, 1.0], [0.9271270912109015, 0.951474218929866], [0.9391391091431707, 0.9272066297164784], [0.9404737778023117, 0.9241083935195051], [0.9324657658474655, 0.9161495553186959], [0.8868200977048433, 0.908119875506289], [0.9673006178510453, 0.9075856719249623], [0.9478144554275872, 0.9024221858878705], [0.980246903844714, 0.8678276246002982]]
1.2024, [[0.9715715575602974, 0.9963957522916218], [0.8796128869454811, 1.0], [0.8796128869454811, 1.0], [0.9779779671241733, 0.9633503091025374], [1.0, 0.6591387956652415], [0.863883870988539, 0.9783239125985936], [0.9958625271566636, 0.6518894016424671], [0.980246903844714, 0.8678276246002982], [0.9734400936830944, 0.7132758057983372], [0.9689022202420154, 0.8285857090172672]]
1.131, [[0.9354020368975756, 0.942697087827755], [0.9261928231495031, 0.9065526855681088], [0.937670973618115, 0.8502726395224902], [0.9519519282709237, 0.8378298164570459], [0.9604938076894268, 0.828069577275634], [0.9486152566230711, 0.7760530396503938], [0.85843595154038, 0.7929162347047541], [0.9447447175115626, 0.7743709128117672], [0.8877543657662418, 0.7723049400980603], [0.9961294608884915, 0.6823960918780637]]
1.136, [[0.9646312805327633, 0.6732184888083558], [0.9447447175115626, 0.8276199499040715], [0.937670973618115, 0.8502726395224902], [0.9374040398862871, 0.9736772811767209], [0.9606272745553401, 0.6560431465097575], [0.9527527294664088, 0.6604599305761335], [0.9276609586745574, 0.8590497706246], [0.8701367394655807, 0.9297887341718185], [0.9368701724226312, 0.7830150351737368], [0.8913579711459222, 0.9592198094222979]]
1.1243, [[0.9281948261382146, 0.9525072052867194], [0.9476809885616726, 0.8693767426987848], [0.9231230852334785, 0.8461912952462163], [0.9519519282709237, 0.8378298164570459], [0.9268601574790736, 0.7972563677254313], [0.9005671848939947, 0.7981223702835216], [0.976509831599119, 0.6530918424840197], [0.9438104494501642, 0.648793499767176], [0.9599599402257697, 0.7496695994457466], [0.9268601574790736, 0.6578803352664776]]
1.1856, [[0.9715715575602974, 0.9963957522916218], [0.9857190453471915, 0.6568574097278077], [0.8766766158953712, 0.9871017665742918], [0.9753086298058913, 0.641382702027685], [0.9543543318573777, 0.9473437192496263], [0.8561886847680149, 0.9230226373907477], [0.8725391430520335, 0.9204940255809], [0.9478144554275872, 0.9024221858878705], [0.9462128530366183, 0.8523378893626088], [0.9588922052984579, 0.8368474312513322]]
1.1868, [[0.9715715575602974, 0.9963957522916218], [0.980246903844714, 0.8678276246002982], [0.9543543318573777, 0.9473437192496263], [0.9795795695151435, 0.8074163560008529], [0.9689022202420154, 0.8540698944787894], [0.97784450025826, 0.7649930737582601], [0.9191190792560555, 0.8949086378170968], [0.9374040398862871, 0.9736772811767209], [0.8796128869454811, 1.0], [0.9446112506456481, 0.884350346194841]]
1.1803, [[0.9715715575602974, 0.9963957522916218], [0.97784450025826, 0.7649930737582601], [0.9742408948785795, 0.6548999263429709], [0.9188521455242276, 0.9612850592624176], [0.9547547324551202, 0.8363312995096991], [0.9324657658474655, 0.9161495553186959], [0.9446112506456481, 0.884350346194841], [0.8997663836985108, 0.8694266209763375], [0.9511511270754397, 0.8802198465146027], [0.6497806366758877, 0.6271506597383906]]
1.1234, [[0.9271270912109015, 0.951474218929866], [0.9354020368975756, 0.942697087827755], [0.9382048410817722, 0.934951497335323], [0.9519519282709237, 0.8378298164570459], [0.8852184953138731, 0.8693767426987848], [0.9378044404840297, 0.8342653267959921], [0.9416749795955381, 0.8087818642080584], [0.9159158744741164, 0.7568152048603709], [0.85843595154038, 0.7929162347047541], [0.97490822920815, 0.726701014069494]]
1.1892, [[0.8796128869454811, 1.0], [0.9410076452659676, 0.8977755544659991], [0.980246903844714, 0.8678276246002982], [0.9260593562835885, 0.8578338972500525], [0.9689022202420154, 0.8540698944787894], [0.9407407115341396, 0.8487227985504152], [0.9689022202420154, 0.8285857090172672], [0.9432765819865071, 0.8246048441696869], [0.9583583378348007, 0.7779679317842672], [0.9961294608884915, 0.6823960918780637]]
1.0624, [[0.9500833921481266, 0.8729911106373912], [0.9486152566230711, 0.660555037463489], [0.9476809885616726, 0.8693767426987848], [0.9273940249427295, 0.6711026378170961], [0.926993624344987, 0.7458383694308244], [0.9263262900154164, 0.6496358570037675], [0.9185852117923984, 0.7505688541888716], [0.9200533473174539, 0.6402337956652415], [0.9136469377535769, 0.8030191159667448], [0.9031030553463634, 0.9135146810914518]]
1.163, [[0.9779779671241733, 0.9633503091025374], [1.0, 0.6591387956652415], [0.8752084803703155, 0.9359844836921766], [0.9857190453471915, 0.6568574097278077], [0.9261928231495031, 0.9065526855681088], [0.9276609586745574, 0.8590497706246], [0.9486152566230711, 0.6550464617110443], [0.9542208649914643, 0.6539711389323964], [0.65876970376535, 0.6533742568683063], [0.8544862099404651, 0.6521280112602125]]
1.1739, [[0.8766766158953712, 0.9871017665742918], [0.9543543318573777, 0.9473437192496263], [0.9891891838609586, 0.6581841044744529], [0.9435435157183363, 0.957154559582178], [0.9511511270754397, 0.8802198465146027], [0.9795795695151435, 0.8074163560008529], [0.9354020368975756, 0.942697087827755], [0.97784450025826, 0.7649930737582601], [0.8561886847680149, 0.9230226373907477], [0.97490822920815, 0.726701014069494]]
1.163, [[0.9779779671241733, 0.9633503091025374], [1.0, 0.6591387956652415], [0.9435435157183363, 0.957154559582178], [0.9729062262194385, 0.9318539840119382], [0.9391391091431707, 0.9272066297164784], [0.9404737778023117, 0.9241083935195051], [0.9276609586745574, 0.8369804399914722], [0.9566232685779171, 0.6871591059475585], [0.9779779671241733, 0.6533430880921136], [0.9528861963323233, 0.6468990699741777]]
1.157, [[0.9374040398862871, 0.9736772811767209], [0.9779779671241733, 0.9633503091025374], [0.9543543318573777, 0.9473437192496263], [0.9446112506456481, 0.884350346194841], [0.9511511270754397, 0.8802198465146027], [0.9562228679801759, 0.8544031392027286], [0.9689022202420154, 0.8540698944787894], [0.9093759980443259, 0.8332330633127258], [0.97784450025826, 0.7649930737582601], [0.9229896183675639, 0.7549458537625233]]
1.1542, [[0.9729062262194385, 0.9318539840119382], [0.9795795695151435, 0.8074163560008529], [0.93393390137252, 0.971611308463014], [0.9500833921481266, 0.8729911106373912], [0.9410076452659676, 0.8977755544659991], [0.9607607414212548, 0.7673084378597317], [0.8653319322926726, 0.9358066567895966], [0.9223222840379934, 0.8487227985504152], [0.9595595396280283, 0.6559907492697795], [0.9265932237472444, 0.7416081131954808]]
1.1404, [[0.9193860129878835, 0.8652462430185466], [0.863883870988539, 0.9783239125985936], [0.9754420966718059, 0.7110442950330413], [0.9031030553463634, 0.9135146810914518], [0.8701367394655807, 0.9297887341718185], [0.921654949708423, 0.6531539694365661], [0.9543543318573777, 0.6514749832790078], [0.9105771998375523, 0.6793809861436791], [0.8860192965093582, 0.7853275077808571], [0.9047046577373323, 0.6586675574651822]]
1.1464, [[0.9180513443287425, 0.9716120313366023], [0.97784450025826, 0.7649930737582601], [0.9689022202420154, 0.8285857090172672], [0.97490822920815, 0.726701014069494], [0.9276609586745574, 0.8590497706246], [0.9734400936830944, 0.7132758057983372], [0.9547547324551202, 0.8363312995096991], [0.9031030553463634, 0.9135146810914518], [0.9438104494501642, 0.8322007998294608], [0.9427427145228512, 0.8244884615220636]]
1.1447, [[0.9374040398862871, 0.9736772811767209], [0.8599341293886242, 0.8833535035173735], [0.9476809885616726, 0.8693767426987848], [0.8788120857499973, 0.864213256661693], [0.9305972297246674, 0.822922717331059], [0.9734400936830944, 0.7132758057983372], [0.9683683527783583, 0.6570913019091563], [0.9620954100803958, 0.6570204561232698], [0.8790790194818252, 0.7471467706246002], [0.34912907191651804, 0.611617615882826]]
0.9323, [[0.97784450025826, 0.7649930737582601], [0.7916989383004314, 0.6526046829361216], [0.8578911595955646, 0.6455917082927656], [0.7773981497490138, 0.6469403054226812], [0.7647317370320443, 0.6452264439317614], [0.7724950222456708, 0.6428154127333532], [0.6691207507168522, 0.6445009696058926], [0.7269367958604407, 0.6317364291156924], [0.6813785694752101, 0.633091175760911], [0.6420173514622612, 0.6359303564322906]]
1.0508, [[0.9446112506456481, 0.884350346194841], [0.9041707902736764, 0.8776384649328498], [0.8914914380118368, 0.8373642858665525], [0.9689022202420154, 0.8285857090172672], [0.8597298324093181, 0.7663759309315707], [0.8610918122713579, 0.7648448846727777], [0.8678678027450399, 0.7368559422298014], [0.9087086637147553, 0.6520155509461119], [0.8499916763957337, 0.6448637488887948], [0.7056899100126205, 0.635718198154341]]
1.1868, [[0.9715715575602974, 0.9963957522916218], [0.8796128869454811, 1.0], [0.9374040398862871, 0.9736772811767209], [0.8956289108551733, 0.9669646770411425], [0.920854148512939, 0.9122330262204221], [0.9446112506456481, 0.884350346194841], [0.980246903844714, 0.8678276246002982], [0.9276609586745574, 0.8590497706246], [0.9562228679801759, 0.8544031392027286], [0.9491491240867282, 0.8528540211042419]]
0.4661, [[0.5469602300110425, 0.6203760841129408], [0.3042744611545978, 0.5908151955721119], [0.30432269932871564, 0.5754986062312154], [0.3099321098618549, 0.5737839023409389], [0.30344752102686223, 0.5759673593531728], [0.3014353000493725, 0.5903920583753122], [0.3075064188204974, 0.5390753183986373], [0.3029651392856832, 0.5849334790246794], [0.3049704690954418, 0.5640311922702451], [0.3025378868863532, 0.5819071172162723]]
1.1717, [[0.9673006178510453, 0.9075856719249623], [0.9543543318573777, 0.9473437192496263], [0.9961294608884915, 0.6823960918780637], [0.9374040398862871, 0.9736772811767209], [0.9739739611467503, 0.6447590807687423], [0.863883870988539, 0.9783239125985936], [0.8956289108551733, 0.9669646770411425], [0.9324657658474655, 0.9161495553186959], [0.9646312805327633, 0.6732184888083558], [0.9574240697734022, 0.6588857810184989]]
1.1374, [[0.6243116132557442, 0.6402321108665284], [0.3268774913127017, 0.5923857228125132], [0.3250375495284902, 0.5619347551115439], [0.9374040398862871, 0.9736772811767209], [0.9500833921481266, 0.8729911106373912], [0.35280206431720995, 0.6164977195953096], [0.29560537214883714, 0.5809996846293866], [0.9646312805327633, 0.6732184888083558], [0.6676906718617108, 0.6242365897642129], [0.36850281744816094, 0.6062078956948737]]
1.0957, [[0.9523523288686662, 0.6866097220208907], [0.9404737778023117, 0.9241083935195051], [0.8752084803703155, 0.9359844836921766], [0.9636970124713647, 0.6992513353229586], [0.8487658945198977, 0.6461194714896499], [0.8906906368163517, 0.8270373137923678], [0.9203202810492819, 0.7805666623321252], [0.7598286095287012, 0.6443967226855184], [0.859866030395522, 0.6432998766033103], [0.8653319322926726, 0.6531064159928883]]
1.1428, [[0.9188521455242276, 0.9612850592624176], [0.8913579711459222, 0.9592198094222979], [0.9382048410817722, 0.934951497335323], [0.9391391091431707, 0.9272066297164784], [0.9476809885616726, 0.8693767426987848], [0.9407407115341396, 0.8487227985504152], [0.9231230852334785, 0.8461912952462163], [0.9667667503873894, 0.8384796798124062], [0.9105771998375523, 0.6793809861436791], [0.9857190453471915, 0.6568574097278077]]
1.1264, [[0.9543543318573777, 0.9473437192496263], [0.9673006178510453, 0.9075856719249623], [0.9324657658474655, 0.9161495553186959], [0.937670973618115, 0.8502726395224902], [0.9519519282709237, 0.8378298164570459], [0.9604938076894268, 0.828069577275634], [0.97784450025826, 0.7649930737582601], [0.7863191178453744, 0.6478407882148753], [0.7506352454599328, 0.6550641099775643], [0.6837620342337797, 0.6251008493840748]]
1.1991, [[0.9958625271566636, 0.6518894016424671], [0.9715715575602974, 0.9963957522916218], [0.9779779671241733, 0.9633503091025374], [0.980246903844714, 0.8678276246002982], [0.8796128869454811, 1.0], [0.8956289108551733, 0.9669646770411425], [0.9543543318573777, 0.9473437192496263], [0.9673006178510453, 0.9075856719249623], [0.97784450025826, 0.7649930737582601], [0.9650316811305057, 0.6651736286506066]]
1.125, [[0.9543543318573777, 0.9473437192496263], [0.9604938076894268, 0.828069577275634], [0.97784450025826, 0.7649930737582601], [0.9478144554275872, 0.9024221858878705], [0.9566232685779171, 0.6871591059475585], [0.8734734111134331, 0.9019060541462374], [0.9422088470591952, 0.7909268865913448], [0.9276609586745574, 0.8915790820720526], [0.9276609586745574, 0.8590497706246], [0.9368701724226312, 0.7830150351737368]]
1.1638, [[0.9604938076894268, 0.828069577275634], [0.9958625271566636, 0.6518894016424671], [0.9374040398862871, 0.9736772811767209], [0.97784450025826, 0.7649930737582601], [0.9188521455242276, 0.9612850592624176], [0.9486152566230711, 0.7760530396503938], [0.9734400936830944, 0.7132758057983372], [0.9268601574790736, 0.7972563677254313], [0.9203202810492819, 0.7805666623321252], [0.9462128530366183, 0.7132093014282666]]
1.1519, [[0.9180513443287425, 0.9716120313366023], [0.9382048410817722, 0.934951497335323], [0.9729062262194385, 0.9318539840119382], [0.97784450025826, 0.7649930737582601], [0.97490822920815, 0.726701014069494], [0.9519519282709237, 0.8378298164570459], [0.9615615426167399, 0.7562152197825619], [0.9244577538926195, 0.692605958431038], [0.9734400936830944, 0.7132758057983372], [0.9510176602095252, 0.7358945203581327]]
1.163, [[0.9779779671241733, 0.9633503091025374], [0.9729062262194385, 0.9318539840119382], [0.9404737778023117, 0.9241083935195051], [0.9673006178510453, 0.9075856719249623], [0.9689022202420154, 0.8285857090172672], [0.9547547324551202, 0.8363312995096991], [0.9576910035052302, 0.7838644116393092], [0.9673006178510453, 0.6728686179918986], [1.0, 0.6591387956652415], [0.926993624344987, 0.6526289440375905]]
1.0535, [[0.7833227621488872, 0.6550447347923634], [0.7799859114868894, 0.6535923119417517], [0.97784450025826, 0.7649930737582601], [0.9511511270754397, 0.8802198465146027], [0.763778351128616, 0.6551028182279981], [0.7764447638455861, 0.6553933196461076], [0.9519519282709237, 0.8378298164570459], [0.943009648254679, 0.7266171607333194], [0.7685452806457553, 0.6571943273504636], [0.7425314652807958, 0.6531297083350972]]
1.1612, [[0.97490822920815, 0.726701014069494], [0.9961294608884915, 0.6823960918780637], [0.9689022202420154, 0.8285857090172672], [0.9519519282709237, 0.8378298164570459], [0.9698364883034138, 0.7192720422084845], [0.9891891838609586, 0.6581841044744529], [0.9180513443287425, 0.9716120313366023], [0.9281948261382146, 0.9525072052867194], [0.9261928231495031, 0.9065526855681088], [0.9305972297246674, 0.822922717331059]]
0.9537, [[0.9227226846357359, 0.8090153523768923], [0.9515515276731823, 0.733646383500319], [0.8808140887387087, 0.7624948226390957], [0.9387387085454281, 0.6542147187063455], [0.871337941258807, 0.6547983751005376], [0.8446118559406768, 0.6580130974050713], [0.8773439502249416, 0.6366000639207552], [0.7754232789490564, 0.6750733824344481], [0.8481530035819801, 0.652414848241121], [0.8510131612922636, 0.6476496056809042]]
1.1374, [[0.7697710625215912, 0.648305539939889], [0.32911022965758757, 0.6083197066418321], [0.9689022202420154, 0.8285857090172672], [0.863883870988539, 0.9783239125985936], [0.9427427145228512, 0.7806497927947126], [0.3298406934370873, 0.5986463505905262], [0.8393682334718232, 0.6760702251119156], [0.9003002511621667, 0.8425270490300572], [0.6867583899302676, 0.6214223862337552], [0.9472805879639301, 0.6527269572027261]]
1.1749, [[0.9715715575602974, 0.9963957522916218], [0.9271270912109015, 0.951474218929866], [0.9446112506456481, 0.884350346194841], [0.9476809885616726, 0.8693767426987848], [0.9646312805327633, 0.6732184888083558], [0.9191190792560555, 0.8949086378170968], [0.9588922052984579, 0.8368474312513322], [0.9462128530366183, 0.8523378893626088], [0.9518184614050103, 0.6523911346992338], [0.8934934410005484, 0.6401598330017356]]
1.1397, [[0.980246903844714, 0.8678276246002982], [0.9673006178510453, 0.9075856719249623], [0.9435435157183363, 0.957154559582178], [0.9683683527783583, 0.6570913019091563], [0.9742408948785795, 0.6548999263429709], [0.9673006178510453, 0.6728686179918986], [0.9604938076894268, 0.828069577275634], [0.9511511270754397, 0.8802198465146027], [0.8561886847680149, 0.9230226373907477], [0.9528861963323233, 0.6468990699741777]]
1.178, [[0.9715715575602974, 0.9963957522916218], [0.9754420966718059, 0.7110442950330413], [0.93393390137252, 0.971611308463014], [0.9689022202420154, 0.8540698944787894], [0.9739739611467503, 0.6447590807687423], [0.9271270912109015, 0.951474218929866], [0.9191190792560555, 0.8949086378170968], [0.9511511270754397, 0.8802198465146027], [0.9588922052984579, 0.8368474312513322], [0.9547547324551202, 0.8363312995096991]]
1.1463, [[0.9779779671241733, 0.9633503091025374], [0.9209876153788524, 0.8667953611170318], [0.9599599402257697, 0.7496695994457466], [0.9486152566230711, 0.7760530396503938], [0.932599232713379, 0.7821157804306119], [0.928328293004128, 0.6595738528129366], [0.9626292775440517, 0.6526551426575795], [0.9483483228912432, 0.6536916308258901], [0.5807356092768113, 0.6019258112856115], [0.6409277675726293, 0.6261678745290606]]
1.1413, [[0.9663663497896468, 0.8351154261351517], [0.9673006178510453, 0.6728686179918986], [0.9958625271566636, 0.6518894016424671], [0.9281948261382146, 0.9525072052867194], [0.9404737778023117, 0.9241083935195051], [0.9599599402257697, 0.7496695994457466], [0.9891891838609586, 0.6581841044744529], [0.9261928231495031, 0.9065526855681088], [0.976509831599119, 0.6530918424840197], [0.8902902362186091, 0.9060365538264756]]
1.1286, [[0.97784450025826, 0.7649930737582601], [1.0, 0.6591387956652415], [0.9729062262194385, 0.9318539840119382], [0.9961294608884915, 0.6823960918780637], [0.9754420966718059, 0.7110442950330413], [0.8852184953138731, 0.8693767426987848], [0.9398064434727411, 0.8440761671285437], [0.9689022202420154, 0.8285857090172672], [0.9958625271566636, 0.6518894016424671], [0.9604938076894268, 0.828069577275634]]
1.157, [[0.9779779671241733, 0.9633503091025374], [0.9374040398862871, 0.9736772811767209], [0.9435435157183363, 0.957154559582178], [0.9673006178510453, 0.9075856719249623], [0.97490822920815, 0.726701014069494], [0.9754420966718059, 0.7110442950330413], [0.9391391091431707, 0.9272066297164784], [0.9604938076894268, 0.828069577275634], [0.9615615426167399, 0.7562152197825619], [0.920854148512939, 0.9122330262204221]]
1.1739, [[0.9779779671241733, 0.9633503091025374], [0.9729062262194385, 0.9318539840119382], [0.9795795695151435, 0.8074163560008529], [0.9374040398862871, 0.9736772811767209], [0.9435435157183363, 0.957154559582178], [0.9891891838609586, 0.6581841044744529], [1.0, 0.6591387956652415], [0.9599599402257697, 0.7496695994457466], [0.9576910035052302, 0.7838644116393092], [0.9251250882221901, 0.708345807930078]]
1.0887, [[0.9683683527783583, 0.6570913019091563], [0.8833499591910762, 0.9365006154338098], [0.9031030553463634, 0.9135146810914518], [0.9542208649914643, 0.6539711389323964], [0.925658955685846, 0.6573882898023113], [0.9618284763485678, 0.638746792321043], [0.8701367394655807, 0.9297887341718185], [0.8982982481734553, 0.8292984623747598], [0.8625218911264994, 0.8643375909187805], [0.8627261881058054, 0.715775502664677]]
1.1418, [[0.9646312805327633, 0.6732184888083558], [0.9374040398862871, 0.9736772811767209], [0.9432765819865071, 0.6564216786606274], [0.9739739611467503, 0.6447590807687423], [0.9281948261382146, 0.9525072052867194], [0.9568902023097463, 0.6388826713372561], [0.926993624344987, 0.7458383694308244], [0.9543543318573777, 0.6514749832790078], [0.9244577538926195, 0.692605958431038], [0.9347347025680051, 0.638665290183296]]
1.0853, [[0.980246903844714, 0.8678276246002982], [0.9607607414212548, 0.7673084378597317], [0.9588922052984579, 0.8368474312513322], [0.9595595396280283, 0.6559907492697795], [0.9562228679801759, 0.8544031392027286], [0.9478144554275872, 0.9024221858878705], [0.9462128530366183, 0.8523378893626088], [0.9223222840379934, 0.8487227985504152], [0.9438104494501642, 0.8322007998294608], [0.8902902362186091, 0.9060365538264756]]
0.7967, [[0.8776108839567696, 0.6436887702662659], [0.7403522975015323, 0.6342723460187106], [0.830787760340973, 0.654119359099183], [0.6789270057235389, 0.6258777100706938], [0.7050089200816005, 0.6385386775600052], [0.6343902642348381, 0.641880180967701], [0.4209520842887535, 0.619318114761038], [0.9316649646519806, 0.6722187546365382], [0.7296607555845203, 0.6262240204461753], [0.34875005769130596, 0.6089632997502434]]
1.1256, [[0.9519519282709237, 0.8378298164570459], [0.9646312805327633, 0.6732184888083558], [0.9636970124713647, 0.6992513353229586], [0.9276609586745574, 0.8915790820720526], [0.9811811719061125, 0.6379587277229819], [0.9527527294664088, 0.6604599305761335], [0.9271270912109015, 0.951474218929866], [0.9606272745553401, 0.6560431465097575], [0.9227226846357359, 0.8090153523768923], [0.8734734111134331, 0.9019060541462374]]
1.1609, [[0.9374040398862871, 0.9736772811767209], [0.9673006178510453, 0.9075856719249623], [0.9689022202420154, 0.8540698944787894], [0.9891891838609586, 0.6581841044744529], [0.9137804046194915, 0.9411479697292684], [0.9604938076894268, 0.828069577275634], [0.9739739611467503, 0.6447590807687423], [0.9683683527783583, 0.6570913019091563], [0.9542208649914643, 0.6502608752063667], [0.9447447175115626, 0.8276199499040715]]
1.1569, [[0.9180513443287425, 0.9716120313366023], [0.9779779671241733, 0.9633503091025374], [0.8913579711459222, 0.9592198094222979], [0.9543543318573777, 0.9473437192496263], [0.8833499591910762, 0.9365006154338098], [0.8725391430520335, 0.9204940255809], [0.9478144554275872, 0.9024221858878705], [0.9511511270754397, 0.8802198465146027], [0.980246903844714, 0.8678276246002982], [0.9689022202420154, 0.8540698944787894]]
1.1359, [[0.9271270912109015, 0.951474218929866], [0.9636970124713647, 0.6992513353229586], [0.863883870988539, 0.9783239125985936], [0.9368701724226312, 0.7830150351737368], [0.9571571360415743, 0.6575959833636711], [0.8914914380118368, 0.894962130462588], [0.9261928231495031, 0.7743875389042839], [0.9395395097409132, 0.660069773314143], [0.8892225012912961, 0.8487227985504152], [0.9273940249427295, 0.6711026378170961]]
1.1511, [[0.9180513443287425, 0.9716120313366023], [0.9435435157183363, 0.957154559582178], [0.9410076452659676, 0.8977755544659991], [0.9491491240867282, 0.8528540211042419], [0.9604938076894268, 0.828069577275634], [0.9795795695151435, 0.8074163560008529], [0.9169836094014294, 0.785730148369217], [0.9447447175115626, 0.7743709128117672], [0.97784450025826, 0.7649930737582601], [0.943009648254679, 0.752167850564911]]
1.1356, [[0.9382048410817722, 0.934951497335323], [0.9188521455242276, 0.9612850592624176], [0.9188521455242276, 0.9612850592624176], [0.9410076452659676, 0.8977755544659991], [0.9511511270754397, 0.8802198465146027], [0.97490822920815, 0.726701014069494], [0.9354020368975756, 0.942697087827755], [0.9667667503873894, 0.8384796798124062], [0.9324657658474655, 0.9161495553186959], [0.9438104494501642, 0.648793499767176]]
1.1563, [[0.9779779671241733, 0.9633503091025374], [0.9795795695151435, 0.8074163560008529], [0.9354020368975756, 0.942697087827755], [0.9689022202420154, 0.8540698944787894], [0.9734400936830944, 0.7132758057983372], [0.93393390137252, 0.971611308463014], [0.9650316811305057, 0.6651736286506066], [0.9626292775440517, 0.6526551426575795], [0.9571571360415743, 0.6575959833636711], [0.932599232713379, 0.7821157804306119]]
1.1347, [[0.9271270912109015, 0.951474218929866], [0.97784450025826, 0.7649930737582601], [0.9891891838609586, 0.6581841044744529], [0.9295294947973556, 0.8957095817522921], [0.9811811719061125, 0.6379587277229819], [0.9476809885616726, 0.8693767426987848], [0.976509831599119, 0.6530918424840197], [0.9276609586745574, 0.8590497706246], [0.9462128530366183, 0.8523378893626088], [0.9368701724226312, 0.7830150351737368]]
1.0566, [[0.8914914380118368, 0.894962130462588], [0.9223222840379934, 0.8487227985504152], [0.8790790194818252, 0.7471467706246002], [0.8764096821635432, 0.7388395073545082], [0.7714735373491409, 0.6567585962832833], [0.927260558076815, 0.6600707420734031], [0.9268601574790736, 0.6578803352664776], [0.8853519621797877, 0.6536896933073699], [0.7425314652807958, 0.6581499030605765], [0.976509831599119, 0.6530918424840197]]
1.1817, [[0.9715715575602974, 0.9963957522916218], [0.9779779671241733, 0.9633503091025374], [0.9753086298058913, 0.641382702027685], [0.9588922052984579, 0.8368474312513322], [0.9715715575602974, 0.6423609804004572], [0.9562228679801759, 0.8544031392027286], [0.9478144554275872, 0.9024221858878705], [0.9462128530366183, 0.8523378893626088], [0.9382048410817722, 0.934951497335323], [0.9446112506456481, 0.6458499458155188]]
1.1697, [[0.9795795695151435, 0.8074163560008529], [0.8766766158953712, 0.9871017665742918], [0.93393390137252, 0.971611308463014], [0.9543543318573777, 0.9473437192496263], [0.8913579711459222, 0.9592198094222979], [0.9382048410817722, 0.934951497335323], [0.9729062262194385, 0.9318539840119382], [0.9689022202420154, 0.8540698944787894], [0.9324657658474655, 0.9161495553186959], [0.9564898017120038, 0.7960563975698146]]
1.1407, [[0.9354020368975756, 0.942697087827755], [0.9891891838609586, 0.6581841044744529], [0.9281948261382146, 0.9525072052867194], [0.9729062262194385, 0.9318539840119382], [0.9667667503873894, 0.8384796798124062], [0.8725391430520335, 0.9204940255809], [0.9615615426167399, 0.7562152197825619], [0.8868200977048433, 0.908119875506289], [0.9599599402257697, 0.7496695994457466], [0.9583583378348007, 0.6573611224230622]]
1.1455, [[0.9961294608884915, 0.6823960918780637], [0.97784450025826, 0.7649930737582601], [0.9689022202420154, 0.8540698944787894], [0.9543543318573777, 0.9473437192496263], [0.9606272745553401, 0.6560431465097575], [0.9511511270754397, 0.8802198465146027], [0.9410076452659676, 0.8977755544659991], [0.9510176602095252, 0.7358945203581327], [0.9281948261382146, 0.9525072052867194], [0.9480813891594152, 0.6490632781611142]]
1.1884, [[0.9961294608884915, 0.6823960918780637], [0.8796128869454811, 1.0], [0.9519519282709237, 0.8378298164570459], [0.9435435157183363, 0.957154559582178], [0.9779779671241733, 0.6533430880921136], [0.9491491240867282, 0.8528540211042419], [0.9324657658474655, 0.9161495553186959], [0.976509831599119, 0.6530918424840197], [0.9476809885616726, 0.8693767426987848], [0.9754420966718059, 0.7110442950330413]]
1.1552, [[0.8766766158953712, 0.9871017665742918], [0.9961294608884915, 0.6823960918780637], [0.8442032619820646, 0.6411201261482453], [0.7517929283426665, 0.6408982381577277], [0.7309546364534578, 0.6395678368539136], [0.7409651884394499, 0.6345366909367989], [0.7331338042327213, 0.6332024145959446], [0.6969051399024636, 0.625381621089616], [0.7316356263844777, 0.6243777758963722], [0.7162452539434286, 0.63204596875926]]
1.1136, [[0.9407407115341396, 0.8409779309315705], [0.863883870988539, 0.9783239125985936], [0.943009648254679, 0.7266171607333194], [0.8893559681572107, 0.6905739607759529], [0.8550991008783828, 0.7223449778298873], [0.8877543657662418, 0.6575416064852051], [0.8628623860920093, 0.6426786070778479], [0.7848209399971309, 0.6521108684333066], [0.7750146849904441, 0.6578333715023494], [0.770588250438815, 0.6606220082123354]]
1.1432, [[0.9543543318573777, 0.9473437192496263], [0.9667667503873894, 0.8384796798124062], [0.9891891838609586, 0.6581841044744529], [0.9435435157183363, 0.957154559582178], [0.9564898017120038, 0.7960563975698146], [0.9588922052984579, 0.641328325149219], [0.9031030553463634, 0.9135146810914518], [0.9227226846357359, 0.8090153523768923], [0.9268601574790736, 0.7972563677254313], [0.9462128530366183, 0.7132093014282666]]
1.1316, [[0.9304637628587541, 0.65826657537146], [0.9527527294664088, 0.6603230828006604], [0.9689022202420154, 0.8540698944787894], [0.9663663497896468, 0.8351154261351517], [0.9169836094014294, 0.785730148369217], [0.9604938076894268, 0.828069577275634], [0.9407407115341396, 0.8487227985504152], [0.9673006178510453, 0.9075856719249623], [0.8913579711459222, 0.9592198094222979], [0.9188521455242276, 0.9612850592624176]]
1.1662, [[0.9180513443287425, 0.9716120313366023], [0.9689022202420154, 0.8540698944787894], [0.9382048410817722, 0.934951497335323], [0.93393390137252, 0.971611308463014], [0.97490822920815, 0.726701014069494], [0.9961294608884915, 0.6823960918780637], [0.9754420966718059, 0.7110442950330413], [1.0, 0.6591387956652415], [0.9137804046194915, 0.9411479697292684], [0.9891891838609586, 0.6581841044744529]]
1.1358, [[0.9811811719061125, 0.6379587277229819], [0.9734400936830944, 0.7132758057983372], [0.9715715575602974, 0.6423609804004572], [0.9506172596117826, 0.6410837766160099], [0.8478806076095717, 0.6453651028658511], [0.9391391091431707, 0.9272066297164784], [0.9398064434727411, 0.8440761671285437], [0.7751508829766487, 0.6408392280828007], [0.9188521455242276, 0.9612850592624176], [0.9347347025680051, 0.638665290183296]]
1.1833, [[0.9715715575602974, 0.9963957522916218], [0.980246903844714, 0.8678276246002982], [0.9271270912109015, 0.951474218929866], [0.9476809885616726, 0.8693767426987848], [0.9667667503873894, 0.8384796798124062], [0.9427427145228512, 0.8244884615220636], [0.9566232685779171, 0.6871591059475585], [0.9536869975278072, 0.6900072278831799], [0.927260558076815, 0.6600707420734031], [0.9231230852334785, 0.6605773610464378]]
1.1201, [[0.8788120857499973, 0.864213256661693], [0.9183182780605704, 0.8352983131528456], [0.8769435496271991, 0.787395649115327], [0.9438104494501642, 0.8322007998294608], [0.8914914380118368, 0.8373642858665525], [0.8906906368163517, 0.8270373137923678], [0.9295294947973556, 0.8957095817522921], [0.9422088470591952, 0.7909268865913448], [0.9281948261382146, 0.9525072052867194], [0.9689022202420154, 0.8285857090172672]]
1.1463, [[0.9779779671241733, 0.9633503091025374], [0.9435435157183363, 0.957154559582178], [0.9478144554275872, 0.9024221858878705], [0.9663663497896468, 0.8351154261351517], [0.9097763986420684, 0.9055204220848437], [0.9268601574790736, 0.7972563677254313], [0.9427427145228512, 0.7806497927947126], [0.9031030553463634, 0.9135146810914518], [0.9599599402257697, 0.7496695994457466], [0.8784116851522547, 0.8371640498827534]]
1.1677, [[0.980246903844714, 0.8678276246002982], [0.9374040398862871, 0.9736772811767209], [0.9961294608884915, 0.6823960918780637], [0.9564898017120038, 0.7960563975698146], [0.9354020368975756, 0.942697087827755], [0.9754420966718059, 0.7110442950330413], [0.9324657658474655, 0.9161495553186959], [0.97490822920815, 0.726701014069494], [0.93099763032241, 0.8409779309315705], [0.9734400936830944, 0.7132758057983372]]
1.1226, [[0.97784450025826, 0.7649930737582601], [0.9354020368975756, 0.942697087827755], [0.97490822920815, 0.726701014069494], [0.9729062262194385, 0.9318539840119382], [0.9511511270754397, 0.8802198465146027], [0.9462128530366183, 0.7132093014282666], [0.9032365222122767, 0.7515093127264967], [0.9203202810492819, 0.7805666623321252], [0.943009648254679, 0.7266171607333194], [0.9407407115341396, 0.8409779309315705]]
1.1296, [[0.9271270912109015, 0.951474218929866], [0.9795795695151435, 0.8074163560008529], [0.9354020368975756, 0.942697087827755], [0.97490822920815, 0.726701014069494], [0.9519519282709237, 0.8378298164570459], [0.9410076452659676, 0.8977755544659991], [0.9261928231495031, 0.9065526855681088], [0.9295294947973556, 0.8957095817522921], [0.9089755974465833, 0.7488368490726923], [0.7575132437632333, 0.6571943273504636]]
