0.4098, [[0.21897057881308285, 0.0], [0.17602001293007863, 0.9715489565217406], [0.9908958974603141, 0.0], [0.21413335152010518, 0.7157546866537702], [0.8619119770692434, 0.0], [0.2141500138075566, 0.6591617582205009], [0.989940520986386, 0.0], [0.2127127193838016, 0.8580886956521778], [0.852773620483882, 0.0], [0.9773917070534168, 0.0]]
0.4041, [[0.2181239005122965, 0.0], [0.21354011900489211, 0.7163190290135381], [0.21874439858879374, 0.0], [0.21834691352492128, 0.0], [0.21835724138904405, 0.0], [0.17680018080833007, 0.0], [0.2779898468670444, 0.0], [0.18310487769724287, 0.0], [0.17602001293007863, 0.9715489565217406], [0.9907538988709685, 0.0]]
0.3644, [[0.276678345828305, 0.0], [1.0, 0.0], [0.21874439858879374, 0.0], [0.27662415896787407, 0.0], [0.9990022730696009, 0.0], [0.2141500138075566, 0.6591617582205009], [0.2761071460898872, 0.0], [0.991757853809673, 0.0], [0.21354011900489211, 0.7163190290135381], [0.2131881453955874, 0.8103213043478311]]
0.3382, [[0.2180247530167177, 0.0], [0.27703011288032725, 0.0], [0.27703011288032725, 0.0], [0.2763333263141763, 0.0], [0.27597550024853534, 0.0], [0.27597550024853534, 0.0], [0.2135525812942669, 0.7314652398452607], [0.27811825664430445, 0.0], [0.18305314630559327, 0.0], [0.9881916962544497, 0.0]]
0.4226, [[0.21259236534055737, 0.9678852173913088], [1.0, 0.0], [0.21362776814508083, 0.7993964347826111], [0.21413335152010518, 0.7157546866537702], [0.17594543540621374, 1.0], [0.2131881453955874, 0.8103213043478311], [0.17606409096239092, 0.8001159130434807], [0.2135525812942669, 0.7314652398452607], [0.2181239005122965, 0.0], [0.21368257467735913, 0.7950984347826067]]
0.4140, [[0.2131881453955874, 0.8103213043478311], [0.9990022730696009, 0.0], [0.21401120731374632, 0.7210081450676974], [0.21350989278922605, 0.758080671179882], [0.21259236534055737, 0.9678852173913088], [0.2127127193838016, 0.8580886956521778], [0.21469690863907212, 0.6073640896358501], [0.21354011900489211, 0.7163190290135381], [0.17627880282508926, 0.34983214926590595], [0.2141500138075566, 0.6591617582205009]]
0.3637, [[0.2984345424223832, 0.0], [0.9900949755923407, 0.0], [0.2131881453955874, 0.8103213043478311], [0.18295538081212334, 0.0], [0.9926876954495516, 0.0], [0.2984345424223832, 0.0], [0.21368257467735913, 0.7950984347826067], [0.9794083361424515, 0.0], [0.2984345424223832, 0.0], [0.21401120731374632, 0.7210081450676974]]
0.4107, [[0.276678345828305, 0.0], [0.9990022730696009, 0.0], [0.17603968757095562, 0.9785033043478292], [0.2141500138075566, 0.6591617582205009], [0.16610591201564084, 0.0], [0.21835724138904405, 0.0], [0.042250973911285836, 0.0], [0.2131881453955874, 0.8103213043478311], [0.21874439858879374, 0.0], [0.9900949755923407, 0.0]]
0.3642, [[0.2141500138075566, 0.6591617582205009], [0.2186426347009705, 0.0], [0.21964416211117127, 0.0], [0.2131628765547003, 0.7540303230174097], [0.1196777191515569, 0.0], [0.17605609576566386, 0.8239621739130447], [0.0986449366322649, 0.0], [0.14418465192556348, 0.0], [0.10352325008290778, 0.0], [0.9814112636132155, 0.0]]
0.3176, [[0.18549285874724095, 0.0], [0.29514911114006853, 0.0], [0.9773917070534168, 0.0], [0.294737855590699, 0.0], [0.1832338833299432, 0.0], [0.29250621071104643, 0.0], [0.28979569719823384, 0.0], [0.29301923014823916, 0.0], [0.18499954941189226, 0.0], [0.1760178099780113, 0.7603786363636366]]
0.4108, [[1.0, 0.0], [0.2127127193838016, 0.8580886956521778], [0.17602001293007863, 0.9715489565217406], [0.2131881453955874, 0.8103213043478311], [0.1761029084970942, 0.8733486956521775], [0.21362776814508083, 0.7993964347826111], [0.21368257467735913, 0.7950984347826067], [0.2131628765547003, 0.7540303230174097], [0.21413335152010518, 0.7157546866537702], [0.2141500138075566, 0.6591617582205009]]
0.3611, [[0.2771393816827463, 0.0], [1.0, 0.0], [0.2763333263141763, 0.0], [0.27703011288032725, 0.0], [0.21362776814508083, 0.7993964347826111], [0.21834691352492128, 0.0], [0.2776978437220794, 0.0], [0.21413335152010518, 0.7157546866537702], [0.21368257467735913, 0.7950984347826067], [0.21970716208232027, 0.0]]
0.4159, [[0.9907538988709685, 0.0], [0.17594543540621374, 1.0], [0.2131881453955874, 0.8103213043478311], [0.21413335152010518, 0.7157546866537702], [0.21368257467735913, 0.7950984347826067], [0.8430641555369871, 0.0], [0.9868937793237685, 0.0], [0.17603968757095562, 0.9785033043478292], [0.2927765253413536, 0.0], [0.292749053222787, 0.0]]
0.3455, [[0.9875059925401117, 0.0], [0.21347526001820097, 0.7537424622823969], [0.8446392188372236, 0.0], [0.219329850779701, 0.0], [0.2141500138075566, 0.6591617582205009], [0.842952051387504, 0.0], [0.21401120731374632, 0.7210081450676974], [0.8395092083967124, 0.0], [0.9868937793237685, 0.0], [0.21869041828564528, 0.0]]
0.3448, [[0.17603968757095562, 0.9785033043478292], [0.21259236534055737, 0.9678852173913088], [0.2135297911407693, 0.8121839130434777], [0.17612991365088485, 0.8486697391304401], [0.21350989278922605, 0.758080671179882], [0.17606409096239092, 0.8001159130434807], [0.21469690863907212, 0.6073640896358501], [0.17653795354845575, 0.5718532492997178], [0.17618153109673787, 0.597392549019609], [0.27811825664430445, 0.0]]
0.3083, [[0.18323173735077417, 0.0], [0.2984345424223832, 0.0], [0.17690193440468047, 0.0], [0.17628805142557874, 0.6712180793036742], [0.18282597636913497, 0.0], [0.18297866373655888, 0.0], [0.17602001293007863, 0.9715489565217406], [0.1768970347354273, 0.0], [0.17606409096239092, 0.8001159130434807], [0.17653795354845575, 0.5718532492997178]]
0.3360, [[0.8404739268830975, 0.0], [0.9868022276016903, 0.0], [0.9799862953131193, 0.0], [0.21469690863907212, 0.6073640896358501], [0.9920119565485008, 0.0], [0.9888394091181297, 0.0], [0.9803693178238532, 0.0], [0.9812132129491284, 0.0], [0.21401120731374632, 0.7210081450676974], [0.29032696252871015, 0.0]]
0.0328, [[0.1613982224387652, 0.012177838417429835], [0.19554804354881705, 0.0], [0.1659800778742788, 0.0037799225917434084], [0.1955065862698262, 0.0], [0.16607776740388436, 0.0], [0.19527445969121646, 0.0], [0.16603817123957107, 0.0], [0.1952384908014278, 0.0], [0.1850549080780665, 0.0], [0.1607697164157684, 0.0]]
0.3641, [[0.27811825664430445, 0.0], [0.2135297911407693, 0.8121839130434777], [0.9881916962544497, 0.0], [0.9795839659766413, 0.0], [0.2191069066195037, 0.0], [0.2763333263141763, 0.0], [0.9766767317000474, 0.0], [0.2186426347009705, 0.0], [0.27777399450687806, 0.0], [0.9947535258041929, 0.0]]
0.3788, [[0.2127127193838016, 0.8580886956521778], [0.9938990430647991, 0.0], [0.21989712592975214, 0.0], [0.2779898468670444, 0.0], [0.2766937687720617, 0.0], [0.21964416211117127, 0.0], [0.2141500138075566, 0.6591617582205009], [0.21362776814508083, 0.7993964347826111], [0.2770728702377956, 0.0], [0.21413335152010518, 0.7157546866537702]]
0.3583, [[0.012468540679337396, 0.0], [0.27703011288032725, 0.0], [0.2776978437220794, 0.0], [0.21368257467735913, 0.7950984347826067], [0.2194537851491745, 0.0], [0.27597550024853534, 0.0], [0.21964416211117127, 0.0], [0.2135525812942669, 0.7314652398452607], [0.1787857053047899, 0.0], [0.9889203732260897, 0.0]]
0.3840, [[0.2984345424223832, 0.0], [0.17611449298641368, 0.9967702608695711], [0.9787568864737889, 0.0], [0.9782449441911492, 0.0], [0.9868937793237685, 0.0], [0.17606409096239092, 0.8001159130434807], [0.2930966202767326, 0.0], [0.1761958312942093, 0.6821860038684711], [0.2927765253413536, 0.0], [0.29258236149584516, 0.0]]
0.3635, [[0.2135297911407693, 0.8121839130434777], [0.27811825664430445, 0.0], [0.841944359643817, 0.0], [0.9881916962544497, 0.0], [0.2763333263141763, 0.0], [0.8519278569561151, 0.0], [0.27777399450687806, 0.0], [0.8406233990824082, 0.0], [0.27703011288032725, 0.0], [0.2766937687720617, 0.0]]
0.3497, [[0.9795839659766413, 0.0], [0.27703011288032725, 0.0], [0.9964606228804878, 0.0], [0.29201543060793145, 0.0], [0.9854401621854711, 0.0], [0.9690580091410115, 0.0], [0.21469690863907212, 0.6073640896358501], [0.9881916962544497, 0.0], [0.21401120731374632, 0.7210081450676974], [0.1761007815088913, 0.7689397253384931]]
0.4215, [[0.2763333263141763, 0.0], [0.17594543540621374, 1.0], [0.9766474600610153, 0.0], [0.21469690863907212, 0.6073640896358501], [0.2186426347009705, 0.0], [0.21259236534055737, 0.9678852173913088], [0.9858312811070007, 0.0], [0.9854401621854711, 0.0], [0.2135297911407693, 0.8121839130434777], [0.97647805823513, 0.0]]
0.3781, [[0.2127127193838016, 0.8580886956521778], [0.9900949755923407, 0.0], [0.2131881453955874, 0.8103213043478311], [0.2131881453955874, 0.8103213043478311], [0.9868937793237685, 0.0], [0.21362776814508083, 0.7993964347826111], [0.977175595165247, 0.0], [0.21368257467735913, 0.7950984347826067], [0.9770479209950024, 0.0], [0.8619119770692434, 0.0]]
0.4150, [[0.21362776814508083, 0.7993964347826111], [0.2131628765547003, 0.7540303230174097], [0.21964416211117127, 0.0], [0.29435627543757564, 0.0], [0.9889203732260897, 0.0], [0.2883076585354222, 0.0], [0.17653795354845575, 0.5718532492997178], [0.29523503896957015, 0.0], [0.17603968757095562, 0.9785033043478292], [0.17594543540621374, 1.0]]
0.3586, [[0.2771393816827463, 0.0], [0.21368257467735913, 0.7950984347826067], [0.991757853809673, 0.0], [0.852773620483882, 0.0], [0.9893376497824989, 0.0], [0.872828430025573, 0.0], [0.9868937793237685, 0.0], [0.8430074806614145, 0.0], [0.9882527307358353, 0.0], [0.9900949755923407, 0.0]]
0.0285, [[0.16327439695243562, 0.0], [0.16350282029265636, 0.0], [0.16230956091985208, 0.0], [0.1622852334922812, 0.0], [0.16246503995929232, 0.0], [0.16216608417098546, 0.0], [0.162594501375179, 0.0], [0.16215322728693746, 0.0], [0.1622898103151107, 0.0], [0.18528937054550623, 0.0]]
0.3790, [[0.9814112636132155, 0.0], [0.2776978437220794, 0.0], [0.21964416211117127, 0.0], [0.27702811615993017, 0.0], [0.21362776814508083, 0.7993964347826111], [0.9990022730696009, 0.0], [0.2194537851491745, 0.0], [0.276678345828305, 0.0], [0.9782449441911492, 0.0], [0.2127127193838016, 0.8580886956521778]]
0.3189, [[0.21354011900489211, 0.7163190290135381], [0.8338367384328688, 0.0], [0.8427309570926902, 0.0], [0.21964416211117127, 0.0], [0.29839591621056394, 0.0], [0.21874439858879374, 0.0], [0.29271318110806716, 0.0], [0.17692508439235333, 0.0], [0.2921992665893171, 0.0], [0.2891757499411564, 0.0]]
0.3595, [[0.9947535258041929, 0.0], [0.21413335152010518, 0.7157546866537702], [0.8446392188372236, 0.0], [0.21350989278922605, 0.758080671179882], [0.21368257467735913, 0.7950984347826067], [0.9900949755923407, 0.0], [0.9854401621854711, 0.0], [0.21469690863907212, 0.6073640896358501], [0.21871623794595227, 0.0], [0.9827795570377392, 0.0]]
0.3348, [[0.21413335152010518, 0.7157546866537702], [1.0, 0.0], [0.17634587891734563, 0.45437630252100913], [0.9990022730696009, 0.0], [0.21964416211117127, 0.0], [0.991757853809673, 0.0], [0.21970716208232027, 0.0], [0.9880553028725793, 0.0], [0.16404930433307807, 0.0], [0.9871871185149157, 0.0]]
0.3782, [[0.2127127193838016, 0.8580886956521778], [0.8395092083967124, 0.0], [0.852773620483882, 0.0], [0.8387886278358688, 0.0], [0.8543106929334606, 0.0], [0.991757853809673, 0.0], [0.8398368016335351, 0.0], [0.842952051387504, 0.0], [0.21362776814508083, 0.7993964347826111], [0.2969259168837534, 0.0]]
0.3902, [[0.9982648768863344, 0.0], [0.21328130272997495, 0.7347402707930365], [0.2135525812942669, 0.7314652398452607], [0.21401120731374632, 0.7210081450676974], [0.2127127193838016, 0.8580886956521778], [0.1760947043997401, 0.8975589565217394], [0.2135297911407693, 0.8121839130434777], [0.2131628765547003, 0.7540303230174097], [0.2766937687720617, 0.0], [0.2141500138075566, 0.6591617582205009]]
0.0318, [[0.1955065862698262, 0.0], [0.16595869404645303, 0.008410481422017974], [0.1954921721265582, 0.0], [0.1659367594806104, 0.0010339300458717217], [0.1954898742196604, 0.0], [0.16590060068116078, 0.0], [0.19547753009169702, 0.0], [0.1659397410622877, 0.0], [0.19547747311879873, 0.0], [0.1659131916916834, 0.0]]
0.3458, [[0.21869041828564528, 0.0], [0.27703011288032725, 0.0], [0.9946009396007298, 0.0], [0.2766937687720617, 0.0], [0.2135525812942669, 0.7314652398452607], [0.9900949755923407, 0.0], [0.8406233990824082, 0.0], [0.27777399450687806, 0.0], [0.21347526001820097, 0.7537424622823969], [0.9888394091181297, 0.0]]
0.0318, [[0.19551986095512836, 0.0], [0.19551634762640033, 0.0], [0.19550276908564063, 0.0], [0.1954921721265582, 0.0], [0.1954898742196604, 0.0], [0.16595869404645303, 0.008410481422017974], [0.1952384908014278, 0.0], [0.19547226959408803, 0.0], [0.19547747311879873, 0.0], [0.1659800778742788, 0.0037799225917434084]]
0.0316, [[0.1932867132517232, 0.0], [0.16595869404645303, 0.008410481422017974], [0.1932017666603691, 0.0], [0.19318380120644085, 0.0], [0.19298384532440027, 0.0], [0.1929531559231867, 0.0], [0.1929455405457816, 0.0], [0.1931567390797519, 0.0], [0.1659800778742788, 0.0037799225917434084], [0.16593641764322065, 0.0]]
0.3602, [[0.9947535258041929, 0.0], [0.21362776814508083, 0.7993964347826111], [0.21897057881308285, 0.0], [0.21989712592975214, 0.0], [0.2925124074295201, 0.0], [0.2186426347009705, 0.0], [0.9841783677029563, 0.0], [0.29270794832357827, 0.0], [0.9746557430051999, 0.0], [0.850474862618648, 0.0]]
0.1091, [[0.9907538988709685, 0.0], [0.9813209574927986, 0.0], [0.9875302817724999, 0.0], [0.21835724138904405, 0.0], [0.987525922166687, 0.0], [0.9893376497824989, 0.0], [0.9875059925401117, 0.0], [0.9907177764228022, 0.0], [0.17684657573850626, 0.0], [0.16175884189399065, 0.0]]
0.3358, [[0.9920567982082944, 0.0], [0.21401120731374632, 0.7210081450676974], [0.9907538988709685, 0.0], [0.9888674351555005, 0.0], [0.9882527307358353, 0.0], [0.9856176604221527, 0.0], [0.9938990430647991, 0.0], [0.21964416211117127, 0.0], [0.21897057881308285, 0.0], [0.2190563689377295, 0.0]]
0.1092, [[0.114613172788778, 0.0], [0.9915915659879393, 0.0], [0.12043089119444332, 0.0], [0.024692341646708412, 0.0], [0.12437474392666911, 0.0], [0.9907538988709685, 0.0], [0.029677780223801214, 0.0], [0.9893376497824989, 0.0], [0.9877987089304288, 0.0], [0.9833581390092381, 0.0]]
0.4150, [[0.9813408871193732, 0.0], [0.17603968757095562, 0.9785033043478292], [0.9858312811070007, 0.0], [0.21259236534055737, 0.9678852173913088], [0.8619119770692434, 0.0], [0.2135297911407693, 0.8121839130434777], [0.847943800043653, 0.0], [0.2131881453955874, 0.8103213043478311], [0.8446591484637989, 0.0], [0.21368257467735913, 0.7950984347826067]]
0.1094, [[0.11021774644659403, 0.0], [0.9938990430647991, 0.0], [0.11159718845949541, 0.0], [0.9856176604221527, 0.0], [0.11058032379765531, 0.0], [0.9854401621854711, 0.0], [0.11151808067380929, 0.0], [0.9833880334491005, 0.0], [0.12032211798912491, 0.0], [0.9806626570150011, 0.0]]
0.0954, [[0.8419456052454776, 0.0], [0.12058581060807859, 0.0], [0.12078358007229384, 0.0], [0.8392943421102033, 0.0], [0.8543106929334606, 0.0], [0.1199694291112744, 0.0], [0.19546068510476855, 0.0], [0.8406233990824082, 0.0], [0.19544530242222957, 0.0], [0.8406277586882211, 0.0]]
0.4133, [[0.9893376497824989, 0.0], [0.21259236534055737, 0.9678852173913088], [0.21368257467735913, 0.7950984347826067], [0.989940520986386, 0.0], [0.16420757504453465, 0.0], [0.9833581390092381, 0.0], [0.21347526001820097, 0.7537424622823969], [0.9803693178238532, 0.0], [0.9900949755923407, 0.0], [0.9990022730696009, 0.0]]
0.3388, [[0.9947535258041929, 0.0], [0.2135525812942669, 0.7314652398452607], [0.9907177764228022, 0.0], [0.1613982224387652, 0.012177838417429835], [0.219329850779701, 0.0], [0.9900949755923407, 0.0], [0.21869041828564528, 0.0], [0.9852059890732179, 0.0], [0.9852059890732179, 0.0], [0.21871623794595227, 0.0]]
0.2603, [[0.17606409096239092, 0.8001159130434807], [0.17627880282508926, 0.34983214926590595], [0.1613982224387652, 0.012177838417429835], [0.1613982224387652, 0.012177838417429835], [0.1833477721536299, 0.0], [0.16142120150774317, 0.0], [0.1832132211588291, 0.0], [0.16158053571330122, 0.0], [0.18564809090412193, 0.0], [0.29331006280193694, 0.0]]
0.4215, [[0.17611449298641368, 0.9967702608695711], [0.9990022730696009, 0.0], [0.21259236534055737, 0.9678852173913088], [0.9947535258041929, 0.0], [0.2127127193838016, 0.8580886956521778], [0.9926876954495516, 0.0], [0.21328130272997495, 0.7347402707930365], [0.9920567982082944, 0.0], [0.21401120731374632, 0.7210081450676974], [0.9920119565485008, 0.0]]
0.4218, [[0.21401120731374632, 0.7210081450676974], [0.21259236534055737, 0.9678852173913088], [0.21259236534055737, 0.9678852173913088], [0.9982648768863344, 0.0], [0.21469690863907212, 0.6073640896358501], [0.17611449298641368, 0.9967702608695711], [0.21413335152010518, 0.7157546866537702], [0.21347526001820097, 0.7537424622823969], [0.21347526001820097, 0.7537424622823969], [0.2915915062119046, 0.0]]
0.3460, [[0.2135297911407693, 0.8121839130434777], [0.21328130272997495, 0.7347402707930365], [0.17627866988832658, 0.426544761904761], [0.17603968757095562, 0.9785033043478292], [0.17594543540621374, 1.0], [0.2921849452844002, 0.0], [0.29154172590683275, 0.0], [0.1760947043997401, 0.8975589565217394], [0.17619290668543028, 0.5052468067226846], [0.29547540279392126, 0.0]]
0.3764, [[0.2779898468670444, 0.0], [0.9882527307358353, 0.0], [0.2770728702377956, 0.0], [0.872828430025573, 0.0], [0.27702811615993017, 0.0], [0.8559449223125918, 0.0], [0.855831572561448, 0.0], [0.21413335152010518, 0.7157546866537702], [0.17606477463717043, 0.8578841739130447], [0.2131881453955874, 0.8103213043478311]]
0.4108, [[0.17602001293007863, 0.9715489565217406], [1.0, 0.0], [0.2127127193838016, 0.8580886956521778], [0.2131881453955874, 0.8103213043478311], [0.21368257467735913, 0.7950984347826067], [0.21413335152010518, 0.7157546866537702], [0.2141500138075566, 0.6591617582205009], [0.21834691352492128, 0.0], [0.17698194334484924, 0.0], [0.17628805142557874, 0.6712180793036742]]
0.3435, [[0.17594543540621374, 1.0], [0.17602001293007863, 0.9715489565217406], [0.21259236534055737, 0.9678852173913088], [0.1761029084970942, 0.8733486956521775], [0.2135297911407693, 0.8121839130434777], [0.17612991365088485, 0.8486697391304401], [0.1760947043997401, 0.8975589565217394], [0.176192659802871, 0.7546983075435224], [0.17605609576566386, 0.8239621739130447], [0.1761958312942093, 0.6821860038684711]]
0.1100, [[0.2761071460898872, 0.0], [0.989940520986386, 0.0], [0.2771393816827463, 0.0], [0.991757853809673, 0.0], [0.27662415896787407, 0.0], [0.851763437536873, 0.0], [0.9880553028725793, 0.0], [0.27597550024853534, 0.0], [1.0, 0.0], [0.27610019199471114, 0.0]]
0.3387, [[0.2135297911407693, 0.8121839130434777], [0.1760947043997401, 0.8975589565217394], [0.17594543540621374, 1.0], [0.17603968757095562, 0.9785033043478292], [0.21362776814508083, 0.7993964347826111], [0.17602001293007863, 0.9715489565217406], [0.21350989278922605, 0.758080671179882], [0.17616622437806329, 0.7572410773694371], [0.2135525812942669, 0.7314652398452607], [0.21469690863907212, 0.6073640896358501]]
0.2636, [[0.9766767317000474, 0.0], [0.17623417405476013, 0.5643304201680673], [0.29839591621056394, 0.0], [0.17634587891734563, 0.45437630252100913], [0.2969259168837534, 0.0], [0.17640106666482497, 0.3936449579831899], [0.29493022927309287, 0.0], [0.29595736978631815, 0.0], [0.17627880282508926, 0.34983214926590595], [0.29603682548763616, 0.0]]
0.3473, [[0.21350989278922605, 0.758080671179882], [0.9871871185149157, 0.0], [0.9795839659766413, 0.0], [0.9881916962544497, 0.0], [0.9888674351555005, 0.0], [0.9812132129491284, 0.0], [0.9744334031087246, 0.0], [0.9875059925401117, 0.0], [0.9862877941157292, 0.0], [0.9964606228804878, 0.0]]
0.4100, [[0.9907177764228022, 0.0], [0.21413335152010518, 0.7157546866537702], [0.9900949755923407, 0.0], [0.21368257467735913, 0.7950984347826067], [0.2883494519589057, 0.0], [0.21362776814508083, 0.7993964347826111], [0.21354011900489211, 0.7163190290135381], [0.2131881453955874, 0.8103213043478311], [0.17603968757095562, 0.9785033043478292], [0.17606477463717043, 0.8578841739130447]]
0.4139, [[0.9982648768863344, 0.0], [0.21328130272997495, 0.7347402707930365], [0.2186426347009705, 0.0], [0.21350989278922605, 0.758080671179882], [0.21401120731374632, 0.7210081450676974], [0.17653795354845575, 0.5718532492997178], [0.21469690863907212, 0.6073640896358501], [0.21328130272997495, 0.7347402707930365], [0.1761958312942093, 0.6821860038684711], [0.21259236534055737, 0.9678852173913088]]
0.3170, [[0.2771393816827463, 0.0], [0.2770728702377956, 0.0], [0.21989712592975214, 0.0], [0.2761071460898872, 0.0], [0.9990022730696009, 0.0], [0.27702811615993017, 0.0], [0.21897057881308285, 0.0], [0.9907538988709685, 0.0], [0.2141500138075566, 0.6591617582205009], [0.9907177764228022, 0.0]]
0.4103, [[0.21989712592975214, 0.0], [0.9920119565485008, 0.0], [0.17602001293007863, 0.9715489565217406], [0.9837972135947135, 0.0], [0.21362776814508083, 0.7993964347826111], [0.21964416211117127, 0.0], [0.9990022730696009, 0.0], [0.2127127193838016, 0.8580886956521778], [0.1760947043997401, 0.8975589565217394], [0.9756366543131767, 0.0]]
0.0970, [[0.1659131916916834, 0.0], [0.29839591621056394, 0.0], [0.14210148023582952, 0.0], [0.847314771204887, 0.0], [0.2883535142521273, 0.0], [0.16595869404645303, 0.008410481422017974], [0.1659800778742788, 0.0037799225917434084], [0.2890277172220631, 0.0], [0.2924997385828628, 0.0], [0.13124723280814912, 0.0]]
0.3789, [[0.9990022730696009, 0.0], [0.2127127193838016, 0.8580886956521778], [0.991757853809673, 0.0], [0.2131881453955874, 0.8103213043478311], [0.9908958974603141, 0.0], [0.21354011900489211, 0.7163190290135381], [0.9907538988709685, 0.0], [0.1766964521515055, 0.0], [0.9907177764228022, 0.0], [0.21964416211117127, 0.0]]
0.4141, [[0.9982648768863344, 0.0], [0.17602001293007863, 0.9715489565217406], [0.9920119565485008, 0.0], [0.21259236534055737, 0.9678852173913088], [0.9915915659879393, 0.0], [0.2127127193838016, 0.8580886956521778], [0.9908958974603141, 0.0], [0.21347526001820097, 0.7537424622823969], [0.9907538988709685, 0.0], [0.21328130272997495, 0.7347402707930365]]
0.3439, [[0.17611449298641368, 0.9967702608695711], [0.21259236534055737, 0.9678852173913088], [0.17612991365088485, 0.8486697391304401], [0.2135297911407693, 0.8121839130434777], [0.17605609576566386, 0.8239621739130447], [0.21401120731374632, 0.7210081450676974], [0.21469690863907212, 0.6073640896358501], [0.17673111066463346, 0.0], [0.17623417405476013, 0.5643304201680673], [0.2186426347009705, 0.0]]
0.1088, [[0.27610019199471114, 0.0], [0.17677323262743772, 0.0], [0.9862877941157292, 0.0], [0.9881916962544497, 0.0], [0.2763333263141763, 0.0], [0.2186426347009705, 0.0], [0.2191069066195037, 0.0], [0.98147167529377, 0.0], [0.2766937687720617, 0.0], [0.9833581390092381, 0.0]]
0.2467, [[0.29228257802657426, 0.0], [0.2914733554463399, 0.0], [0.29186175198978426, 0.0], [0.29167041109380276, 0.0], [0.29136133254682134, 0.0], [0.2915070242833802, 0.0], [0.17677422015767477, 0.0], [0.29141779153735925, 0.0], [0.17602383011426423, 0.7515847369439078], [0.16070951505323933, 0.0]]
0.3648, [[0.9982648768863344, 0.0], [0.2135297911407693, 0.8121839130434777], [0.9947535258041929, 0.0], [0.21350989278922605, 0.758080671179882], [0.9946009396007298, 0.0], [0.17616622437806329, 0.7572410773694371], [0.21347526001820097, 0.7537424622823969], [0.9938990430647991, 0.0], [0.2135525812942669, 0.7314652398452607], [0.21401120731374632, 0.7210081450676974]]
0.0318, [[0.18565817510711968, 0.0], [0.1613982224387652, 0.012177838417429835], [0.1856558202273236, 0.0], [0.1659800778742788, 0.0037799225917434084], [0.1856535982842902, 0.0], [0.16142068875165855, 0.0], [0.18565338938366313, 0.0], [0.16603817123957107, 0.0], [0.18549914475701923, 0.0], [0.1660599348867188, 0.0]]
0.4131, [[0.9690580091410115, 0.0], [0.2135525812942669, 0.7314652398452607], [0.21401120731374632, 0.7210081450676974], [0.9690580091410115, 0.0], [0.21259236534055737, 0.9678852173913088], [0.9746557430051999, 0.0], [0.21347526001820097, 0.7537424622823969], [0.9765677415547167, 0.0], [0.2135297911407693, 0.8121839130434777], [0.9947535258041929, 0.0]]
0.3794, [[0.2127127193838016, 0.8580886956521778], [1.0, 0.0], [0.21362776814508083, 0.7993964347826111], [0.9990022730696009, 0.0], [0.2135525812942669, 0.7314652398452607], [0.991757853809673, 0.0], [0.21413335152010518, 0.7157546866537702], [0.9908958974603141, 0.0], [0.9908958974603141, 0.0], [0.2141500138075566, 0.6591617582205009]]
0.1096, [[0.9920567982082944, 0.0], [0.16142875991224998, 0.0], [0.9746557430051999, 0.0], [0.9938990430647991, 0.0], [0.9803693178238532, 0.0], [0.9765677415547167, 0.0], [0.9893376497824989, 0.0], [0.9947535258041929, 0.0], [0.9964606228804878, 0.0], [0.9812132129491284, 0.0]]
0.0319, [[0.21869041828564528, 0.0], [0.21834691352492128, 0.0], [0.1955847720772496, 0.0], [0.17662189361860672, 0.0], [0.1954641034786661, 0.0], [0.17680018080833007, 0.0], [0.19544530242222957, 0.0], [0.1199694291112744, 0.0], [0.19527445969121646, 0.0], [0.11151808067380929, 0.0]]
0.3466, [[0.17669947171511502, 0.0], [0.2135525812942669, 0.7314652398452607], [0.1761958312942093, 0.6821860038684711], [0.21469690863907212, 0.6073640896358501], [0.17616622437806329, 0.7572410773694371], [0.29146695217058377, 0.0], [0.29435627543757564, 0.0], [0.29428053776734187, 0.0], [0.2884751076390663, 0.0], [0.9946009396007298, 0.0]]
0.3479, [[0.1659367594806104, 0.0010339300458717217], [0.9982648768863344, 0.0], [0.1660599348867188, 0.0], [0.2186426347009705, 0.0], [0.21350989278922605, 0.758080671179882], [0.1768410113854397, 0.0], [0.1769564004954481, 0.0], [0.16608619939283165, 0.0], [0.17627880282508926, 0.34983214926590595], [0.21401120731374632, 0.7210081450676974]]
0.4209, [[0.9926876954495516, 0.0], [0.17602383011426423, 0.7515847369439078], [0.2131881453955874, 0.8103213043478311], [0.9833880334491005, 0.0], [0.21259236534055737, 0.9678852173913088], [0.9889203732260897, 0.0], [0.21401120731374632, 0.7210081450676974], [0.8446591484637989, 0.0], [0.17611449298641368, 0.9967702608695711], [0.9794083361424515, 0.0]]
0.3794, [[1.0, 0.0], [0.2127127193838016, 0.8580886956521778], [0.9926876954495516, 0.0], [0.2131881453955874, 0.8103213043478311], [0.991757853809673, 0.0], [0.21362776814508083, 0.7993964347826111], [0.9908958974603141, 0.0], [0.21354011900489211, 0.7163190290135381], [0.9907538988709685, 0.0], [0.21413335152010518, 0.7157546866537702]]
0.1095, [[0.9947535258041929, 0.0], [0.016681030267122247, 0.0], [0.01765174872064545, 0.0], [0.16579584651216694, 0.0], [0.16878473971142216, 0.0], [0.16510875335875935, 0.0], [0.16572345294940327, 0.0], [0.16573668965277322, 0.0], [0.16579584651216694, 0.0], [0.16579584651216694, 0.0]]
0.3651, [[0.21469690863907212, 0.6073640896358501], [0.9946009396007298, 0.0], [0.21328130272997495, 0.7347402707930365], [0.18285298152292562, 0.0], [0.16113508361251822, 0.0], [0.18315790047458708, 0.0], [0.16143728685602776, 0.0], [0.164259458363913, 0.0], [0.17627866988832658, 0.426544761904761], [0.17605609576566386, 0.8239621739130447]]
0.3641, [[0.2135297911407693, 0.8121839130434777], [0.2186426347009705, 0.0], [0.8387886278358688, 0.0], [0.27777399450687806, 0.0], [0.2194537851491745, 0.0], [0.8381402921713578, 0.0], [0.8483374101685044, 0.0], [0.9766474600610153, 0.0], [0.9947535258041929, 0.0], [0.8397545919239144, 0.0]]
0.4228, [[0.21469690863907212, 0.6073640896358501], [0.2127127193838016, 0.8580886956521778], [0.21362776814508083, 0.7993964347826111], [0.17594543540621374, 1.0], [0.9982648768863344, 0.0], [0.21469690863907212, 0.6073640896358501], [0.21413335152010518, 0.7157546866537702], [0.2135297911407693, 0.8121839130434777], [0.21259236534055737, 0.9678852173913088], [0.17603968757095562, 0.9785033043478292]]
0.3782, [[0.21354011900489211, 0.7163190290135381], [0.977175595165247, 0.0], [0.2127127193838016, 0.8580886956521778], [0.978447354461049, 0.0], [0.9868937793237685, 0.0], [0.21362776814508083, 0.7993964347826111], [0.21368257467735913, 0.7950984347826067], [0.9852059890732179, 0.0], [0.9871871185149157, 0.0], [0.21413335152010518, 0.7157546866537702]]
0.0973, [[0.16603501873919888, 0.0], [0.8467891273039772, 0.0], [0.8404739268830975, 0.0], [0.16594118437571112, 0.0], [0.850474862618648, 0.0], [0.1659800778742788, 0.0037799225917434084], [0.8391398875042485, 0.0], [0.1659178064964451, 0.0], [0.16595869404645303, 0.008410481422017974], [0.841944359643817, 0.0]]
0.4133, [[0.9926876954495516, 0.0], [0.21469690863907212, 0.6073640896358501], [0.2776978437220794, 0.0], [0.9900949755923407, 0.0], [0.21401120731374632, 0.7210081450676974], [0.9875302817724999, 0.0], [0.2135297911407693, 0.8121839130434777], [0.9858312811070007, 0.0], [0.21347526001820097, 0.7537424622823969], [0.21259236534055737, 0.9678852173913088]]
0.4089, [[0.2181239005122965, 0.0], [0.9990022730696009, 0.0], [0.2131881453955874, 0.8103213043478311], [0.17602383011426423, 0.7515847369439078], [0.21874439858879374, 0.0], [0.21413335152010518, 0.7157546866537702], [0.1760947043997401, 0.8975589565217394], [0.17602001293007863, 0.9715489565217406], [0.17669947171511502, 0.0], [0.21368257467735913, 0.7950984347826067]]
0.4172, [[0.9907538988709685, 0.0], [0.17594543540621374, 1.0], [0.9907177764228022, 0.0], [0.2127127193838016, 0.8580886956521778], [0.9900949755923407, 0.0], [0.2131881453955874, 0.8103213043478311], [0.2131881453955874, 0.8103213043478311], [0.2131881453955874, 0.8103213043478311], [0.2131881453955874, 0.8103213043478311], [0.21354011900489211, 0.7163190290135381]]
0.3221, [[0.2186426347009705, 0.0], [0.2194537851491745, 0.0], [0.27777399450687806, 0.0], [0.1761007815088913, 0.7689397253384931], [0.219329850779701, 0.0], [0.27811825664430445, 0.0], [0.1766493355646176, 0.0], [0.9982648768863344, 0.0], [0.2941236230851029, 0.0], [0.1766379409849591, 0.0]]
0.4228, [[0.17594543540621374, 1.0], [0.21469690863907212, 0.6073640896358501], [0.2135297911407693, 0.8121839130434777], [0.21401120731374632, 0.7210081450676974], [0.9982648768863344, 0.0], [0.2771393816827463, 0.0], [0.27662415896787407, 0.0], [0.21362776814508083, 0.7993964347826111], [0.21362776814508083, 0.7993964347826111], [0.21259236534055737, 0.9678852173913088]]
0.1100, [[0.2181239005122965, 0.0], [0.21989712592975214, 0.0], [0.17662189361860672, 0.0], [0.12058581060807859, 0.0], [1.0, 0.0], [0.18504790041157648, 0.0], [0.1850554778070494, 0.0], [0.18529763161575863, 0.0], [0.18503705656993483, 0.0], [0.991757853809673, 0.0]]
0.3458, [[0.9877987089304288, 0.0], [0.21347526001820097, 0.7537424622823969], [0.9926876954495516, 0.0], [0.9947535258041929, 0.0], [0.9813408871193732, 0.0], [0.9794083361424515, 0.0], [0.9833581390092381, 0.0], [0.9813408871193732, 0.0], [0.9915915659879393, 0.0], [0.14039571860697297, 0.0]]
0.4144, [[0.21368257467735913, 0.7950984347826067], [0.17611449298641368, 0.9967702608695711], [0.17611449298641368, 0.9967702608695711], [0.176192659802871, 0.7546983075435224], [0.21347526001820097, 0.7537424622823969], [0.21328130272997495, 0.7347402707930365], [0.176416848157652, 0.07442643681192566], [0.1768022128417025, 0.0], [0.17677422015767477, 0.0], [0.9926876954495516, 0.0]]
0.3794, [[0.2127127193838016, 0.8580886956521778], [1.0, 0.0], [0.2131881453955874, 0.8103213043478311], [0.989940520986386, 0.0], [0.21368257467735913, 0.7950984347826067], [0.9893376497824989, 0.0], [0.21413335152010518, 0.7157546866537702], [0.9868937793237685, 0.0], [0.2141500138075566, 0.6591617582205009], [0.97647805823513, 0.0]]
0.4138, [[0.9982648768863344, 0.0], [0.2131628765547003, 0.7540303230174097], [0.8579659110074394, 0.0], [0.21354011900489211, 0.7163190290135381], [0.21401120731374632, 0.7210081450676974], [0.8391398875042485, 0.0], [0.9862877941157292, 0.0], [0.21469690863907212, 0.6073640896358501], [0.21259236534055737, 0.9678852173913088], [0.8455671920746113, 0.0]]
0.0296, [[0.16220792126929826, 0.0], [0.16350282029265636, 0.0], [0.1626848224099387, 0.0], [0.16230956091985208, 0.0], [0.16243746507651877, 0.0], [0.16331179016468161, 0.0], [0.1624144670165747, 0.0], [0.1955847720772496, 0.0], [0.16213968672810994, 0.0], [0.16169402572669989, 0.0]]
0.3645, [[0.21368257467735913, 0.7950984347826067], [0.9888674351555005, 0.0], [0.2131881453955874, 0.8103213043478311], [0.9920119565485008, 0.0], [0.9866596062115145, 0.0], [0.21413335152010518, 0.7157546866537702], [0.10715396783012608, 0.0], [0.9837972135947135, 0.0], [0.21350989278922605, 0.758080671179882], [1.0, 0.0]]
0.4156, [[0.8397545919239144, 0.0], [0.17603968757095562, 0.9785033043478292], [0.21362776814508083, 0.7993964347826111], [0.9926876954495516, 0.0], [0.9858312811070007, 0.0], [0.2186426347009705, 0.0], [0.9794083361424515, 0.0], [0.21259236534055737, 0.9678852173913088], [0.8391398875042485, 0.0], [0.2135297911407693, 0.8121839130434777]]
0.1096, [[0.2194537851491745, 0.0], [0.9964606228804878, 0.0], [0.9946009396007298, 0.0], [0.9938990430647991, 0.0], [0.9868022276016903, 0.0], [0.9839641242172774, 0.0], [0.9833581390092381, 0.0], [0.98147167529377, 0.0], [0.9776265029665012, 0.0], [0.9763136388158881, 0.0]]
0.0296, [[0.19554804354881705, 0.0], [0.1659178064964451, 0.0], [0.1932867132517232, 0.0], [0.16590060068116078, 0.0], [0.18550102486266287, 0.0], [0.1199694291112744, 0.0], [0.12058581060807859, 0.0], [0.12058581060807859, 0.0], [0.09505542085675805, 0.0], [0.1310609998960131, 0.0]]
0.4220, [[0.17594543540621374, 1.0], [0.9947535258041929, 0.0], [0.21259236534055737, 0.9678852173913088], [0.2135297911407693, 0.8121839130434777], [0.2135525812942669, 0.7314652398452607], [0.21869041828564528, 0.0], [0.21401120731374632, 0.7210081450676974], [0.17603968757095562, 0.9785033043478292], [0.9938990430647991, 0.0], [0.21350989278922605, 0.758080671179882]]
0.1111, [[0.9745548492706646, 0.0], [0.16595869404645303, 0.008410481422017974], [0.9888394091181297, 0.0], [0.18544560922359038, 0.0], [0.18515442074041738, 0.0], [0.8400877903682114, 0.0], [0.8386684272755894, 0.0], [0.01825824174423889, 0.0], [0.2969259168837534, 0.0], [0.16878035279825362, 0.0]]
0.4143, [[0.17611449298641368, 0.9967702608695711], [0.2776978437220794, 0.0], [0.9837972135947135, 0.0], [0.27662415896787407, 0.0], [0.27662415896787407, 0.0], [0.9900949755923407, 0.0], [0.17602001293007863, 0.9715489565217406], [0.29603682548763616, 0.0], [0.2131881453955874, 0.8103213043478311], [0.29428053776734187, 0.0]]
0.3875, [[0.1760947043997401, 0.8975589565217394], [0.9926876954495516, 0.0], [0.1761029084970942, 0.8733486956521775], [0.991757853809673, 0.0], [0.17606477463717043, 0.8578841739130447], [0.9908958974603141, 0.0], [0.2131881453955874, 0.8103213043478311], [0.9907538988709685, 0.0], [0.21368257467735913, 0.7950984347826067], [0.9907177764228022, 0.0]]
0.3374, [[0.2771393816827463, 0.0], [0.9990022730696009, 0.0], [0.1300194140511461, 0.0], [0.27702811615993017, 0.0], [0.1299155850824331, 0.0], [0.18285298152292562, 0.0], [0.1489080459625711, 0.0], [0.2779898468670444, 0.0], [0.17605609576566386, 0.8239621739130447], [0.18314240384625152, 0.0]]
0.4098, [[0.17602001293007863, 0.9715489565217406], [0.9900949755923407, 0.0], [0.2127127193838016, 0.8580886956521778], [0.1760947043997401, 0.8975589565217394], [0.9868937793237685, 0.0], [0.2135297911407693, 0.8121839130434777], [0.17606477463717043, 0.8578841739130447], [0.21362776814508083, 0.7993964347826111], [0.2131628765547003, 0.7540303230174097], [0.21413335152010518, 0.7157546866537702]]
0.4215, [[0.9946009396007298, 0.0], [0.17611449298641368, 0.9967702608695711], [0.9926876954495516, 0.0], [0.21259236534055737, 0.9678852173913088], [0.9900949755923407, 0.0], [0.2135297911407693, 0.8121839130434777], [0.9868937793237685, 0.0], [0.2135525812942669, 0.7314652398452607], [0.9862877941157292, 0.0], [0.21469690863907212, 0.6073640896358501]]
0.4125, [[0.9907538988709685, 0.0], [0.21259236534055737, 0.9678852173913088], [0.9907177764228022, 0.0], [0.2127127193838016, 0.8580886956521778], [0.9900949755923407, 0.0], [0.2135297911407693, 0.8121839130434777], [0.9888674351555005, 0.0], [0.21362776814508083, 0.7993964347826111], [0.9882527307358353, 0.0], [0.21368257467735913, 0.7950984347826067]]
0.4226, [[0.17594543540621374, 1.0], [1.0, 0.0], [0.21259236534055737, 0.9678852173913088], [0.2127127193838016, 0.8580886956521778], [0.21362776814508083, 0.7993964347826111], [0.21368257467735913, 0.7950984347826067], [0.21413335152010518, 0.7157546866537702], [0.2141500138075566, 0.6591617582205009], [0.9833880334491005, 0.0], [0.2131881453955874, 0.8103213043478311]]
0.4132, [[0.9946009396007298, 0.0], [0.21259236534055737, 0.9678852173913088], [0.9926876954495516, 0.0], [0.9926876954495516, 0.0], [0.2127127193838016, 0.8580886956521778], [0.21368257467735913, 0.7950984347826067], [0.2141500138075566, 0.6591617582205009], [0.2131881453955874, 0.8103213043478311], [0.21350989278922605, 0.758080671179882], [0.21362776814508083, 0.7993964347826111]]
0.4209, [[0.17611449298641368, 0.9967702608695711], [0.9926876954495516, 0.0], [0.2135297911407693, 0.8121839130434777], [0.21401120731374632, 0.7210081450676974], [0.21259236534055737, 0.9678852173913088], [0.9868022276016903, 0.0], [0.21347526001820097, 0.7537424622823969], [0.17612991365088485, 0.8486697391304401], [0.9862877941157292, 0.0], [0.17605609576566386, 0.8239621739130447]]
0.2949, [[0.9947535258041929, 0.0], [0.17628805142557874, 0.6712180793036742], [0.9938990430647991, 0.0], [0.2190563689377295, 0.0], [0.9915915659879393, 0.0], [0.27677611627533405, 0.0], [0.9907538988709685, 0.0], [0.27702811615993017, 0.0], [0.2929573318159299, 0.0], [0.2776978437220794, 0.0]]
0.4183, [[0.17594543540621374, 1.0], [1.0, 0.0], [0.17603968757095562, 0.9785033043478292], [0.991757853809673, 0.0], [0.2127127193838016, 0.8580886956521778], [0.2131881453955874, 0.8103213043478311], [0.17606409096239092, 0.8001159130434807], [0.21362776814508083, 0.7993964347826111], [0.21368257467735913, 0.7950984347826067], [0.2131628765547003, 0.7540303230174097]]
0.1092, [[0.991757853809673, 0.0], [0.12058581060807859, 0.0], [0.9814112636132155, 0.0], [0.09291456640662796, 0.0], [0.9791050321380164, 0.0], [0.12870424711411468, 0.0], [0.9782449441911492, 0.0], [0.12422971298624462, 0.0], [0.12933381324186655, 0.0], [0.09689962111056527, 0.0]]
0.4138, [[0.21362776814508083, 0.7993964347826111], [1.0, 0.0], [0.21413335152010518, 0.7157546866537702], [0.2127127193838016, 0.8580886956521778], [0.21259236534055737, 0.9678852173913088], [0.2131881453955874, 0.8103213043478311], [0.21401120731374632, 0.7210081450676974], [0.9990022730696009, 0.0], [0.21354011900489211, 0.7163190290135381], [0.9982648768863344, 0.0]]
0.3474, [[0.21350989278922605, 0.758080671179882], [0.9938990430647991, 0.0], [0.21347526001820097, 0.7537424622823969], [0.9926876954495516, 0.0], [0.21401120731374632, 0.7210081450676974], [0.9915915659879393, 0.0], [0.1768158103734283, 0.0], [0.9907538988709685, 0.0], [0.16408635570793428, 0.0], [0.9907177764228022, 0.0]]
0.4170, [[1.0, 0.0], [0.17611449298641368, 0.9967702608695711], [0.9990022730696009, 0.0], [0.17602001293007863, 0.9715489565217406], [0.991757853809673, 0.0], [0.2127127193838016, 0.8580886956521778], [0.9907177764228022, 0.0], [0.17612991365088485, 0.8486697391304401], [0.989940520986386, 0.0], [0.2131881453955874, 0.8103213043478311]]
0.4162, [[0.17603968757095562, 0.9785033043478292], [0.9990022730696009, 0.0], [0.276678345828305, 0.0], [0.21259236534055737, 0.9678852173913088], [0.9982648768863344, 0.0], [0.9982648768863344, 0.0], [0.2127127193838016, 0.8580886956521778], [0.9947535258041929, 0.0], [0.21362776814508083, 0.7993964347826111], [0.9938990430647991, 0.0]]
0.4108, [[1.0, 0.0], [0.17602001293007863, 0.9715489565217406], [0.2127127193838016, 0.8580886956521778], [0.2131881453955874, 0.8103213043478311], [0.21362776814508083, 0.7993964347826111], [0.21368257467735913, 0.7950984347826067], [0.21970716208232027, 0.0], [0.2141500138075566, 0.6591617582205009], [0.2761071460898872, 0.0], [0.21413335152010518, 0.7157546866537702]]
0.4219, [[0.21259236534055737, 0.9678852173913088], [0.9982648768863344, 0.0], [0.17594543540621374, 1.0], [0.9947535258041929, 0.0], [0.17606409096239092, 0.8001159130434807], [0.9926876954495516, 0.0], [0.176192659802871, 0.7546983075435224], [0.9920567982082944, 0.0], [0.21347526001820097, 0.7537424622823969], [0.9765664959530553, 0.0]]
0.1100, [[1.0, 0.0], [0.9990022730696009, 0.0], [0.1661107547119957, 0.0], [0.046265694034855455, 0.0], [0.18535695939384722, 0.0], [0.16083479845658455, 0.0], [0.17882862488817025, 0.0], [0.023481003678389994, 0.0], [0.18504790041157648, 0.0], [0.18503701858800264, 0.0]]
0.4186, [[1.0, 0.0], [0.17606409096239092, 0.8001159130434807], [0.17605609576566386, 0.8239621739130447], [0.2127127193838016, 0.8580886956521778], [0.17594543540621374, 1.0], [0.2141500138075566, 0.6591617582205009], [0.21368257467735913, 0.7950984347826067], [0.21413335152010518, 0.7157546866537702], [0.17603968757095562, 0.9785033043478292], [0.2131881453955874, 0.8103213043478311]]
0.3903, [[0.1760947043997401, 0.8975589565217394], [1.0, 0.0], [0.2127127193838016, 0.8580886956521778], [0.9990022730696009, 0.0], [0.2131881453955874, 0.8103213043478311], [0.9982648768863344, 0.0], [0.21362776814508083, 0.7993964347826111], [0.21354011900489211, 0.7163190290135381], [0.21413335152010518, 0.7157546866537702], [0.2141500138075566, 0.6591617582205009]]
0.1091, [[0.1199694291112744, 0.0], [0.9907177764228022, 0.0], [0.12058581060807859, 0.0], [0.989940520986386, 0.0], [0.09505542085675805, 0.0], [0.9893376497824989, 0.0], [0.09390670988544114, 0.0], [0.9888674351555005, 0.0], [0.13126700975457065, 0.0], [0.9880553028725793, 0.0]]
0.3632, [[0.9907177764228022, 0.0], [0.2131881453955874, 0.8103213043478311], [0.9900949755923407, 0.0], [0.21368257467735913, 0.7950984347826067], [0.9893376497824989, 0.0], [0.2131628765547003, 0.7540303230174097], [0.9889203732260897, 0.0], [0.16595869404645303, 0.008410481422017974], [0.987525922166687, 0.0], [0.1659178064964451, 0.0]]
0.0955, [[0.8546800138259245, 0.0], [0.219329850779701, 0.0], [0.8512845036982479, 0.0], [0.10294477440007814, 0.0], [0.8483374101685044, 0.0], [0.10396493521965515, 0.0], [0.847943800043653, 0.0], [0.09243662353477443, 0.0], [0.847314771204887, 0.0], [0.11521307349689758, 0.0]]
0.4142, [[0.9882527307358353, 0.0], [0.9875059925401117, 0.0], [0.9852059890732179, 0.0], [0.989940520986386, 0.0], [0.21362776814508083, 0.7993964347826111], [0.21970716208232027, 0.0], [0.17611449298641368, 0.9967702608695711], [0.29435627543757564, 0.0], [0.21350989278922605, 0.758080671179882], [0.17602001293007863, 0.9715489565217406]]
0.4186, [[0.17594543540621374, 1.0], [0.2127127193838016, 0.8580886956521778], [0.21368257467735913, 0.7950984347826067], [0.21413335152010518, 0.7157546866537702], [0.21874439858879374, 0.0], [1.0, 0.0], [0.21362776814508083, 0.7993964347826111], [0.9990022730696009, 0.0], [0.2131628765547003, 0.7540303230174097], [0.17606409096239092, 0.8001159130434807]]
0.3860, [[0.9982648768863344, 0.0], [0.17594543540621374, 1.0], [0.9868022276016903, 0.0], [0.17611449298641368, 0.9967702608695711], [0.2969259168837534, 0.0], [0.17602001293007863, 0.9715489565217406], [0.29604508777893435, 0.0], [0.17606477463717043, 0.8578841739130447], [0.29603682548763616, 0.0], [0.17616622437806329, 0.7572410773694371]]
0.4131, [[0.9982648768863344, 0.0], [0.21259236534055737, 0.9678852173913088], [0.9926876954495516, 0.0], [0.2135297911407693, 0.8121839130434777], [0.9882527307358353, 0.0], [0.2131881453955874, 0.8103213043478311], [0.9881916962544497, 0.0], [0.21347526001820097, 0.7537424622823969], [0.9856176604221527, 0.0], [0.21328130272997495, 0.7347402707930365]]
0.1091, [[0.21835724138904405, 0.0], [0.9907538988709685, 0.0], [0.1199694291112744, 0.0], [0.9907177764228022, 0.0], [0.13143676187802206, 0.0], [0.9888674351555005, 0.0], [0.1310609998960131, 0.0], [0.9813209574927986, 0.0], [0.12242836278301734, 0.0], [0.8619119770692434, 0.0]]
0.4168, [[0.9907538988709685, 0.0], [0.17611449298641368, 0.9967702608695711], [0.2127127193838016, 0.8580886956521778], [0.2131881453955874, 0.8103213043478311], [0.2131881453955874, 0.8103213043478311], [0.21362776814508083, 0.7993964347826111], [0.2141500138075566, 0.6591617582205009], [0.21413335152010518, 0.7157546866537702], [0.9900949755923407, 0.0], [0.17602001293007863, 0.9715489565217406]]
0.4173, [[1.0, 0.0], [0.17611449298641368, 0.9967702608695711], [0.27777399450687806, 0.0], [0.9990022730696009, 0.0], [0.2127127193838016, 0.8580886956521778], [0.2776978437220794, 0.0], [0.9920119565485008, 0.0], [0.17612991365088485, 0.8486697391304401], [0.2766937687720617, 0.0], [0.2135297911407693, 0.8121839130434777]]
0.4228, [[0.9982648768863344, 0.0], [0.17594543540621374, 1.0], [0.21259236534055737, 0.9678852173913088], [0.2135297911407693, 0.8121839130434777], [0.2135525812942669, 0.7314652398452607], [0.21401120731374632, 0.7210081450676974], [0.21469690863907212, 0.6073640896358501], [0.9964606228804878, 0.0], [0.17603968757095562, 0.9785033043478292], [0.21350989278922605, 0.758080671179882]]
0.3794, [[0.2127127193838016, 0.8580886956521778], [1.0, 0.0], [0.2135297911407693, 0.8121839130434777], [0.9908958974603141, 0.0], [0.21362776814508083, 0.7993964347826111], [0.9882527307358353, 0.0], [0.21368257467735913, 0.7950984347826067], [0.9880553028725793, 0.0], [0.21413335152010518, 0.7157546866537702], [0.9875302817724999, 0.0]]
0.4171, [[0.17611449298641368, 0.9967702608695711], [0.9947535258041929, 0.0], [0.2127127193838016, 0.8580886956521778], [0.1761029084970942, 0.8733486956521775], [0.9907177764228022, 0.0], [0.2131881453955874, 0.8103213043478311], [0.21354011900489211, 0.7163190290135381], [0.2141500138075566, 0.6591617582205009], [0.29285563678053417, 0.0], [0.2761071460898872, 0.0]]
0.4106, [[0.9990022730696009, 0.0], [0.17602001293007863, 0.9715489565217406], [0.2127127193838016, 0.8580886956521778], [0.21328130272997495, 0.7347402707930365], [0.21401120731374632, 0.7210081450676974], [0.2141500138075566, 0.6591617582205009], [0.9938990430647991, 0.0], [0.1760947043997401, 0.8975589565217394], [0.9908958974603141, 0.0], [0.1761007815088913, 0.7689397253384931]]
0.3648, [[0.2131881453955874, 0.8103213043478311], [0.21413335152010518, 0.7157546866537702], [0.21401120731374632, 0.7210081450676974], [0.21469690863907212, 0.6073640896358501], [0.2141500138075566, 0.6591617582205009], [0.21368257467735913, 0.7950984347826067], [1.0, 0.0], [0.21350989278922605, 0.758080671179882], [0.21354011900489211, 0.7163190290135381], [0.9990022730696009, 0.0]]
0.4211, [[0.17611449298641368, 0.9967702608695711], [0.21259236534055737, 0.9678852173913088], [0.9982648768863344, 0.0], [0.2135297911407693, 0.8121839130434777], [0.17605609576566386, 0.8239621739130447], [0.9926876954495516, 0.0], [0.21350989278922605, 0.758080671179882], [0.9920567982082944, 0.0], [0.21347526001820097, 0.7537424622823969], [0.9920119565485008, 0.0]]
0.4140, [[0.17594543540621374, 1.0], [0.9982648768863344, 0.0], [0.17606409096239092, 0.8001159130434807], [0.9938990430647991, 0.0], [0.2135525812942669, 0.7314652398452607], [0.9920119565485008, 0.0], [0.21401120731374632, 0.7210081450676974], [0.9915915659879393, 0.0], [0.21469690863907212, 0.6073640896358501], [0.9893376497824989, 0.0]]
0.4146, [[0.9947535258041929, 0.0], [0.17602001293007863, 0.9715489565217406], [0.9920119565485008, 0.0], [0.21259236534055737, 0.9678852173913088], [0.9776750814312768, 0.0], [0.2135297911407693, 0.8121839130434777], [0.21362776814508083, 0.7993964347826111], [0.21401120731374632, 0.7210081450676974], [0.21469690863907212, 0.6073640896358501], [0.219329850779701, 0.0]]
0.3794, [[0.2127127193838016, 0.8580886956521778], [1.0, 0.0], [0.21368257467735913, 0.7950984347826067], [0.9990022730696009, 0.0], [0.2135525812942669, 0.7314652398452607], [0.9982648768863344, 0.0], [0.21413335152010518, 0.7157546866537702], [0.9964606228804878, 0.0], [0.2141500138075566, 0.6591617582205009], [0.9946009396007298, 0.0]]
0.3834, [[0.9803693178238532, 0.0], [0.17611449298641368, 0.9967702608695711], [0.2949190751798403, 0.0], [0.17623417405476013, 0.5643304201680673], [0.2930966202767326, 0.0], [0.17627866988832658, 0.426544761904761], [0.2930840202825028, 0.0], [0.17640106666482497, 0.3936449579831899], [0.2924629025341582, 0.0], [0.16595869404645303, 0.008410481422017974]]
0.3650, [[0.2135297911407693, 0.8121839130434777], [0.9964606228804878, 0.0], [0.21350989278922605, 0.758080671179882], [0.9947535258041929, 0.0], [0.21469690863907212, 0.6073640896358501], [0.9938990430647991, 0.0], [0.2194537851491745, 0.0], [0.9926876954495516, 0.0], [0.219329850779701, 0.0], [0.9920567982082944, 0.0]]
0.4141, [[1.0, 0.0], [0.21259236534055737, 0.9678852173913088], [0.9990022730696009, 0.0], [0.2135297911407693, 0.8121839130434777], [0.21362776814508083, 0.7993964347826111], [0.21368257467735913, 0.7950984347826067], [0.2135525812942669, 0.7314652398452607], [0.2141500138075566, 0.6591617582205009], [0.21469690863907212, 0.6073640896358501], [0.219329850779701, 0.0]]
0.4210, [[0.9982648768863344, 0.0], [0.17611449298641368, 0.9967702608695711], [0.9920119565485008, 0.0], [0.21259236534055737, 0.9678852173913088], [0.9888394091181297, 0.0], [0.17605609576566386, 0.8239621739130447], [0.9833880334491005, 0.0], [0.17606409096239092, 0.8001159130434807], [0.9803693178238532, 0.0], [0.21347526001820097, 0.7537424622823969]]
0.4222, [[1.0, 0.0], [0.17594543540621374, 1.0], [0.21259236534055737, 0.9678852173913088], [0.2127127193838016, 0.8580886956521778], [0.2135297911407693, 0.8121839130434777], [0.9964606228804878, 0.0], [0.17606477463717043, 0.8578841739130447], [0.9947535258041929, 0.0], [0.17612991365088485, 0.8486697391304401], [0.1761007815088913, 0.7689397253384931]]
0.4141, [[0.9938990430647991, 0.0], [0.21259236534055737, 0.9678852173913088], [0.21362776814508083, 0.7993964347826111], [0.17602001293007863, 0.9715489565217406], [0.21401120731374632, 0.7210081450676974], [0.2135297911407693, 0.8121839130434777], [0.9926876954495516, 0.0], [0.2135525812942669, 0.7314652398452607], [0.2131881453955874, 0.8103213043478311], [0.21347526001820097, 0.7537424622823969]]
0.4142, [[0.17602001293007863, 0.9715489565217406], [0.9964606228804878, 0.0], [0.9982648768863344, 0.0], [0.9926876954495516, 0.0], [0.21259236534055737, 0.9678852173913088], [0.9888394091181297, 0.0], [0.1761029084970942, 0.8733486956521775], [0.9877987089304288, 0.0], [0.2135297911407693, 0.8121839130434777], [0.9868022276016903, 0.0]]
0.3567, [[0.9893376497824989, 0.0], [0.17606409096239092, 0.8001159130434807], [0.9837972135947135, 0.0], [0.21354011900489211, 0.7163190290135381], [0.9773917070534168, 0.0], [0.1762017754665978, 0.6377610348162451], [0.9770479209950024, 0.0], [0.17677323262743772, 0.0], [0.9721097332102728, 0.0], [0.2181239005122965, 0.0]]
0.4126, [[0.21259236534055737, 0.9678852173913088], [0.9920119565485008, 0.0], [0.2135297911407693, 0.8121839130434777], [0.9908958974603141, 0.0], [0.21362776814508083, 0.7993964347826111], [0.9877987089304288, 0.0], [0.21350989278922605, 0.758080671179882], [0.9868022276016903, 0.0], [0.2131628765547003, 0.7540303230174097], [0.9862877941157292, 0.0]]
0.3837, [[1.0, 0.0], [0.1761029084970942, 0.8733486956521775], [0.2127127193838016, 0.8580886956521778], [0.2131881453955874, 0.8103213043478311], [0.21362776814508083, 0.7993964347826111], [0.21368257467735913, 0.7950984347826067], [0.9990022730696009, 0.0], [0.21413335152010518, 0.7157546866537702], [0.9982648768863344, 0.0], [0.2141500138075566, 0.6591617582205009]]
0.2860, [[0.2135297911407693, 0.8121839130434777], [0.1660498886656532, 0.0], [0.1955847720772496, 0.0], [0.1659131916916834, 0.0], [0.19546068510476855, 0.0], [0.16158053571330122, 0.0], [0.1952307994601583, 0.0], [0.1660599348867188, 0.0], [0.16604973673792445, 0.0], [0.19551634762640033, 0.0]]
0.4226, [[0.17594543540621374, 1.0], [1.0, 0.0], [0.17603968757095562, 0.9785033043478292], [0.9926876954495516, 0.0], [0.21259236534055737, 0.9678852173913088], [0.2127127193838016, 0.8580886956521778], [0.2135297911407693, 0.8121839130434777], [0.21368257467735913, 0.7950984347826067], [0.21413335152010518, 0.7157546866537702], [0.2141500138075566, 0.6591617582205009]]
0.4208, [[0.17611449298641368, 0.9967702608695711], [0.9982648768863344, 0.0], [0.21259236534055737, 0.9678852173913088], [0.21259236534055737, 0.9678852173913088], [0.9947535258041929, 0.0], [0.1760947043997401, 0.8975589565217394], [0.9926876954495516, 0.0], [0.17606477463717043, 0.8578841739130447], [0.9920119565485008, 0.0], [0.2131881453955874, 0.8103213043478311]]
0.4221, [[0.21259236534055737, 0.9678852173913088], [0.21835724138904405, 0.0], [1.0, 0.0], [0.21362776814508083, 0.7993964347826111], [0.21413335152010518, 0.7157546866537702], [0.21401120731374632, 0.7210081450676974], [0.2141500138075566, 0.6591617582205009], [0.2131881453955874, 0.8103213043478311], [0.21469690863907212, 0.6073640896358501], [0.17611449298641368, 0.9967702608695711]]
0.4177, [[0.17611449298641368, 0.9967702608695711], [1.0, 0.0], [0.2127127193838016, 0.8580886956521778], [0.2131881453955874, 0.8103213043478311], [0.21362776814508083, 0.7993964347826111], [0.21368257467735913, 0.7950984347826067], [0.21413335152010518, 0.7157546866537702], [0.2141500138075566, 0.6591617582205009], [0.991757853809673, 0.0], [0.17616622437806329, 0.7572410773694371]]
0.0389, [[0.2885107731965037, 0.0], [0.2770728702377956, 0.0], [0.27702811615993017, 0.0], [0.195487652276627, 0.0], [0.19544530242222957, 0.0], [0.1952719528836916, 0.0], [0.19524555544081607, 0.0], [0.1932867132517232, 0.0], [0.1932017666603691, 0.0], [0.1929455405457816, 0.0]]
0.4218, [[0.9920567982082944, 0.0], [0.17594543540621374, 1.0], [0.21259236534055737, 0.9678852173913088], [0.2127127193838016, 0.8580886956521778], [0.2135297911407693, 0.8121839130434777], [0.2141500138075566, 0.6591617582205009], [0.9881916962544497, 0.0], [0.21328130272997495, 0.7347402707930365], [0.9871871185149157, 0.0], [0.17622547619228748, 0.4551219327731107]]
0.4168, [[1.0, 0.0], [0.17594543540621374, 1.0], [0.9990022730696009, 0.0], [0.2131881453955874, 0.8103213043478311], [0.991757853809673, 0.0], [0.21362776814508083, 0.7993964347826111], [0.9908958974603141, 0.0], [0.21368257467735913, 0.7950984347826067], [0.989940520986386, 0.0], [0.21413335152010518, 0.7157546866537702]]
0.2605, [[0.17606409096239092, 0.8001159130434807], [0.29595736978631815, 0.0], [0.176416848157652, 0.07442643681192566], [0.29320926284809856, 0.0], [0.1659800778742788, 0.0037799225917434084], [0.29294886296734923, 0.0], [0.29294886296734923, 0.0], [0.1659367594806104, 0.0010339300458717217], [0.2917559946611669, 0.0], [0.1932867132517232, 0.0]]
0.3469, [[0.9982648768863344, 0.0], [0.21401120731374632, 0.7210081450676974], [0.21469690863907212, 0.6073640896358501], [0.21347526001820097, 0.7537424622823969], [0.9920119565485008, 0.0], [0.1761958312942093, 0.6821860038684711], [0.9888394091181297, 0.0], [0.17622547619228748, 0.4551219327731107], [0.9868022276016903, 0.0], [0.9862877941157292, 0.0]]
0.4138, [[0.9920567982082944, 0.0], [0.17602001293007863, 0.9715489565217406], [0.9888394091181297, 0.0], [0.21259236534055737, 0.9678852173913088], [0.2127127193838016, 0.8580886956521778], [0.17606477463717043, 0.8578841739130447], [0.21350989278922605, 0.758080671179882], [0.21328130272997495, 0.7347402707930365], [0.2135525812942669, 0.7314652398452607], [0.21401120731374632, 0.7210081450676974]]
0.4129, [[0.9947535258041929, 0.0], [0.21259236534055737, 0.9678852173913088], [0.9938990430647991, 0.0], [0.2135297911407693, 0.8121839130434777], [0.9926876954495516, 0.0], [0.21368257467735913, 0.7950984347826067], [0.9920567982082944, 0.0], [0.21350989278922605, 0.758080671179882], [0.9915915659879393, 0.0], [0.2131628765547003, 0.7540303230174097]]
0.3790, [[1.0, 0.0], [0.2127127193838016, 0.8580886956521778], [0.2770728702377956, 0.0], [0.9990022730696009, 0.0], [0.1760178099780113, 0.7603786363636366], [0.9920119565485008, 0.0], [0.21347526001820097, 0.7537424622823969], [0.991757853809673, 0.0], [0.21354011900489211, 0.7163190290135381], [0.2186426347009705, 0.0]]
0.3786, [[0.2127127193838016, 0.8580886956521778], [0.9982648768863344, 0.0], [0.2131628765547003, 0.7540303230174097], [0.9875302817724999, 0.0], [0.21328130272997495, 0.7347402707930365], [0.9862877941157292, 0.0], [0.2194537851491745, 0.0], [0.9787568864737889, 0.0], [0.219329850779701, 0.0], [0.9746557430051999, 0.0]]
0.4132, [[0.21259236534055737, 0.9678852173913088], [0.9982648768863344, 0.0], [0.2135297911407693, 0.8121839130434777], [0.9888394091181297, 0.0], [0.21350989278922605, 0.758080671179882], [0.9862877941157292, 0.0], [0.21347526001820097, 0.7537424622823969], [0.9856176604221527, 0.0], [0.2135525812942669, 0.7314652398452607], [0.8579659110074394, 0.0]]
0.4135, [[0.9982648768863344, 0.0], [0.21259236534055737, 0.9678852173913088], [0.9964606228804878, 0.0], [0.2135297911407693, 0.8121839130434777], [0.9946009396007298, 0.0], [0.21328130272997495, 0.7347402707930365], [0.9938990430647991, 0.0], [0.2135525812942669, 0.7314652398452607], [0.9900949755923407, 0.0], [0.21401120731374632, 0.7210081450676974]]
0.4156, [[0.17594543540621374, 1.0], [0.9926876954495516, 0.0], [0.17603968757095562, 0.9785033043478292], [0.2131881453955874, 0.8103213043478311], [0.17606409096239092, 0.8001159130434807], [0.21347526001820097, 0.7537424622823969], [0.9907538988709685, 0.0], [0.17653795354845575, 0.5718532492997178], [0.9900949755923407, 0.0], [0.9881916962544497, 0.0]]
0.4171, [[0.9982648768863344, 0.0], [0.17594543540621374, 1.0], [0.9964606228804878, 0.0], [0.2135297911407693, 0.8121839130434777], [0.8444025545216483, 0.0], [0.1761007815088913, 0.7689397253384931], [0.21328130272997495, 0.7347402707930365], [0.2135525812942669, 0.7314652398452607], [0.21401120731374632, 0.7210081450676974], [0.21469690863907212, 0.6073640896358501]]
0.4140, [[0.21259236534055737, 0.9678852173913088], [1.0, 0.0], [0.21347526001820097, 0.7537424622823969], [0.9947535258041929, 0.0], [0.2135525812942669, 0.7314652398452607], [0.9946009396007298, 0.0], [0.21354011900489211, 0.7163190290135381], [0.9938990430647991, 0.0], [0.21469690863907212, 0.6073640896358501], [0.9926876954495516, 0.0]]
0.3654, [[0.2135297911407693, 0.8121839130434777], [1.0, 0.0], [0.21350989278922605, 0.758080671179882], [0.9982648768863344, 0.0], [0.21401120731374632, 0.7210081450676974], [0.9946009396007298, 0.0], [0.1761958312942093, 0.6821860038684711], [0.9926876954495516, 0.0], [0.21469690863907212, 0.6073640896358501], [0.989940520986386, 0.0]]
0.4179, [[0.17611449298641368, 0.9967702608695711], [0.21469690863907212, 0.6073640896358501], [0.2127127193838016, 0.8580886956521778], [0.21413335152010518, 0.7157546866537702], [0.21401120731374632, 0.7210081450676974], [0.2141500138075566, 0.6591617582205009], [0.9982648768863344, 0.0], [0.2135297911407693, 0.8121839130434777], [0.9964606228804878, 0.0], [0.21350989278922605, 0.758080671179882]]
0.3454, [[0.9868022276016903, 0.0], [0.21347526001820097, 0.7537424622823969], [0.9862877941157292, 0.0], [0.21328130272997495, 0.7347402707930365], [0.9812132129491284, 0.0], [0.2135525812942669, 0.7314652398452607], [0.8579659110074394, 0.0], [0.21401120731374632, 0.7210081450676974], [0.8532301334926099, 0.0], [0.21413335152010518, 0.7157546866537702]]
0.4114, [[0.9813408871193732, 0.0], [0.21259236534055737, 0.9678852173913088], [0.2135525812942669, 0.7314652398452607], [0.1955847720772496, 0.0], [0.16196041200814953, 0.0], [0.19551986095512836, 0.0], [0.16144254735363678, 0.0], [0.1954921721265582, 0.0], [0.16143324178024898, 0.0], [0.19547753009169702, 0.0]]
0.4220, [[0.9982648768863344, 0.0], [0.17594543540621374, 1.0], [0.9946009396007298, 0.0], [0.17603968757095562, 0.9785033043478292], [0.9920119565485008, 0.0], [0.21259236534055737, 0.9678852173913088], [0.9862877941157292, 0.0], [0.2135297911407693, 0.8121839130434777], [0.9776750814312768, 0.0], [0.2135525812942669, 0.7314652398452607]]
0.4148, [[0.17602001293007863, 0.9715489565217406], [0.21259236534055737, 0.9678852173913088], [0.2127127193838016, 0.8580886956521778], [0.2135297911407693, 0.8121839130434777], [0.21362776814508083, 0.7993964347826111], [0.21413335152010518, 0.7157546866537702], [1.0, 0.0], [0.1760947043997401, 0.8975589565217394], [0.9982648768863344, 0.0], [0.9964606228804878, 0.0]]
0.4165, [[0.17594543540621374, 1.0], [0.17603968757095562, 0.9785033043478292], [0.1760947043997401, 0.8975589565217394], [1.0, 0.0], [0.2131881453955874, 0.8103213043478311], [0.17602001293007863, 0.9715489565217406], [0.9900949755923407, 0.0], [0.21362776814508083, 0.7993964347826111], [0.989940520986386, 0.0], [0.21368257467735913, 0.7950984347826067]]
0.4218, [[0.17611449298641368, 0.9967702608695711], [0.9982648768863344, 0.0], [0.21259236534055737, 0.9678852173913088], [0.9947535258041929, 0.0], [0.2135297911407693, 0.8121839130434777], [0.9833880334491005, 0.0], [0.21347526001820097, 0.7537424622823969], [0.9799862953131193, 0.0], [0.21469690863907212, 0.6073640896358501], [0.9776265029665012, 0.0]]
0.0941, [[0.8406333638956955, 0.0], [0.1932867132517232, 0.0], [0.1929455405457816, 0.0], [0.18565338938366313, 0.0], [0.18564809090412193, 0.0], [0.18563739899020903, 0.0], [0.18563508209234514, 0.0], [0.18553908275872227, 0.0], [0.18553186619160522, 0.0], [0.18552793506162304, 0.0]]
0.4075, [[0.21362776814508083, 0.7993964347826111], [0.9888674351555005, 0.0], [0.21413335152010518, 0.7157546866537702], [0.21897057881308285, 0.0], [0.17602001293007863, 0.9715489565217406], [0.21970716208232027, 0.0], [0.21368257467735913, 0.7950984347826067], [0.1760947043997401, 0.8975589565217394], [0.9841783677029563, 0.0], [0.2181239005122965, 0.0]]
0.3469, [[0.9982648768863344, 0.0], [0.21347526001820097, 0.7537424622823969], [0.9964606228804878, 0.0], [0.2135525812942669, 0.7314652398452607], [0.9946009396007298, 0.0], [0.21469690863907212, 0.6073640896358501], [0.9938990430647991, 0.0], [0.17627866988832658, 0.426544761904761], [0.98147167529377, 0.0], [0.16196041200814953, 0.0]]
0.4214, [[0.17594543540621374, 1.0], [1.0, 0.0], [0.17611449298641368, 0.9967702608695711], [0.9900949755923407, 0.0], [0.17603968757095562, 0.9785033043478292], [0.9889203732260897, 0.0], [0.21259236534055737, 0.9678852173913088], [0.9858312811070007, 0.0], [0.1761029084970942, 0.8733486956521775], [0.9813209574927986, 0.0]]
0.4230, [[0.17594543540621374, 1.0], [1.0, 0.0], [0.21259236534055737, 0.9678852173913088], [0.21362776814508083, 0.7993964347826111], [0.2131628765547003, 0.7540303230174097], [0.2135525812942669, 0.7314652398452607], [0.21401120731374632, 0.7210081450676974], [0.21413335152010518, 0.7157546866537702], [0.2141500138075566, 0.6591617582205009], [0.21469690863907212, 0.6073640896358501]]
0.4152, [[0.9875059925401117, 0.0], [0.978447354461049, 0.0], [0.17594543540621374, 1.0], [0.9889203732260897, 0.0], [0.21368257467735913, 0.7950984347826067], [0.8619119770692434, 0.0], [0.21413335152010518, 0.7157546866537702], [0.8559449223125918, 0.0], [0.2141500138075566, 0.6591617582205009], [0.852773620483882, 0.0]]
0.3607, [[1.0, 0.0], [0.21362776814508083, 0.7993964347826111], [0.9990022730696009, 0.0], [0.2135525812942669, 0.7314652398452607], [0.1762792396173095, 0.508095742296914], [0.1766964521515055, 0.0], [0.17677323262743772, 0.0], [0.2186426347009705, 0.0], [0.21869041828564528, 0.0], [0.2190563689377295, 0.0]]
0.4139, [[0.21259236534055737, 0.9678852173913088], [0.9982648768863344, 0.0], [0.2135297911407693, 0.8121839130434777], [0.9926876954495516, 0.0], [0.21350989278922605, 0.758080671179882], [0.9858312811070007, 0.0], [0.21347526001820097, 0.7537424622823969], [0.2135525812942669, 0.7314652398452607], [0.21401120731374632, 0.7210081450676974], [0.21469690863907212, 0.6073640896358501]]
0.3640, [[0.9947535258041929, 0.0], [0.2131881453955874, 0.8103213043478311], [0.9926876954495516, 0.0], [0.21368257467735913, 0.7950984347826067], [0.9920567982082944, 0.0], [0.21350989278922605, 0.758080671179882], [0.8519278569561151, 0.0], [0.21401120731374632, 0.7210081450676974], [0.2141500138075566, 0.6591617582205009], [0.21869041828564528, 0.0]]
0.4155, [[0.17611449298641368, 0.9967702608695711], [0.9990022730696009, 0.0], [0.2131881453955874, 0.8103213043478311], [0.17612991365088485, 0.8486697391304401], [0.21362776814508083, 0.7993964347826111], [0.17621700622140798, 0.6475968916827828], [0.9908958974603141, 0.0], [0.17603968757095562, 0.9785033043478292], [0.17606409096239092, 0.8001159130434807], [0.17605609576566386, 0.8239621739130447]]
0.4216, [[0.17594543540621374, 1.0], [0.9946009396007298, 0.0], [0.17611449298641368, 0.9967702608695711], [0.9926876954495516, 0.0], [0.21259236534055737, 0.9678852173913088], [0.9920119565485008, 0.0], [0.17605609576566386, 0.8239621739130447], [0.9915915659879393, 0.0], [0.2135297911407693, 0.8121839130434777], [0.9833581390092381, 0.0]]
0.4128, [[0.9947535258041929, 0.0], [0.21259236534055737, 0.9678852173913088], [0.9926876954495516, 0.0], [0.2127127193838016, 0.8580886956521778], [0.9907177764228022, 0.0], [0.17612991365088485, 0.8486697391304401], [0.9900949755923407, 0.0], [0.2135297911407693, 0.8121839130434777], [0.9888674351555005, 0.0], [0.2135525812942669, 0.7314652398452607]]
0.1091, [[0.9907538988709685, 0.0], [0.1199694291112744, 0.0], [0.9907177764228022, 0.0], [0.12207567390516683, 0.0], [0.9900949755923407, 0.0], [0.1273907282559517, 0.0], [0.989940520986386, 0.0], [0.1244835171319875, 0.0], [0.9893376497824989, 0.0], [0.12933381324186655, 0.0]]
0.4134, [[0.21259236534055737, 0.9678852173913088], [1.0, 0.0], [0.2127127193838016, 0.8580886956521778], [0.9990022730696009, 0.0], [0.2135297911407693, 0.8121839130434777], [0.9908958974603141, 0.0], [0.21362776814508083, 0.7993964347826111], [0.9907538988709685, 0.0], [0.21368257467735913, 0.7950984347826067], [0.9900949755923407, 0.0]]
0.3903, [[1.0, 0.0], [0.1760947043997401, 0.8975589565217394], [0.9990022730696009, 0.0], [0.2127127193838016, 0.8580886956521778], [0.2131881453955874, 0.8103213043478311], [0.21362776814508083, 0.7993964347826111], [0.21368257467735913, 0.7950984347826067], [0.21413335152010518, 0.7157546866537702], [0.2141500138075566, 0.6591617582205009], [0.17605609576566386, 0.8239621739130447]]
0.3659, [[0.9947535258041929, 0.0], [0.17605609576566386, 0.8239621739130447], [0.9938990430647991, 0.0], [0.21347526001820097, 0.7537424622823969], [0.9926876954495516, 0.0], [0.21328130272997495, 0.7347402707930365], [0.9920567982082944, 0.0], [0.21401120731374632, 0.7210081450676974], [0.9856176604221527, 0.0], [0.21469690863907212, 0.6073640896358501]]
0.3907, [[0.2127127193838016, 0.8580886956521778], [1.0, 0.0], [0.2131881453955874, 0.8103213043478311], [0.21362776814508083, 0.7993964347826111], [0.21368257467735913, 0.7950984347826067], [0.1760947043997401, 0.8975589565217394], [0.21413335152010518, 0.7157546866537702], [0.21469690863907212, 0.6073640896358501], [0.991757853809673, 0.0], [0.17606477463717043, 0.8578841739130447]]
0.3902, [[0.21368257467735913, 0.7950984347826067], [0.2127127193838016, 0.8580886956521778], [0.1760947043997401, 0.8975589565217394], [0.21413335152010518, 0.7157546866537702], [0.21964416211117127, 0.0], [0.2135297911407693, 0.8121839130434777], [0.9990022730696009, 0.0], [0.21362776814508083, 0.7993964347826111], [0.21897057881308285, 0.0], [0.9946009396007298, 0.0]]
0.3635, [[0.2135525812942669, 0.7314652398452607], [0.9888394091181297, 0.0], [0.2135297911407693, 0.8121839130434777], [0.9812132129491284, 0.0], [0.1761007815088913, 0.7689397253384931], [0.176192659802871, 0.7546983075435224], [0.17621700622140798, 0.6475968916827828], [0.9795839659766413, 0.0], [0.17602383011426423, 0.7515847369439078], [0.8483374101685044, 0.0]]
0.4211, [[0.17611449298641368, 0.9967702608695711], [0.9982648768863344, 0.0], [0.9938990430647991, 0.0], [0.9920119565485008, 0.0], [0.9833581390092381, 0.0], [0.9877987089304288, 0.0], [0.21259236534055737, 0.9678852173913088], [0.21259236534055737, 0.9678852173913088], [0.9803693178238532, 0.0], [0.2135297911407693, 0.8121839130434777]]
0.3903, [[1.0, 0.0], [0.1760947043997401, 0.8975589565217394], [0.2127127193838016, 0.8580886956521778], [0.2131881453955874, 0.8103213043478311], [0.2131881453955874, 0.8103213043478311], [0.21362776814508083, 0.7993964347826111], [0.21413335152010518, 0.7157546866537702], [0.2141500138075566, 0.6591617582205009], [0.21401120731374632, 0.7210081450676974], [0.9908958974603141, 0.0]]
