mean:0.754569,,,,,,,,,,,,,,,,,,,,
0.5889, [[0.9684374733682896, 0.4349445886743468], [0.9554742927874089, 0.44766181599870175], [0.9666661070777345, 0.40244478792795724], [0.9535418931977119, 0.39579982151549553], [0.9195638670788807, 0.3913413240305046], [0.9113511688226705, 0.3678557001460328], [0.9558768760352623, 0.3459002583157554], [0.9741541554878088, 0.34423085640110357], [0.9774553381202067, 0.3152236689923739], [0.9653778406846032, 0.3103405880253123]]
0.578, [[0.9554742927874089, 0.44766181599870175], [0.9237507328565564, 0.30394661301314324], [0.9013671042759045, 0.29182131945556444], [0.8833313747720701, 0.2918663795036029], [0.8260840369273091, 0.3217489508356322], [0.8236685374401884, 0.30674164335550896], [0.7754390643473452, 0.29550225460368296], [0.7705275487235328, 0.2883786106407919], [0.7418636214763675, 0.2852501237301381], [0.4016292205551469, 0.2686576032169836]]
1.163, [[0.9737515722399555, 0.4098630056790525], [0.9743151887869501, 0.3518031309427227], [0.962720791248771, 0.6104841301960784], [0.9739931221886676, 0.2909340304243395], [0.9273739820872375, 1.0], [0.9559573926848326, 0.3926843134836929], [0.9370359800357204, 0.8021817254901951], [0.9512069103601621, 0.44367859484017524], [0.9686790233170017, 0.2955784819855885], [0.9614325248556397, 0.30962841538211916]]
0.7641, [[0.962720791248771, 0.6104841301960784], [0.9799513542568985, 0.4243752542592891], [0.9536224098472829, 0.42701326042511767], [0.9761670717270761, 0.4208141437611552], [0.9656193906333155, 0.38610908064254446], [0.9661024905307398, 0.36197359922115846], [0.9499186439670309, 0.4063305799123802], [0.9141692515576447, 0.3991861035210126], [0.9492745107704652, 0.396439293201363], [0.9323660143606202, 0.3796992795716373]]
0.5754, [[0.9975039838633091, 0.31072807918221673], [0.9744762220860913, 0.40569234463735193], [0.9727048557955362, 0.4236403316566606], [0.9748788053339448, 0.3428520110335874], [0.9642506075906139, 0.42522986143112096], [0.9661024905307398, 0.42222736134999195], [0.9666661070777345, 0.40244478792795724], [0.9695647064622797, 0.37860530326139874], [0.9636869910436192, 0.4262897128022066], [0.9913847184959363, 0.3398947635891612]]
0.8701, [[0.961593558154781, 0.35531305403212715], [0.9566820425309692, 0.7156091764705887], [0.9768112049236418, 0.2929423442754203], [0.9730269223938188, 0.293475417133707], [0.9569235924796807, 0.4110994165179294], [0.9555548094369791, 0.3632043225701769], [0.927857081984662, 0.3915482992049328], [0.9370359800357204, 0.2941687654123299], [0.9272129487880963, 0.32469877981502504], [0.9202080002754465, 0.3245494213856889]]
0.8678, [[0.9560379093344036, 0.7094235678431381], [0.9642506075906139, 0.42522986143112096], [0.9455707448902138, 0.4473086970631187], [0.9624792413000588, 0.4229335992211585], [0.9654583573341742, 0.41958910790199583], [0.9818032371970244, 0.3835964465357782], [0.9780994713167724, 0.37674771961706965], [0.9737515722399555, 0.4098630056790525], [0.9709334895049813, 0.3136737043647574], [0.7636836335100241, 0.2912024307445957]]
0.7665, [[0.9848628698807108, 0.386137765374006], [0.9761670717270761, 0.4208141437611552], [0.9247169326514046, 0.6166697388235289], [0.9748788053339448, 0.4036752639948076], [0.9415449124116793, 0.4821186831372543], [0.9743151887869501, 0.3518031309427227], [0.9455707448902138, 0.4473086970631187], [0.9714971060519759, 0.36104480739899414], [0.9236702162069863, 0.44607228622424133], [0.9654583573341742, 0.41958910790199583]]
0.4118, [[0.9451681616423604, 0.29399653803042436], [0.7749559644499208, 0.29073909090909095], [0.6172307763653655, 0.28369207573586874], [0.37422768977094106, 0.2773216241208648], [0.5734070033369222, 0.2763214749934879], [0.33496681883583573, 0.2678398215681167], [0.2908861912396433, 0.2668608426673613], [0.279976394626925, 0.2722549088304246], [0.2667817860143953, 0.26478750520969], [0.2586470577180704, 0.267806779109143]]
0.7944, [[0.9479862443773346, 0.6475891247058787], [0.9654583573341742, 0.41958910790199583], [0.9558768760352623, 0.41027349407755953], [0.9702088396588446, 0.2919381873498799], [0.9280986319333742, 0.3983821891935745], [0.9540249930951363, 0.29211473819055245], [0.9212547167198655, 0.3838496634755801], [0.9272934654376672, 0.3086635203634594], [0.9089356693355498, 0.34320661366217775], [0.7001559969987499, 0.2914047878302642]]
0.5802, [[0.9748788053339448, 0.4036752639948076], [0.9665855904281635, 0.44006679149764716], [0.8078872741243335, 0.34733004380983296], [0.9582923755223831, 0.32643667889015077], [0.8178713386710988, 0.34084927275677424], [0.8083703740217573, 0.33470999837741355], [0.7937163437998918, 0.3168035547622913], [0.8032978250988043, 0.2953255692554044], [0.7956487433895888, 0.29460995036028825], [0.5657069477722712, 0.2811060038421464]]
0.5972, [[0.9693231565135675, 0.4292924601655037], [0.9455707448902138, 0.4473086970631187], [0.9710140061545516, 0.42415294759045935], [0.9128004685149431, 0.4397257893882848], [0.9802734208551809, 0.36772266233976947], [0.9975039838633091, 0.31072807918221673], [0.9809175540517465, 0.34126792146681795], [0.9858290696755589, 0.31778749050786953], [0.9695647064622797, 0.37860530326139874], [0.9581313422232411, 0.41905349472659403]]
0.6182, [[0.9415449124116793, 0.4821186831372543], [0.9656193906333155, 0.3948495161447346], [0.7972590763810026, 0.325992807398994], [0.8242321539871837, 0.29462320896717376], [0.8057938412354952, 0.29838523705987346], [0.7937163437998918, 0.38984675060847], [0.7991914759706988, 0.3181678104819082], [0.8080483074234748, 0.29514004483586875], [0.6580457892732787, 0.30070696933311714], [0.8000771591159768, 0.2937750808646918]]
0.4939, [[0.9380021798305685, 0.37586467499594334], [0.9272934654376672, 0.361126163232192], [0.9371970133348616, 0.31649989226026276], [0.8946842223615377, 0.3466796917085836], [0.9070837863954238, 0.31899348564011043], [0.9350230637964532, 0.29334613610888716], [0.9193223171301685, 0.3105218458542917], [0.9063591365492878, 0.3121289326626642], [0.9333322141554691, 0.2937707381905525], [0.9268103655402429, 0.2902895405704611]]
0.5671, [[0.9513679436593034, 0.4335316183676782], [0.9665855904281635, 0.2941125412329864], [0.9618351081034932, 0.30713284374492944], [0.9266493322411016, 0.41238157455784524], [0.9579703089240998, 0.29872871199091344], [0.916182167796912, 0.3627090163881226], [0.9424305955569565, 0.2891492875748893], [0.9260051990445359, 0.2954004899919936], [0.8151337725856956, 0.3335163673535618], [0.8089339905687527, 0.29474247878302645]]
0.5315, [[0.9758450051287929, 0.39399490897290274], [0.9450876449927894, 0.3937100399156256], [0.968840056616143, 0.3213087885769919], [0.9060370699510046, 0.38920084958624035], [0.7843764124496921, 0.3826315515171185], [0.9283401818820857, 0.34215962096381647], [0.9558768760352623, 0.3459002583157554], [0.8999178045836327, 0.3628185623884473], [0.9558768760352623, 0.3459002583157554], [0.802734208551809, 0.3324931137433068]]
1.0269, [[0.9976650171624503, 0.3709818413110497], [0.9780994713167724, 0.37674771961706965], [0.9651362907358918, 0.40810829141651783], [0.9174704341900426, 0.8702017772549051], [0.9712555561032638, 0.37242324906701285], [0.9415449124116793, 0.37540695570339144], [0.9371970133348616, 0.3967127872789227], [0.9352646137451653, 0.3999717189680349], [0.9285817318307978, 0.41688853934772035], [0.9302725814717827, 0.3781552497160474]]
0.819, [[0.9842992533337154, 0.2936148823058447], [0.9836551201371505, 0.5919359615686297], [0.9771332715219243, 0.34085199286061996], [0.9720607225989706, 0.3735854752555573], [0.976972238222783, 0.2908720483849961], [0.9610299416077862, 0.6568653733333307], [0.9514484603088744, 0.3489769430472174], [0.9158601011986287, 0.43322078468278424], [0.9296284482752171, 0.6197603788235303], [0.9642506075906139, 0.42522986143112096]]
0.6186, [[0.9690816065648553, 0.3083521921142303], [0.9415449124116793, 0.4821186831372543], [0.961593558154781, 0.35531305403212715], [0.9685179900178605, 0.2951857582065653], [0.9600637418129381, 0.3608682479312024], [0.9175509508396135, 0.4167028304397208], [0.9352646137451653, 0.3999717189680349], [0.9356671969930188, 0.39839356417329197], [0.9329296309076156, 0.3959207424955377], [0.9559573926848326, 0.3150698594840176]]
0.5365, [[0.9407397459159724, 0.320701958137271], [0.9326075643093323, 0.4158685004056467], [0.9371970133348616, 0.3967127872789227], [0.9130420184636545, 0.3226018270322897], [0.8069210743294855, 0.3754690235275027], [0.9107875522756759, 0.30685020022716236], [0.791300844312771, 0.3278884724971606], [0.8499974818498046, 0.30418350932987187], [0.6552277065383045, 0.3266258497484993], [0.857324496960737, 0.29260889991993594]]
0.556, [[0.9453291949415017, 0.422580480285575], [0.9643311242401849, 0.343883177673211], [0.9670686903255881, 0.34775759467791645], [0.9240727994548397, 0.2936379023218575], [0.916101651147341, 0.2950711000800641], [0.9196443837284518, 0.30826242868732784], [0.8222192377479165, 0.3292527282167774], [0.8008823256116836, 0.30708264546487124], [0.9196443837284518, 0.3028538731137435], [0.9099823857799689, 0.32541565081940627]]
0.5202, [[0.9381632131297104, 0.38875302158039904], [0.9409007792151136, 0.3448972818432582], [0.9352646137451653, 0.3999717189680349], [0.9125589185662308, 0.3997098471523608], [0.9089356693355498, 0.3624651961706962], [0.916182167796912, 0.35247746941424635], [0.9218183332668601, 0.3418913198117802], [0.9174704341900426, 0.33775948207042034], [0.9057955200022925, 0.31053618822002294], [0.8989516047887838, 0.3302396313483694]]
0.5401, [[0.9422695622578152, 0.41818899626805106], [0.9357477136425898, 0.32539388998864205], [0.9208521334720121, 0.3665035612526366], [0.9276155320359498, 0.3186022852506895], [0.9070837863954238, 0.31899348564011043], [0.6614274885552476, 0.3524715346422198], [0.9143302848567859, 0.29568349399519617], [0.8874377239001756, 0.2940136204963971], [0.678738568212946, 0.29392129063250605], [0.28361299349783126, 0.2674097317009638]]
1.1639, [[0.9273739820872375, 1.0], [0.9762475883766464, 0.29338243394715774], [0.9560379093344036, 0.7094235678431381], [0.9748788053339448, 0.4036752639948076], [0.9554742927874089, 0.44766181599870175], [0.9744762220860913, 0.35038991335388603], [0.9665855904281635, 0.44006679149764716], [0.9665855904281635, 0.44006679149764716], [0.9735905389408142, 0.42982238585104654], [0.9709334895049813, 0.3136737043647574]]
0.5828, [[0.9684374733682896, 0.4349445886743468], [0.9934781513847746, 0.3476836573097516], [0.9544275763429897, 0.3385957903618369], [0.9128809851645133, 0.3285682511763751], [0.9272129487880963, 0.32469877981502504], [0.9130420184636545, 0.3226018270322897], [0.9500796772661722, 0.29280022738190553], [0.9357477136425898, 0.29151667894315453], [0.9369554633861501, 0.2897442055222714], [0.93228549771105, 0.34391161512250545]]
0.4702, [[0.916182167796912, 0.3627090163881226], [0.8045055748423647, 0.32942335291254266], [0.8005602590134004, 0.2877842882261006], [0.789448961372645, 0.3272062209962683], [0.7828465961078486, 0.29241411369095277], [0.6179912756803929, 0.2930602690152122], [0.7598188343306316, 0.28621640433706697], [0.6809930344009254, 0.286658904337067], [0.6291403120774012, 0.28225634247199793], [0.6220789594986644, 0.27707528490492317]]
1.1678, [[0.9828499536414436, 0.9784174635294092], [0.9344594472494585, 0.7558048109803904], [0.9317218811640553, 0.4498141364705895], [0.9317218811640553, 0.4498141364705895], [0.9455707448902138, 0.4473086970631187], [0.9665855904281635, 0.44006679149764716], [0.956359975932686, 0.43141191562550696], [0.9266493322411016, 0.42392520071393774], [0.9453291949415017, 0.422580480285575], [0.9386463130271342, 0.42123452344637335]]
0.7647, [[0.987680952615685, 0.41374904494564346], [0.9187587005831739, 0.6156048964705849], [0.9756034551800814, 0.3348066857050138], [0.9236702162069863, 0.44607228622424133], [0.964492157539326, 0.35474306863540483], [0.9375995965827151, 0.4134528009086484], [0.9475836611294811, 0.4185178815511927], [0.9165847510447653, 0.2956707542033627], [0.9528977600011462, 0.3299238520201202], [0.9202080002754465, 0.290373299361813]]
0.5983, [[0.9554742927874089, 0.44766181599870175], [0.9976650171624503, 0.3709818413110497], [0.9593390919668014, 0.40509416907350326], [0.9307556813692064, 0.4349445886743468], [0.9504017438644552, 0.4204382748661368], [0.9844602866328573, 0.32840257212396573], [0.9175509508396135, 0.4167028304397208], [0.97077245620584, 0.3885136524419924], [0.9632844077957656, 0.3144316242089894], [0.9619961414026343, 0.3934649832873599]]
0.9615, [[0.9975039838633091, 0.31072807918221673], [0.9867147528208362, 0.7805385882352973], [0.9913847184959363, 0.3398947635891612], [0.9479862443773346, 0.6475891247058787], [0.9866342361712659, 0.3992367963654064], [0.962720791248771, 0.6104841301960784], [0.9797098043081862, 0.42322440305046216], [0.956359975932686, 0.44253961317540147], [0.9727048557955362, 0.4236403316566606], [0.9744762220860913, 0.40569234463735193]]
0.5658, [[0.9624792413000588, 0.4229335992211585], [0.9886471524105331, 0.2905126155899974], [0.9554742927874089, 0.40245047541781576], [0.9352646137451653, 0.3999717189680349], [0.9212547167198655, 0.3838496634755801], [0.9231871163095619, 0.3572472951484668], [0.9386463130271342, 0.3768105292876846], [0.9301920648222117, 0.2894591374706955], [0.917067850942189, 0.35472402790848634], [0.670042770059312, 0.372070871977933]]
0.5878, [[0.9644116408897551, 0.4446593159175727], [0.9648142241376085, 0.41421616096057134], [0.9192418004805982, 0.35828909492130473], [0.9294674149760758, 0.34661243095894845], [0.9809175540517465, 0.34126792146681795], [0.3264566739456921, 0.2778353767257098], [0.9715776227015469, 0.29459115772618094], [0.6304285784705318, 0.2857248593383694], [0.9828499536414436, 0.2925208550840673], [0.8083703740217573, 0.290091228184423]]
0.7654, [[0.9737515722399555, 0.4098630056790525], [0.9758450051287929, 0.39399490897290274], [0.9844602866328573, 0.32840257212396573], [0.962720791248771, 0.6104841301960784], [0.9504017438644552, 0.4204382748661368], [0.9720607225989706, 0.3735854752555573], [0.9762475883766464, 0.29338243394715774], [0.9326075643093323, 0.4158685004056467], [0.9266493322411016, 0.41238157455784524], [0.9653778406846032, 0.3103405880253123]]
0.9266, [[0.951045877061021, 0.7681716996078438], [0.9710140061545516, 0.42415294759045935], [0.9780994713167724, 0.37674771961706965], [0.978663087863767, 0.36784234690897283], [0.9654583573341742, 0.41958910790199583], [0.9720607225989706, 0.3735854752555573], [0.9619961414026343, 0.3934649832873599], [0.9712555561032638, 0.37242324906701285], [0.9548301595908433, 0.3876076105792635], [0.9559573926848326, 0.3926843134836929]]
1.0185, [[0.9976650171624503, 0.3709818413110497], [0.9851849364789933, 0.380781880902158], [0.9848628698807108, 0.386137765374006], [0.9665855904281635, 0.44006679149764716], [0.9710140061545516, 0.42415294759045935], [0.962720791248771, 0.6104841301960784], [0.9622376913513466, 0.8423773599999967], [0.9624792413000588, 0.4229335992211585], [0.9512069103601621, 0.44367859484017524], [0.956359975932686, 0.4238623910433228]]
0.5344, [[0.9175509508396135, 0.4167028304397208], [0.9181950840361792, 0.40834048937205913], [0.9202885169250167, 0.38961158526691547], [0.9323660143606202, 0.3796992795716373], [0.9357477136425898, 0.32539388998864205], [0.9125589185662308, 0.3997098471523608], [0.9208521334720121, 0.3665035612526366], [0.9189197338823151, 0.29036544217244076], [0.917067850942189, 0.35472402790848634], [0.9059565533014344, 0.2953136365092074]]
0.5631, [[0.9670686903255881, 0.34775759467791645], [0.9642506075906139, 0.427879242576667], [0.8942011224641133, 0.2866168712555353], [0.7925085940563315, 0.3173149342852507], [0.7917034275606245, 0.2908464020578276], [0.5765440630114088, 0.289556074824173], [0.7509620028778556, 0.2866332964313623], [0.5131374326210141, 0.2842080567856213], [0.4862347693519258, 0.27887786630632977], [0.4086638392191492, 0.2737111783667622]]
0.8089, [[0.9610299416077862, 0.6568653733333307], [0.9720607225989706, 0.3735854752555573], [0.9705309062571278, 0.4386538211909785], [0.9572456590779639, 0.43759396981989285], [0.9624792413000588, 0.4229335992211585], [0.939531996172412, 0.43496165114392327], [0.9582923755223831, 0.32643667889015077], [0.9416254290612496, 0.3946242420898911], [0.9559573926848326, 0.3926843134836929], [0.9455707448902138, 0.37971065455135483]]
0.7641, [[0.962720791248771, 0.6104841301960784], [0.9656193906333155, 0.3948495161447346], [0.9128809851645133, 0.3285682511763751], [0.9702088396588446, 0.2919381873498799], [0.9500796772661722, 0.29280022738190553], [0.9851044198294223, 0.29207455884707767], [0.9730269223938188, 0.293475417133707], [0.7996745758681233, 0.35653907901995785], [0.9540249930951363, 0.29211473819055245], [0.8178713386710988, 0.34084927275677424]]
0.8704, [[0.9727048557955362, 0.4236403316566606], [0.9665855904281635, 0.44006679149764716], [0.9566820425309692, 0.7156091764705887], [0.9512069103601621, 0.44367859484017524], [0.9455707448902138, 0.37971065455135483], [0.9455707448902138, 0.37971065455135483], [0.9371970133348616, 0.3967127872789227], [0.9357477136425898, 0.32539388998864205], [0.9345399638990295, 0.42399369787441166], [0.9294674149760758, 0.34661243095894845]]
0.5565, [[0.9651362907358918, 0.40810829141651783], [0.9976650171624503, 0.3709818413110497], [0.9738320888895257, 0.37261118351452205], [0.9762475883766464, 0.33511430472172643], [0.9032995038656015, 0.36938439850722027], [0.9112706521730995, 0.32126328865812104], [0.9318023978136255, 0.2968597533668668], [0.7126360776822068, 0.3689568476391368], [0.9070837863954238, 0.31899348564011043], [0.6614274885552476, 0.3524715346422198]]
0.566, [[0.9693231565135675, 0.4292924601655037], [0.9223014331642839, 0.37205207853318206], [0.9253610658479703, 0.3218671517118287], [0.9289843150786514, 0.292444320256205], [0.9223014331642839, 0.3362221288333606], [0.8059548745346365, 0.30179599999999995], [0.9086941193868376, 0.28876933771815577], [0.9056344867031512, 0.2940973226581265], [0.8924297561735584, 0.29240108566853484], [0.8808353586353785, 0.29495580784627706]]
0.4697, [[0.9425111122065275, 0.3505219620314781], [0.8201258048590783, 0.2942919167333867], [0.7916229109110542, 0.3060992042836282], [0.9424305955569565, 0.2891492875748893], [0.7730235648602245, 0.2946963426741393], [0.85184936478993, 0.2871640697447252], [0.7666627495441403, 0.2916714587670136], [0.5039163784263091, 0.2929184403522818], [0.7541826688606833, 0.2864747502604845], [0.7496737364847244, 0.28523686832508466]]
0.517, [[0.9720607225989706, 0.3735854752555573], [0.9762475883766464, 0.33511430472172643], [0.797661659628856, 0.3819495472983938], [0.9533003432489997, 0.3462820619828004], [0.916182167796912, 0.35247746941424635], [0.7724599483132298, 0.34775314359889675], [0.8553115807214697, 0.29460995036028825], [0.6864681665717325, 0.29828904429660874], [0.8072431409277678, 0.31833818789550533], [0.7702859987748214, 0.293105867093675]]
0.5758, [[0.9158601011986287, 0.43322078468278424], [0.976972238222783, 0.2908720483849961], [0.9326075643093323, 0.4158685004056467], [0.961915624753064, 0.4054017880902158], [0.9690010899152843, 0.3292628667856566], [0.9723827891972538, 0.3229497530423498], [0.9345399638990295, 0.42399369787441166], [0.9851044198294223, 0.29207455884707767], [0.9744762220860913, 0.40569234463735193], [0.9562794592831159, 0.3569822086646114]]
0.8749, [[0.9566820425309692, 0.7156091764705887], [0.9666661070777345, 0.40244478792795724], [0.9858290696755589, 0.31778749050786953], [0.9065201698484291, 0.40262134739574895], [0.9223014331642839, 0.37205207853318206], [0.9443629951466535, 0.33845335583319813], [0.9221403998651427, 0.36233834041862745], [0.9318023978136255, 0.2968597533668668], [0.931399814565772, 0.2976718280058415], [0.3261725646589026, 0.2812827617869237]]
0.56, [[0.9652973240350329, 0.29110758366693357], [0.9536224098472829, 0.42701326042511767], [0.9561989426335448, 0.3671185520038942], [0.9533808598985707, 0.41429603310076274], [0.9323660143606202, 0.3796992795716373], [0.9371970133348616, 0.31649989226026276], [0.9141692515576447, 0.3991861035210126], [0.9202885169250167, 0.38961158526691547], [0.9196443837284518, 0.32558850105468107], [0.888484440344594, 0.3688178750608469]]
0.7245, [[1.0, 0.3532885549245498], [0.9640895742914726, 0.5455547184313697], [0.9812396206500298, 0.42099070322894694], [0.9802734208551809, 0.4480151822164528], [0.9522536268045813, 0.47444402666666596], [0.9632844077957656, 0.5641072156862738], [0.9913847184959363, 0.3398947635891612], [0.9727048557955362, 0.4236403316566606], [0.9774553381202067, 0.3152236689923739], [0.9768112049236418, 0.3962340490021093]]
0.9968, [[0.9601442584625084, 0.8300061427450955], [0.962720791248771, 0.6104841301960784], [0.9799513542568985, 0.4243752542592891], [0.9216572999677191, 0.5795690729411763], [0.9741541554878088, 0.34423085640110357], [0.968840056616143, 0.3213087885769919], [0.9561184259839739, 0.3587599201687491], [0.9365528801382967, 0.32332018172967736], [0.9223014331642839, 0.3362221288333606], [0.9159406178481997, 0.3535484484828819]]
0.5649, [[0.9797098043081862, 0.42322440305046216], [0.8970192051990875, 0.2900648710601719], [0.6532953069486083, 0.34587726107415234], [0.8913830397291391, 0.29119351481184946], [0.7669848161424228, 0.29562938350680545], [0.7667432661937106, 0.28580127963011204], [0.7661796496467159, 0.2928960352281826], [0.7469361703993211, 0.29457745716573264], [0.6582873392219909, 0.2956504051240993], [0.7100595448959449, 0.2911144243394716]]
1.0133, [[0.9866342361712659, 0.3992367963654064], [0.9666661070777345, 0.40244478792795724], [0.9622376913513466, 0.8423773599999967], [0.9644116408897551, 0.4446593159175727], [0.9818032371970244, 0.3835964465357782], [0.9619961414026343, 0.3934649832873599], [0.9296284482752171, 0.6197603788235303], [0.9187587005831739, 0.6156048964705849], [0.9492745107704652, 0.396439293201363], [0.9508848437618789, 0.3943025279896153]]
0.9031, [[0.9659414572315985, 0.743437922352937], [0.9762475883766464, 0.29338243394715774], [0.9479057277277636, 0.41224482751906544], [0.9460538447876375, 0.30911555216615283], [0.9141692515576447, 0.3991861035210126], [0.9391294129245586, 0.3612327418465034], [0.9165042343951944, 0.3468943326302128], [0.9158601011986287, 0.34008269803667046], [0.9223819498138549, 0.32780637481745906], [0.6892862493067067, 0.28417005795780154]]
0.9655, [[0.972463305846824, 0.6846897905882312], [0.9771332715219243, 0.34085199286061996], [0.9370359800357204, 0.8021817254901951], [0.9317218811640553, 0.4498141364705895], [0.9266493322411016, 0.41238157455784524], [0.9065201698484291, 0.40262134739574895], [0.9231871163095619, 0.3572472951484668], [0.31560369919033243, 0.26431580489710865], [0.2946932556826229, 0.26416027481114873], [0.9618351081034932, 0.30713284374492944]]
0.5489, [[0.9455707448902138, 0.3869011254259289], [0.9487108942234704, 0.36311876294012646], [0.9446045450953657, 0.29187619855884706], [0.9357477136425898, 0.32539388998864205], [0.9345399638990295, 0.42399369787441166], [0.9340568640016049, 0.42046102482557174], [0.9327685976084736, 0.3157592821677757], [0.9325270476597622, 0.3165738296284276], [0.9231871163095619, 0.36718136167450915], [0.9229455663608497, 0.2912833658927142]]
0.5408, [[0.9326075643093323, 0.4158685004056467], [0.9455707448902138, 0.37971065455135483], [0.9500796772661722, 0.29280022738190553], [0.9312387812666308, 0.40619284374492953], [0.93228549771105, 0.40173805549245506], [0.9371970133348616, 0.3967127872789227], [0.9446045450953657, 0.29187619855884706], [0.9380021798305685, 0.37586467499594334], [0.9231871163095619, 0.3572472951484668], [0.9070837863954238, 0.31899348564011043]]
0.5743, [[0.939531996172412, 0.43496165114392327], [0.9504017438644552, 0.4204382748661368], [0.9758450051287929, 0.39399490897290274], [0.9082915361389841, 0.3754141268862568], [0.968840056616143, 0.3213087885769919], [0.9561184259839739, 0.3587599201687491], [0.9426721455056687, 0.3666684984585428], [0.9156990678994874, 0.35620697906863535], [0.9243948660531222, 0.3239411072529615], [0.8115105233550146, 0.3210669466169076]]
0.9569, [[0.9867147528208362, 0.7805385882352973], [0.9802734208551809, 0.4480151822164528], [0.9789046378124793, 0.36509034366379994], [0.9666661070777345, 0.4206603342527989], [0.9666661070777345, 0.4206603342527989], [0.9763281050262174, 0.40002884114879134], [0.9636869910436192, 0.4262897128022066], [0.9632844077957656, 0.5641072156862738], [0.9216572999677191, 0.5795690729411763], [0.9479862443773346, 0.6475891247058787]]
0.5373, [[0.9768112049236418, 0.3962340490021093], [0.9842992533337154, 0.2936148823058447], [0.9663440404794521, 0.36257746227486615], [0.9690816065648553, 0.3083521921142303], [0.9656193906333155, 0.3948495161447346], [0.9448460950440771, 0.39528819471036847], [0.9606273583599327, 0.2908348756186507], [0.8078872741243335, 0.34733004380983296], [0.7807531632190111, 0.3473804893720592], [0.8062769411329197, 0.3475004212234301]]
0.3022, [[0.6301870285218203, 0.3138482855752071], [0.5801564347577883, 0.28249324921854646], [0.5533488339030788, 0.2816818839541547], [0.5502117742285912, 0.28313463792654336], [0.4529629243194846, 0.28281670031258144], [0.5239745478601525, 0.2775227989059651], [0.44897030291559187, 0.2784720395936442], [0.4593321060828383, 0.27605538714508987], [0.2626785544575188, 0.26947571144829385], [0.2720781564541762, 0.2689275524225059]]
1.0234, [[1.0, 0.3532885549245498], [0.9836551201371505, 0.5919359615686297], [0.9975039838633091, 0.31072807918221673], [0.9622376913513466, 0.8423773599999967], [0.9866342361712659, 0.3992367963654064], [0.9505627771635965, 0.8300104713725511], [0.9848628698807108, 0.386137765374006], [0.9247169326514046, 0.6166697388235289], [0.9818032371970244, 0.3835964465357782], [0.9492745107704652, 0.396439293201363]]
0.5882, [[0.9455707448902138, 0.4473086970631187], [0.9487108942234704, 0.36311876294012646], [0.9694036731631377, 0.3494042466331333], [0.961593558154781, 0.35531305403212715], [0.9809175540517465, 0.34126792146681795], [0.9352646137451653, 0.3999717189680349], [0.9713360727528347, 0.3228243809832875], [0.9768112049236418, 0.2929423442754203], [0.9254415824975413, 0.39029012753529124], [0.9631233744966246, 0.32367330066526034]]
0.7697, [[0.9934781513847746, 0.3476836573097516], [0.9758450051287929, 0.39399490897290274], [0.9748788053339448, 0.4036752639948076], [0.9710140061545516, 0.42415294759045935], [0.962720791248771, 0.6104841301960784], [0.9654583573341742, 0.41958910790199583], [0.9624792413000588, 0.4229335992211585], [0.9693231565135675, 0.4292924601655037], [0.9587754754198068, 0.3675003556709397], [0.9685179900178605, 0.2951857582065653]]
0.5956, [[1.0, 0.3532885549245498], [0.9512069103601621, 0.44367859484017524], [0.9913847184959363, 0.3398947635891612], [0.9797098043081862, 0.42322440305046216], [0.9340568640016049, 0.42046102482557174], [0.9758450051287929, 0.39399490897290274], [0.9391294129245586, 0.3612327418465034], [0.8133624062951406, 0.2982146123641087], [0.927776565335091, 0.29528917534027227], [0.4519172377613227, 0.268247300403751]]
0.9997, [[0.9601442584625084, 0.8300061427450955], [0.9866342361712659, 0.3992367963654064], [0.9610299416077862, 0.6568653733333307], [0.975200871932228, 0.4238168911244523], [0.9771332715219243, 0.34085199286061996], [0.9345399638990295, 0.44369689372059057], [0.9512069103601621, 0.44367859484017524], [0.9690010899152843, 0.36160317053383095], [0.9312387812666308, 0.40619284374492953], [0.8133624062951406, 0.2982146123641087]]
0.5022, [[0.9533003432489997, 0.3462820619828004], [0.7843764124496921, 0.3826315515171185], [0.9218183332668601, 0.3246715787765699], [0.8132013729959986, 0.3418727736491969], [0.931399814565772, 0.2976718280058415], [0.7979032095775676, 0.3275472231056306], [0.8479845656105374, 0.29028208680646], [0.8003187090646883, 0.2954713370696558], [0.8062769411329197, 0.2915748438751001], [0.7953266767913055, 0.29503401441152927]]
1.154, [[0.9632844077957656, 0.5641072156862738], [0.9273739820872375, 1.0], [0.956359975932686, 0.43141191562550696], [0.9386463130271342, 0.42123452344637335], [0.9536224098472829, 0.36173423008275174], [0.9460538447876375, 0.30911555216615283], [0.9205300668737288, 0.3339958474768784], [0.9237507328565564, 0.3010474768781438], [0.9105460023269636, 0.2944005604483587], [0.893959572515401, 0.3271537971766996]]
0.4227, [[0.9128809851645133, 0.3106254570825898], [0.7991914759706988, 0.3181678104819082], [0.859256896550434, 0.2938810920736589], [0.7681120492364122, 0.28518741990101587], [0.18510452289097754, 0.243330251041938], [0.22211968868377882, 0.2576782856863767], [0.22576381740911663, 0.26532613571242514], [0.2230952822007984, 0.2634178568637666], [0.210412566479544, 0.25686515303464447], [0.2216031979982979, 0.2605983169445168]]
0.9702, [[0.9659414572315985, 0.743437922352937], [0.9370359800357204, 0.8021817254901951], [0.9802734208551809, 0.4480151822164528], [0.956359975932686, 0.44253961317540147], [0.9268908821898139, 0.4331782521499271], [0.956359975932686, 0.43141191562550696], [0.9398540627706946, 0.42575978711666385], [0.9858290696755589, 0.31778749050786953], [0.9802734208551809, 0.36772266233976947], [0.9591780586676601, 0.3025746915463249]]
0.5885, [[0.9685179900178605, 0.44624884569203305], [0.9642506075906139, 0.42522986143112096], [0.961915624753064, 0.4054017880902158], [0.9656193906333155, 0.38610908064254446], [0.9780994713167724, 0.37674771961706965], [0.9712555561032638, 0.37242324906701285], [0.978663087863767, 0.36784234690897283], [0.9514484603088744, 0.4220505546000326], [0.9512069103601621, 0.44367859484017524], [0.9475836611294811, 0.4185178815511927]]
0.9954, [[0.9710140061545516, 0.42415294759045935], [0.9505627771635965, 0.8300104713725511], [0.9867147528208362, 0.31926252863864996], [0.9812396206500298, 0.42099070322894694], [0.9661024905307398, 0.42222736134999195], [0.9523341434541515, 0.4340615440532205], [0.978663087863767, 0.36784234690897283], [0.9748788053339448, 0.4036752639948076], [0.9758450051287929, 0.39399490897290274], [0.9768112049236418, 0.2929423442754203]]
0.8689, [[0.9566820425309692, 0.7156091764705887], [0.9698867730605621, 0.4361809995132242], [0.9345399638990295, 0.44369689372059057], [0.9533808598985707, 0.41429603310076274], [0.9569235924796807, 0.4110994165179294], [0.9548301595908433, 0.3798587765698522], [0.9257636490958238, 0.4069003180269349], [0.9416254290612496, 0.3946242420898911], [0.9690010899152843, 0.36160317053383095], [0.9386463130271342, 0.3768105292876846]]
1.0031, [[0.9976650171624503, 0.3709818413110497], [0.9505627771635965, 0.8300104713725511], [0.9657804239324567, 0.41962892033100774], [0.9704503896075568, 0.3892826999837743], [0.9851849364789933, 0.380781880902158], [1.0, 0.3532885549245498], [0.9632844077957656, 0.5641072156862738], [0.9307556813692064, 0.4349445886743468], [0.9743151887869501, 0.3518031309427227], [0.9663440404794521, 0.36257746227486615]]
1.1678, [[0.9828499536414436, 0.9784174635294092], [0.9622376913513466, 0.8423773599999967], [0.9802734208551809, 0.36772266233976947], [0.9642506075906139, 0.427879242576667], [0.9799513542568985, 0.4243752542592891], [0.9560379093344036, 0.7094235678431381], [0.978663087863767, 0.36784234690897283], [0.9425916288560985, 0.455891529411762], [0.9603858084112205, 0.364212739250365], [0.9512069103601621, 0.44367859484017524]]
1.0137, [[0.9866342361712659, 0.3992367963654064], [0.9622376913513466, 0.8423773599999967], [0.951045877061021, 0.7681716996078438], [0.9802734208551809, 0.36772266233976947], [0.9425916288560985, 0.455891529411762], [0.9799513542568985, 0.4243752542592891], [0.9644116408897551, 0.4446593159175727], [0.9743151887869501, 0.3518031309427227], [0.9675517902230124, 0.3815224909946454], [0.6006899162635237, 0.28485607319614487]]
0.9632, [[0.9370359800357204, 0.8021817254901951], [0.9425916288560985, 0.455891529411762], [0.9554742927874089, 0.44766181599870175], [0.9880835358635385, 0.43441466298880405], [0.9880835358635385, 0.43441466298880405], [0.9812396206500298, 0.42970838877170214], [0.9642506075906139, 0.42522986143112096], [0.9761670717270761, 0.4208141437611552], [0.9398540627706946, 0.42575978711666385], [0.9422695622578152, 0.41818899626805106]]
1.1582, [[0.9273739820872375, 1.0], [0.9415449124116793, 0.4821186831372543], [0.9455707448902138, 0.4473086970631187], [0.9685179900178605, 0.44624884569203305], [0.9665855904281635, 0.44006679149764716], [0.9661024905307398, 0.42222736134999195], [0.9741541554878088, 0.34423085640110357], [0.978663087863767, 0.36784234690897283], [0.9735905389408142, 0.42982238585104654], [0.9453291949415017, 0.422580480285575]]
1.0226, [[0.9867147528208362, 0.7805385882352973], [0.9622376913513466, 0.8423773599999967], [0.9657804239324567, 0.3373366295635241], [0.9425916288560985, 0.455891529411762], [0.9398540627706946, 0.42575978711666385], [0.956359975932686, 0.4238623910433228], [0.9453291949415017, 0.422580480285575], [0.9475836611294811, 0.4185178815511927], [0.9217378166172892, 0.37560156676943046], [0.4289121334817493, 0.2828441524485543]]
0.9946, [[0.9505627771635965, 0.8300104713725511], [0.9727048557955362, 0.4236403316566606], [0.9848628698807108, 0.386137765374006], [0.9572456590779639, 0.43759396981989285], [0.9415449124116793, 0.4821186831372543], [0.9624792413000588, 0.4229335992211585], [0.983977186735433, 0.3815452409540809], [0.9448460950440771, 0.39528819471036847], [0.7937163437998918, 0.38984675060847], [0.7810752298172936, 0.32567134058088576]]
0.5923, [[0.9727048557955362, 0.4236403316566606], [0.9338153140528928, 0.44748525653091], [0.9848628698807108, 0.386137765374006], [0.9848628698807108, 0.386137765374006], [0.9450876449927894, 0.3937100399156256], [0.9448460950440771, 0.39528819471036847], [0.9312387812666308, 0.40619284374492953], [0.983977186735433, 0.3815452409540809], [0.9125589185662308, 0.3997098471523608], [0.9460538447876375, 0.36995042738925854]]
0.5727, [[0.9812396206500298, 0.42970838877170214], [0.9479057277277636, 0.41224482751906544], [0.9737515722399555, 0.4098630056790525], [0.9181950840361792, 0.40834048937205913], [0.9371970133348616, 0.3967127872789227], [0.9559573926848326, 0.3926843134836929], [0.9544275763429897, 0.37447445464871015], [0.9514484603088744, 0.3489769430472174], [0.9425111122065275, 0.3505219620314781], [0.9657804239324567, 0.3373366295635241]]
1.0848, [[0.9256026157966826, 0.9227643003921602], [0.9665855904281635, 0.44006679149764716], [0.9705309062571278, 0.4386538211909785], [0.975200871932228, 0.4238168911244523], [0.9228650497112794, 0.400002629239007], [0.902816403968177, 0.3678191023852022], [0.9635259577444779, 0.3587542326788901], [0.9670686903255881, 0.34775759467791645], [0.972463305846824, 0.3082950699334739], [0.9975039838633091, 0.31072807918221673]]
0.6697, [[0.9744762220860913, 0.40569234463735193], [0.9231065996599908, 0.523911581176472], [0.9581313422232411, 0.41905349472659403], [0.9809175540517465, 0.34126792146681795], [0.9756034551800814, 0.3348066857050138], [0.9858290696755589, 0.31778749050786953], [0.968840056616143, 0.3213087885769919], [0.9453291949415017, 0.422580480285575], [0.9580508255736708, 0.3481678357942559], [0.9065201698484291, 0.40262134739574895]]
0.9241, [[0.9344594472494585, 0.7558048109803904], [0.972463305846824, 0.6846897905882312], [0.9836551201371505, 0.5919359615686297], [0.9536224098472829, 0.42701326042511767], [0.9867147528208362, 0.31926252863864996], [0.9352646137451653, 0.3999717189680349], [0.9386463130271342, 0.3768105292876846], [0.9089356693355498, 0.3624651961706962], [0.7909787777144885, 0.3248187116663964], [0.9079694695407017, 0.312141544053221]]
0.5565, [[0.9453291949415017, 0.422580480285575], [0.9656193906333155, 0.3948495161447346], [0.9593390919668014, 0.40509416907350326], [0.9323660143606202, 0.3796992795716373], [0.9449266116936481, 0.3114686892747038], [0.9225429831129961, 0.3760659626805126], [0.9407397459159724, 0.320701958137271], [0.9132030517627965, 0.29387042754203363], [0.9269713988393842, 0.2949608230584468], [0.7415415548780844, 0.2835595793175306]]
0.5696, [[0.9307556813692064, 0.4349445886743468], [0.9657804239324567, 0.41962892033100774], [0.9332516975058981, 0.3737793444750931], [0.93228549771105, 0.34391161512250545], [0.9070837863954238, 0.31899348564011043], [0.8946842223615377, 0.3466796917085836], [0.9076474029424184, 0.33336082687003105], [0.8910609731308567, 0.2922557213771017], [0.9229455663608497, 0.2912833658927142], [0.6724582695464327, 0.2871071675566554]]
0.5716, [[0.9684374733682896, 0.4349445886743468], [0.9326075643093323, 0.4158685004056467], [0.9371970133348616, 0.3967127872789227], [0.9455707448902138, 0.3869011254259289], [0.93228549771105, 0.40173805549245506], [0.9365528801382967, 0.32332018172967736], [0.9212547167198655, 0.3838496634755801], [0.9325270476597622, 0.3165738296284276], [0.9225429831129961, 0.3760659626805126], [0.9293868983265048, 0.2929113498799039]]
1.1708, [[0.9880835358635385, 0.43441466298880405], [0.9886471524105331, 0.2905126155899974], [0.9828499536414436, 0.9784174635294092], [0.9866342361712659, 0.3992367963654064], [0.9560379093344036, 0.7094235678431381], [0.9812396206500298, 0.42099070322894694], [0.9685179900178605, 0.44624884569203305], [0.9735905389408142, 0.42982238585104654], [0.9507238104627378, 0.42328696543890953], [0.9661024905307398, 0.42222736134999195]]
1.0086, [[0.9727048557955362, 0.4236403316566606], [0.9771332715219243, 0.34085199286061996], [0.9622376913513466, 0.8423773599999967], [0.9705309062571278, 0.4386538211909785], [0.9505627771635965, 0.8300104713725511], [0.9698867730605621, 0.4361809995132242], [0.9425916288560985, 0.455891529411762], [0.9694036731631377, 0.3494042466331333], [0.9583728921719532, 0.42522986143112096], [0.9661024905307398, 0.36197359922115846]]
1.001, [[0.9622376913513466, 0.8423773599999967], [0.961593558154781, 0.35531305403212715], [0.9345399638990295, 0.42399369787441166], [0.9099823857799689, 0.32541565081940627], [0.6492694744700738, 0.32723292747038785], [0.9240727994548397, 0.2936379023218575], [0.9130420184636545, 0.3226018270322897], [0.9173094008909013, 0.29072460601719197], [0.9044267369595909, 0.28996514815056007], [0.892268722874417, 0.2913888006405124]]
1.0004, [[0.9601442584625084, 0.8300061427450955], [0.987680952615685, 0.41374904494564346], [0.9812396206500298, 0.42970838877170214], [0.9848628698807108, 0.386137765374006], [0.9797098043081862, 0.42322440305046216], [0.9727048557955362, 0.4236403316566606], [0.9710140061545516, 0.42415294759045935], [0.978663087863767, 0.36784234690897283], [0.9762475883766464, 0.33511430472172643], [0.9670686903255881, 0.34775759467791645]]
0.9569, [[0.9867147528208362, 0.7805385882352973], [0.9665855904281635, 0.44006679149764716], [0.9858290696755589, 0.31778749050786953], [0.9693231565135675, 0.4292924601655037], [0.9666661070777345, 0.40244478792795724], [0.9651362907358918, 0.40810829141651783], [0.9453291949415017, 0.422580480285575], [0.961915624753064, 0.4054017880902158], [0.9614325248556397, 0.30962841538211916], [0.9392904462237, 0.3935587032289469]]
0.5315, [[0.9758450051287929, 0.39399490897290274], [0.6701232867088822, 0.29465718174539635], [0.768917215732119, 0.29170777582065655], [0.6551471898887343, 0.2945717694155324], [0.676242552076255, 0.29442089031224983], [0.892268722874417, 0.2913888006405124], [0.6951639647253672, 0.29236841953562853], [0.732282140177455, 0.2896301706173483], [0.7142464106736206, 0.29171651881505206], [0.6124776556464454, 0.2914795932746197]]
0.7558, [[0.9975039838633091, 0.31072807918221673], [0.9866342361712659, 0.3992367963654064], [0.9836551201371505, 0.5919359615686297], [0.9231065996599908, 0.523911581176472], [0.9768112049236418, 0.3962340490021093], [0.9723827891972538, 0.3011671614473472], [0.9693231565135675, 0.4292924601655037], [0.9522536268045813, 0.47444402666666596], [0.9455707448902138, 0.4473086970631187], [0.9648142241376085, 0.41421616096057134]]
0.5609, [[0.9513679436593034, 0.4335316183676782], [0.9345399638990295, 0.42399369787441166], [0.9381632131297104, 0.38875302158039904], [0.9326075643093323, 0.4158685004056467], [0.9326075643093323, 0.4158685004056467], [0.9195638670788807, 0.3913413240305046], [0.9208521334720121, 0.3665035612526366], [0.9218183332668601, 0.3246715787765699], [0.9177119841387547, 0.2945287269815853], [0.9238312495061275, 0.29392745876701365]]
0.9351, [[0.951045877061021, 0.7681716996078438], [0.9976650171624503, 0.3709818413110497], [0.956359975932686, 0.43141191562550696], [0.9623987246504878, 0.42840941554437784], [0.9802734208551809, 0.36772266233976947], [0.9844602866328573, 0.32840257212396573], [0.9712555561032638, 0.37242324906701285], [0.9331711808563271, 0.427879242576667], [0.9356671969930188, 0.39839356417329197], [0.45495923502143143, 0.2746097795649909]]
0.5933, [[0.9934781513847746, 0.3476836573097516], [0.9710140061545516, 0.42415294759045935], [0.9774553381202067, 0.3152236689923739], [0.9644116408897551, 0.4446593159175727], [0.9666661070777345, 0.40244478792795724], [0.9554742927874089, 0.40245047541781576], [0.9371970133348616, 0.3967127872789227], [0.9302725814717827, 0.3781552497160474], [0.9094992858825445, 0.35985142365730954], [0.4805310244892216, 0.2868448065902579]]
1.0073, [[0.9505627771635965, 0.8300104713725511], [0.9836551201371505, 0.5919359615686297], [0.9685179900178605, 0.44624884569203305], [0.9574872090266762, 0.44395258348207056], [0.9735905389408142, 0.42982238585104654], [0.9812396206500298, 0.42099070322894694], [0.9768112049236418, 0.3962340490021093], [0.9656193906333155, 0.3948495161447346], [1.0, 0.3532885549245498], [0.8605451629435646, 0.3145864228460165]]
0.7981, [[0.9523341434541515, 0.4340615440532205], [0.9710140061545516, 0.42415294759045935], [0.9479862443773346, 0.6475891247058787], [0.9748788053339448, 0.4036752639948076], [0.9666661070777345, 0.40244478792795724], [0.9762475883766464, 0.29338243394715774], [0.9455707448902138, 0.4473086970631187], [0.9657804239324567, 0.3373366295635241], [0.964492157539326, 0.35474306863540483], [0.9614325248556397, 0.30962841538211916]]
0.5514, [[0.9307556813692064, 0.4349445886743468], [0.9280986319333742, 0.3983821891935745], [0.9212547167198655, 0.3838496634755801], [0.9260051990445359, 0.28989293500911695], [0.7931527272528971, 0.3951860671750772], [0.9237507328565564, 0.3010474768781438], [0.8793860589431066, 0.33095823332792473], [0.6677883038713326, 0.3603477189680351], [0.6677883038713326, 0.3603477189680351], [0.7891268947743626, 0.33095823332792473]]
0.9948, [[0.9659414572315985, 0.743437922352937], [0.9505627771635965, 0.8300104713725511], [0.9774553381202067, 0.3152236689923739], [0.9632844077957656, 0.5641072156862738], [0.9247169326514046, 0.6166697388235289], [0.9739931221886676, 0.2909340304243395], [0.9624792413000588, 0.4229335992211585], [0.9523341434541515, 0.4340615440532205], [0.9587754754198068, 0.3675003556709397], [0.9448460950440771, 0.39528819471036847]]
