0.7727, [[0.9848628698807108, 0.386137765374006], [0.9247169326514046, 0.6166697388235289], [0.962720791248771, 0.6104841301960784], [0.9415449124116793, 0.4821186831372543], [0.9661024905307398, 0.42222736134999195], [0.9684374733682896, 0.4349445886743468], [0.9661024905307398, 0.29545540752602084], [0.9761670717270761, 0.4208141437611552], [0.9654583573341742, 0.41958910790199583], [0.9756034551800814, 0.3348066857050138]]
1.0307, [[0.962720791248771, 0.6104841301960784], [0.9705309062571278, 0.4386538211909785], [0.9174704341900426, 0.8702017772549051], [0.9665855904281635, 0.44006679149764716], [0.9848628698807108, 0.386137765374006], [0.9684374733682896, 0.4349445886743468], [0.9554742927874089, 0.44766181599870175], [0.975200871932228, 0.4238168911244523], [0.9737515722399555, 0.4098630056790525], [0.9774553381202067, 0.3152236689923739]]
0.5983, [[0.9338153140528928, 0.44748525653091], [0.9812396206500298, 0.42970838877170214], [0.9453291949415017, 0.422580480285575], [0.9422695622578152, 0.41818899626805106], [0.9866342361712659, 0.3992367963654064], [0.9763281050262174, 0.40002884114879134], [0.9656193906333155, 0.3948495161447346], [0.9367139134374379, 0.3985980665260425], [0.9663440404794521, 0.36257746227486615], [0.9975039838633091, 0.31072807918221673]]
1.0010, [[0.9505627771635965, 0.8300104713725511], [0.987680952615685, 0.41374904494564346], [0.9976650171624503, 0.3709818413110497], [0.9554742927874089, 0.44766181599870175], [0.9818032371970244, 0.3835964465357782], [0.9738320888895257, 0.37261118351452205], [0.956359975932686, 0.4238623910433228], [0.9415449124116793, 0.4821186831372543], [0.9690010899152843, 0.4030202135323705], [0.9504017438644552, 0.4204382748661368]]
0.9187, [[0.9836551201371505, 0.5919359615686297], [0.962720791248771, 0.6104841301960784], [0.9659414572315985, 0.743437922352937], [0.9572456590779639, 0.43759396981989285], [0.9513679436593034, 0.4335316183676782], [0.9569235924796807, 0.4110994165179294], [0.9558768760352623, 0.41027349407755953], [0.9587754754198068, 0.3675003556709397], [1.0, 0.3532885549245498], [0.9867147528208362, 0.31926252863864996]]
0.9599, [[0.9934781513847746, 0.3476836573097516], [0.9867147528208362, 0.7805385882352973], [0.972463305846824, 0.6846897905882312], [0.9727048557955362, 0.4236403316566606], [0.9797098043081862, 0.42322440305046216], [0.9812396206500298, 0.42099070322894694], [0.9866342361712659, 0.3992367963654064], [0.9867147528208362, 0.31926252863864996], [0.9705309062571278, 0.4386538211909785], [0.9567625591805395, 0.3558427324355024]]
0.9151, [[0.9659414572315985, 0.743437922352937], [0.9802734208551809, 0.4480151822164528], [0.976972238222783, 0.2908720483849961], [0.9809175540517465, 0.34126792146681795], [0.9632844077957656, 0.5641072156862738], [0.9748788053339448, 0.3428520110335874], [0.9934781513847746, 0.3476836573097516], [0.9640895742914726, 0.5455547184313697], [0.9738320888895257, 0.37261118351452205], [0.9976650171624503, 0.3709818413110497]]
1.0275, [[0.9744762220860913, 0.40569234463735193], [0.9174704341900426, 0.8702017772549051], [0.9632844077957656, 0.5641072156862738], [0.9762475883766464, 0.33511430472172643], [0.9851044198294223, 0.29207455884707767], [0.9216572999677191, 0.5795690729411763], [0.956359975932686, 0.43141191562550696], [0.9748788053339448, 0.3428520110335874], [0.976972238222783, 0.2908720483849961], [0.9386463130271342, 0.42123452344637335]]
1.0007, [[0.9758450051287929, 0.39399490897290274], [0.9632844077957656, 0.5641072156862738], [0.9505627771635965, 0.8300104713725511], [0.9566820425309692, 0.7156091764705887], [0.9934781513847746, 0.3476836573097516], [0.9640895742914726, 0.5455547184313697], [0.9867147528208362, 0.31926252863864996], [0.9583728921719532, 0.42522986143112096], [0.9730269223938188, 0.293475417133707], [0.9657804239324567, 0.41962892033100774]]
1.1718, [[0.9273739820872375, 1.0], [0.9505627771635965, 0.8300104713725511], [0.9705309062571278, 0.4386538211909785], [0.942189045608245, 0.4377707765698522], [0.9880835358635385, 0.43441466298880405], [0.9523341434541515, 0.4340615440532205], [0.9656193906333155, 0.38610908064254446], [0.9455707448902138, 0.37971065455135483], [0.8685163112510634, 0.36319022748661367], [0.9690010899152843, 0.36160317053383095]]
1.0286, [[0.9622376913513466, 0.8423773599999967], [0.9505627771635965, 0.8300104713725511], [0.9867147528208362, 0.7805385882352973], [0.951045877061021, 0.7681716996078438], [0.9836551201371505, 0.5919359615686297], [0.9866342361712659, 0.3992367963654064], [0.9642506075906139, 0.42522986143112096], [1.0, 0.3532885549245498], [0.9975039838633091, 0.31072807918221673], [0.8759238430115668, 0.29162080704563653]]
1.0192, [[0.9622376913513466, 0.8423773599999967], [0.9976650171624503, 0.3709818413110497], [0.987680952615685, 0.41374904494564346], [0.9601442584625084, 0.8300061427450955], [0.9866342361712659, 0.3992367963654064], [0.9812396206500298, 0.42970838877170214], [0.9710140061545516, 0.42415294759045935], [0.9684374733682896, 0.4349445886743468], [0.9665855904281635, 0.44006679149764716], [0.9848628698807108, 0.386137765374006]]
1.1793, [[0.9273739820872375, 1.0], [0.972463305846824, 0.6846897905882312], [0.9880835358635385, 0.43441466298880405], [0.9622376913513466, 0.8423773599999967], [0.9174704341900426, 0.8702017772549051], [0.9761670717270761, 0.4208141437611552], [0.9774553381202067, 0.3152236689923739], [0.9737515722399555, 0.4098630056790525], [0.9512069103601621, 0.44367859484017524], [0.9762475883766464, 0.33511430472172643]]
1.0122, [[0.9622376913513466, 0.8423773599999967], [0.9684374733682896, 0.4349445886743468], [0.9684374733682896, 0.4349445886743468], [0.9727048557955362, 0.4236403316566606], [0.9761670717270761, 0.4208141437611552], [0.983977186735433, 0.3815452409540809], [0.9566820425309692, 0.7156091764705887], [0.9665855904281635, 0.44006679149764716], [0.9762475883766464, 0.33511430472172643], [0.7835712459539852, 0.32936647801395424]]
1.1748, [[0.9273739820872375, 1.0], [0.9818032371970244, 0.3835964465357782], [0.9601442584625084, 0.8300061427450955], [0.972463305846824, 0.6846897905882312], [0.9735905389408142, 0.42982238585104654], [0.978663087863767, 0.36784234690897283], [0.9560379093344036, 0.7094235678431381], [0.9705309062571278, 0.4386538211909785], [0.9741541554878088, 0.34423085640110357], [0.9665855904281635, 0.44006679149764716]]
1.1690, [[0.9273739820872375, 1.0], [0.9735905389408142, 0.42982238585104654], [0.972463305846824, 0.6846897905882312], [0.9748788053339448, 0.4036752639948076], [0.9780994713167724, 0.37674771961706965], [0.9665855904281635, 0.44006679149764716], [0.9665855904281635, 0.44006679149764716], [0.9560379093344036, 0.7094235678431381], [0.9712555561032638, 0.37242324906701285], [0.9554742927874089, 0.44766181599870175]]
0.7123, [[0.9632844077957656, 0.5641072156862738], [0.9758450051287929, 0.39399490897290274], [0.9308361980187774, 0.3003068667856563], [0.6638429880423683, 0.294950389111289], [0.6701232867088822, 0.29465718174539635], [0.6551471898887343, 0.2945717694155324], [0.775278031048204, 0.2935846949559648], [0.9056344867031512, 0.2910026485188151], [0.6687545036661807, 0.29874701087132916], [0.892268722874417, 0.2913888006405124]]
0.8758, [[0.9858290696755589, 0.31778749050786953], [0.9738320888895257, 0.37261118351452205], [0.9685179900178605, 0.44624884569203305], [0.9566820425309692, 0.7156091764705887], [0.9690010899152843, 0.4030202135323705], [0.9723827891972538, 0.3011671614473472], [0.9714971060519759, 0.3602413876358917], [0.9554742927874089, 0.44766181599870175], [0.9666661070777345, 0.40244478792795724], [0.961915624753064, 0.4054017880902158]]
1.0138, [[0.9866342361712659, 0.3992367963654064], [0.9799513542568985, 0.4243752542592891], [0.9622376913513466, 0.8423773599999967], [0.962720791248771, 0.6104841301960784], [0.9644116408897551, 0.4446593159175727], [0.9698867730605621, 0.4361809995132242], [0.9761670717270761, 0.4208141437611552], [0.9789046378124793, 0.36509034366379994], [0.9522536268045813, 0.47444402666666596], [0.9536224098472829, 0.42701326042511767]]
1.0002, [[0.9886471524105331, 0.2905126155899974], [0.9601442584625084, 0.8300061427450955], [0.9735905389408142, 0.42982238585104654], [0.9737515722399555, 0.4098630056790525], [0.9851849364789933, 0.380781880902158], [0.9610299416077862, 0.6568653733333307], [0.9560379093344036, 0.7094235678431381], [0.9720607225989706, 0.3735854752555573], [0.9636869910436192, 0.4262897128022066], [0.968840056616143, 0.3213087885769919]]
0.5649, [[0.9797098043081862, 0.42322440305046216], [0.9381632131297104, 0.38875302158039904], [0.9110291022243873, 0.40878881194223604], [0.9409007792151136, 0.3448972818432582], [0.93228549771105, 0.40173805549245506], [0.9357477136425898, 0.32539388998864205], [0.9302725814717827, 0.3781552497160474], [0.9231871163095619, 0.36718136167450915], [0.9099823857799689, 0.32541565081940627], [0.28213562520652546, 0.26207101165668145]]
0.7532, [[0.9913847184959363, 0.3398947635891612], [0.9836551201371505, 0.5919359615686297], [0.9851044198294223, 0.29207455884707767], [0.9380021798305685, 0.37586467499594334], [0.7931527272528971, 0.3951860671750772], [0.9797098043081862, 0.306300986532533], [0.9272934654376672, 0.361126163232192], [0.9629623411974825, 0.2938508662930345], [0.9094992858825445, 0.35985142365730954], [0.9350230637964532, 0.29334613610888716]]
1.0008, [[0.9601442584625084, 0.8300061427450955], [0.962720791248771, 0.6104841301960784], [0.9574872090266762, 0.44395258348207056], [0.9572456590779639, 0.43759396981989285], [0.9799513542568985, 0.4243752542592891], [0.987680952615685, 0.41374904494564346], [0.97077245620584, 0.3885136524419924], [0.9603858084112205, 0.364212739250365], [0.9744762220860913, 0.35038991335388603], [0.9844602866328573, 0.32840257212396573]]
1.1631, [[0.9741541554878088, 0.34423085640110357], [0.9273739820872375, 1.0], [0.9685179900178605, 0.44624884569203305], [0.9735905389408142, 0.42982238585104654], [0.9560379093344036, 0.7094235678431381], [0.9665855904281635, 0.44006679149764716], [0.9415449124116793, 0.4821186831372543], [0.9661024905307398, 0.42222736134999195], [0.9455707448902138, 0.4473086970631187], [0.9624792413000588, 0.4229335992211585]]
0.5536, [[0.9739931221886676, 0.2909340304243395], [0.9175509508396135, 0.4167028304397208], [0.9690010899152843, 0.4030202135323705], [0.9181950840361792, 0.40834048937205913], [0.9352646137451653, 0.3999717189680349], [0.9125589185662308, 0.3997098471523608], [0.9202885169250167, 0.38961158526691547], [0.9455707448902138, 0.3869011254259289], [0.9559573926848326, 0.3850381015739089], [0.9323660143606202, 0.3796992795716373]]
1.0143, [[0.9622376913513466, 0.8423773599999967], [0.9644116408897551, 0.4446593159175727], [0.987680952615685, 0.41374904494564346], [0.9799513542568985, 0.4243752542592891], [0.9642506075906139, 0.42522986143112096], [0.9866342361712659, 0.3992367963654064], [0.9761670717270761, 0.4208141437611552], [0.9848628698807108, 0.386137765374006], [0.9666661070777345, 0.40244478792795724], [0.9519315602062981, 0.40456424338796043]]
1.0064, [[0.9505627771635965, 0.8300104713725511], [0.9659414572315985, 0.743437922352937], [0.9632844077957656, 0.5641072156862738], [0.9704503896075568, 0.3892826999837743], [1.0, 0.3532885549245498], [0.9851849364789933, 0.380781880902158], [0.9976650171624503, 0.3709818413110497], [0.9768112049236418, 0.3962340490021093], [0.9730269223938188, 0.293475417133707], [0.9657804239324567, 0.41962892033100774]]
1.0020, [[0.9934781513847746, 0.3476836573097516], [0.9763281050262174, 0.40002884114879134], [0.9758450051287929, 0.39399490897290274], [0.9748788053339448, 0.3428520110335874], [0.9694036731631377, 0.3494042466331333], [0.9693231565135675, 0.4292924601655037], [0.9601442584625084, 0.8300061427450955], [0.956359975932686, 0.44253961317540147], [0.9536224098472829, 0.42701326042511767], [0.9522536268045813, 0.47444402666666596]]
0.6885, [[0.9913847184959363, 0.3398947635891612], [0.908372052788555, 0.5390531199999957], [0.9644116408897551, 0.4446593159175727], [0.987680952615685, 0.41374904494564346], [0.983977186735433, 0.3815452409540809], [0.9654583573341742, 0.4045926808372544], [0.9648142241376085, 0.41421616096057134], [0.9574872090266762, 0.29104559487590076], [0.9559573926848326, 0.3850381015739089], [0.9448460950440771, 0.39528819471036847]]
1.0216, [[0.9836551201371505, 0.5919359615686297], [0.9622376913513466, 0.8423773599999967], [0.9727048557955362, 0.4236403316566606], [0.9693231565135675, 0.4292924601655037], [0.9317218811640553, 0.4498141364705895], [0.956359975932686, 0.43141191562550696], [0.9975039838633091, 0.31072807918221673], [0.9848628698807108, 0.386137765374006], [0.9844602866328573, 0.32840257212396573], [0.9455707448902138, 0.4473086970631187]]
1.0414, [[0.9601442584625084, 0.8300061427450955], [0.9610299416077862, 0.6568653733333307], [0.987680952615685, 0.41374904494564346], [0.9174704341900426, 0.8702017772549051], [0.9560379093344036, 0.7094235678431381], [0.9705309062571278, 0.4386538211909785], [0.9187587005831739, 0.6156048964705849], [0.9666661070777345, 0.4206603342527989], [0.9231065996599908, 0.523911581176472], [0.9661024905307398, 0.42222736134999195]]
0.5824, [[0.9572456590779639, 0.43759396981989285], [0.9684374733682896, 0.4349445886743468], [0.9513679436593034, 0.4335316183676782], [0.9581313422232411, 0.41905349472659403], [0.9414643957621084, 0.3943596501703717], [0.9508848437618789, 0.3943025279896153], [0.9851849364789933, 0.380781880902158], [0.9714971060519759, 0.36104480739899414], [0.9614325248556397, 0.30962841538211916], [0.9802734208551809, 0.36772266233976947]]
1.0142, [[0.987680952615685, 0.41374904494564346], [0.9866342361712659, 0.3992367963654064], [0.9848628698807108, 0.386137765374006], [0.9644116408897551, 0.4446593159175727], [0.9666661070777345, 0.40244478792795724], [0.962720791248771, 0.6104841301960784], [0.9622376913513466, 0.8423773599999967], [0.9818032371970244, 0.3835964465357782], [0.9663440404794521, 0.36257746227486615], [0.9756034551800814, 0.3348066857050138]]
1.0162, [[0.9622376913513466, 0.8423773599999967], [0.9866342361712659, 0.3992367963654064], [0.9848628698807108, 0.386137765374006], [0.972463305846824, 0.6846897905882312], [0.9601442584625084, 0.8300061427450955], [0.9610299416077862, 0.6568653733333307], [0.9665855904281635, 0.44006679149764716], [0.9512069103601621, 0.44367859484017524], [0.9684374733682896, 0.4349445886743468], [0.975200871932228, 0.4238168911244523]]
0.5780, [[0.9513679436593034, 0.4335316183676782], [0.9812396206500298, 0.42970838877170214], [0.9842992533337154, 0.2936148823058447], [0.9345399638990295, 0.42399369787441166], [0.9514484603088744, 0.4220505546000326], [0.9326075643093323, 0.4158685004056467], [0.9326075643093323, 0.4158685004056467], [0.882365174977222, 0.3051736271296447], [0.9130420184636545, 0.3226018270322897], [0.9294674149760758, 0.2940461329063251]]
1.0942, [[0.987680952615685, 0.41374904494564346], [0.9659414572315985, 0.743437922352937], [0.9256026157966826, 0.9227643003921602], [0.9758450051287929, 0.39399490897290274], [0.9737515722399555, 0.4098630056790525], [0.9720607225989706, 0.3735854752555573], [0.9714971060519759, 0.36104480739899414], [0.9665855904281635, 0.44006679149764716], [0.9592585753172311, 0.4978965301960804], [0.9522536268045813, 0.47444402666666596]]
1.0101, [[0.9601442584625084, 0.8300061427450955], [0.9886471524105331, 0.2905126155899974], [0.9867147528208362, 0.7805385882352973], [0.9344594472494585, 0.7558048109803904], [0.9812396206500298, 0.42970838877170214], [0.9802734208551809, 0.4480151822164528], [0.9632844077957656, 0.5641072156862738], [0.9574066923771052, 0.4008550108713288], [0.9666661070777345, 0.4206603342527989], [0.9666661070777345, 0.4206603342527989]]
0.5988, [[0.9554742927874089, 0.44766181599870175], [0.9976650171624503, 0.3709818413110497], [0.9866342361712659, 0.3992367963654064], [0.9663440404794521, 0.36257746227486615], [0.9451681616423604, 0.29399653803042436], [0.9370359800357204, 0.2941687654123299], [0.9266493322411016, 0.41238157455784524], [0.9110291022243873, 0.40878881194223604], [0.9110291022243873, 0.40878881194223604], [0.685099383529031, 0.29186026901521217]]
0.9354, [[0.951045877061021, 0.7681716996078438], [0.9976650171624503, 0.3709818413110497], [0.956359975932686, 0.44253961317540147], [0.9296284482752171, 0.6197603788235303], [0.9712555561032638, 0.37242324906701285], [0.9623987246504878, 0.42840941554437784], [0.9661024905307398, 0.42222736134999195], [0.961915624753064, 0.4054017880902158], [0.956359975932686, 0.43141191562550696], [0.6958080979219329, 0.28751699010158893]]
1.0004, [[0.9601442584625084, 0.8300061427450955], [0.9187587005831739, 0.6156048964705849], [0.983977186735433, 0.3815452409540809], [0.9812396206500298, 0.42970838877170214], [0.987680952615685, 0.41374904494564346], [0.9727048557955362, 0.4236403316566606], [0.9710140061545516, 0.42415294759045935], [0.9848628698807108, 0.386137765374006], [0.9851849364789933, 0.380781880902158], [0.9851849364789933, 0.380781880902158]]
0.7785, [[0.9836551201371505, 0.5919359615686297], [0.9296284482752171, 0.6197603788235303], [0.975200871932228, 0.4238168911244523], [0.9818032371970244, 0.3835964465357782], [0.9422695622578152, 0.41818899626805106], [0.9713360727528347, 0.3228243809832875], [0.9326075643093323, 0.4158685004056467], [0.9635259577444779, 0.3587542326788901], [0.7662601662962868, 0.2920942930344275], [0.9350230637964532, 0.29334613610888716]]
0.5922, [[0.9512069103601621, 0.44367859484017524], [0.9684374733682896, 0.4349445886743468], [0.9307556813692064, 0.4349445886743468], [0.9065201698484291, 0.40262134739574895], [0.9535418931977119, 0.39579982151549553], [0.9381632131297104, 0.38875302158039904], [0.9934781513847746, 0.3476836573097516], [0.978663087863767, 0.36784234690897283], [0.7688366990825488, 0.29201433787029624], [0.9690010899152843, 0.36160317053383095]]
1.0118, [[0.9622376913513466, 0.8423773599999967], [0.983977186735433, 0.3815452409540809], [0.9345399638990295, 0.44369689372059057], [0.9536224098472829, 0.42701326042511767], [0.9583728921719532, 0.42522986143112096], [0.9771332715219243, 0.34085199286061996], [0.9533808598985707, 0.41429603310076274], [0.9763281050262174, 0.40002884114879134], [0.9714971060519759, 0.3602413876358917], [0.9587754754198068, 0.3675003556709397]]
1.0100, [[0.9710140061545516, 0.42415294759045935], [0.9622376913513466, 0.8423773599999967], [0.978663087863767, 0.36784234690897283], [0.9780994713167724, 0.37674771961706965], [0.9802734208551809, 0.36772266233976947], [0.9642506075906139, 0.427879242576667], [0.9690010899152843, 0.4030202135323705], [0.9695647064622797, 0.37860530326139874], [0.975200871932228, 0.29204975180144116], [0.8104638069105955, 0.2912439551641313]]
0.9998, [[0.9802734208551809, 0.4480151822164528], [0.9842992533337154, 0.2936148823058447], [0.9659414572315985, 0.743437922352937], [0.9505627771635965, 0.8300104713725511], [0.9610299416077862, 0.6568653733333307], [0.9592585753172311, 0.4978965301960804], [0.962720791248771, 0.6104841301960784], [0.983977186735433, 0.3815452409540809], [0.9797098043081862, 0.306300986532533], [0.9744762220860913, 0.40569234463735193]]
0.9629, [[0.9867147528208362, 0.7805385882352973], [1.0, 0.3532885549245498], [0.9836551201371505, 0.5919359615686297], [0.9975039838633091, 0.31072807918221673], [0.9512069103601621, 0.44367859484017524], [0.9572456590779639, 0.43759396981989285], [0.9797098043081862, 0.42322440305046216], [0.9569235924796807, 0.4110994165179294], [0.9771332715219243, 0.34085199286061996], [0.2854312929332841, 0.2630328737952592]]
0.7498, [[0.9836551201371505, 0.5919359615686297], [0.9812396206500298, 0.42099070322894694], [0.9415449124116793, 0.4821186831372543], [0.9574872090266762, 0.44395258348207056], [0.9636869910436192, 0.4262897128022066], [0.9453291949415017, 0.422580480285575], [0.2376000622847217, 0.26415011233394114], [0.9656193906333155, 0.38610908064254446], [0.8125572397994337, 0.2918266228983187], [0.9656193906333155, 0.3948495161447346]]
1.0961, [[0.9659414572315985, 0.743437922352937], [0.9858290696755589, 0.31778749050786953], [0.9601442584625084, 0.8300061427450955], [0.9802734208551809, 0.4480151822164528], [0.9256026157966826, 0.9227643003921602], [0.9370359800357204, 0.8021817254901951], [0.9344594472494585, 0.7558048109803904], [0.9789046378124793, 0.36509034366379994], [0.9761670717270761, 0.4208141437611552], [0.9499186439670309, 0.4063305799123802]]
1.1663, [[0.9976650171624503, 0.3709818413110497], [0.9273739820872375, 1.0], [0.9748788053339448, 0.4036752639948076], [0.9780994713167724, 0.37674771961706965], [0.9665855904281635, 0.44006679149764716], [0.9651362907358918, 0.40810829141651783], [0.9574872090266762, 0.44395258348207056], [0.9513679436593034, 0.4335316183676782], [0.950160193915743, 0.2986431523608635], [0.324752018224955, 0.27573666189111745]]
0.5807, [[0.9771332715219243, 0.34085199286061996], [0.9665855904281635, 0.44006679149764716], [0.9741541554878088, 0.34423085640110357], [0.9762475883766464, 0.33511430472172643], [0.9508848437618789, 0.3943025279896153], [0.9371970133348616, 0.3967127872789227], [0.972463305846824, 0.3082950699334739], [0.9455707448902138, 0.3869011254259289], [0.9451681616423604, 0.29399653803042436], [0.8042640248936525, 0.3458077747850072]]
0.5770, [[0.9307556813692064, 0.4349445886743468], [0.983977186735433, 0.3815452409540809], [0.9280986319333742, 0.3983821891935745], [0.7931527272528971, 0.3951860671750772], [0.9212547167198655, 0.3838496634755801], [0.9231871163095619, 0.3572472951484668], [0.9089356693355498, 0.3624651961706962], [0.9218183332668601, 0.3246715787765699], [0.9237507328565564, 0.3010474768781438], [0.7773714639370415, 0.29111805604483587]]
1.1725, [[0.9828499536414436, 0.9784174635294092], [0.9934781513847746, 0.3476836573097516], [0.9216572999677191, 0.5795690729411763], [0.9802734208551809, 0.4480151822164528], [0.956359975932686, 0.43141191562550696], [0.9761670717270761, 0.4208141437611552], [0.9536224098472829, 0.42701326042511767], [0.9762475883766464, 0.33511430472172643], [0.9666661070777345, 0.4206603342527989], [0.9723827891972538, 0.3011671614473472]]
1.1008, [[0.9256026157966826, 0.9227643003921602], [1.0, 0.3532885549245498], [0.9370359800357204, 0.8021817254901951], [0.9913847184959363, 0.3398947635891612], [0.972463305846824, 0.6846897905882312], [0.9880835358635385, 0.43441466298880405], [0.9880835358635385, 0.43441466298880405], [0.9812396206500298, 0.42970838877170214], [0.9554742927874089, 0.44766181599870175], [0.9686790233170017, 0.2955784819855885]]
1.0154, [[0.9622376913513466, 0.8423773599999967], [0.9886471524105331, 0.2905126155899974], [0.972463305846824, 0.6846897905882312], [0.9560379093344036, 0.7094235678431381], [0.9739931221886676, 0.2909340304243395], [0.9642506075906139, 0.42522986143112096], [0.9512069103601621, 0.44367859484017524], [0.9720607225989706, 0.3735854752555573], [0.9690010899152843, 0.4030202135323705], [0.9690010899152843, 0.36160317053383095]]
1.1678, [[0.9828499536414436, 0.9784174635294092], [0.9659414572315985, 0.743437922352937], [0.9758450051287929, 0.39399490897290274], [0.9479862443773346, 0.6475891247058787], [0.9632844077957656, 0.5641072156862738], [0.9684374733682896, 0.4349445886743468], [0.9654583573341742, 0.41958910790199583], [0.9654583573341742, 0.4045926808372544], [0.9415449124116793, 0.4821186831372543], [0.8272112700212992, 0.3087881505760181]]
0.9125, [[0.9659414572315985, 0.743437922352937], [0.9610299416077862, 0.6568653733333307], [0.962720791248771, 0.6104841301960784], [0.9684374733682896, 0.4349445886743468], [0.9797098043081862, 0.42322440305046216], [0.9710140061545516, 0.42415294759045935], [0.9761670717270761, 0.4208141437611552], [0.9666661070777345, 0.40244478792795724], [0.9934781513847746, 0.3476836573097516], [0.9592585753172311, 0.4978965301960804]]
0.9988, [[0.987680952615685, 0.41374904494564346], [0.9505627771635965, 0.8300104713725511], [0.9727048557955362, 0.4236403316566606], [0.9610299416077862, 0.6568653733333307], [0.9848628698807108, 0.386137765374006], [0.9187587005831739, 0.6156048964705849], [0.983977186735433, 0.3815452409540809], [0.983977186735433, 0.3815452409540809], [0.9415449124116793, 0.4821186831372543], [0.97077245620584, 0.3885136524419924]]
0.7634, [[0.9705309062571278, 0.4386538211909785], [0.9685179900178605, 0.44624884569203305], [0.9205300668737288, 0.3339958474768784], [0.931399814565772, 0.2976718280058415], [0.9455707448902138, 0.37971065455135483], [0.9218183332668601, 0.3246715787765699], [0.9231065996599908, 0.523911581176472], [0.9296284482752171, 0.6197603788235303], [0.9156990678994874, 0.35620697906863535], [0.9381632131297104, 0.38875302158039904]]
1.1977, [[0.9828499536414436, 0.9784174635294092], [1.0, 0.3532885549245498], [0.9273739820872375, 1.0], [0.9656193906333155, 0.3948495161447346], [0.9370359800357204, 0.8021817254901951], [0.9569235924796807, 0.4110994165179294], [0.9913847184959363, 0.3398947635891612], [0.9975039838633091, 0.31072807918221673], [0.9867147528208362, 0.31926252863864996], [0.9344594472494585, 0.7558048109803904]]
1.1760, [[0.9828499536414436, 0.9784174635294092], [1.0, 0.3532885549245498], [0.9880835358635385, 0.43441466298880405], [0.9622376913513466, 0.8423773599999967], [0.9975039838633091, 0.31072807918221673], [0.9560379093344036, 0.7094235678431381], [0.9886471524105331, 0.2905126155899974], [0.9685179900178605, 0.44624884569203305], [0.9866342361712659, 0.3992367963654064], [0.9812396206500298, 0.42099070322894694]]
1.0226, [[0.9622376913513466, 0.8423773599999967], [0.9867147528208362, 0.7805385882352973], [0.972463305846824, 0.6846897905882312], [0.9425916288560985, 0.455891529411762], [0.9574872090266762, 0.44395258348207056], [0.9797098043081862, 0.42322440305046216], [0.9771332715219243, 0.34085199286061996], [0.961593558154781, 0.35531305403212715], [0.9485498609243292, 0.28875266280281325], [0.6670636540251959, 0.3053412844393966]]
0.7709, [[0.962720791248771, 0.6104841301960784], [0.9836551201371505, 0.5919359615686297], [0.9848628698807108, 0.386137765374006], [0.9758450051287929, 0.39399490897290274], [0.956359975932686, 0.44253961317540147], [0.9867147528208362, 0.31926252863864996], [0.9744762220860913, 0.35038991335388603], [0.9572456590779639, 0.43759396981989285], [0.9654583573341742, 0.4045926808372544], [0.9569235924796807, 0.4110994165179294]]
0.8881, [[0.9975039838633091, 0.31072807918221673], [0.9866342361712659, 0.3992367963654064], [0.9913847184959363, 0.3398947635891612], [0.972463305846824, 0.6846897905882312], [0.9836551201371505, 0.5919359615686297], [0.9566820425309692, 0.7156091764705887], [0.9705309062571278, 0.4386538211909785], [0.9727048557955362, 0.4236403316566606], [0.9771332715219243, 0.34085199286061996], [0.9512069103601621, 0.44367859484017524]]
0.5388, [[0.9558768760352623, 0.41027349407755953], [0.9365528801382967, 0.32332018172967736], [0.9144913181559271, 0.3240931857861433], [0.9293868983265048, 0.2929113498799039], [0.7991914759706988, 0.3181678104819082], [0.9128809851645133, 0.3106254570825898], [0.9041046703613084, 0.316029808859322], [0.9262467489932482, 0.2907357098202657], [0.9075668862928482, 0.3082216271296447], [0.8768095261568439, 0.3087881505760181]]
1.1700, [[0.9828499536414436, 0.9784174635294092], [0.9886471524105331, 0.2905126155899974], [0.9560379093344036, 0.7094235678431381], [0.972463305846824, 0.6846897905882312], [0.9812396206500298, 0.42970838877170214], [0.9698867730605621, 0.4361809995132242], [0.9799513542568985, 0.4243752542592891], [0.9789046378124793, 0.36509034366379994], [0.9756034551800814, 0.3348066857050138], [0.9675517902230124, 0.429115900697712]]
0.5660, [[0.9693231565135675, 0.4292924601655037], [0.9195638670788807, 0.3913413240305046], [0.9223014331642839, 0.37205207853318206], [0.9253610658479703, 0.3218671517118287], [0.9318023978136255, 0.2968597533668668], [0.9446045450953657, 0.29187619855884706], [0.9223819498138549, 0.32780637481745906], [0.9208521334720121, 0.3665035612526366], [0.9223014331642839, 0.3362221288333606], [0.9289843150786514, 0.292444320256205]]
1.0162, [[0.9622376913513466, 0.8423773599999967], [0.9761670717270761, 0.4208141437611552], [0.9727048557955362, 0.4236403316566606], [0.9866342361712659, 0.3992367963654064], [0.972463305846824, 0.6846897905882312], [0.9505627771635965, 0.8300104713725511], [0.9802734208551809, 0.36772266233976947], [0.9523341434541515, 0.4340615440532205], [0.9705309062571278, 0.4386538211909785], [0.9522536268045813, 0.47444402666666596]]
1.1735, [[0.9886471524105331, 0.2905126155899974], [0.9273739820872375, 1.0], [0.978663087863767, 0.36784234690897283], [0.9370359800357204, 0.8021817254901951], [0.9774553381202067, 0.3152236689923739], [0.972463305846824, 0.6846897905882312], [0.9771332715219243, 0.34085199286061996], [0.9735905389408142, 0.42982238585104654], [0.9665855904281635, 0.44006679149764716], [0.9574872090266762, 0.44395258348207056]]
0.9762, [[0.9836551201371505, 0.5919359615686297], [0.9913847184959363, 0.3398947635891612], [0.9802734208551809, 0.4480151822164528], [0.9809175540517465, 0.34126792146681795], [0.9797098043081862, 0.42322440305046216], [0.9659414572315985, 0.743437922352937], [0.972463305846824, 0.6846897905882312], [0.9370359800357204, 0.8021817254901951], [0.9705309062571278, 0.4386538211909785], [0.9128004685149431, 0.4397257893882848]]
0.9615, [[0.9867147528208362, 0.7805385882352973], [0.9975039838633091, 0.31072807918221673], [0.9836551201371505, 0.5919359615686297], [0.9848628698807108, 0.386137765374006], [0.9913847184959363, 0.3398947635891612], [0.9727048557955362, 0.4236403316566606], [0.9851044198294223, 0.29207455884707767], [0.9455707448902138, 0.4473086970631187], [0.97077245620584, 0.3885136524419924], [0.9523341434541515, 0.4340615440532205]]
1.0112, [[0.9685179900178605, 0.44624884569203305], [0.9622376913513466, 0.8423773599999967], [0.9693231565135675, 0.4292924601655037], [0.9797098043081862, 0.42322440305046216], [0.9812396206500298, 0.42099070322894694], [0.9632844077957656, 0.5641072156862738], [0.9666661070777345, 0.40244478792795724], [0.9651362907358918, 0.40810829141651783], [0.964492157539326, 0.35474306863540483], [0.3162287396212691, 0.26302636135712426]]
0.7983, [[0.9748788053339448, 0.4036752639948076], [0.9762475883766464, 0.29338243394715774], [0.9710140061545516, 0.42415294759045935], [0.9693231565135675, 0.4292924601655037], [0.9666661070777345, 0.40244478792795724], [0.9523341434541515, 0.4340615440532205], [0.9455707448902138, 0.4473086970631187], [0.9285817318307978, 0.41688853934772035], [0.9554742927874089, 0.44766181599870175], [0.9479862443773346, 0.6475891247058787]]
0.8684, [[0.9560379093344036, 0.7094235678431381], [0.9737515722399555, 0.4098630056790525], [0.9307556813692064, 0.4349445886743468], [0.9158601011986287, 0.43322078468278424], [0.9345399638990295, 0.42399369787441166], [0.9340568640016049, 0.42046102482557174], [0.9768112049236418, 0.3962340490021093], [0.9780994713167724, 0.37674771961706965], [0.9762475883766464, 0.33511430472172643], [0.9842992533337154, 0.2936148823058447]]
1.1840, [[0.9867147528208362, 0.7805385882352973], [0.9273739820872375, 1.0], [0.9836551201371505, 0.5919359615686297], [0.9601442584625084, 0.8300061427450955], [0.9479862443773346, 0.6475891247058787], [0.9737515722399555, 0.4098630056790525], [0.9640895742914726, 0.5455547184313697], [0.9768112049236418, 0.3962340490021093], [0.9392904462237, 0.3935587032289469], [0.9851849364789933, 0.380781880902158]]
0.9192, [[0.9799513542568985, 0.4243752542592891], [0.9344594472494585, 0.7558048109803904], [0.9659414572315985, 0.743437922352937], [0.9666661070777345, 0.4206603342527989], [0.9748788053339448, 0.3428520110335874], [0.9566820425309692, 0.7156091764705887], [0.9632844077957656, 0.5641072156862738], [0.9640895742914726, 0.5455547184313697], [0.9624792413000588, 0.4229335992211585], [0.9559573926848326, 0.3850381015739089]]
0.8845, [[0.9566820425309692, 0.7156091764705887], [0.9632844077957656, 0.5641072156862738], [0.9802734208551809, 0.4480151822164528], [0.9744762220860913, 0.40569234463735193], [1.0, 0.3532885549245498], [0.9338153140528928, 0.44748525653091], [0.9219793665660014, 0.42906446600681497], [0.908372052788555, 0.5390531199999957], [0.9715776227015469, 0.29459115772618094], [0.9705309062571278, 0.29495774859887913]]
0.6786, [[0.9513679436593034, 0.4335316183676782], [0.908372052788555, 0.5390531199999957], [0.9642506075906139, 0.427879242576667], [0.9535418931977119, 0.39579982151549553], [0.9455707448902138, 0.37971065455135483], [0.9415449124116793, 0.37540695570339144], [0.9302725814717827, 0.3781552497160474], [0.9417059457108206, 0.2933231160928743], [0.975200871932228, 0.29204975180144116], [0.9670686903255881, 0.34775759467791645]]
1.1073, [[0.9867147528208362, 0.7805385882352973], [0.9975039838633091, 0.31072807918221673], [0.9836551201371505, 0.5919359615686297], [0.9913847184959363, 0.3398947635891612], [0.9802734208551809, 0.4480151822164528], [0.9866342361712659, 0.3992367963654064], [0.972463305846824, 0.6846897905882312], [0.9848628698807108, 0.386137765374006], [0.9256026157966826, 0.9227643003921602], [0.9705309062571278, 0.4386538211909785]]
0.5766, [[0.9514484603088744, 0.4220505546000326], [0.9345399638990295, 0.44369689372059057], [0.95450809299256, 0.3846676728865813], [0.9312387812666308, 0.40619284374492953], [0.9630428578470535, 0.32437978581859495], [0.9628818245479123, 0.33899465649845845], [0.9561989426335448, 0.3671185520038942], [0.938485279727993, 0.3308068966412461], [0.9302725814717827, 0.3781552497160474], [0.7137633107761963, 0.3740857270809669]]
0.9159, [[1.0, 0.3532885549245498], [0.9934781513847746, 0.3476836573097516], [0.9812396206500298, 0.42099070322894694], [0.9802734208551809, 0.4480151822164528], [0.9797098043081862, 0.42322440305046216], [0.9659414572315985, 0.743437922352937], [0.9640895742914726, 0.5455547184313697], [0.9636869910436192, 0.4262897128022066], [0.9632844077957656, 0.5641072156862738], [0.9623987246504878, 0.42840941554437784]]
1.0089, [[0.9867147528208362, 0.7805385882352973], [0.9867147528208362, 0.31926252863864996], [0.9812396206500298, 0.42099070322894694], [0.9735905389408142, 0.42982238585104654], [0.978663087863767, 0.36784234690897283], [0.9748788053339448, 0.4036752639948076], [0.9505627771635965, 0.8300104713725511], [0.9523341434541515, 0.4340615440532205], [0.9710140061545516, 0.42415294759045935], [0.9661024905307398, 0.42222736134999195]]
0.7736, [[0.9187587005831739, 0.6156048964705849], [0.9934781513847746, 0.3476836573097516], [0.9812396206500298, 0.42099070322894694], [0.9632844077957656, 0.5641072156862738], [0.9858290696755589, 0.31778749050786953], [0.9809175540517465, 0.34126792146681795], [0.9640895742914726, 0.5455547184313697], [0.9231065996599908, 0.523911581176472], [0.9522536268045813, 0.47444402666666596], [0.9685179900178605, 0.44624884569203305]]
0.9991, [[0.9705309062571278, 0.4386538211909785], [0.9737515722399555, 0.4098630056790525], [0.9848628698807108, 0.386137765374006], [0.9601442584625084, 0.8300061427450955], [0.9610299416077862, 0.6568653733333307], [0.962720791248771, 0.6104841301960784], [0.9844602866328573, 0.32840257212396573], [0.9642506075906139, 0.42522986143112096], [0.9758450051287929, 0.39399490897290274], [0.9720607225989706, 0.3735854752555573]]
0.8208, [[0.987680952615685, 0.41374904494564346], [0.9836551201371505, 0.5919359615686297], [0.9610299416077862, 0.6568653733333307], [0.9848628698807108, 0.386137765374006], [0.9848628698807108, 0.386137765374006], [0.962720791248771, 0.6104841301960784], [0.9727048557955362, 0.4236403316566606], [0.9648142241376085, 0.41421616096057134], [0.9654583573341742, 0.4045926808372544], [0.32259278764535443, 0.2705173941781714]]
0.5390, [[0.9455707448902138, 0.37971065455135483], [0.9371970133348616, 0.3967127872789227], [0.9326075643093323, 0.4158685004056467], [0.9407397459159724, 0.320701958137271], [0.9357477136425898, 0.32539388998864205], [0.9323660143606202, 0.3796992795716373], [0.9374385632835738, 0.29072331889815056], [0.9208521334720121, 0.3665035612526366], [0.9159406178481997, 0.3535484484828819], [0.893959572515401, 0.3271537971766996]]
1.0226, [[0.9622376913513466, 0.8423773599999967], [0.9867147528208362, 0.7805385882352973], [0.9636869910436192, 0.4262897128022066], [0.9345399638990295, 0.42399369787441166], [0.9797098043081862, 0.42322440305046216], [0.9812396206500298, 0.42099070322894694], [0.9690010899152843, 0.4030202135323705], [0.961593558154781, 0.35531305403212715], [0.9657804239324567, 0.3373366295635241], [0.9628818245479123, 0.33899465649845845]]
0.8247, [[0.9836551201371505, 0.5919359615686297], [0.962720791248771, 0.6104841301960784], [0.9610299416077862, 0.6568653733333307], [0.9693231565135675, 0.4292924601655037], [0.9231065996599908, 0.523911581176472], [0.9797098043081862, 0.42322440305046216], [0.9581313422232411, 0.41905349472659403], [0.9975039838633091, 0.31072807918221673], [0.9559573926848326, 0.3150698594840176], [0.9866342361712659, 0.3992367963654064]]
1.1830, [[1.0, 0.3532885549245498], [0.9610299416077862, 0.6568653733333307], [0.9273739820872375, 1.0], [0.9836551201371505, 0.5919359615686297], [0.9505627771635965, 0.8300104713725511], [0.9560379093344036, 0.7094235678431381], [0.9685179900178605, 0.44624884569203305], [0.9735905389408142, 0.42982238585104654], [0.9574872090266762, 0.44395258348207056], [0.9657804239324567, 0.41962892033100774]]
0.6980, [[0.9640895742914726, 0.5455547184313697], [0.9797098043081862, 0.42322440305046216], [0.9867147528208362, 0.31926252863864996], [0.956359975932686, 0.4238623910433228], [0.9690010899152843, 0.4030202135323705], [0.9758450051287929, 0.39399490897290274], [0.9453291949415017, 0.422580480285575], [0.9714971060519759, 0.3602413876358917], [0.961593558154781, 0.35531305403212715], [0.9534613765481417, 0.31824916631510647]]
0.9322, [[0.9836551201371505, 0.5919359615686297], [1.0, 0.3532885549245498], [0.9344594472494585, 0.7558048109803904], [0.972463305846824, 0.6846897905882312], [0.9659414572315985, 0.743437922352937], [0.9802734208551809, 0.4480151822164528], [0.9934781513847746, 0.3476836573097516], [0.9867147528208362, 0.31926252863864996], [0.9848628698807108, 0.386137765374006], [0.9744762220860913, 0.40569234463735193]]
0.5696, [[0.9307556813692064, 0.4349445886743468], [0.9657804239324567, 0.41962892033100774], [0.9554742927874089, 0.40245047541781576], [0.9332516975058981, 0.3737793444750931], [0.9534613765481417, 0.31824916631510647], [0.9156990678994874, 0.35620697906863535], [0.9309972313179187, 0.29392171337069656], [0.9076474029424184, 0.33336082687003105], [0.9128809851645133, 0.3285682511763751], [0.9295479316256461, 0.29125634907926345]]
1.1707, [[0.9828499536414436, 0.9784174635294092], [0.9836551201371505, 0.5919359615686297], [0.9323660143606202, 0.3796992795716373], [0.9661024905307398, 0.42222736134999195], [0.9536224098472829, 0.36173423008275174], [0.9622376913513466, 0.8423773599999967], [0.962720791248771, 0.6104841301960784], [0.9610299416077862, 0.6568653733333307], [0.9812396206500298, 0.42099070322894694], [0.9880835358635385, 0.43441466298880405]]
0.5828, [[0.9268908821898139, 0.4331782521499271], [0.9976650171624503, 0.3709818413110497], [0.9651362907358918, 0.40810829141651783], [0.9666661070777345, 0.40244478792795724], [0.9704503896075568, 0.3892826999837743], [0.9507238104627378, 0.42328696543890953], [0.9934781513847746, 0.3476836573097516], [0.9065201698484291, 0.40262134739574895], [0.9762475883766464, 0.33511430472172643], [0.9738320888895257, 0.37261118351452205]]
1.1028, [[0.9705309062571278, 0.4386538211909785], [0.975200871932228, 0.4238168911244523], [0.9266493322411016, 0.41238157455784524], [0.9256026157966826, 0.9227643003921602], [0.9867147528208362, 0.7805385882352973], [0.9665855904281635, 0.44006679149764716], [0.9812396206500298, 0.42970838877170214], [0.956359975932686, 0.44253961317540147], [0.9802734208551809, 0.4480151822164528], [0.9425916288560985, 0.455891529411762]]
0.5716, [[0.9684374733682896, 0.4349445886743468], [0.9654583573341742, 0.4045926808372544], [0.9307556813692064, 0.4349445886743468], [0.9326075643093323, 0.4158685004056467], [0.93228549771105, 0.40173805549245506], [0.9381632131297104, 0.38875302158039904], [0.9371970133348616, 0.3967127872789227], [0.9228650497112794, 0.400002629239007], [0.9455707448902138, 0.3869011254259289], [0.9225429831129961, 0.3760659626805126]]
1.1685, [[0.9828499536414436, 0.9784174635294092], [0.9844602866328573, 0.32840257212396573], [0.9685179900178605, 0.44624884569203305], [0.9665855904281635, 0.44006679149764716], [0.9693231565135675, 0.4292924601655037], [0.9656193906333155, 0.38610908064254446], [0.9695647064622797, 0.37860530326139874], [0.9780994713167724, 0.37674771961706965], [0.9614325248556397, 0.30962841538211916], [0.9557158427361203, 0.3912372182378713]]
0.5966, [[0.9934781513847746, 0.3476836573097516], [0.9554742927874089, 0.44766181599870175], [0.9644116408897551, 0.4446593159175727], [0.9858290696755589, 0.31778749050786953], [0.9744762220860913, 0.40569234463735193], [0.9710140061545516, 0.42415294759045935], [0.9666661070777345, 0.40244478792795724], [0.9712555561032638, 0.37242324906701285], [0.9642506075906139, 0.42522986143112096], [0.9663440404794521, 0.36257746227486615]]
1.1796, [[0.9934781513847746, 0.3476836573097516], [0.9273739820872375, 1.0], [0.9913847184959363, 0.3398947635891612], [0.9659414572315985, 0.743437922352937], [0.9560379093344036, 0.7094235678431381], [0.962720791248771, 0.6104841301960784], [0.9836551201371505, 0.5919359615686297], [0.9422695622578152, 0.41818899626805106], [0.987680952615685, 0.41374904494564346], [0.983977186735433, 0.3815452409540809]]
1.1702, [[0.9828499536414436, 0.9784174635294092], [0.987680952615685, 0.41374904494564346], [0.9344594472494585, 0.7558048109803904], [0.9610299416077862, 0.6568653733333307], [0.9296284482752171, 0.6197603788235303], [0.9425916288560985, 0.455891529411762], [0.9317218811640553, 0.4498141364705895], [0.9670686903255881, 0.34775759467791645], [0.6832475005889049, 0.2826246506251628], [0.8033783417483746, 0.2968503566444914]]
0.9569, [[0.9867147528208362, 0.7805385882352973], [0.9780994713167724, 0.37674771961706965], [0.9748788053339448, 0.4036752639948076], [0.9735905389408142, 0.42982238585104654], [0.9727048557955362, 0.4236403316566606], [0.9573261757275342, 0.353388704202499], [0.9709334895049813, 0.3136737043647574], [0.9455707448902138, 0.37971065455135483], [0.9231871163095619, 0.36718136167450915], [0.9205300668737288, 0.3339958474768784]]
