1.1089, [[0.9999996704745167, 0.5789172350919402], [0.7598446155668759, 1.0], [0.7719649162158247, 0.25420087462387136], [0.5944587613304497, 0.6088087920604914], [0.6251295708635932, 0.6087590804261901], [0.055864419433087634, 0.6028076961677264], [0.6315710741999299, 0.5958461178896718], [0.6255303621625985, 0.595248847224609], [0.6191733735132259, 0.5913115152087988], [0.15098263692665498, 0.5877426341295755]]
1.0970, [[0.9881716827768011, 0.2958539217652958], [0.9763440246045691, 0.5748261381680702], [0.9419636423550085, 0.27519687261785347], [0.913668936731107, 0.5515067686312712], [0.9455501977152898, 0.0], [0.7598446155668759, 1.0], [0.8363475522570981, 0.5460591836337068], [0.6282622025257658, 0.6327822277023543], [0.7961737000975918, 0.5863133028011686], [0.6306893633864434, 0.6243941204674343]]
0.7233, [[0.6324394152886743, 0.6192638310706307], [0.6339557523846859, 0.6088521678982642], [0.6306893633864434, 0.6243941204674343], [0.6282622025257658, 0.6327822277023543], [0.7043214326896498, 0.5984126028527238], [0.5852460896091767, 0.5971997851864581], [0.6282378966666282, 0.5658541629145901], [0.01580582529584789, 0.5965690079051383], [0.24664448352249715, 0.5761294846193504], [0.913668936731107, 0.5515067686312712]]
0.7864, [[0.9999996704745167, 0.5789172350919402], [0.6282622025257658, 0.6327822277023543], [0.6306893633864434, 0.6243941204674343], [0.6324394152886743, 0.6192638310706307], [0.6364896607330223, 0.6127715891046571], [0.9881716827768011, 0.2958539217652958], [0.622667137965057, 0.6217787767657673], [0.9763440246045691, 0.5748261381680702], [0.9419636423550085, 0.27519687261785347], [0.6378129630392207, 0.6027791850833476]]
1.1089, [[0.7598446155668759, 1.0], [0.7023531140333558, 0.0], [0.622667137965057, 0.6217787767657673], [0.6306893633864434, 0.6243941204674343], [0.7263869836380628, 0.5851307020106548], [0.9881716827768011, 0.2958539217652958], [0.7060304632152589, 0.5835318881251074], [0.9999996704745167, 0.5789172350919402], [0.913668936731107, 0.5515067686312712], [0.9455501977152898, 0.0]]
0.5483, [[0.6311765922092297, 0.6362441312940368], [0.645923548821205, 0.5543324695567462], [0.6378129630392207, 0.6027791850833476], [0.6392219818053938, 0.5844555741536346], [0.6282622025257658, 0.6327822277023543], [0.6306893633864434, 0.6243941204674343], [0.6344033827867759, 0.5918818587386149], [0.6255303621625985, 0.595248847224609], [0.6251295708635932, 0.6087590804261901], [0.6321561573900969, 0.41791585757271843]]
0.5415, [[0.6306893633864434, 0.6243941204674343], [0.6282622025257658, 0.6327822277023543], [0.6282622025257658, 0.6327822277023543], [0.622667137965057, 0.6217787767657673], [0.6316553785766172, 0.23426476429287882], [0.6378129630392207, 0.6027791850833476], [0.6364896607330223, 0.6127715891046571], [0.6324394152886743, 0.6192638310706307], [0.6324307925673238, 0.5761821204674342], [0.6392219818053938, 0.5844555741536346]]
0.7767, [[0.6311765922092297, 0.6362441312940368], [0.6392219818053938, 0.5844555741536346], [0.7060304632152589, 0.5835318881251074], [0.6383624136596261, 0.596837060835195], [0.6378129630392207, 0.6027791850833476], [0.6378129630392207, 0.6027791850833476], [0.9881716827768011, 0.2958539217652958], [0.6306893633864434, 0.6243941204674343], [0.9763440246045691, 0.5748261381680702], [0.6324394152886743, 0.6192638310706307]]
0.7713, [[0.7961737000975918, 0.5863133028011686], [0.9999996704745167, 0.5789172350919402], [0.7033476099461623, 0.6068022940367761], [0.7263869836380628, 0.5851307020106548], [0.9763440246045691, 0.5748261381680702], [0.9881716827768011, 0.2958539217652958], [0.5944587613304497, 0.6088087920604914], [0.6261942516179297, 0.5866744432032995], [0.9455501977152898, 0.0], [0.6137815588129197, 0.5865033766970269]]
1.1089, [[0.9999996704745167, 0.5789172350919402], [0.7598446155668759, 1.0], [0.9881716827768011, 0.2958539217652958], [0.6311765922092297, 0.6362441312940368], [0.9455501977152898, 0.0], [0.6282622025257658, 0.6327822277023543], [0.6306893633864434, 0.6243941204674343], [0.6324394152886743, 0.6192638310706307], [0.6339557523846859, 0.6088521678982642], [0.6383624136596261, 0.596837060835195]]
0.5484, [[0.645923548821205, 0.5543324695567462], [0.6364896607330223, 0.6127715891046571], [0.6311765922092297, 0.6362441312940368], [0.6378129630392207, 0.6027791850833476], [0.6392219818053938, 0.5844555741536346], [0.6383624136596261, 0.596837060835195], [0.6324394152886743, 0.6192638310706307], [0.6339557523846859, 0.6088521678982642], [0.6282622025257658, 0.6327822277023543], [0.6344033827867759, 0.5918818587386149]]
1.1091, [[0.7598446155668759, 1.0], [0.7961737000975918, 0.5863133028011686], [0.9999996704745167, 0.5789172350919402], [0.5894367321854775, 0.6089446461591338], [0.9881716827768011, 0.2958539217652958], [0.8363475522570981, 0.5460591836337068], [0.7804951181316809, 0.5730794078020278], [0.7912303654781626, 0.3906681364092278], [0.6195204455586614, 0.5472012976132489], [0.8583863197234137, 0.15610208425275857]]
1.0970, [[0.9763440246045691, 0.5748261381680702], [0.7961737000975918, 0.5863133028011686], [0.7598446155668759, 1.0], [0.9881716827768011, 0.2958539217652958], [0.9419636423550085, 0.27519687261785347], [0.913668936731107, 0.5515067686312712], [0.8583863197234137, 0.15610208425275857], [0.6942241909199804, 0.6350770044681217], [0.7043214326896498, 0.5984126028527238], [0.7263869836380628, 0.5851307020106548]]
1.1091, [[0.9999996704745167, 0.5789172350919402], [0.7598446155668759, 1.0], [0.9763440246045691, 0.5748261381680702], [0.9881716827768011, 0.2958539217652958], [0.9419636423550085, 0.27519687261785347], [0.6942241909199804, 0.6350770044681217], [0.8238825847499298, 0.42540232296890695], [0.7033476099461623, 0.6068022940367761], [0.7043214326896498, 0.5984126028527238], [0.7961737000975918, 0.5863133028011686]]
1.1089, [[0.9999996704745167, 0.5789172350919402], [0.7598446155668759, 1.0], [0.9763440246045691, 0.5748261381680702], [0.6306893633864434, 0.6243941204674343], [0.6627022829734, 0.604185244543736], [0.622667137965057, 0.6217787767657673], [0.9455501977152898, 0.0], [0.6069729438661974, 0.35709068004012023], [0.6378129630392207, 0.6027791850833476], [0.16786929170152654, 0.5899914763705104]]
1.0970, [[0.7598446155668759, 1.0], [0.9881716827768011, 0.2958539217652958], [0.9763440246045691, 0.5748261381680702], [0.9419636423550085, 0.27519687261785347], [0.913668936731107, 0.5515067686312712], [0.9080604130052724, 0.0], [0.6121560706832284, 0.6125188882969582], [0.6251295708635932, 0.6087590804261901], [0.5956542250326551, 0.5902088429283382], [0.7961737000975918, 0.5863133028011686]]
1.1091, [[0.7598446155668759, 1.0], [0.9999996704745167, 0.5789172350919402], [0.7961737000975918, 0.5863133028011686], [0.6311765922092297, 0.6362441312940368], [0.9763440246045691, 0.5748261381680702], [0.9419636423550085, 0.27519687261785347], [0.8583863197234137, 0.15610208425275857], [0.9455501977152898, 0.0], [0.9080604130052724, 0.0], [0.6942241909199804, 0.6350770044681217]]
0.7907, [[0.9999996704745167, 0.5789172350919402], [0.6311765922092297, 0.6362441312940368], [0.7961737000975918, 0.5863133028011686], [0.6911722779028288, 0.5976107590651315], [0.9881716827768011, 0.2958539217652958], [0.6324394152886743, 0.6192638310706307], [0.9763440246045691, 0.5748261381680702], [0.9419636423550085, 0.27519687261785347], [0.8238825847499298, 0.42540232296890695], [0.6378129630392207, 0.6027791850833476]]
0.7924, [[0.6942241909199804, 0.6350770044681217], [0.9999996704745167, 0.5789172350919402], [0.7961737000975918, 0.5863133028011686], [0.7043214326896498, 0.5984126028527238], [0.7033476099461623, 0.6068022940367761], [0.622667137965057, 0.6217787767657673], [0.6339557523846859, 0.6088521678982642], [0.9763440246045691, 0.5748261381680702], [0.9881716827768011, 0.2958539217652958], [0.5944587613304497, 0.6088087920604914]]
1.1091, [[0.7598446155668759, 1.0], [0.9999996704745167, 0.5789172350919402], [0.6942241909199804, 0.6350770044681217], [0.9763440246045691, 0.5748261381680702], [0.9881716827768011, 0.2958539217652958], [0.6911722779028288, 0.5976107590651315], [0.7961737000975918, 0.5863133028011686], [0.913668936731107, 0.5515067686312712], [0.9419636423550085, 0.27519687261785347], [0.9455501977152898, 0.0]]
1.1091, [[0.7598446155668759, 1.0], [0.9999996704745167, 0.5789172350919402], [0.622667137965057, 0.6217787767657673], [0.9881716827768011, 0.2958539217652958], [0.7043214326896498, 0.5984126028527238], [0.6121560706832284, 0.6125188882969582], [0.6378129630392207, 0.6027791850833476], [0.9763440246045691, 0.5748261381680702], [0.9455501977152898, 0.0], [0.7961737000975918, 0.5863133028011686]]
0.5484, [[0.645923548821205, 0.5543324695567462], [0.6311765922092297, 0.6362441312940368], [0.6306893633864434, 0.6243941204674343], [0.6383624136596261, 0.596837060835195], [0.6364896607330223, 0.6127715891046571], [0.6392219818053938, 0.5844555741536346], [0.6324394152886743, 0.6192638310706307], [0.6378129630392207, 0.6027791850833476], [0.6339557523846859, 0.6088521678982642], [0.622462115489464, 0.592682240419316]]
1.0970, [[0.7598446155668759, 1.0], [0.9881716827768011, 0.2958539217652958], [0.9763440246045691, 0.5748261381680702], [0.913668936731107, 0.5515067686312712], [0.9455501977152898, 0.0], [0.9419636423550085, 0.27519687261785347], [0.7961737000975918, 0.5863133028011686], [0.7033476099461623, 0.6068022940367761], [0.8238825847499298, 0.42540232296890695], [0.7719649162158247, 0.25420087462387136]]
0.5081, [[0.6255303621625985, 0.595248847224609], [0.029717788231332254, 0.5956484897748754], [0.6308953172361198, 0.5636148835849976], [0.6268626176777252, 0.5824143510912528], [0.6112536893739613, 0.5948772283897577], [0.6191733735132259, 0.5913115152087988], [0.6140871997338179, 0.5913178510053273], [0.626043008484557, 0.5693122893968036], [0.5815965152865329, 0.5833650860972676], [0.6192617038294985, 0.5480758753044325]]
1.0919, [[0.7598446155668759, 1.0], [0.9763440246045691, 0.5748261381680702], [0.6942241909199804, 0.6350770044681217], [0.7263869836380628, 0.5851307020106548], [0.9419636423550085, 0.27519687261785347], [0.7804951181316809, 0.5730794078020278], [0.5944587613304497, 0.6088087920604914], [0.8583863197234137, 0.15610208425275857], [0.5956542250326551, 0.5902088429283382], [0.79126963376531, 0.4126648405215645]]
1.0970, [[0.7598446155668759, 1.0], [0.9881716827768011, 0.2958539217652958], [0.6311765922092297, 0.6362441312940368], [0.6627022829734, 0.604185244543736], [0.7961737000975918, 0.5863133028011686], [0.9763440246045691, 0.5748261381680702], [0.6378129630392207, 0.6027791850833476], [0.6666758825310324, 0.5751230677092284], [0.913668936731107, 0.5515067686312712], [0.8583863197234137, 0.15610208425275857]]
1.1091, [[0.7598446155668759, 1.0], [0.9999996704745167, 0.5789172350919402], [0.7961737000975918, 0.5863133028011686], [0.6942241909199804, 0.6350770044681217], [0.7043214326896498, 0.5984126028527238], [0.9763440246045691, 0.5748261381680702], [0.9881716827768011, 0.2958539217652958], [0.8363475522570981, 0.5460591836337068], [0.8363475522570981, 0.5460591836337068], [0.9455501977152898, 0.0]]
1.1091, [[0.7598446155668759, 1.0], [0.9999996704745167, 0.5789172350919402], [0.6306893633864434, 0.6243941204674343], [0.6364896607330223, 0.6127715891046571], [0.6339557523846859, 0.6088521678982642], [0.9881716827768011, 0.2958539217652958], [0.9763440246045691, 0.5748261381680702], [0.7961737000975918, 0.5863133028011686], [0.913668936731107, 0.5515067686312712], [0.9455501977152898, 0.0]]
1.1089, [[0.7598446155668759, 1.0], [0.9999996704745167, 0.5789172350919402], [0.9881716827768011, 0.2958539217652958], [0.9763440246045691, 0.5748261381680702], [0.9419636423550085, 0.27519687261785347], [0.6942241909199804, 0.6350770044681217], [0.5944587613304497, 0.6088087920604914], [0.6911722779028288, 0.5976107590651315], [0.7851836877662027, 0.09125256168505518], [0.16463544186438087, 0.40998553059177517]]
0.7714, [[0.7033476099461623, 0.6068022940367761], [0.7961737000975918, 0.5863133028011686], [0.5894367321854775, 0.6089446461591338], [0.9999996704745167, 0.5789172350919402], [0.7043214326896498, 0.5984126028527238], [0.7263869836380628, 0.5851307020106548], [0.6627022829734, 0.604185244543736], [0.9881716827768011, 0.2958539217652958], [0.9763440246045691, 0.5748261381680702], [0.7060304632152589, 0.5835318881251074]]
0.7875, [[0.6282622025257658, 0.6327822277023543], [0.9999996704745167, 0.5789172350919402], [0.7961737000975918, 0.5863133028011686], [0.622667137965057, 0.6217787767657673], [0.9763440246045691, 0.5748261381680702], [0.6339557523846859, 0.6088521678982642], [0.9881716827768011, 0.2958539217652958], [0.8363475522570981, 0.5460591836337068], [0.6378129630392207, 0.6027791850833476], [0.9419636423550085, 0.27519687261785347]]
0.5484, [[0.645923548821205, 0.5543324695567462], [0.6311765922092297, 0.6362441312940368], [0.6364896607330223, 0.6127715891046571], [0.6324394152886743, 0.6192638310706307], [0.6378129630392207, 0.6027791850833476], [0.6383624136596261, 0.596837060835195], [0.6392219818053938, 0.5844555741536346], [0.6282622025257658, 0.6327822277023543], [0.6306893633864434, 0.6243941204674343], [0.6344033827867759, 0.5918818587386149]]
0.7694, [[0.7033476099461623, 0.6068022940367761], [0.9999996704745167, 0.5789172350919402], [0.7043214326896498, 0.5984126028527238], [0.7043214326896498, 0.5984126028527238], [0.9763440246045691, 0.5748261381680702], [0.9881716827768011, 0.2958539217652958], [0.7263869836380628, 0.5851307020106548], [0.7060304632152589, 0.5835318881251074], [0.8363475522570981, 0.5460591836337068], [0.9455501977152898, 0.0]]
0.5249, [[0.6364896607330223, 0.6127715891046571], [0.6255303621625985, 0.595248847224609], [0.6268626176777252, 0.5824143510912528], [0.6112536893739613, 0.5948772283897577], [0.6140871997338179, 0.5913178510053273], [0.6308953172361198, 0.5636148835849976], [0.626043008484557, 0.5693122893968036], [0.5968966179709209, 0.5806309462106891], [0.6226024825770915, 0.5523550336093521], [0.6184496658062965, 0.5622747842182172]]
1.1091, [[0.9999996704745167, 0.5789172350919402], [0.7598446155668759, 1.0], [0.9763440246045691, 0.5748261381680702], [0.6942241909199804, 0.6350770044681217], [0.9455501977152898, 0.0], [0.913668936731107, 0.5515067686312712], [0.9419636423550085, 0.27519687261785347], [0.7033476099461623, 0.6068022940367761], [0.8363475522570981, 0.5460591836337068], [0.7961737000975918, 0.5863133028011686]]
1.1091, [[0.7598446155668759, 1.0], [0.9999996704745167, 0.5789172350919402], [0.6942241909199804, 0.6350770044681217], [0.9881716827768011, 0.2958539217652958], [0.9763440246045691, 0.5748261381680702], [0.9763440246045691, 0.5748261381680702], [0.913668936731107, 0.5515067686312712], [0.7961737000975918, 0.5863133028011686], [0.7851836877662027, 0.09125256168505518], [0.6137815588129197, 0.5865033766970269]]
1.1089, [[0.7598446155668759, 1.0], [0.9999996704745167, 0.5789172350919402], [0.9763440246045691, 0.5748261381680702], [0.9881716827768011, 0.2958539217652958], [0.7804951181316809, 0.5730794078020278], [0.9455501977152898, 0.0], [0.605483856973199, 0.5724882292490119], [0.5944587613304497, 0.6088087920604914], [0.8238825847499298, 0.42540232296890695], [0.7033476099461623, 0.6068022940367761]]
0.6658, [[0.6942241909199804, 0.6350770044681217], [0.7263869836380628, 0.5851307020106548], [0.7033476099461623, 0.6068022940367761], [0.7043214326896498, 0.5984126028527238], [0.7804951181316809, 0.5730794078020278], [0.7060304632152589, 0.5835318881251074], [0.6627022829734, 0.604185244543736], [0.7928074820513984, 0.5498672732586459], [0.6911722779028288, 0.5976107590651315], [0.9455501977152898, 0.0]]
1.1091, [[0.7598446155668759, 1.0], [0.9999996704745167, 0.5789172350919402], [0.6942241909199804, 0.6350770044681217], [0.9763440246045691, 0.5748261381680702], [0.9881716827768011, 0.2958539217652958], [0.6137815588129197, 0.5865033766970269], [0.7961737000975918, 0.5863133028011686], [0.9455501977152898, 0.0], [0.9080604130052724, 0.0], [0.9419636423550085, 0.27519687261785347]]
1.1089, [[0.7598446155668759, 1.0], [0.9999996704745167, 0.5789172350919402], [0.6942241909199804, 0.6350770044681217], [0.9763440246045691, 0.5748261381680702], [0.9455501977152898, 0.0], [0.7804951181316809, 0.5730794078020278], [0.9080604130052724, 0.0], [0.6942142910924192, 0.5792425538752363], [0.7171207450407403, 0.0], [0.5654516119696708, 0.5718886435813714]]
1.1091, [[0.9999996704745167, 0.5789172350919402], [0.7598446155668759, 1.0], [0.9881716827768011, 0.2958539217652958], [0.6942241909199804, 0.6350770044681217], [0.9419636423550085, 0.27519687261785347], [0.913668936731107, 0.5515067686312712], [0.9080604130052724, 0.0], [0.6255303621625985, 0.595248847224609], [0.6112864076441724, 0.5923526571575872], [0.7961737000975918, 0.5863133028011686]]
0.7583, [[0.9763440246045691, 0.5748261381680702], [0.5894367321854775, 0.6089446461591338], [0.7043214326896498, 0.5984126028527238], [0.7961737000975918, 0.5863133028011686], [0.913668936731107, 0.5515067686312712], [0.7263869836380628, 0.5851307020106548], [0.9881716827768011, 0.2958539217652958], [0.9419636423550085, 0.27519687261785347], [0.7928074820513984, 0.5498672732586459], [0.6037371399910724, 0.5553212586458841]]
1.0966, [[0.7598446155668759, 1.0], [0.9881716827768011, 0.2958539217652958], [0.9763440246045691, 0.5748261381680702], [0.6942241909199804, 0.6350770044681217], [0.9455501977152898, 0.0], [0.9419636423550085, 0.27519687261785347], [0.8363475522570981, 0.5460591836337068], [0.5894367321854775, 0.6089446461591338], [0.9080604130052724, 0.0], [0.6195204455586614, 0.5472012976132489]]
1.1091, [[0.7598446155668759, 1.0], [0.9999996704745167, 0.5789172350919402], [0.6306893633864434, 0.6243941204674343], [0.9763440246045691, 0.5748261381680702], [0.7961737000975918, 0.5863133028011686], [0.622667137965057, 0.6217787767657673], [0.9455501977152898, 0.0], [0.913668936731107, 0.5515067686312712], [0.6339557523846859, 0.6088521678982642], [0.79126963376531, 0.4126648405215645]]
1.1091, [[0.7598446155668759, 1.0], [0.7961737000975918, 0.5863133028011686], [0.6282622025257658, 0.6327822277023543], [0.7060304632152589, 0.5835318881251074], [0.21058455666229933, 0.5946943431861145], [0.5956542250326551, 0.5902088429283382], [0.9999996704745167, 0.5789172350919402], [0.913668936731107, 0.5515067686312712], [0.9763440246045691, 0.5748261381680702], [0.7719649162158247, 0.25420087462387136]]
1.1089, [[0.7598446155668759, 1.0], [0.9999996704745167, 0.5789172350919402], [0.6942241909199804, 0.6350770044681217], [0.9763440246045691, 0.5748261381680702], [0.7263869836380628, 0.5851307020106548], [0.9455501977152898, 0.0], [0.9419636423550085, 0.27519687261785347], [0.9080604130052724, 0.0], [0.8238825847499298, 0.42540232296890695], [0.79126963376531, 0.4126648405215645]]
0.9458, [[0.7598446155668759, 1.0], [0.6311765922092297, 0.6362441312940368], [0.6392219818053938, 0.5844555741536346], [0.6383624136596261, 0.596837060835195], [0.6383624136596261, 0.596837060835195], [0.6378129630392207, 0.6027791850833476], [0.6306893633864434, 0.6243941204674343], [0.6324394152886743, 0.6192638310706307], [0.6364896607330223, 0.6127715891046571], [0.633629200613405, 0.5965786334421722]]
1.1089, [[0.7598446155668759, 1.0], [0.9999996704745167, 0.5789172350919402], [0.5894367321854775, 0.6089446461591338], [0.7033476099461623, 0.6068022940367761], [0.9881716827768011, 0.2958539217652958], [0.9763440246045691, 0.5748261381680702], [0.9455501977152898, 0.0], [0.913668936731107, 0.5515067686312712], [0.8363475522570981, 0.5460591836337068], [0.7928074820513984, 0.5498672732586459]]
1.1091, [[0.7598446155668759, 1.0], [0.6942241909199804, 0.6350770044681217], [0.9455501977152898, 0.0], [0.7961737000975918, 0.5863133028011686], [0.79126963376531, 0.4126648405215645], [0.7804951181316809, 0.5730794078020278], [0.9881716827768011, 0.2958539217652958], [0.8363475522570981, 0.5460591836337068], [0.9999996704745167, 0.5789172350919402], [0.8583863197234137, 0.15610208425275857]]
0.7702, [[0.9763440246045691, 0.5748261381680702], [0.6282622025257658, 0.6327822277023543], [0.79126963376531, 0.4126648405215645], [0.622667137965057, 0.6217787767657673], [0.7263869836380628, 0.5851307020106548], [0.6339557523846859, 0.6088521678982642], [0.6627022829734, 0.604185244543736], [0.6378129630392207, 0.6027791850833476], [0.6315710741999299, 0.5958461178896718], [0.6251295708635932, 0.6087590804261901]]
0.7578, [[0.7033476099461623, 0.6068022940367761], [0.9763440246045691, 0.5748261381680702], [0.9881716827768011, 0.2958539217652958], [0.7961737000975918, 0.5863133028011686], [0.6255303621625985, 0.595248847224609], [0.913668936731107, 0.5515067686312712], [0.9419636423550085, 0.27519687261785347], [0.6012179533621148, 0.5915743289224953], [0.8363475522570981, 0.5460591836337068], [0.8583863197234137, 0.15610208425275857]]
1.1091, [[0.9999996704745167, 0.5789172350919402], [0.7598446155668759, 1.0], [0.9881716827768011, 0.2958539217652958], [0.6311765922092297, 0.6362441312940368], [0.913668936731107, 0.5515067686312712], [0.6306893633864434, 0.6243941204674343], [0.9080604130052724, 0.0], [0.7961737000975918, 0.5863133028011686], [0.6633977189702571, 0.5829905430486337], [0.5959602565297816, 0.5738979439766283]]
0.7915, [[0.6311765922092297, 0.6362441312940368], [0.7033476099461623, 0.6068022940367761], [0.6282622025257658, 0.6327822277023543], [0.9999996704745167, 0.5789172350919402], [0.6306893633864434, 0.6243941204674343], [0.9881716827768011, 0.2958539217652958], [0.6364896607330223, 0.6127715891046571], [0.9455501977152898, 0.0], [0.913668936731107, 0.5515067686312712], [0.7961737000975918, 0.5863133028011686]]
0.7714, [[0.5894367321854775, 0.6089446461591338], [0.9999996704745167, 0.5789172350919402], [0.7033476099461623, 0.6068022940367761], [0.9763440246045691, 0.5748261381680702], [0.9881716827768011, 0.2958539217652958], [0.6627022829734, 0.604185244543736], [0.913668936731107, 0.5515067686312712], [0.9419636423550085, 0.27519687261785347], [0.7043214326896498, 0.5984126028527238], [0.7961737000975918, 0.5863133028011686]]
1.0970, [[0.9763440246045691, 0.5748261381680702], [0.9881716827768011, 0.2958539217652958], [0.9455501977152898, 0.0], [0.9419636423550085, 0.27519687261785347], [0.7598446155668759, 1.0], [0.9080604130052724, 0.0], [0.6942241909199804, 0.6350770044681217], [0.622667137965057, 0.6217787767657673], [0.5944587613304497, 0.6088087920604914], [0.7961737000975918, 0.5863133028011686]]
1.0919, [[0.7598446155668759, 1.0], [0.9763440246045691, 0.5748261381680702], [0.6311765922092297, 0.6362441312940368], [0.7033476099461623, 0.6068022940367761], [0.7804951181316809, 0.5730794078020278], [0.6306893633864434, 0.6243941204674343], [0.7263869836380628, 0.5851307020106548], [0.6324394152886743, 0.6192638310706307], [0.6121560706832284, 0.6125188882969582], [0.6212474534634156, 0.6041556368791888]]
0.7698, [[0.7263869836380628, 0.5851307020106548], [0.6627022829734, 0.604185244543736], [0.9999996704745167, 0.5789172350919402], [0.5894367321854775, 0.6089446461591338], [0.6140871997338179, 0.5913178510053273], [0.6191733735132259, 0.5913115152087988], [0.9763440246045691, 0.5748261381680702], [0.6666758825310324, 0.5751230677092284], [0.8583863197234137, 0.15610208425275857], [0.69999695507378, 0.5641526585484656]]
0.7802, [[0.9999996704745167, 0.5789172350919402], [0.622667137965057, 0.6217787767657673], [0.7033476099461623, 0.6068022940367761], [0.7263869836380628, 0.5851307020106548], [0.9763440246045691, 0.5748261381680702], [0.9881716827768011, 0.2958539217652958], [0.6378129630392207, 0.6027791850833476], [0.7060304632152589, 0.5835318881251074], [0.16786929170152654, 0.5899914763705104], [0.7928074820513984, 0.5498672732586459]]
0.7707, [[0.7043214326896498, 0.5984126028527238], [0.5894367321854775, 0.6089446461591338], [0.7060304632152589, 0.5835318881251074], [0.9999996704745167, 0.5789172350919402], [0.7033476099461623, 0.6068022940367761], [0.5944587613304497, 0.6088087920604914], [0.9763440246045691, 0.5748261381680702], [0.9881716827768011, 0.2958539217652958], [0.9455501977152898, 0.0], [0.913668936731107, 0.5515067686312712]]
0.5484, [[0.645923548821205, 0.5543324695567462], [0.6311765922092297, 0.6362441312940368], [0.6311765922092297, 0.6362441312940368], [0.6378129630392207, 0.6027791850833476], [0.6364896607330223, 0.6127715891046571], [0.6383624136596261, 0.596837060835195], [0.6392219818053938, 0.5844555741536346], [0.6306893633864434, 0.6243941204674343], [0.6339557523846859, 0.6088521678982642], [0.6344033827867759, 0.5918818587386149]]
0.7714, [[0.5894367321854775, 0.6089446461591338], [0.7033476099461623, 0.6068022940367761], [0.7043214326896498, 0.5984126028527238], [0.7961737000975918, 0.5863133028011686], [0.9999996704745167, 0.5789172350919402], [0.6627022829734, 0.604185244543736], [0.9881716827768011, 0.2958539217652958], [0.9763440246045691, 0.5748261381680702], [0.79126963376531, 0.4126648405215645], [0.7804951181316809, 0.5730794078020278]]
0.5484, [[0.645923548821205, 0.5543324695567462], [0.6311765922092297, 0.6362441312940368], [0.6364896607330223, 0.6127715891046571], [0.6324394152886743, 0.6192638310706307], [0.6378129630392207, 0.6027791850833476], [0.6392219818053938, 0.5844555741536346], [0.6282622025257658, 0.6327822277023543], [0.6383624136596261, 0.596837060835195], [0.6306893633864434, 0.6243941204674343], [0.1622497820012944, 0.6017100194191441]]
0.7715, [[0.6311765922092297, 0.6362441312940368], [0.6392219818053938, 0.5844555741536346], [0.9763440246045691, 0.5748261381680702], [0.6306893633864434, 0.6243941204674343], [0.645923548821205, 0.5543324695567462], [0.8363475522570981, 0.5460591836337068], [0.622667137965057, 0.6217787767657673], [0.6324394152886743, 0.6192638310706307], [0.6383624136596261, 0.596837060835195], [0.6339557523846859, 0.6088521678982642]]
0.7862, [[0.9999996704745167, 0.5789172350919402], [0.6282622025257658, 0.6327822277023543], [0.9881716827768011, 0.2958539217652958], [0.9763440246045691, 0.5748261381680702], [0.9763440246045691, 0.5748261381680702], [0.6306893633864434, 0.6243941204674343], [0.913668936731107, 0.5515067686312712], [0.9455501977152898, 0.0], [0.622667137965057, 0.6217787767657673], [0.6324394152886743, 0.6192638310706307]]
1.0970, [[0.9881716827768011, 0.2958539217652958], [0.7598446155668759, 1.0], [0.9763440246045691, 0.5748261381680702], [0.6942241909199804, 0.6350770044681217], [0.6942241909199804, 0.6350770044681217], [0.7033476099461623, 0.6068022940367761], [0.8363475522570981, 0.5460591836337068], [0.8238825847499298, 0.42540232296890695], [0.7961737000975918, 0.5863133028011686], [0.5894367321854775, 0.6089446461591338]]
0.7782, [[0.6311765922092297, 0.6362441312940368], [0.9763440246045691, 0.5748261381680702], [0.9881716827768011, 0.2958539217652958], [0.6306893633864434, 0.6243941204674343], [0.913668936731107, 0.5515067686312712], [0.9455501977152898, 0.0], [0.6339557523846859, 0.6088521678982642], [0.9419636423550085, 0.27519687261785347], [0.7033476099461623, 0.6068022940367761], [0.7810035307112108, 0.22133628686058168]]
1.0768, [[0.7598446155668759, 1.0], [0.913668936731107, 0.5515067686312712], [0.9881716827768011, 0.2958539217652958], [0.7961737000975918, 0.5863133028011686], [0.6311765922092297, 0.6362441312940368], [0.6282622025257658, 0.6327822277023543], [0.9419636423550085, 0.27519687261785347], [0.6383624136596261, 0.596837060835195], [0.9080604130052724, 0.0], [0.8583863197234137, 0.15610208425275857]]
0.5484, [[0.6311765922092297, 0.6362441312940368], [0.6282622025257658, 0.6327822277023543], [0.645923548821205, 0.5543324695567462], [0.6306893633864434, 0.6243941204674343], [0.6392219818053938, 0.5844555741536346], [0.622667137965057, 0.6217787767657673], [0.6383624136596261, 0.596837060835195], [0.6364896607330223, 0.6127715891046571], [0.6378129630392207, 0.6027791850833476], [0.6339557523846859, 0.6088521678982642]]
0.5847, [[0.6942241909199804, 0.6350770044681217], [0.6311765922092297, 0.6362441312940368], [0.6392219818053938, 0.5844555741536346], [0.6364896607330223, 0.6127715891046571], [0.6324394152886743, 0.6192638310706307], [0.6378129630392207, 0.6027791850833476], [0.6282622025257658, 0.6327822277023543], [0.6344033827867759, 0.5918818587386149], [0.6306893633864434, 0.6243941204674343], [0.622667137965057, 0.6217787767657673]]
0.7713, [[0.5944587613304497, 0.6088087920604914], [0.9999996704745167, 0.5789172350919402], [0.7033476099461623, 0.6068022940367761], [0.7961737000975918, 0.5863133028011686], [0.9881716827768011, 0.2958539217652958], [0.9763440246045691, 0.5748261381680702], [0.6911722779028288, 0.5976107590651315], [0.7263869836380628, 0.5851307020106548], [0.8363475522570981, 0.5460591836337068], [0.6633977189702571, 0.5829905430486337]]
0.5440, [[0.6311765922092297, 0.6362441312940368], [0.6364896607330223, 0.6127715891046571], [0.6392219818053938, 0.5844555741536346], [0.6324394152886743, 0.6192638310706307], [0.6339557523846859, 0.6088521678982642], [0.6383624136596261, 0.596837060835195], [0.6306893633864434, 0.6243941204674343], [0.6306893633864434, 0.6243941204674343], [0.622667137965057, 0.6217787767657673], [0.6378129630392207, 0.6027791850833476]]
1.1089, [[0.7598446155668759, 1.0], [0.9999996704745167, 0.5789172350919402], [0.6364896607330223, 0.6127715891046571], [0.9881716827768011, 0.2958539217652958], [0.6339557523846859, 0.6088521678982642], [0.07973166564060467, 0.582857369479292], [0.6282378966666282, 0.5658541629145901], [0.21439679089909336, 0.5655738295177789], [0.6090449507579438, 0.5669696286303488], [0.9763440246045691, 0.5748261381680702]]
1.1091, [[0.7598446155668759, 1.0], [0.9999996704745167, 0.5789172350919402], [0.9881716827768011, 0.2958539217652958], [0.9455501977152898, 0.0], [0.9419636423550085, 0.27519687261785347], [0.913668936731107, 0.5515067686312712], [0.6942241909199804, 0.6350770044681217], [0.8363475522570981, 0.5460591836337068], [0.5894367321854775, 0.6089446461591338], [0.7961737000975918, 0.5863133028011686]]
1.1091, [[0.9999996704745167, 0.5789172350919402], [0.7598446155668759, 1.0], [0.9763440246045691, 0.5748261381680702], [0.7961737000975918, 0.5863133028011686], [0.9455501977152898, 0.0], [0.8363475522570981, 0.5460591836337068], [0.7804951181316809, 0.5730794078020278], [0.913668936731107, 0.5515067686312712], [0.8238825847499298, 0.42540232296890695], [0.79126963376531, 0.4126648405215645]]
1.1091, [[0.9999996704745167, 0.5789172350919402], [0.7598446155668759, 1.0], [0.913668936731107, 0.5515067686312712], [0.7033476099461623, 0.6068022940367761], [0.7060304632152589, 0.5835318881251074], [0.6112864076441724, 0.5923526571575872], [0.7719649162158247, 0.25420087462387136], [0.7928074820513984, 0.5498672732586459], [0.7961737000975918, 0.5863133028011686], [0.8583863197234137, 0.15610208425275857]]
0.5484, [[0.645923548821205, 0.5543324695567462], [0.6311765922092297, 0.6362441312940368], [0.6339557523846859, 0.6088521678982642], [0.6324394152886743, 0.6192638310706307], [0.6378129630392207, 0.6027791850833476], [0.6306893633864434, 0.6243941204674343], [0.6383624136596261, 0.596837060835195], [0.622667137965057, 0.6217787767657673], [0.6344033827867759, 0.5918818587386149], [0.6392219818053938, 0.5844555741536346]]
1.1091, [[0.7598446155668759, 1.0], [0.9999996704745167, 0.5789172350919402], [0.9881716827768011, 0.2958539217652958], [0.913668936731107, 0.5515067686312712], [0.8363475522570981, 0.5460591836337068], [0.6311765922092297, 0.6362441312940368], [0.7043214326896498, 0.5984126028527238], [0.7961737000975918, 0.5863133028011686], [0.6306893633864434, 0.6243941204674343], [0.7060304632152589, 0.5835318881251074]]
1.1089, [[0.7598446155668759, 1.0], [0.9999996704745167, 0.5789172350919402], [0.9763440246045691, 0.5748261381680702], [0.7033476099461623, 0.6068022940367761], [0.5894367321854775, 0.6089446461591338], [0.7043214326896498, 0.5984126028527238], [0.913668936731107, 0.5515067686312712], [0.23866904681473533, 0.5714985047258979], [0.8238825847499298, 0.42540232296890695], [0.6626874410767202, 0.5608568845591817]]
1.1089, [[0.7598446155668759, 1.0], [0.9999996704745167, 0.5789172350919402], [0.6306893633864434, 0.6243941204674343], [0.9763440246045691, 0.5748261381680702], [0.9881716827768011, 0.2958539217652958], [0.7033476099461623, 0.6068022940367761], [0.9455501977152898, 0.0], [0.6212474534634156, 0.6041556368791888], [0.9419636423550085, 0.27519687261785347], [0.9080604130052724, 0.0]]
1.1091, [[0.7598446155668759, 1.0], [0.6364896607330223, 0.6127715891046571], [0.7033476099461623, 0.6068022940367761], [0.7043214326896498, 0.5984126028527238], [0.6911722779028288, 0.5976107590651315], [0.6112864076441724, 0.5923526571575872], [0.6140871997338179, 0.5913178510053273], [0.7961737000975918, 0.5863133028011686], [0.056247129499544885, 0.5795990642722118], [0.9999996704745167, 0.5789172350919402]]
0.7901, [[0.6311765922092297, 0.6362441312940368], [0.6311765922092297, 0.6362441312940368], [0.6364896607330223, 0.6127715891046571], [0.6378129630392207, 0.6027791850833476], [0.6383624136596261, 0.596837060835195], [0.7961737000975918, 0.5863133028011686], [0.9999996704745167, 0.5789172350919402], [0.6306893633864434, 0.6243941204674343], [0.913668936731107, 0.5515067686312712], [0.9881716827768011, 0.2958539217652958]]
1.1091, [[0.7598446155668759, 1.0], [0.9999996704745167, 0.5789172350919402], [0.6311765922092297, 0.6362441312940368], [0.9881716827768011, 0.2958539217652958], [0.9763440246045691, 0.5748261381680702], [0.9419636423550085, 0.27519687261785347], [0.913668936731107, 0.5515067686312712], [0.9080604130052724, 0.0], [0.7961737000975918, 0.5863133028011686], [0.8583863197234137, 0.15610208425275857]]
0.5838, [[0.6942241909199804, 0.6350770044681217], [0.6268626176777252, 0.5824143510912528], [0.6268626176777252, 0.5824143510912528], [0.6308953172361198, 0.5636148835849976], [0.6255303621625985, 0.595248847224609], [0.6191733735132259, 0.5913115152087988], [0.6112536893739613, 0.5948772283897577], [0.626043008484557, 0.5693122893968036], [0.06272266418307056, 0.5870818836569858], [0.6184496658062965, 0.5622747842182172]]
0.7352, [[0.7263869836380628, 0.5851307020106548], [0.6378129630392207, 0.6027791850833476], [0.6392219818053938, 0.5844555741536346], [0.645923548821205, 0.5543324695567462], [0.913668936731107, 0.5515067686312712], [0.6339557523846859, 0.6088521678982642], [0.9419636423550085, 0.27519687261785347], [0.9881716827768011, 0.2958539217652958], [0.6336581633429583, 0.4415400541624873], [0.633629200613405, 0.5965786334421722]]
0.5484, [[0.6311765922092297, 0.6362441312940368], [0.645923548821205, 0.5543324695567462], [0.6282622025257658, 0.6327822277023543], [0.6392219818053938, 0.5844555741536346], [0.6306893633864434, 0.6243941204674343], [0.6324394152886743, 0.6192638310706307], [0.6364896607330223, 0.6127715891046571], [0.6339557523846859, 0.6088521678982642], [0.6378129630392207, 0.6027791850833476], [0.6383624136596261, 0.596837060835195]]
1.1091, [[0.7598446155668759, 1.0], [0.9999996704745167, 0.5789172350919402], [0.6942241909199804, 0.6350770044681217], [0.9881716827768011, 0.2958539217652958], [0.9763440246045691, 0.5748261381680702], [0.9455501977152898, 0.0], [0.9080604130052724, 0.0], [0.7961737000975918, 0.5863133028011686], [0.79126963376531, 0.4126648405215645], [0.7804951181316809, 0.5730794078020278]]
1.1091, [[0.7598446155668759, 1.0], [0.9999996704745167, 0.5789172350919402], [0.7961737000975918, 0.5863133028011686], [0.6311765922092297, 0.6362441312940368], [0.6942241909199804, 0.6350770044681217], [0.9455501977152898, 0.0], [0.8238825847499298, 0.42540232296890695], [0.7804951181316809, 0.5730794078020278], [0.6112864076441724, 0.5923526571575872], [0.9080604130052724, 0.0]]
1.1091, [[0.7598446155668759, 1.0], [0.6306893633864434, 0.6243941204674343], [0.7043214326896498, 0.5984126028527238], [0.9999996704745167, 0.5789172350919402], [0.8363475522570981, 0.5460591836337068], [0.7961737000975918, 0.5863133028011686], [0.9881716827768011, 0.2958539217652958], [0.9881716827768011, 0.2958539217652958], [0.913668936731107, 0.5515067686312712], [0.9763440246045691, 0.5748261381680702]]
1.1089, [[0.7598446155668759, 1.0], [0.9999996704745167, 0.5789172350919402], [0.9763440246045691, 0.5748261381680702], [0.6942241909199804, 0.6350770044681217], [0.9881716827768011, 0.2958539217652958], [0.9419636423550085, 0.27519687261785347], [0.8238825847499298, 0.42540232296890695], [0.7851836877662027, 0.09125256168505518], [0.9080604130052724, 0.0], [0.7912303654781626, 0.3906681364092278]]
0.7792, [[0.6942241909199804, 0.6350770044681217], [0.9763440246045691, 0.5748261381680702], [0.5894367321854775, 0.6089446461591338], [0.7033476099461623, 0.6068022940367761], [0.9881716827768011, 0.2958539217652958], [0.9419636423550085, 0.27519687261785347], [0.913668936731107, 0.5515067686312712], [0.6911722779028288, 0.5976107590651315], [0.7043214326896498, 0.5984126028527238], [0.6633977189702571, 0.5829905430486337]]
1.1091, [[0.7598446155668759, 1.0], [0.9999996704745167, 0.5789172350919402], [0.7961737000975918, 0.5863133028011686], [0.6112864076441724, 0.5923526571575872], [0.9881716827768011, 0.2958539217652958], [0.913668936731107, 0.5515067686312712], [0.05026982104426799, 0.5405845747686312], [0.9455501977152898, 0.0], [0.0024951490946976645, 0.5631765280077935], [0.0002507202955058495, 0.5450355479785679]]
1.1089, [[0.7598446155668759, 1.0], [0.9999996704745167, 0.5789172350919402], [0.9881716827768011, 0.2958539217652958], [0.9763440246045691, 0.5748261381680702], [0.9455501977152898, 0.0], [0.7804951181316809, 0.5730794078020278], [0.622462115489464, 0.592682240419316], [0.6306893633864434, 0.6243941204674343], [0.9080604130052724, 0.0], [0.6311765922092297, 0.6362441312940368]]
1.1091, [[0.7598446155668759, 1.0], [0.9999996704745167, 0.5789172350919402], [0.9763440246045691, 0.5748261381680702], [0.6942241909199804, 0.6350770044681217], [0.9881716827768011, 0.2958539217652958], [0.9419636423550085, 0.27519687261785347], [0.7043214326896498, 0.5984126028527238], [0.7961737000975918, 0.5863133028011686], [0.5782404740217063, 0.5568552187043351], [0.0791253564644535, 0.49884661985957884]]
1.1091, [[0.7598446155668759, 1.0], [0.5944587613304497, 0.6088087920604914], [0.7033476099461623, 0.6068022940367761], [0.7961737000975918, 0.5863133028011686], [0.9999996704745167, 0.5789172350919402], [0.913668936731107, 0.5515067686312712], [0.9763440246045691, 0.5748261381680702], [0.8583863197234137, 0.15610208425275857], [0.7928074820513984, 0.5498672732586459], [0.8583863197234137, 0.15610208425275857]]
0.7694, [[0.9999996704745167, 0.5789172350919402], [0.7033476099461623, 0.6068022940367761], [0.9881716827768011, 0.2958539217652958], [0.6627022829734, 0.604185244543736], [0.9763440246045691, 0.5748261381680702], [0.5956542250326551, 0.5902088429283382], [0.9455501977152898, 0.0], [0.7263869836380628, 0.5851307020106548], [0.8363475522570981, 0.5460591836337068], [0.7060304632152589, 0.5835318881251074]]
0.5484, [[0.6311765922092297, 0.6362441312940368], [0.6378129630392207, 0.6027791850833476], [0.6364896607330223, 0.6127715891046571], [0.6324394152886743, 0.6192638310706307], [0.645923548821205, 0.5543324695567462], [0.645923548821205, 0.5543324695567462], [0.6282622025257658, 0.6327822277023543], [0.6306893633864434, 0.6243941204674343], [0.6392219818053938, 0.5844555741536346], [0.6383624136596261, 0.596837060835195]]
0.5847, [[0.6942241909199804, 0.6350770044681217], [0.6311765922092297, 0.6362441312940368], [0.645923548821205, 0.5543324695567462], [0.6364896607330223, 0.6127715891046571], [0.6282622025257658, 0.6327822277023543], [0.6378129630392207, 0.6027791850833476], [0.6121560706832284, 0.6125188882969582], [0.6383624136596261, 0.596837060835195], [0.6392219818053938, 0.5844555741536346], [0.633629200613405, 0.5965786334421722]]
0.5847, [[0.6942241909199804, 0.6350770044681217], [0.6311765922092297, 0.6362441312940368], [0.645923548821205, 0.5543324695567462], [0.6383624136596261, 0.596837060835195], [0.6306893633864434, 0.6243941204674343], [0.6378129630392207, 0.6027791850833476], [0.622667137965057, 0.6217787767657673], [0.6316553785766172, 0.23426476429287882], [0.6282378966666282, 0.5658541629145901], [0.622462115489464, 0.592682240419316]]
0.7918, [[0.9999996704745167, 0.5789172350919402], [0.6942241909199804, 0.6350770044681217], [0.9881716827768011, 0.2958539217652958], [0.9763440246045691, 0.5748261381680702], [0.7033476099461623, 0.6068022940367761], [0.913668936731107, 0.5515067686312712], [0.9455501977152898, 0.0], [0.6627022829734, 0.604185244543736], [0.7263869836380628, 0.5851307020106548], [0.7060304632152589, 0.5835318881251074]]
1.1091, [[0.7598446155668759, 1.0], [0.9999996704745167, 0.5789172350919402], [0.9763440246045691, 0.5748261381680702], [0.9763440246045691, 0.5748261381680702], [0.6306893633864434, 0.6243941204674343], [0.7961737000975918, 0.5863133028011686], [0.7263869836380628, 0.5851307020106548], [0.6724253529729232, 0.5450274408183147], [0.622667137965057, 0.6217787767657673], [0.9455501977152898, 0.0]]
1.1089, [[0.9999996704745167, 0.5789172350919402], [0.7598446155668759, 1.0], [0.6306893633864434, 0.6243941204674343], [0.6306893633864434, 0.6243941204674343], [0.6212474534634156, 0.6041556368791888], [0.6364896607330223, 0.6127715891046571], [0.6339557523846859, 0.6088521678982642], [0.6324394152886743, 0.6192638310706307], [0.913668936731107, 0.5515067686312712], [0.6383624136596261, 0.596837060835195]]
1.1091, [[0.9999996704745167, 0.5789172350919402], [0.7598446155668759, 1.0], [0.9881716827768011, 0.2958539217652958], [0.9763440246045691, 0.5748261381680702], [0.5894367321854775, 0.6089446461591338], [0.7043214326896498, 0.5984126028527238], [0.7961737000975918, 0.5863133028011686], [0.913668936731107, 0.5515067686312712], [0.9455501977152898, 0.0], [0.0024951490946976645, 0.5631765280077935]]
1.1089, [[0.7598446155668759, 1.0], [0.9999996704745167, 0.5789172350919402], [0.7263869836380628, 0.5851307020106548], [0.6942241909199804, 0.6350770044681217], [0.9763440246045691, 0.5748261381680702], [0.9881716827768011, 0.2958539217652958], [0.7060304632152589, 0.5835318881251074], [0.7804951181316809, 0.5730794078020278], [0.9455501977152898, 0.0], [0.6932379933920415, 0.5740470788795325]]
0.6986, [[0.6311765922092297, 0.6362441312940368], [0.9419636423550085, 0.27519687261785347], [0.7033476099461623, 0.6068022940367761], [0.6306893633864434, 0.6243941204674343], [0.8238825847499298, 0.42540232296890695], [0.6364896607330223, 0.6127715891046571], [0.6932379933920415, 0.5740470788795325], [0.715869727125538, 0.5498332800779347], [0.6378129630392207, 0.6027791850833476], [0.6383624136596261, 0.596837060835195]]
0.7704, [[0.9999996704745167, 0.5789172350919402], [0.5894367321854775, 0.6089446461591338], [0.7043214326896498, 0.5984126028527238], [0.7961737000975918, 0.5863133028011686], [0.9763440246045691, 0.5748261381680702], [0.9881716827768011, 0.2958539217652958], [0.6255303621625985, 0.595248847224609], [0.9455501977152898, 0.0], [0.6191733735132259, 0.5913115152087988], [0.913668936731107, 0.5515067686312712]]
1.0970, [[0.9881716827768011, 0.2958539217652958], [0.7598446155668759, 1.0], [0.7961737000975918, 0.5863133028011686], [0.9763440246045691, 0.5748261381680702], [0.6942241909199804, 0.6350770044681217], [0.9419636423550085, 0.27519687261785347], [0.7033476099461623, 0.6068022940367761], [0.913668936731107, 0.5515067686312712], [0.7043214326896498, 0.5984126028527238], [0.9080604130052724, 0.0]]
0.7922, [[0.6942241909199804, 0.6350770044681217], [0.9999996704745167, 0.5789172350919402], [0.7961737000975918, 0.5863133028011686], [0.6282622025257658, 0.6327822277023543], [0.6282622025257658, 0.6327822277023543], [0.6911722779028288, 0.5976107590651315], [0.6627022829734, 0.604185244543736], [0.9763440246045691, 0.5748261381680702], [0.9881716827768011, 0.2958539217652958], [0.8238825847499298, 0.42540232296890695]]
1.1091, [[0.7598446155668759, 1.0], [0.9999996704745167, 0.5789172350919402], [0.7043214326896498, 0.5984126028527238], [0.6942241909199804, 0.6350770044681217], [0.9881716827768011, 0.2958539217652958], [0.9763440246045691, 0.5748261381680702], [0.5944587613304497, 0.6088087920604914], [0.7961737000975918, 0.5863133028011686], [0.8363475522570981, 0.5460591836337068], [0.9419636423550085, 0.27519687261785347]]
1.1089, [[0.7598446155668759, 1.0], [0.9999996704745167, 0.5789172350919402], [0.6311765922092297, 0.6362441312940368], [0.9881716827768011, 0.2958539217652958], [0.9763440246045691, 0.5748261381680702], [0.6364896607330223, 0.6127715891046571], [0.9455501977152898, 0.0], [0.7804951181316809, 0.5730794078020278], [0.6378129630392207, 0.6027791850833476], [0.645923548821205, 0.5543324695567462]]
1.1091, [[0.7598446155668759, 1.0], [0.9999996704745167, 0.5789172350919402], [0.7961737000975918, 0.5863133028011686], [0.6311765922092297, 0.6362441312940368], [0.6942241909199804, 0.6350770044681217], [0.9763440246045691, 0.5748261381680702], [0.6306893633864434, 0.6243941204674343], [0.9455501977152898, 0.0], [0.5894367321854775, 0.6089446461591338], [0.9419636423550085, 0.27519687261785347]]
0.5484, [[0.6378129630392207, 0.6027791850833476], [0.6364896607330223, 0.6127715891046571], [0.6311765922092297, 0.6362441312940368], [0.6383624136596261, 0.596837060835195], [0.6324394152886743, 0.6192638310706307], [0.6392219818053938, 0.5844555741536346], [0.645923548821205, 0.5543324695567462], [0.6339557523846859, 0.6088521678982642], [0.6282622025257658, 0.6327822277023543], [0.6306893633864434, 0.6243941204674343]]
0.7405, [[0.6311765922092297, 0.6362441312940368], [0.913668936731107, 0.5515067686312712], [0.9455501977152898, 0.0], [0.9419636423550085, 0.27519687261785347], [0.6942241909199804, 0.6350770044681217], [0.8363475522570981, 0.5460591836337068], [0.6306893633864434, 0.6243941204674343], [0.622667137965057, 0.6217787767657673], [0.6627022829734, 0.604185244543736], [0.7804951181316809, 0.5730794078020278]]
1.1091, [[0.9999996704745167, 0.5789172350919402], [0.9999996704745167, 0.5789172350919402], [0.9999996704745167, 0.5789172350919402], [0.7598446155668759, 1.0], [0.9763440246045691, 0.5748261381680702], [0.6306893633864434, 0.6243941204674343], [0.6364896607330223, 0.6127715891046571], [0.6378129630392207, 0.6027791850833476], [0.9455501977152898, 0.0], [0.7961737000975918, 0.5863133028011686]]
1.1091, [[0.7598446155668759, 1.0], [0.9999996704745167, 0.5789172350919402], [0.7961737000975918, 0.5863133028011686], [0.7033476099461623, 0.6068022940367761], [0.6282622025257658, 0.6327822277023543], [0.9881716827768011, 0.2958539217652958], [0.9763440246045691, 0.5748261381680702], [0.7263869836380628, 0.5851307020106548], [0.5894367321854775, 0.6089446461591338], [0.7804951181316809, 0.5730794078020278]]
0.7875, [[0.9999996704745167, 0.5789172350919402], [0.6378129630392207, 0.6027791850833476], [0.6282622025257658, 0.6327822277023543], [0.6339557523846859, 0.6088521678982642], [0.9419636423550085, 0.27519687261785347], [0.622667137965057, 0.6217787767657673], [0.913668936731107, 0.5515067686312712], [0.6121560706832284, 0.6125188882969582], [0.7961737000975918, 0.5863133028011686], [0.6212474534634156, 0.6041556368791888]]
0.7714, [[0.5894367321854775, 0.6089446461591338], [0.9999996704745167, 0.5789172350919402], [0.7033476099461623, 0.6068022940367761], [0.9763440246045691, 0.5748261381680702], [0.7043214326896498, 0.5984126028527238], [0.913668936731107, 0.5515067686312712], [0.8583863197234137, 0.15610208425275857], [0.8363475522570981, 0.5460591836337068], [0.7961737000975918, 0.5863133028011686], [0.7928074820513984, 0.5498672732586459]]
1.0970, [[0.9881716827768011, 0.2958539217652958], [0.9763440246045691, 0.5748261381680702], [0.7598446155668759, 1.0], [0.913668936731107, 0.5515067686312712], [0.9455501977152898, 0.0], [0.6306893633864434, 0.6243941204674343], [0.9419636423550085, 0.27519687261785347], [0.7043214326896498, 0.5984126028527238], [0.7961737000975918, 0.5863133028011686], [0.7804951181316809, 0.5730794078020278]]
1.1091, [[0.7598446155668759, 1.0], [0.9999996704745167, 0.5789172350919402], [0.7961737000975918, 0.5863133028011686], [0.6311765922092297, 0.6362441312940368], [0.9881716827768011, 0.2958539217652958], [0.9763440246045691, 0.5748261381680702], [0.6306893633864434, 0.6243941204674343], [0.9455501977152898, 0.0], [0.7804951181316809, 0.5730794078020278], [0.7804951181316809, 0.5730794078020278]]
1.1091, [[0.7598446155668759, 1.0], [0.9999996704745167, 0.5789172350919402], [0.7961737000975918, 0.5863133028011686], [0.6282622025257658, 0.6327822277023543], [0.9881716827768011, 0.2958539217652958], [0.913668936731107, 0.5515067686312712], [0.6306893633864434, 0.6243941204674343], [0.9455501977152898, 0.0], [0.8363475522570981, 0.5460591836337068], [0.7928074820513984, 0.5498672732586459]]
1.0966, [[0.9881716827768011, 0.2958539217652958], [0.7598446155668759, 1.0], [0.9763440246045691, 0.5748261381680702], [0.6942241909199804, 0.6350770044681217], [0.7043214326896498, 0.5984126028527238], [0.9419636423550085, 0.27519687261785347], [0.8363475522570981, 0.5460591836337068], [0.9455501977152898, 0.0], [0.8238825847499298, 0.42540232296890695], [0.7928074820513984, 0.5498672732586459]]
1.1091, [[0.7598446155668759, 1.0], [0.9999996704745167, 0.5789172350919402], [0.6942241909199804, 0.6350770044681217], [0.7043214326896498, 0.5984126028527238], [0.9763440246045691, 0.5748261381680702], [0.9881716827768011, 0.2958539217652958], [0.5894367321854775, 0.6089446461591338], [0.6911722779028288, 0.5976107590651315], [0.7961737000975918, 0.5863133028011686], [0.913668936731107, 0.5515067686312712]]
1.1091, [[0.7598446155668759, 1.0], [0.9999996704745167, 0.5789172350919402], [0.7961737000975918, 0.5863133028011686], [0.6942241909199804, 0.6350770044681217], [0.9763440246045691, 0.5748261381680702], [0.9881716827768011, 0.2958539217652958], [0.7043214326896498, 0.5984126028527238], [0.9455501977152898, 0.0], [0.6112864076441724, 0.5923526571575872], [0.913668936731107, 0.5515067686312712]]
1.1091, [[0.7598446155668759, 1.0], [0.9999996704745167, 0.5789172350919402], [0.6121560706832284, 0.6125188882969582], [0.9881716827768011, 0.2958539217652958], [0.9763440246045691, 0.5748261381680702], [0.6112864076441724, 0.5923526571575872], [0.9455501977152898, 0.0], [0.7961737000975918, 0.5863133028011686], [0.9080604130052724, 0.0], [0.9080604130052724, 0.0]]
1.1089, [[0.7598446155668759, 1.0], [0.9999996704745167, 0.5789172350919402], [0.6282622025257658, 0.6327822277023543], [0.9881716827768011, 0.2958539217652958], [0.7804951181316809, 0.5730794078020278], [0.6306893633864434, 0.6243941204674343], [0.9455501977152898, 0.0], [0.6364896607330223, 0.6127715891046571], [0.6364896607330223, 0.6127715891046571], [0.9419636423550085, 0.27519687261785347]]
1.1091, [[0.9999996704745167, 0.5789172350919402], [0.7598446155668759, 1.0], [0.7961737000975918, 0.5863133028011686], [0.9419636423550085, 0.27519687261785347], [0.913668936731107, 0.5515067686312712], [0.5944587613304497, 0.6088087920604914], [0.7002218849793994, 0.5721776533768689], [0.7851836877662027, 0.09125256168505518], [0.6255303621625985, 0.595248847224609], [0.6112864076441724, 0.5923526571575872]]
0.7889, [[0.9999996704745167, 0.5789172350919402], [0.6311765922092297, 0.6362441312940368], [0.9881716827768011, 0.2958539217652958], [0.9763440246045691, 0.5748261381680702], [0.6364896607330223, 0.6127715891046571], [0.69999695507378, 0.5641526585484656], [0.7928074820513984, 0.5498672732586459], [0.7928074820513984, 0.5498672732586459], [0.6121560706832284, 0.6125188882969582], [0.7928074820513984, 0.5498672732586459]]
1.1091, [[0.7598446155668759, 1.0], [0.9999996704745167, 0.5789172350919402], [0.6311765922092297, 0.6362441312940368], [0.9763440246045691, 0.5748261381680702], [0.9881716827768011, 0.2958539217652958], [0.5894367321854775, 0.6089446461591338], [0.6251295708635932, 0.6087590804261901], [0.7043214326896498, 0.5984126028527238], [0.6911722779028288, 0.5976107590651315], [0.7961737000975918, 0.5863133028011686]]
1.1089, [[0.7598446155668759, 1.0], [0.9999996704745167, 0.5789172350919402], [0.6311765922092297, 0.6362441312940368], [0.7033476099461623, 0.6068022940367761], [0.9881716827768011, 0.2958539217652958], [0.9763440246045691, 0.5748261381680702], [0.6339557523846859, 0.6088521678982642], [0.913668936731107, 0.5515067686312712], [0.9419636423550085, 0.27519687261785347], [0.6932379933920415, 0.5740470788795325]]
1.1091, [[0.7598446155668759, 1.0], [0.9999996704745167, 0.5789172350919402], [0.6282622025257658, 0.6327822277023543], [0.9881716827768011, 0.2958539217652958], [0.9763440246045691, 0.5748261381680702], [0.6306893633864434, 0.6243941204674343], [0.7961737000975918, 0.5863133028011686], [0.9455501977152898, 0.0], [0.9455501977152898, 0.0], [0.7810035307112108, 0.22133628686058168]]
0.7743, [[0.6364896607330223, 0.6127715891046571], [0.7033476099461623, 0.6068022940367761], [0.9999996704745167, 0.5789172350919402], [0.7961737000975918, 0.5863133028011686], [0.5894367321854775, 0.6089446461591338], [0.6627022829734, 0.604185244543736], [0.9881716827768011, 0.2958539217652958], [0.9763440246045691, 0.5748261381680702], [0.6633977189702571, 0.5829905430486337], [0.7060304632152589, 0.5835318881251074]]
0.6590, [[0.8583863197234137, 0.15610208425275857], [0.7961737000975918, 0.5863133028011686], [0.6364896607330223, 0.6127715891046571], [0.6306893633864434, 0.6243941204674343], [0.6378129630392207, 0.6027791850833476], [0.7810035307112108, 0.22133628686058168], [0.7002218849793994, 0.5721776533768689], [0.6339557523846859, 0.6088521678982642], [0.622667137965057, 0.6217787767657673], [0.6620371316564075, 0.3170301544633903]]
0.7809, [[0.6311765922092297, 0.6362441312940368], [0.9881716827768011, 0.2958539217652958], [0.9763440246045691, 0.5748261381680702], [0.7961737000975918, 0.5863133028011686], [0.6942241909199804, 0.6350770044681217], [0.9419636423550085, 0.27519687261785347], [0.8363475522570981, 0.5460591836337068], [0.6306893633864434, 0.6243941204674343], [0.9080604130052724, 0.0], [0.8238825847499298, 0.42540232296890695]]
1.1091, [[0.9999996704745167, 0.5789172350919402], [0.7598446155668759, 1.0], [0.7961737000975918, 0.5863133028011686], [0.9881716827768011, 0.2958539217652958], [0.9763440246045691, 0.5748261381680702], [0.7043214326896498, 0.5984126028527238], [0.7033476099461623, 0.6068022940367761], [0.5894367321854775, 0.6089446461591338], [0.7263869836380628, 0.5851307020106548], [0.7060304632152589, 0.5835318881251074]]
1.1089, [[0.9999996704745167, 0.5789172350919402], [0.7598446155668759, 1.0], [0.9763440246045691, 0.5748261381680702], [0.9881716827768011, 0.2958539217652958], [0.6942241909199804, 0.6350770044681217], [0.913668936731107, 0.5515067686312712], [0.7804951181316809, 0.5730794078020278], [0.9419636423550085, 0.27519687261785347], [0.9455501977152898, 0.0], [0.6282622025257658, 0.6327822277023543]]
0.7698, [[0.7033476099461623, 0.6068022940367761], [0.9881716827768011, 0.2958539217652958], [0.7263869836380628, 0.5851307020106548], [0.6306893633864434, 0.6243941204674343], [0.9763440246045691, 0.5748261381680702], [0.7060304632152589, 0.5835318881251074], [0.5894367321854775, 0.6089446461591338], [0.913668936731107, 0.5515067686312712], [0.9455501977152898, 0.0], [0.6339557523846859, 0.6088521678982642]]
1.1091, [[0.9999996704745167, 0.5789172350919402], [0.7598446155668759, 1.0], [0.7961737000975918, 0.5863133028011686], [0.9881716827768011, 0.2958539217652958], [0.9763440246045691, 0.5748261381680702], [0.6311765922092297, 0.6362441312940368], [0.913668936731107, 0.5515067686312712], [0.9455501977152898, 0.0], [0.9419636423550085, 0.27519687261785347], [0.6942241909199804, 0.6350770044681217]]
0.7592, [[0.5944587613304497, 0.6088087920604914], [0.7961737000975918, 0.5863133028011686], [0.9881716827768011, 0.2958539217652958], [0.7033476099461623, 0.6068022940367761], [0.7033476099461623, 0.6068022940367761], [0.9763440246045691, 0.5748261381680702], [0.7043214326896498, 0.5984126028527238], [0.7263869836380628, 0.5851307020106548], [0.9419636423550085, 0.27519687261785347], [0.6911722779028288, 0.5976107590651315]]
0.7902, [[0.6311765922092297, 0.6362441312940368], [0.9999996704745167, 0.5789172350919402], [0.7043214326896498, 0.5984126028527238], [0.6306893633864434, 0.6243941204674343], [0.9881716827768011, 0.2958539217652958], [0.9763440246045691, 0.5748261381680702], [0.6324394152886743, 0.6192638310706307], [0.9455501977152898, 0.0], [0.7804951181316809, 0.5730794078020278], [0.6364896607330223, 0.6127715891046571]]
1.1091, [[0.7598446155668759, 1.0], [0.9999996704745167, 0.5789172350919402], [0.6364896607330223, 0.6127715891046571], [0.9881716827768011, 0.2958539217652958], [0.5944587613304497, 0.6088087920604914], [0.9763440246045691, 0.5748261381680702], [0.9419636423550085, 0.27519687261785347], [0.913668936731107, 0.5515067686312712], [0.8583863197234137, 0.15610208425275857], [0.7961737000975918, 0.5863133028011686]]
0.7888, [[0.6282622025257658, 0.6327822277023543], [0.9999996704745167, 0.5789172350919402], [0.6339557523846859, 0.6088521678982642], [0.9881716827768011, 0.2958539217652958], [0.9763440246045691, 0.5748261381680702], [0.7033476099461623, 0.6068022940367761], [0.7961737000975918, 0.5863133028011686], [0.8363475522570981, 0.5460591836337068], [0.8583863197234137, 0.15610208425275857], [0.7043214326896498, 0.5984126028527238]]
0.7900, [[0.9999996704745167, 0.5789172350919402], [0.6311765922092297, 0.6362441312940368], [0.7961737000975918, 0.5863133028011686], [0.9763440246045691, 0.5748261381680702], [0.6282622025257658, 0.6327822277023543], [0.9455501977152898, 0.0], [0.7804951181316809, 0.5730794078020278], [0.6306893633864434, 0.6243941204674343], [0.79126963376531, 0.4126648405215645], [0.6339557523846859, 0.6088521678982642]]
0.7821, [[0.6306893633864434, 0.6243941204674343], [0.9999996704745167, 0.5789172350919402], [0.7033476099461623, 0.6068022940367761], [0.6324394152886743, 0.6192638310706307], [0.9881716827768011, 0.2958539217652958], [0.9763440246045691, 0.5748261381680702], [0.7060304632152589, 0.5835318881251074], [0.6364896607330223, 0.6127715891046571], [0.9455501977152898, 0.0], [0.6121560706832284, 0.6125188882969582]]
0.5440, [[0.6311765922092297, 0.6362441312940368], [0.6392219818053938, 0.5844555741536346], [0.6392219818053938, 0.5844555741536346], [0.6306893633864434, 0.6243941204674343], [0.6378129630392207, 0.6027791850833476], [0.6383624136596261, 0.596837060835195], [0.622667137965057, 0.6217787767657673], [0.6364896607330223, 0.6127715891046571], [0.6324394152886743, 0.6192638310706307], [0.6324394152886743, 0.6192638310706307]]
1.1089, [[0.7598446155668759, 1.0], [0.9999996704745167, 0.5789172350919402], [0.6942241909199804, 0.6350770044681217], [0.9763440246045691, 0.5748261381680702], [0.9881716827768011, 0.2958539217652958], [0.7033476099461623, 0.6068022940367761], [0.9419636423550085, 0.27519687261785347], [0.9455501977152898, 0.0], [0.02097431972091113, 0.551401944471505], [0.7263869836380628, 0.5851307020106548]]
0.7915, [[0.6311765922092297, 0.6362441312940368], [0.9999996704745167, 0.5789172350919402], [0.7961737000975918, 0.5863133028011686], [0.7043214326896498, 0.5984126028527238], [0.7033476099461623, 0.6068022940367761], [0.6364896607330223, 0.6127715891046571], [0.8363475522570981, 0.5460591836337068], [0.7263869836380628, 0.5851307020106548], [0.6911722779028288, 0.5976107590651315], [0.7060304632152589, 0.5835318881251074]]
0.7828, [[0.6306893633864434, 0.6243941204674343], [0.7033476099461623, 0.6068022940367761], [0.9999996704745167, 0.5789172350919402], [0.7961737000975918, 0.5863133028011686], [0.5894367321854775, 0.6089446461591338], [0.6627022829734, 0.604185244543736], [0.9763440246045691, 0.5748261381680702], [0.7043214326896498, 0.5984126028527238], [0.6339557523846859, 0.6088521678982642], [0.8363475522570981, 0.5460591836337068]]
1.1091, [[0.7598446155668759, 1.0], [0.9999996704745167, 0.5789172350919402], [0.7961737000975918, 0.5863133028011686], [0.6942241909199804, 0.6350770044681217], [0.9881716827768011, 0.2958539217652958], [0.9763440246045691, 0.5748261381680702], [0.7060304632152589, 0.5835318881251074], [0.6282622025257658, 0.6327822277023543], [0.913668936731107, 0.5515067686312712], [0.9419636423550085, 0.27519687261785347]]
0.7882, [[0.6282622025257658, 0.6327822277023543], [0.7033476099461623, 0.6068022940367761], [0.9999996704745167, 0.5789172350919402], [0.6306893633864434, 0.6243941204674343], [0.9763440246045691, 0.5748261381680702], [0.6324394152886743, 0.6192638310706307], [0.9455501977152898, 0.0], [0.913668936731107, 0.5515067686312712], [0.6364896607330223, 0.6127715891046571], [0.8363475522570981, 0.5460591836337068]]
1.1091, [[0.9999996704745167, 0.5789172350919402], [0.7598446155668759, 1.0], [0.9763440246045691, 0.5748261381680702], [0.9881716827768011, 0.2958539217652958], [0.7961737000975918, 0.5863133028011686], [0.8363475522570981, 0.5460591836337068], [0.9419636423550085, 0.27519687261785347], [0.9455501977152898, 0.0], [0.5956542250326551, 0.5902088429283382], [0.7928074820513984, 0.5498672732586459]]
1.1091, [[0.7598446155668759, 1.0], [0.9999996704745167, 0.5789172350919402], [0.7961737000975918, 0.5863133028011686], [0.6942241909199804, 0.6350770044681217], [0.9881716827768011, 0.2958539217652958], [0.9763440246045691, 0.5748261381680702], [0.5894367321854775, 0.6089446461591338], [0.913668936731107, 0.5515067686312712], [0.9455501977152898, 0.0], [0.7804951181316809, 0.5730794078020278]]
1.1091, [[0.7598446155668759, 1.0], [0.9999996704745167, 0.5789172350919402], [0.7961737000975918, 0.5863133028011686], [0.6311765922092297, 0.6362441312940368], [0.7033476099461623, 0.6068022940367761], [0.9881716827768011, 0.2958539217652958], [0.9763440246045691, 0.5748261381680702], [0.7060304632152589, 0.5835318881251074], [0.9455501977152898, 0.0], [0.913668936731107, 0.5515067686312712]]
1.1091, [[0.9999996704745167, 0.5789172350919402], [0.7598446155668759, 1.0], [0.7961737000975918, 0.5863133028011686], [0.9763440246045691, 0.5748261381680702], [0.9881716827768011, 0.2958539217652958], [0.6942241909199804, 0.6350770044681217], [0.9455501977152898, 0.0], [0.5894367321854775, 0.6089446461591338], [0.9419636423550085, 0.27519687261785347], [0.7033476099461623, 0.6068022940367761]]
0.7875, [[0.9999996704745167, 0.5789172350919402], [0.6282622025257658, 0.6327822277023543], [0.7961737000975918, 0.5863133028011686], [0.9881716827768011, 0.2958539217652958], [0.9763440246045691, 0.5748261381680702], [0.622667137965057, 0.6217787767657673], [0.913668936731107, 0.5515067686312712], [0.6364896607330223, 0.6127715891046571], [0.6339557523846859, 0.6088521678982642], [0.6378129630392207, 0.6027791850833476]]
0.7714, [[0.9999996704745167, 0.5789172350919402], [0.7961737000975918, 0.5863133028011686], [0.5894367321854775, 0.6089446461591338], [0.9881716827768011, 0.2958539217652958], [0.9763440246045691, 0.5748261381680702], [0.7033476099461623, 0.6068022940367761], [0.7804951181316809, 0.5730794078020278], [0.9455501977152898, 0.0], [0.6627022829734, 0.604185244543736], [0.7043214326896498, 0.5984126028527238]]
1.1091, [[0.7598446155668759, 1.0], [0.9999996704745167, 0.5789172350919402], [0.5944587613304497, 0.6088087920604914], [0.9763440246045691, 0.5748261381680702], [0.7043214326896498, 0.5984126028527238], [0.9881716827768011, 0.2958539217652958], [0.5956542250326551, 0.5902088429283382], [0.9455501977152898, 0.0], [0.7961737000975918, 0.5863133028011686], [0.9419636423550085, 0.27519687261785347]]
1.1091, [[0.7598446155668759, 1.0], [0.9999996704745167, 0.5789172350919402], [0.1622497820012944, 0.6017100194191441], [0.9763440246045691, 0.5748261381680702], [0.9881716827768011, 0.2958539217652958], [0.7961737000975918, 0.5863133028011686], [0.913668936731107, 0.5515067686312712], [0.913668936731107, 0.5515067686312712], [0.9419636423550085, 0.27519687261785347], [0.7263869836380628, 0.5851307020106548]]
0.7714, [[0.9999996704745167, 0.5789172350919402], [0.5894367321854775, 0.6089446461591338], [0.7961737000975918, 0.5863133028011686], [0.7033476099461623, 0.6068022940367761], [0.9881716827768011, 0.2958539217652958], [0.9763440246045691, 0.5748261381680702], [0.7043214326896498, 0.5984126028527238], [0.9455501977152898, 0.0], [0.7804951181316809, 0.5730794078020278], [0.8363475522570981, 0.5460591836337068]]
0.7924, [[0.6942241909199804, 0.6350770044681217], [0.9999996704745167, 0.5789172350919402], [0.7961737000975918, 0.5863133028011686], [0.7033476099461623, 0.6068022940367761], [0.5894367321854775, 0.6089446461591338], [0.9881716827768011, 0.2958539217652958], [0.9763440246045691, 0.5748261381680702], [0.7060304632152589, 0.5835318881251074], [0.913668936731107, 0.5515067686312712], [0.9455501977152898, 0.0]]
1.1089, [[0.9999996704745167, 0.5789172350919402], [0.7598446155668759, 1.0], [0.6942241909199804, 0.6350770044681217], [0.9763440246045691, 0.5748261381680702], [0.7033476099461623, 0.6068022940367761], [0.913668936731107, 0.5515067686312712], [0.6627022829734, 0.604185244543736], [0.6911722779028288, 0.5976107590651315], [0.9881716827768011, 0.2958539217652958], [0.9455501977152898, 0.0]]
1.1091, [[0.9999996704745167, 0.5789172350919402], [0.7598446155668759, 1.0], [0.7961737000975918, 0.5863133028011686], [0.9881716827768011, 0.2958539217652958], [0.055864419433087634, 0.6028076961677264], [0.7263869836380628, 0.5851307020106548], [0.9419636423550085, 0.27519687261785347], [0.029717788231332254, 0.5956484897748754], [0.7060304632152589, 0.5835318881251074], [0.056247129499544885, 0.5795990642722118]]
1.1091, [[0.9999996704745167, 0.5789172350919402], [0.7598446155668759, 1.0], [0.9763440246045691, 0.5748261381680702], [0.6282622025257658, 0.6327822277023543], [0.7043214326896498, 0.5984126028527238], [0.9455501977152898, 0.0], [0.913668936731107, 0.5515067686312712], [0.9419636423550085, 0.27519687261785347], [0.6306893633864434, 0.6243941204674343], [0.7961737000975918, 0.5863133028011686]]
1.0768, [[0.7598446155668759, 1.0], [0.9881716827768011, 0.2958539217652958], [0.7961737000975918, 0.5863133028011686], [0.913668936731107, 0.5515067686312712], [0.6942241909199804, 0.6350770044681217], [0.9455501977152898, 0.0], [0.7804951181316809, 0.5730794078020278], [0.8363475522570981, 0.5460591836337068], [0.7928074820513984, 0.5498672732586459], [0.9419636423550085, 0.27519687261785347]]
1.0367, [[0.7598446155668759, 1.0], [0.7961737000975918, 0.5863133028011686], [0.9455501977152898, 0.0], [0.6311765922092297, 0.6362441312940368], [0.9419636423550085, 0.27519687261785347], [0.6282622025257658, 0.6327822277023543], [0.9080604130052724, 0.0], [0.6212474534634156, 0.6041556368791888], [0.6251295708635932, 0.6087590804261901], [0.8363475522570981, 0.5460591836337068]]
1.1091, [[0.7598446155668759, 1.0], [0.7598446155668759, 1.0], [0.9999996704745167, 0.5789172350919402], [0.7961737000975918, 0.5863133028011686], [0.6942241909199804, 0.6350770044681217], [0.9881716827768011, 0.2958539217652958], [0.913668936731107, 0.5515067686312712], [0.7263869836380628, 0.5851307020106548], [0.7804951181316809, 0.5730794078020278], [0.8363475522570981, 0.5460591836337068]]
1.1091, [[0.7598446155668759, 1.0], [0.9999996704745167, 0.5789172350919402], [0.6311765922092297, 0.6362441312940368], [0.9881716827768011, 0.2958539217652958], [0.9763440246045691, 0.5748261381680702], [0.6282622025257658, 0.6327822277023543], [0.913668936731107, 0.5515067686312712], [0.7961737000975918, 0.5863133028011686], [0.9455501977152898, 0.0], [0.8363475522570981, 0.5460591836337068]]
0.5484, [[0.6311765922092297, 0.6362441312940368], [0.645923548821205, 0.5543324695567462], [0.645923548821205, 0.5543324695567462], [0.6392219818053938, 0.5844555741536346], [0.6378129630392207, 0.6027791850833476], [0.6383624136596261, 0.596837060835195], [0.6324394152886743, 0.6192638310706307], [0.6364896607330223, 0.6127715891046571], [0.6306893633864434, 0.6243941204674343], [0.6344033827867759, 0.5918818587386149]]
0.7889, [[0.9999996704745167, 0.5789172350919402], [0.6311765922092297, 0.6362441312940368], [0.9763440246045691, 0.5748261381680702], [0.6306893633864434, 0.6243941204674343], [0.9455501977152898, 0.0], [0.715869727125538, 0.5498332800779347], [0.622667137965057, 0.6217787767657673], [0.6324394152886743, 0.6192638310706307], [0.6364896607330223, 0.6127715891046571], [0.6339557523846859, 0.6088521678982642]]
1.1091, [[0.7598446155668759, 1.0], [0.9999996704745167, 0.5789172350919402], [0.7961737000975918, 0.5863133028011686], [0.6282622025257658, 0.6327822277023543], [0.9763440246045691, 0.5748261381680702], [0.9881716827768011, 0.2958539217652958], [0.6306893633864434, 0.6243941204674343], [0.6625297985020664, 0.5567445630784218], [0.9419636423550085, 0.27519687261785347], [0.6339557523846859, 0.6088521678982642]]
0.7751, [[0.6942241909199804, 0.6350770044681217], [0.9455501977152898, 0.0], [0.6311765922092297, 0.6362441312940368], [0.9763440246045691, 0.5748261381680702], [0.6282622025257658, 0.6327822277023543], [0.79126963376531, 0.4126648405215645], [0.6306893633864434, 0.6243941204674343], [0.7804951181316809, 0.5730794078020278], [0.622667137965057, 0.6217787767657673], [0.715869727125538, 0.5498332800779347]]
0.7909, [[0.9999996704745167, 0.5789172350919402], [0.6311765922092297, 0.6362441312940368], [0.9881716827768011, 0.2958539217652958], [0.9763440246045691, 0.5748261381680702], [0.6364896607330223, 0.6127715891046571], [0.913668936731107, 0.5515067686312712], [0.9419636423550085, 0.27519687261785347], [0.7043214326896498, 0.5984126028527238], [0.8363475522570981, 0.5460591836337068], [0.7961737000975918, 0.5863133028011686]]
0.5484, [[0.6311765922092297, 0.6362441312940368], [0.6364896607330223, 0.6127715891046571], [0.6364896607330223, 0.6127715891046571], [0.645923548821205, 0.5543324695567462], [0.6306893633864434, 0.6243941204674343], [0.6306893633864434, 0.6243941204674343], [0.6378129630392207, 0.6027791850833476], [0.6378129630392207, 0.6027791850833476], [0.6383624136596261, 0.596837060835195], [0.6392219818053938, 0.5844555741536346]]
1.1091, [[0.7598446155668759, 1.0], [0.9999996704745167, 0.5789172350919402], [0.6311765922092297, 0.6362441312940368], [0.7033476099461623, 0.6068022940367761], [0.7961737000975918, 0.5863133028011686], [0.9881716827768011, 0.2958539217652958], [0.6121560706832284, 0.6125188882969582], [0.7804951181316809, 0.5730794078020278], [0.913668936731107, 0.5515067686312712], [0.9080604130052724, 0.0]]
1.1089, [[0.7598446155668759, 1.0], [0.9999996704745167, 0.5789172350919402], [0.6942241909199804, 0.6350770044681217], [0.9763440246045691, 0.5748261381680702], [0.9881716827768011, 0.2958539217652958], [0.9881716827768011, 0.2958539217652958], [0.5944587613304497, 0.6088087920604914], [0.9455501977152898, 0.0], [0.9419636423550085, 0.27519687261785347], [0.7033476099461623, 0.6068022940367761]]
1.1091, [[0.7598446155668759, 1.0], [0.9999996704745167, 0.5789172350919402], [0.7961737000975918, 0.5863133028011686], [0.6627022829734, 0.604185244543736], [0.7043214326896498, 0.5984126028527238], [0.9881716827768011, 0.2958539217652958], [0.9763440246045691, 0.5748261381680702], [0.7060304632152589, 0.5835318881251074], [0.6088007504822082, 0.5685000890187317], [0.913668936731107, 0.5515067686312712]]
0.7366, [[0.5894367321854775, 0.6089446461591338], [0.9881716827768011, 0.2958539217652958], [0.7033476099461623, 0.6068022940367761], [0.5944587613304497, 0.6088087920604914], [0.9419636423550085, 0.27519687261785347], [0.6627022829734, 0.604185244543736], [0.913668936731107, 0.5515067686312712], [0.7043214326896498, 0.5984126028527238], [0.8363475522570981, 0.5460591836337068], [0.7263869836380628, 0.5851307020106548]]
0.7918, [[0.9999996704745167, 0.5789172350919402], [0.6942241909199804, 0.6350770044681217], [0.9881716827768011, 0.2958539217652958], [0.6306893633864434, 0.6243941204674343], [0.7033476099461623, 0.6068022940367761], [0.9763440246045691, 0.5748261381680702], [0.79126963376531, 0.4126648405215645], [0.7804951181316809, 0.5730794078020278], [0.7043214326896498, 0.5984126028527238], [0.7263869836380628, 0.5851307020106548]]
1.1091, [[0.7598446155668759, 1.0], [0.9999996704745167, 0.5789172350919402], [0.7961737000975918, 0.5863133028011686], [0.622667137965057, 0.6217787767657673], [0.9881716827768011, 0.2958539217652958], [0.5894367321854775, 0.6089446461591338], [0.9763440246045691, 0.5748261381680702], [0.6212474534634156, 0.6041556368791888], [0.9419636423550085, 0.27519687261785347], [0.913668936731107, 0.5515067686312712]]
0.7922, [[0.9999996704745167, 0.5789172350919402], [0.9999996704745167, 0.5789172350919402], [0.6942241909199804, 0.6350770044681217], [0.9763440246045691, 0.5748261381680702], [0.6282622025257658, 0.6327822277023543], [0.6911722779028288, 0.5976107590651315], [0.913668936731107, 0.5515067686312712], [0.7961737000975918, 0.5863133028011686], [0.6306893633864434, 0.6243941204674343], [0.6942142910924192, 0.5792425538752363]]
0.7715, [[0.6311765922092297, 0.6362441312940368], [0.9763440246045691, 0.5748261381680702], [0.6383624136596261, 0.596837060835195], [0.6392219818053938, 0.5844555741536346], [0.6306893633864434, 0.6243941204674343], [0.8583863197234137, 0.15610208425275857], [0.6378129630392207, 0.6027791850833476], [0.6324394152886743, 0.6192638310706307], [0.8363475522570981, 0.5460591836337068], [0.7171207450407403, 0.0]]
0.5440, [[0.6311765922092297, 0.6362441312940368], [0.6392219818053938, 0.5844555741536346], [0.6383624136596261, 0.596837060835195], [0.6282622025257658, 0.6327822277023543], [0.6378129630392207, 0.6027791850833476], [0.6306893633864434, 0.6243941204674343], [0.6364896607330223, 0.6127715891046571], [0.622667137965057, 0.6217787767657673], [0.6324394152886743, 0.6192638310706307], [0.6339557523846859, 0.6088521678982642]]
1.1091, [[0.7598446155668759, 1.0], [0.9999996704745167, 0.5789172350919402], [0.622667137965057, 0.6217787767657673], [0.7033476099461623, 0.6068022940367761], [0.9881716827768011, 0.2958539217652958], [0.9763440246045691, 0.5748261381680702], [0.5894367321854775, 0.6089446461591338], [0.7043214326896498, 0.5984126028527238], [0.7961737000975918, 0.5863133028011686], [0.8238825847499298, 0.42540232296890695]]
0.7814, [[0.9999996704745167, 0.5789172350919402], [0.7961737000975918, 0.5863133028011686], [0.6306893633864434, 0.6243941204674343], [0.9455501977152898, 0.0], [0.913668936731107, 0.5515067686312712], [0.622667137965057, 0.6217787767657673], [0.8583863197234137, 0.15610208425275857], [0.6324394152886743, 0.6192638310706307], [0.8238825847499298, 0.42540232296890695], [0.6364896607330223, 0.6127715891046571]]
1.1089, [[0.7598446155668759, 1.0], [0.9999996704745167, 0.5789172350919402], [0.6942241909199804, 0.6350770044681217], [0.9763440246045691, 0.5748261381680702], [0.6306893633864434, 0.6243941204674343], [0.622667137965057, 0.6217787767657673], [0.5894367321854775, 0.6089446461591338], [0.6378129630392207, 0.6027791850833476], [0.6378129630392207, 0.6027791850833476], [0.622462115489464, 0.592682240419316]]
1.1089, [[0.9999996704745167, 0.5789172350919402], [0.7598446155668759, 1.0], [0.9881716827768011, 0.2958539217652958], [0.9881716827768011, 0.2958539217652958], [0.6942241909199804, 0.6350770044681217], [0.9763440246045691, 0.5748261381680702], [0.6282622025257658, 0.6327822277023543], [0.913668936731107, 0.5515067686312712], [0.6121560706832284, 0.6125188882969582], [0.7912303654781626, 0.3906681364092278]]
1.1091, [[0.7598446155668759, 1.0], [0.7961737000975918, 0.5863133028011686], [0.9999996704745167, 0.5789172350919402], [0.6311765922092297, 0.6362441312940368], [0.9763440246045691, 0.5748261381680702], [0.6942241909199804, 0.6350770044681217], [0.9455501977152898, 0.0], [0.6282622025257658, 0.6327822277023543], [0.6282622025257658, 0.6327822277023543], [0.9419636423550085, 0.27519687261785347]]
0.7781, [[0.9999996704745167, 0.5789172350919402], [0.6324394152886743, 0.6192638310706307], [0.6627022829734, 0.604185244543736], [0.9881716827768011, 0.2958539217652958], [0.9763440246045691, 0.5748261381680702], [0.6364896607330223, 0.6127715891046571], [0.7961737000975918, 0.5863133028011686], [0.9455501977152898, 0.0], [0.5894367321854775, 0.6089446461591338], [0.7804951181316809, 0.5730794078020278]]
0.7888, [[0.6282622025257658, 0.6327822277023543], [0.9999996704745167, 0.5789172350919402], [0.7961737000975918, 0.5863133028011686], [0.5944587613304497, 0.6088087920604914], [0.9881716827768011, 0.2958539217652958], [0.9763440246045691, 0.5748261381680702], [0.7033476099461623, 0.6068022940367761], [0.9419636423550085, 0.27519687261785347], [0.9419636423550085, 0.27519687261785347], [0.913668936731107, 0.5515067686312712]]
1.1091, [[0.9999996704745167, 0.5789172350919402], [0.7598446155668759, 1.0], [0.9763440246045691, 0.5748261381680702], [0.913668936731107, 0.5515067686312712], [0.6311765922092297, 0.6362441312940368], [0.8238825847499298, 0.42540232296890695], [0.7961737000975918, 0.5863133028011686], [0.8363475522570981, 0.5460591836337068], [0.6306893633864434, 0.6243941204674343], [0.7033476099461623, 0.6068022940367761]]
0.6370, [[0.9419636423550085, 0.27519687261785347], [0.6251295708635932, 0.6087590804261901], [0.7851836877662027, 0.09125256168505518], [0.055864419433087634, 0.6028076961677264], [0.055864419433087634, 0.6028076961677264], [0.6637309706260718, 0.0], [0.6378129630392207, 0.6027791850833476], [0.059684890474461655, 0.599409272383571], [0.6255303621625985, 0.595248847224609], [0.6112536893739613, 0.5948772283897577]]
1.1091, [[0.7598446155668759, 1.0], [0.9999996704745167, 0.5789172350919402], [0.7961737000975918, 0.5863133028011686], [0.6339557523846859, 0.6088521678982642], [0.9881716827768011, 0.2958539217652958], [0.9763440246045691, 0.5748261381680702], [0.9763440246045691, 0.5748261381680702], [0.8363475522570981, 0.5460591836337068], [0.5894367321854775, 0.6089446461591338], [0.7804951181316809, 0.5730794078020278]]
1.1091, [[0.7598446155668759, 1.0], [0.9999996704745167, 0.5789172350919402], [0.7961737000975918, 0.5863133028011686], [0.6942241909199804, 0.6350770044681217], [0.9881716827768011, 0.2958539217652958], [0.9763440246045691, 0.5748261381680702], [0.7263869836380628, 0.5851307020106548], [0.9419636423550085, 0.27519687261785347], [0.7060304632152589, 0.5835318881251074], [0.5905055590567004, 0.5756533251417769]]
0.7591, [[0.6311765922092297, 0.6362441312940368], [0.9881716827768011, 0.2958539217652958], [0.913668936731107, 0.5515067686312712], [0.6282622025257658, 0.6327822277023543], [0.9455501977152898, 0.0], [0.8363475522570981, 0.5460591836337068], [0.7961737000975918, 0.5863133028011686], [0.21058455666229933, 0.5946943431861145], [0.7033476099461623, 0.6068022940367761], [0.6364896607330223, 0.6127715891046571]]
0.5484, [[0.6311765922092297, 0.6362441312940368], [0.6383624136596261, 0.596837060835195], [0.645923548821205, 0.5543324695567462], [0.6378129630392207, 0.6027791850833476], [0.6392219818053938, 0.5844555741536346], [0.6282622025257658, 0.6327822277023543], [0.622667137965057, 0.6217787767657673], [0.6324394152886743, 0.6192638310706307], [0.6364896607330223, 0.6127715891046571], [0.6121560706832284, 0.6125188882969582]]
1.0560, [[0.9881716827768011, 0.2958539217652958], [0.7598446155668759, 1.0], [0.8363475522570981, 0.5460591836337068], [0.7804951181316809, 0.5730794078020278], [0.7928074820513984, 0.5498672732586459], [0.9455501977152898, 0.0], [0.9455501977152898, 0.0], [0.6311765922092297, 0.6362441312940368], [0.7033476099461623, 0.6068022940367761], [0.8238825847499298, 0.42540232296890695]]
1.1091, [[0.7598446155668759, 1.0], [0.9999996704745167, 0.5789172350919402], [0.6282622025257658, 0.6327822277023543], [0.7961737000975918, 0.5863133028011686], [0.9881716827768011, 0.2958539217652958], [0.6306893633864434, 0.6243941204674343], [0.9763440246045691, 0.5748261381680702], [0.6364896607330223, 0.6127715891046571], [0.9419636423550085, 0.27519687261785347], [0.7719649162158247, 0.25420087462387136]]
0.7925, [[0.9999996704745167, 0.5789172350919402], [0.6311765922092297, 0.6362441312940368], [0.6942241909199804, 0.6350770044681217], [0.9763440246045691, 0.5748261381680702], [0.6306893633864434, 0.6243941204674343], [0.9455501977152898, 0.0], [0.7263869836380628, 0.5851307020106548], [0.6942142910924192, 0.5792425538752363], [0.9080604130052724, 0.0], [0.6344033827867759, 0.5918818587386149]]
0.7876, [[0.6282622025257658, 0.6327822277023543], [0.7961737000975918, 0.5863133028011686], [0.9999996704745167, 0.5789172350919402], [0.6306893633864434, 0.6243941204674343], [0.913668936731107, 0.5515067686312712], [0.6364896607330223, 0.6127715891046571], [0.6877927970619594, 0.41029488866599806], [0.6339557523846859, 0.6088521678982642], [0.6378129630392207, 0.6027791850833476], [0.6383624136596261, 0.596837060835195]]
1.1089, [[0.7598446155668759, 1.0], [0.9999996704745167, 0.5789172350919402], [0.6311765922092297, 0.6362441312940368], [0.6942241909199804, 0.6350770044681217], [0.9763440246045691, 0.5748261381680702], [0.6282622025257658, 0.6327822277023543], [0.715869727125538, 0.5498332800779347], [0.7002218849793994, 0.5721776533768689], [0.6306893633864434, 0.6243941204674343], [0.707686354960576, 0.0]]
0.7593, [[0.9881716827768011, 0.2958539217652958], [0.9763440246045691, 0.5748261381680702], [0.6251295708635932, 0.6087590804261901], [0.6378129630392207, 0.6027791850833476], [0.6378129630392207, 0.6027791850833476], [0.6121560706832284, 0.6125188882969582], [0.6392219818053938, 0.5844555741536346], [0.7060304632152589, 0.5835318881251074], [0.5894367321854775, 0.6089446461591338], [0.628945740969819, 0.5776785868705963]]
0.9967, [[0.7598446155668759, 1.0], [0.7961737000975918, 0.5863133028011686], [0.8363475522570981, 0.5460591836337068], [0.8363475522570981, 0.5460591836337068], [0.6311765922092297, 0.6362441312940368], [0.7804951181316809, 0.5730794078020278], [0.8238825847499298, 0.42540232296890695], [0.6942241909199804, 0.6350770044681217], [0.79126963376531, 0.4126648405215645], [0.7912303654781626, 0.3906681364092278]]
