0.6777, [[0.9698867730605621, 0.4361809995132242], [0.9704503896075568, 0.3892826999837743], [0.908372052788555, 0.5390531199999957], [0.9583728921719532, 0.42522986143112096], [0.9536224098472829, 0.42701326042511767], [0.9558768760352623, 0.41027349407755953], [0.9558768760352623, 0.41027349407755953], [0.9400150960698358, 0.41056973811455466], [0.9460538447876375, 0.30911555216615283], [0.9312387812666308, 0.40619284374492953]]
1.0337, [[0.9812396206500298, 0.42970838877170214], [0.9174704341900426, 0.8702017772549051], [0.9851849364789933, 0.380781880902158], [0.9560379093344036, 0.7094235678431381], [0.9705309062571278, 0.4386538211909785], [0.9842992533337154, 0.2936148823058447], [0.978663087863767, 0.36784234690897283], [0.9720607225989706, 0.3735854752555573], [0.9453291949415017, 0.422580480285575], [0.9654583573341742, 0.41958910790199583]]
0.5541, [[0.9656193906333155, 0.38610908064254446], [0.9504017438644552, 0.4204382748661368], [0.9266493322411016, 0.41238157455784524], [0.9195638670788807, 0.3913413240305046], [0.9202885169250167, 0.38961158526691547], [0.9323660143606202, 0.3796992795716373], [0.9208521334720121, 0.3665035612526366], [0.9332516975058981, 0.2965862592893072], [0.9175509508396135, 0.4167028304397208], [0.9141692515576447, 0.3991861035210126]]
0.8033, [[0.9867147528208362, 0.31926252863864996], [0.9812396206500298, 0.42099070322894694], [0.9858290696755589, 0.31778749050786953], [0.9693231565135675, 0.4292924601655037], [0.9657804239324567, 0.41962892033100774], [0.9636869910436192, 0.4262897128022066], [0.9651362907358918, 0.40810829141651783], [0.9479862443773346, 0.6475891247058787], [0.9554742927874089, 0.40245047541781576], [0.9492745107704652, 0.396439293201363]]
1.0918, [[0.9880835358635385, 0.43441466298880405], [0.9560379093344036, 0.7094235678431381], [0.9256026157966826, 0.9227643003921602], [0.9851849364789933, 0.380781880902158], [0.9710140061545516, 0.42415294759045935], [0.9763281050262174, 0.40002884114879134], [0.9554742927874089, 0.44766181599870175], [0.9370359800357204, 0.8021817254901951], [0.9744762220860913, 0.35038991335388603], [0.956359975932686, 0.4238623910433228]]
0.7287, [[0.9216572999677191, 0.5795690729411763], [0.9886471524105331, 0.2905126155899974], [0.9693231565135675, 0.4292924601655037], [0.9780994713167724, 0.37674771961706965], [0.9695647064622797, 0.37860530326139874], [0.9685179900178605, 0.44624884569203305], [0.978663087863767, 0.36784234690897283], [0.9574872090266762, 0.44395258348207056], [0.9774553381202067, 0.3152236689923739], [0.972463305846824, 0.3082950699334739]]
0.6254, [[0.9844602866328573, 0.32840257212396573], [0.9415449124116793, 0.4821186831372543], [0.9603858084112205, 0.364212739250365], [0.968840056616143, 0.3213087885769919], [0.902816403968177, 0.3678191023852022], [0.9561184259839739, 0.3587599201687491], [0.9685179900178605, 0.2951857582065653], [0.9558768760352623, 0.3459002583157554], [0.9583728921719532, 0.2944600896717374], [0.952736726702005, 0.3181522317053386]]
0.5725, [[0.9307556813692064, 0.4349445886743468], [0.9710140061545516, 0.42415294759045935], [0.9619961414026343, 0.3934649832873599], [0.9681959234195774, 0.31564528508843087], [0.9340568640016049, 0.42046102482557174], [0.9582923755223831, 0.32643667889015077], [0.9391294129245586, 0.3612327418465034], [0.9657804239324567, 0.2937853418734988], [0.9312387812666308, 0.40619284374492953], [0.9332516975058981, 0.3737793444750931]]
0.9187, [[1.0, 0.3532885549245498], [0.9659414572315985, 0.743437922352937], [0.9296284482752171, 0.6197603788235303], [0.9836551201371505, 0.5919359615686297], [0.9797098043081862, 0.42322440305046216], [0.9768112049236418, 0.3962340490021093], [0.9758450051287929, 0.39399490897290274], [0.7757611309456277, 0.29327857485988795], [0.975200871932228, 0.29204975180144116], [0.9771332715219243, 0.34085199286061996]]
1.1725, [[0.9828499536414436, 0.9784174635294092], [0.9934781513847746, 0.3476836573097516], [0.9802734208551809, 0.4480151822164528], [0.9842992533337154, 0.2936148823058447], [0.9797098043081862, 0.42322440305046216], [0.9659414572315985, 0.743437922352937], [0.9566820425309692, 0.7156091764705887], [0.9632844077957656, 0.5641072156862738], [0.9640895742914726, 0.5455547184313697], [0.9043462203100205, 0.2985523998052897]]
0.8512, [[0.972463305846824, 0.6846897905882312], [0.9836551201371505, 0.5919359615686297], [0.9886471524105331, 0.2905126155899974], [0.9610299416077862, 0.6568653733333307], [0.9744762220860913, 0.40569234463735193], [0.9735905389408142, 0.42982238585104654], [0.9065201698484291, 0.40262134739574895], [0.9690010899152843, 0.36160317053383095], [0.9663440404794521, 0.36257746227486615], [0.9643311242401849, 0.343883177673211]]
0.9995, [[0.9858290696755589, 0.31778749050786953], [0.9737515722399555, 0.4098630056790525], [0.9705309062571278, 0.4386538211909785], [0.9851849364789933, 0.380781880902158], [0.9601442584625084, 0.8300061427450955], [0.9560379093344036, 0.7094235678431381], [0.9610299416077862, 0.6568653733333307], [0.962720791248771, 0.6104841301960784], [0.9848628698807108, 0.386137765374006], [0.9654583573341742, 0.41958910790199583]]
1.0125, [[0.9622376913513466, 0.8423773599999967], [0.9802734208551809, 0.4480151822164528], [0.9425916288560985, 0.455891529411762], [0.9705309062571278, 0.4386538211909785], [0.9735905389408142, 0.42982238585104654], [0.9572456590779639, 0.43759396981989285], [0.9842992533337154, 0.2936148823058447], [0.975200871932228, 0.29204975180144116], [0.9642506075906139, 0.427879242576667], [0.9453291949415017, 0.422580480285575]]
1.0373, [[0.9174704341900426, 0.8702017772549051], [0.9934781513847746, 0.3476836573097516], [0.9836551201371505, 0.5919359615686297], [0.9867147528208362, 0.31926252863864996], [0.9799513542568985, 0.4243752542592891], [0.9623987246504878, 0.42840941554437784], [0.9522536268045813, 0.47444402666666596], [0.9809175540517465, 0.34126792146681795], [0.956359975932686, 0.4238623910433228], [0.9561184259839739, 0.3587599201687491]]
1.0355, [[0.9174704341900426, 0.8702017772549051], [1.0, 0.3532885549245498], [0.9640895742914726, 0.5455547184313697], [0.9880835358635385, 0.43441466298880405], [0.9975039838633091, 0.31072807918221673], [0.9338153140528928, 0.44748525653091], [0.9812396206500298, 0.42099070322894694], [0.9913847184959363, 0.3398947635891612], [0.975200871932228, 0.4238168911244523], [0.9735905389408142, 0.42982238585104654]]
0.5952, [[0.9880835358635385, 0.43441466298880405], [0.9886471524105331, 0.2905126155899974], [0.9867147528208362, 0.31926252863864996], [0.9735905389408142, 0.42982238585104654], [0.9748788053339448, 0.3428520110335874], [0.9338153140528928, 0.44748525653091], [0.9636869910436192, 0.4262897128022066], [0.9416254290612496, 0.3946242420898911], [0.9416254290612496, 0.3946242420898911], [0.8062769411329197, 0.2915748438751001]]
0.9637, [[0.9370359800357204, 0.8021817254901951], [0.9592585753172311, 0.4978965301960804], [0.9523341434541515, 0.4340615440532205], [0.9799513542568985, 0.4243752542592891], [0.987680952615685, 0.41374904494564346], [0.9761670717270761, 0.4208141437611552], [0.9866342361712659, 0.3992367963654064], [0.9727048557955362, 0.4236403316566606], [0.9623987246504878, 0.42840941554437784], [0.9663440404794521, 0.36257746227486615]]
0.5721, [[0.9572456590779639, 0.43759396981989285], [0.9642506075906139, 0.427879242576667], [0.961593558154781, 0.35531305403212715], [0.9125589185662308, 0.3997098471523608], [0.9561184259839739, 0.3587599201687491], [0.9561989426335448, 0.29703062534479957], [0.9195638670788807, 0.3913413240305046], [0.9202885169250167, 0.38961158526691547], [0.9202885169250167, 0.38961158526691547], [0.9555548094369791, 0.29749774135972745]]
0.9854, [[1.0, 0.3532885549245498], [0.9867147528208362, 0.7805385882352973], [0.9802734208551809, 0.4480151822164528], [0.976972238222783, 0.2908720483849961], [0.972463305846824, 0.6846897905882312], [0.9735905389408142, 0.42982238585104654], [0.9705309062571278, 0.4386538211909785], [0.9659414572315985, 0.743437922352937], [0.9370359800357204, 0.8021817254901951], [0.9657804239324567, 0.41962892033100774]]
0.6896, [[0.9554742927874089, 0.44766181599870175], [0.908372052788555, 0.5390531199999957], [0.9698867730605621, 0.4361809995132242], [0.942189045608245, 0.4377707765698522], [0.9236702162069863, 0.44607228622424133], [0.9684374733682896, 0.4349445886743468], [0.9331711808563271, 0.427879242576667], [0.9727048557955362, 0.4236403316566606], [0.9219793665660014, 0.42906446600681497], [0.9975039838633091, 0.31072807918221673]]
1.0093, [[0.9867147528208362, 0.7805385882352973], [0.9812396206500298, 0.42970838877170214], [0.9789046378124793, 0.36509034366379994], [0.9761670717270761, 0.4208141437611552], [0.9756034551800814, 0.3348066857050138], [0.9710140061545516, 0.42415294759045935], [0.9666661070777345, 0.4206603342527989], [0.9601442584625084, 0.8300061427450955], [0.953783443146424, 0.3619394742820055], [0.9453291949415017, 0.422580480285575]]
0.9085, [[0.9842992533337154, 0.2936148823058447], [0.9802734208551809, 0.4480151822164528], [0.9802734208551809, 0.4480151822164528], [0.9659414572315985, 0.743437922352937], [0.9768112049236418, 0.3962340490021093], [0.976972238222783, 0.2908720483849961], [0.9317218811640553, 0.4498141364705895], [0.939531996172412, 0.43496165114392327], [0.9219793665660014, 0.42906446600681497], [0.9636869910436192, 0.4262897128022066]]
0.5780, [[0.9158601011986287, 0.43322078468278424], [0.9797098043081862, 0.42322440305046216], [0.9867147528208362, 0.31926252863864996], [0.9254415824975413, 0.39029012753529124], [0.9720607225989706, 0.3735854752555573], [0.9723827891972538, 0.3011671614473472], [0.9272934654376672, 0.3086635203634594], [0.9223014331642839, 0.37205207853318206], [0.9374385632835738, 0.29072331889815056], [0.9289843150786514, 0.292444320256205]]
0.7744, [[0.9296284482752171, 0.6197603788235303], [0.9632844077957656, 0.5641072156862738], [0.9640895742914726, 0.5455547184313697], [0.9802734208551809, 0.4480151822164528], [0.9842992533337154, 0.2936148823058447], [0.9642506075906139, 0.42522986143112096], [0.9780994713167724, 0.37674771961706965], [0.9548301595908433, 0.3876076105792635], [0.9723827891972538, 0.3229497530423498], [0.9730269223938188, 0.293475417133707]]
1.0304, [[0.9174704341900426, 0.8702017772549051], [0.9976650171624503, 0.3709818413110497], [0.9623987246504878, 0.42840941554437784], [1.0, 0.3532885549245498], [0.9657804239324567, 0.41962892033100774], [0.9704503896075568, 0.3892826999837743], [0.9867147528208362, 0.31926252863864996], [0.9522536268045813, 0.47444402666666596], [0.976972238222783, 0.2908720483849961], [0.9665050737785933, 0.37680484179782564]]
0.9300, [[0.951045877061021, 0.7681716996078438], [0.962720791248771, 0.6104841301960784], [0.9818032371970244, 0.3835964465357782], [0.9574872090266762, 0.44395258348207056], [0.939531996172412, 0.43496165114392327], [0.939531996172412, 0.43496165114392327], [0.9536224098472829, 0.42701326042511767], [0.9554742927874089, 0.40245047541781576], [0.9492745107704652, 0.396439293201363], [0.7239084086221035, 0.295112643714972]]
0.5994, [[0.9802734208551809, 0.4480151822164528], [0.9975039838633091, 0.31072807918221673], [0.983977186735433, 0.3815452409540809], [0.9574872090266762, 0.44395258348207056], [0.9844602866328573, 0.32840257212396573], [0.9345399638990295, 0.44369689372059057], [0.9802734208551809, 0.36772266233976947], [0.9572456590779639, 0.43759396981989285], [0.9513679436593034, 0.4335316183676782], [0.9623987246504878, 0.42840941554437784]]
1.0049, [[0.9976650171624503, 0.3709818413110497], [0.9851849364789933, 0.380781880902158], [0.9812396206500298, 0.42970838877170214], [0.9601442584625084, 0.8300061427450955], [0.9768112049236418, 0.3962340490021093], [0.942189045608245, 0.4377707765698522], [0.956359975932686, 0.4238623910433228], [0.9657804239324567, 0.41962892033100774], [0.9593390919668014, 0.40509416907350326], [0.9569235924796807, 0.4110994165179294]]
1.0174, [[0.9880835358635385, 0.43441466298880405], [0.972463305846824, 0.6846897905882312], [0.9797098043081862, 0.42322440305046216], [0.975200871932228, 0.4238168911244523], [0.9622376913513466, 0.8423773599999967], [0.9370359800357204, 0.8021817254901951], [0.9640895742914726, 0.5455547184313697], [0.9632844077957656, 0.5641072156862738], [0.9710140061545516, 0.42415294759045935], [0.9761670717270761, 0.4208141437611552]]
0.8824, [[0.9566820425309692, 0.7156091764705887], [0.9976650171624503, 0.3709818413110497], [0.9812396206500298, 0.42099070322894694], [0.9934781513847746, 0.3476836573097516], [0.9583728921719532, 0.42522986143112096], [0.9710140061545516, 0.42415294759045935], [0.956359975932686, 0.4238623910433228], [0.956359975932686, 0.4238623910433228], [0.9475836611294811, 0.4185178815511927], [0.9768112049236418, 0.3962340490021093]]
0.8078, [[0.9975039838633091, 0.31072807918221673], [0.9642506075906139, 0.42522986143112096], [0.9640895742914726, 0.5455547184313697], [0.9479862443773346, 0.6475891247058787], [0.9867147528208362, 0.31926252863864996], [0.9455707448902138, 0.4473086970631187], [0.9851044198294223, 0.29207455884707767], [0.9504017438644552, 0.4204382748661368], [0.9569235924796807, 0.4110994165179294], [0.9492745107704652, 0.396439293201363]]
0.5852, [[0.9642506075906139, 0.42522986143112096], [0.978663087863767, 0.36784234690897283], [0.9572456590779639, 0.43759396981989285], [0.9780994713167724, 0.37674771961706965], [0.9345399638990295, 0.44369689372059057], [0.9513679436593034, 0.4335316183676782], [0.9331711808563271, 0.427879242576667], [0.9771332715219243, 0.34085199286061996], [0.9519315602062981, 0.40456424338796043], [0.9712555561032638, 0.37242324906701285]]
1.0022, [[0.972463305846824, 0.6846897905882312], [0.9601442584625084, 0.8300061427450955], [0.9886471524105331, 0.2905126155899974], [0.9737515722399555, 0.4098630056790525], [0.9632844077957656, 0.5641072156862738], [0.9675517902230124, 0.429115900697712], [0.9560379093344036, 0.7094235678431381], [0.9370359800357204, 0.8021817254901951], [0.9797098043081862, 0.306300986532533], [0.9592585753172311, 0.4978965301960804]]
1.0190, [[0.9976650171624503, 0.3709818413110497], [0.9622376913513466, 0.8423773599999967], [0.9913847184959363, 0.3398947635891612], [0.9797098043081862, 0.42322440305046216], [0.9690010899152843, 0.4030202135323705], [0.9640895742914726, 0.5455547184313697], [0.9738320888895257, 0.37261118351452205], [0.9705309062571278, 0.4386538211909785], [0.9642506075906139, 0.42522986143112096], [0.9512069103601621, 0.44367859484017524]]
1.0399, [[0.9174704341900426, 0.8702017772549051], [0.9566820425309692, 0.7156091764705887], [0.9187587005831739, 0.6156048964705849], [0.9422695622578152, 0.41818899626805106], [0.9913847184959363, 0.3398947635891612], [0.9657804239324567, 0.41962892033100774], [0.9663440404794521, 0.36257746227486615], [1.0, 0.3532885549245498], [0.9976650171624503, 0.3709818413110497], [0.9651362907358918, 0.40810829141651783]]
0.5350, [[0.9656193906333155, 0.3948495161447346], [0.9562794592831159, 0.3569822086646114], [0.9580508255736708, 0.3481678357942559], [0.9112706521730995, 0.29656054194385845], [0.6653728043842119, 0.3112760564660068], [0.8497559319010924, 0.28304081271164366], [0.7192384429470033, 0.2943582674139312], [0.9851044198294223, 0.29207455884707767], [0.707402495460112, 0.29419743474779825], [0.7406558717328072, 0.28505943800468875]]
0.5896, [[0.9665855904281635, 0.44006679149764716], [0.9690010899152843, 0.4030202135323705], [0.9975039838633091, 0.31072807918221673], [0.9642506075906139, 0.42522986143112096], [0.9712555561032638, 0.37242324906701285], [0.9714971060519759, 0.3602413876358917], [0.9780994713167724, 0.37674771961706965], [0.9709334895049813, 0.3136737043647574], [0.9624792413000588, 0.4229335992211585], [0.9690816065648553, 0.3083521921142303]]
1.0127, [[0.9622376913513466, 0.8423773599999967], [0.9851849364789933, 0.380781880902158], [0.9858290696755589, 0.31778749050786953], [0.9296284482752171, 0.6197603788235303], [0.9128004685149431, 0.4397257893882848], [0.9572456590779639, 0.43759396981989285], [0.9693231565135675, 0.4292924601655037], [0.9548301595908433, 0.3876076105792635], [0.7996745758681233, 0.35653907901995785], [0.7904956778170642, 0.2934040320256205]]
0.7698, [[0.9296284482752171, 0.6197603788235303], [0.9858290696755589, 0.31778749050786953], [0.9710140061545516, 0.42415294759045935], [0.939531996172412, 0.43496165114392327], [0.9818032371970244, 0.3835964465357782], [0.9648142241376085, 0.41421616096057134], [0.9331711808563271, 0.427879242576667], [0.9720607225989706, 0.3735854752555573], [0.961915624753064, 0.4054017880902158], [0.9712555561032638, 0.37242324906701285]]
0.9083, [[0.9659414572315985, 0.743437922352937], [0.9640895742914726, 0.5455547184313697], [0.9867147528208362, 0.31926252863864996], [0.9748788053339448, 0.3428520110335874], [0.9698867730605621, 0.4361809995132242], [0.9636869910436192, 0.4262897128022066], [0.961593558154781, 0.35531305403212715], [0.9508848437618789, 0.3943025279896153], [0.9479057277277636, 0.41224482751906544], [0.9681959234195774, 0.31564528508843087]]
0.7499, [[0.9296284482752171, 0.6197603788235303], [0.9487108942234704, 0.36311876294012646], [0.8942011224641133, 0.35261668927470385], [0.9076474029424184, 0.33336082687003105], [0.9144913181559271, 0.3240931857861433], [0.927776565335091, 0.29528917534027227], [0.9043462203100205, 0.2985523998052897], [0.924233832753981, 0.2928422898318655], [0.9033800205151717, 0.29480915612489994], [0.7707690986722451, 0.29251924099279425]]
1.1680, [[0.9273739820872375, 1.0], [0.9880835358635385, 0.43441466298880405], [0.9735905389408142, 0.42982238585104654], [0.9797098043081862, 0.42322440305046216], [0.9531393099498584, 0.427879242576667], [0.9812396206500298, 0.42099070322894694], [0.9748788053339448, 0.4036752639948076], [0.9763281050262174, 0.40002884114879134], [0.9709334895049813, 0.3136737043647574], [1.0, 0.3532885549245498]]
0.9897, [[0.9505627771635965, 0.8300104713725511], [0.9554742927874089, 0.44766181599870175], [0.9583728921719532, 0.42522986143112096], [0.9581313422232411, 0.41905349472659403], [0.9704503896075568, 0.3892826999837743], [0.9713360727528347, 0.3228243809832875], [0.976972238222783, 0.2908720483849961], [0.9533808598985707, 0.41429603310076274], [0.975200871932228, 0.29204975180144116], [0.9561184259839739, 0.3587599201687491]]
0.9155, [[0.9975039838633091, 0.31072807918221673], [0.9802734208551809, 0.4480151822164528], [0.9659414572315985, 0.743437922352937], [0.972463305846824, 0.6846897905882312], [0.9735905389408142, 0.42982238585104654], [0.9761670717270761, 0.4208141437611552], [0.9705309062571278, 0.4386538211909785], [0.9730269223938188, 0.293475417133707], [0.9317218811640553, 0.4498141364705895], [0.9693231565135675, 0.4292924601655037]]
0.9988, [[0.9851849364789933, 0.380781880902158], [0.9812396206500298, 0.42099070322894694], [0.9356671969930188, 0.39839356417329197], [0.9371970133348616, 0.3967127872789227], [0.9057955200022925, 0.31053618822002294], [0.9654583573341742, 0.41958910790199583], [0.9601442584625084, 0.8300061427450955], [0.2141714709127665, 0.265163247916124], [0.20890613531355792, 0.249354832638708], [0.9375995965827151, 0.4134528009086484]]
0.5361, [[0.9666661070777345, 0.40244478792795724], [0.9065201698484291, 0.40262134739574895], [0.9548301595908433, 0.3798587765698522], [0.9455707448902138, 0.37971065455135483], [0.9223014331642839, 0.37205207853318206], [0.9196443837284518, 0.32558850105468107], [0.9089356693355498, 0.3624651961706962], [0.9156990678994874, 0.35620697906863535], [0.9107875522756759, 0.31751646925198757], [0.9144913181559271, 0.3240931857861433]]
0.8693, [[0.975200871932228, 0.4238168911244523], [0.9560379093344036, 0.7094235678431381], [0.9818032371970244, 0.3835964465357782], [0.9675517902230124, 0.429115900697712], [0.9610299416077862, 0.6568653733333307], [0.9797098043081862, 0.306300986532533], [0.9712555561032638, 0.37242324906701285], [0.9338153140528928, 0.44748525653091], [0.9644116408897551, 0.4446593159175727], [0.9307556813692064, 0.4349445886743468]]
0.5730, [[0.9812396206500298, 0.42970838877170214], [0.9818032371970244, 0.3835964465357782], [0.9326075643093323, 0.4158685004056467], [0.9455707448902138, 0.3869011254259289], [0.9476641777790513, 0.3557403576180431], [0.9280986319333742, 0.3983821891935745], [0.93228549771105, 0.34391161512250545], [0.9237507328565564, 0.30394661301314324], [0.9162626844464821, 0.29266575820656526], [0.9159406178481997, 0.3535484484828819]]
0.6860, [[0.908372052788555, 0.5390531199999957], [0.9802734208551809, 0.4480151822164528], [0.9848628698807108, 0.386137765374006], [0.9574872090266762, 0.44395258348207056], [0.9842992533337154, 0.2936148823058447], [0.956359975932686, 0.44253961317540147], [0.9799513542568985, 0.4243752542592891], [0.9513679436593034, 0.4335316183676782], [0.9761670717270761, 0.4208141437611552], [0.9661024905307398, 0.29545540752602084]]
1.0138, [[0.9644116408897551, 0.4446593159175727], [0.9622376913513466, 0.8423773599999967], [0.9812396206500298, 0.42970838877170214], [0.9566820425309692, 0.7156091764705887], [0.9425916288560985, 0.455891529411762], [0.942189045608245, 0.4377707765698522], [0.9727048557955362, 0.4236403316566606], [0.9748788053339448, 0.4036752639948076], [0.9866342361712659, 0.3992367963654064], [0.9774553381202067, 0.3152236689923739]]
0.5716, [[0.9684374733682896, 0.4349445886743468], [0.9116732354209529, 0.34515865909459664], [0.7440375710147761, 0.2860847916123991], [0.7296250907416227, 0.2907771281583746], [0.7420246547755088, 0.28475506316749155], [0.7344560897158642, 0.2869534817009638], [0.7218954923828362, 0.29023210048189635], [0.7136827941266259, 0.29023210048189635], [0.2601821828110276, 0.270235553529565], [0.6400905764190147, 0.3259297504462114]]
0.9212, [[0.9802734208551809, 0.4480151822164528], [0.972463305846824, 0.6846897905882312], [0.9659414572315985, 0.743437922352937], [0.9344594472494585, 0.7558048109803904], [0.975200871932228, 0.4238168911244523], [0.9592585753172311, 0.4978965301960804], [0.9512069103601621, 0.44367859484017524], [0.9425916288560985, 0.455891529411762], [0.9317218811640553, 0.4498141364705895], [0.9416254290612496, 0.3946242420898911]]
0.8031, [[0.9610299416077862, 0.6568653733333307], [0.9599027085137968, 0.29443220816653326], [0.9204495502241586, 0.386359082914165], [0.9289843150786514, 0.292444320256205], [0.9221403998651427, 0.36233834041862745], [0.9223014331642839, 0.37205207853318206], [0.9144913181559271, 0.3240931857861433], [0.9112706521730995, 0.32126328865812104], [0.9032995038656015, 0.36938439850722027], [0.901125554327193, 0.3173211163394453]]
1.0128, [[0.9802734208551809, 0.4480151822164528], [0.9812396206500298, 0.42970838877170214], [0.9727048557955362, 0.4236403316566606], [0.978663087863767, 0.36784234690897283], [0.9842992533337154, 0.2936148823058447], [0.9640895742914726, 0.5455547184313697], [0.9661024905307398, 0.36197359922115846], [0.9622376913513466, 0.8423773599999967], [0.9566820425309692, 0.7156091764705887], [0.9569235924796807, 0.4110994165179294]]
0.7498, [[0.9836551201371505, 0.5919359615686297], [0.6196073367248256, 0.28686201940609535], [0.8202063215086492, 0.28673638121906747], [0.5790156857852476, 0.28069347258400623], [0.23121566353363776, 0.2685929398932014], [0.23077090766558475, 0.26851313851263353], [0.1898964086951619, 0.24025653392810628], [0.07481941457730956, 0.0], [0.2300822534182768, 0.2559473603151863], [0.06863587331502378, 0.0]]
0.9385, [[0.9976650171624503, 0.3709818413110497], [0.9685179900178605, 0.44624884569203305], [0.9934781513847746, 0.3476836573097516], [0.9851849364789933, 0.380781880902158], [0.9737515722399555, 0.4098630056790525], [0.9610299416077862, 0.6568653733333307], [0.9710140061545516, 0.42415294759045935], [0.951045877061021, 0.7681716996078438], [0.9566820425309692, 0.7156091764705887], [0.9560379093344036, 0.7094235678431381]]
1.0111, [[0.9812396206500298, 0.42970838877170214], [0.9735905389408142, 0.42982238585104654], [0.972463305846824, 0.3082950699334739], [0.9713360727528347, 0.3228243809832875], [0.968840056616143, 0.3213087885769919], [0.9666661070777345, 0.4206603342527989], [0.9622376913513466, 0.8423773599999967], [0.9601442584625084, 0.8300061427450955], [0.8025731752526677, 0.2939341072858287], [0.9544275763429897, 0.3385957903618369]]
0.8465, [[0.972463305846824, 0.6846897905882312], [0.9851044198294223, 0.29207455884707767], [0.9187587005831739, 0.6156048964705849], [0.9455707448902138, 0.4473086970631187], [0.9317218811640553, 0.4498141364705895], [0.942189045608245, 0.4377707765698522], [0.9580508255736708, 0.3481678357942559], [0.9599027085137968, 0.29443220816653326], [0.9216572999677191, 0.5795690729411763], [0.9555548094369791, 0.29749774135972745]]
1.1757, [[0.9828499536414436, 0.9784174635294092], [1.0, 0.3532885549245498], [0.9659414572315985, 0.743437922352937], [0.9975039838633091, 0.31072807918221673], [0.9836551201371505, 0.5919359615686297], [0.9802734208551809, 0.4480151822164528], [0.9554742927874089, 0.44766181599870175], [0.9797098043081862, 0.42322440305046216], [0.9654583573341742, 0.4045926808372544], [0.9690010899152843, 0.4030202135323705]]
1.0409, [[1.0, 0.3532885549245498], [0.9174704341900426, 0.8702017772549051], [0.9836551201371505, 0.5919359615686297], [0.987680952615685, 0.41374904494564346], [0.9296284482752171, 0.6197603788235303], [0.9851849364789933, 0.380781880902158], [0.9398540627706946, 0.42575978711666385], [0.9848628698807108, 0.386137765374006], [0.9710140061545516, 0.42415294759045935], [0.9666661070777345, 0.4206603342527989]]
0.9569, [[0.9867147528208362, 0.7805385882352973], [0.9523341434541515, 0.4340615440532205], [0.9748788053339448, 0.3428520110335874], [0.9544275763429897, 0.37447445464871015], [0.976972238222783, 0.2908720483849961], [0.9479057277277636, 0.41224482751906544], [0.9371970133348616, 0.3967127872789227], [0.8901752899855788, 0.35074080674995944], [0.8998372879340617, 0.3273402479312024], [0.8890480568915895, 0.3064676547136137]]
1.1757, [[1.0, 0.3532885549245498], [0.9836551201371505, 0.5919359615686297], [0.9828499536414436, 0.9784174635294092], [0.9812396206500298, 0.42099070322894694], [0.9675517902230124, 0.429115900697712], [0.9690010899152843, 0.36160317053383095], [0.9659414572315985, 0.743437922352937], [0.9640895742914726, 0.5455547184313697], [0.9256026157966826, 0.9227643003921602], [0.9592585753172311, 0.4978965301960804]]
1.0015, [[0.9657804239324567, 0.41962892033100774], [0.9976650171624503, 0.3709818413110497], [0.9763281050262174, 0.40002884114879134], [0.9505627771635965, 0.8300104713725511], [0.9554742927874089, 0.44766181599870175], [0.9271324321385254, 0.4334158903131589], [0.9219793665660014, 0.42906446600681497], [0.9398540627706946, 0.42575978711666385], [0.956359975932686, 0.4238623910433228], [1.0, 0.3532885549245498]]
0.8470, [[0.9761670717270761, 0.4208141437611552], [0.9844602866328573, 0.32840257212396573], [0.972463305846824, 0.6846897905882312], [0.9762475883766464, 0.29338243394715774], [0.9592585753172311, 0.4978965301960804], [0.9415449124116793, 0.4821186831372543], [0.9523341434541515, 0.4340615440532205], [0.9553937761378379, 0.4309959870193085], [0.9623987246504878, 0.42840941554437784], [0.9531393099498584, 0.427879242576667]]
0.8201, [[0.9675517902230124, 0.429115900697712], [0.9610299416077862, 0.6568653733333307], [0.9763281050262174, 0.40002884114879134], [0.9780994713167724, 0.37674771961706965], [0.9975039838633091, 0.31072807918221673], [0.9231065996599908, 0.523911581176472], [0.9331711808563271, 0.427879242576667], [0.9712555561032638, 0.37242324906701285], [0.9913847184959363, 0.3398947635891612], [0.9744762220860913, 0.35038991335388603]]
0.5880, [[0.983977186735433, 0.3815452409540809], [0.9574872090266762, 0.44395258348207056], [0.9818032371970244, 0.3835964465357782], [0.9553937761378379, 0.4309959870193085], [0.9657804239324567, 0.2937853418734988], [0.9514484603088744, 0.4220505546000326], [0.9266493322411016, 0.42392520071393774], [0.9426721455056687, 0.3666684984585428], [0.9356671969930188, 0.39839356417329197], [0.9202885169250167, 0.38961158526691547]]
1.1770, [[0.9273739820872375, 1.0], [0.9880835358635385, 0.43441466298880405], [0.9886471524105331, 0.2905126155899974], [0.9622376913513466, 0.8423773599999967], [0.975200871932228, 0.4238168911244523], [0.97077245620584, 0.3885136524419924], [0.9345399638990295, 0.44369689372059057], [0.9448460950440771, 0.39528819471036847], [0.9430747287535222, 0.39769276650981644], [0.9312387812666308, 0.40619284374492953]]
1.0230, [[0.9975039838633091, 0.31072807918221673], [0.9866342361712659, 0.3992367963654064], [0.9836551201371505, 0.5919359615686297], [0.9851849364789933, 0.380781880902158], [0.972463305846824, 0.6846897905882312], [0.9705309062571278, 0.4386538211909785], [0.9659414572315985, 0.743437922352937], [0.9317218811640553, 0.4498141364705895], [0.9632844077957656, 0.5641072156862738], [0.9622376913513466, 0.8423773599999967]]
1.1700, [[0.9828499536414436, 0.9784174635294092], [0.9886471524105331, 0.2905126155899974], [0.9574872090266762, 0.44395258348207056], [0.975200871932228, 0.4238168911244523], [0.9572456590779639, 0.43759396981989285], [0.9675517902230124, 0.429115900697712], [0.9690010899152843, 0.36160317053383095], [0.9416254290612496, 0.3946242420898911], [0.9514484603088744, 0.4220505546000326], [0.9624792413000588, 0.4229335992211585]]
0.5007, [[0.9323660143606202, 0.3796992795716373], [0.9443629951466535, 0.33845335583319813], [0.9449266116936481, 0.3114686892747038], [0.9223014331642839, 0.37205207853318206], [0.9294674149760758, 0.34661243095894845], [0.9407397459159724, 0.320701958137271], [0.9221403998651427, 0.36233834041862745], [0.9253610658479703, 0.3218671517118287], [0.9174704341900426, 0.33775948207042034], [0.924233832753981, 0.2928422898318655]]
1.1706, [[0.9828499536414436, 0.9784174635294092], [0.9601442584625084, 0.8300061427450955], [0.972463305846824, 0.6846897905882312], [0.9425916288560985, 0.455891529411762], [0.9512069103601621, 0.44367859484017524], [0.9705309062571278, 0.4386538211909785], [0.9880835358635385, 0.43441466298880405], [0.975200871932228, 0.4238168911244523], [0.987680952615685, 0.41374904494564346], [0.9737515722399555, 0.4098630056790525]]
0.5695, [[0.987680952615685, 0.41374904494564346], [0.9666661070777345, 0.4206603342527989], [0.9266493322411016, 0.42392520071393774], [0.9851044198294223, 0.29207455884707767], [0.983977186735433, 0.3815452409540809], [0.9574066923771052, 0.4008550108713288], [0.945731778189355, 0.39518013240305067], [0.9780994713167724, 0.37674771961706965], [0.9630428578470535, 0.32437978581859495], [0.8854248076609084, 0.28952631740036466]]
0.6959, [[0.9640895742914726, 0.5455547184313697], [0.9531393099498584, 0.427879242576667], [0.9666661070777345, 0.40244478792795724], [0.9128004685149431, 0.4397257893882848], [0.961593558154781, 0.35531305403212715], [0.9748788053339448, 0.3428520110335874], [0.938485279727993, 0.3308068966412461], [0.9842992533337154, 0.2936148823058447], [0.9809175540517465, 0.34126792146681795], [0.9809175540517465, 0.34126792146681795]]
1.1757, [[0.9828499536414436, 0.9784174635294092], [0.9601442584625084, 0.8300061427450955], [0.9659414572315985, 0.743437922352937], [0.9836551201371505, 0.5919359615686297], [0.9632844077957656, 0.5641072156862738], [0.9592585753172311, 0.4978965301960804], [0.9802734208551809, 0.4480151822164528], [0.9812396206500298, 0.42970838877170214], [1.0, 0.3532885549245498], [0.9975039838633091, 0.31072807918221673]]
0.7639, [[0.9797098043081862, 0.42322440305046216], [0.962720791248771, 0.6104841301960784], [0.9763281050262174, 0.40002884114879134], [0.9661024905307398, 0.42222736134999195], [0.9554742927874089, 0.44766181599870175], [0.9712555561032638, 0.37242324906701285], [0.9648142241376085, 0.41421616096057134], [0.9533808598985707, 0.41429603310076274], [0.9504017438644552, 0.4204382748661368], [0.8434756332345785, 0.29506053162530027]]
0.5647, [[0.9758450051287929, 0.39399490897290274], [0.9345399638990295, 0.42399369787441166], [0.9809175540517465, 0.34126792146681795], [0.9580508255736708, 0.3481678357942559], [0.9449266116936481, 0.3114686892747038], [0.9723827891972538, 0.3229497530423498], [0.9280986319333742, 0.3983821891935745], [0.9329296309076156, 0.3959207424955377], [0.9407397459159724, 0.320701958137271], [0.9223819498138549, 0.32780637481745906]]
0.6250, [[0.9780994713167724, 0.37674771961706965], [0.9768112049236418, 0.3962340490021093], [0.9758450051287929, 0.39399490897290274], [0.9768112049236418, 0.2929423442754203], [0.9666661070777345, 0.4206603342527989], [0.9723827891972538, 0.3011671614473472], [0.9415449124116793, 0.4821186831372543], [0.961915624753064, 0.4054017880902158], [0.9453291949415017, 0.422580480285575], [0.9661024905307398, 0.29545540752602084]]
1.0043, [[0.9601442584625084, 0.8300061427450955], [0.9566820425309692, 0.7156091764705887], [0.9836551201371505, 0.5919359615686297], [0.987680952615685, 0.41374904494564346], [0.9848628698807108, 0.386137765374006], [0.9768112049236418, 0.3962340490021093], [0.9768112049236418, 0.3962340490021093], [0.9654583573341742, 0.4045926808372544], [0.8151337725856956, 0.3335163673535618], [0.976972238222783, 0.2908720483849961]]
1.0287, [[0.9174704341900426, 0.8702017772549051], [0.9976650171624503, 0.3709818413110497], [0.9812396206500298, 0.42099070322894694], [0.9812396206500298, 0.42970838877170214], [0.9797098043081862, 0.42322440305046216], [0.9661024905307398, 0.42222736134999195], [0.9657804239324567, 0.41962892033100774], [0.972463305846824, 0.3082950699334739], [0.8260840369273091, 0.3217489508356322], [0.972463305846824, 0.3082950699334739]]
0.5855, [[0.9345399638990295, 0.44369689372059057], [0.9748788053339448, 0.3428520110335874], [0.9828499536414436, 0.2925208550840673], [0.942189045608245, 0.4377707765698522], [0.9553937761378379, 0.4309959870193085], [0.9285817318307978, 0.41688853934772035], [0.9477446944286223, 0.40996562777867934], [0.9302725814717827, 0.3781552497160474], [0.9272934654376672, 0.361126163232192], [0.9635259577444779, 0.3587542326788901]]
1.1678, [[0.9828499536414436, 0.9784174635294092], [0.9610299416077862, 0.6568653733333307], [0.9296284482752171, 0.6197603788235303], [0.9128004685149431, 0.4397257893882848], [0.9331711808563271, 0.427879242576667], [0.9533808598985707, 0.41429603310076274], [0.9758450051287929, 0.39399490897290274], [0.9705309062571278, 0.29495774859887913], [0.8230244042436234, 0.2939606052842274], [0.9681959234195774, 0.31564528508843087]]
0.6323, [[0.9934781513847746, 0.3476836573097516], [0.9693231565135675, 0.4292924601655037], [0.956359975932686, 0.44253961317540147], [0.9636869910436192, 0.4262897128022066], [0.9415449124116793, 0.4821186831372543], [0.939531996172412, 0.43496165114392327], [0.9531393099498584, 0.427879242576667], [0.9758450051287929, 0.39399490897290274], [0.9741541554878088, 0.34423085640110357], [0.9744762220860913, 0.35038991335388603]]
0.7241, [[1.0, 0.3532885549245498], [0.9812396206500298, 0.42099070322894694], [0.9975039838633091, 0.31072807918221673], [0.9797098043081862, 0.42322440305046216], [0.9744762220860913, 0.40569234463735193], [0.9727048557955362, 0.4236403316566606], [0.9705309062571278, 0.4386538211909785], [0.9636869910436192, 0.4262897128022066], [0.9632844077957656, 0.5641072156862738], [0.9574872090266762, 0.44395258348207056]]
0.5746, [[0.9812396206500298, 0.42099070322894694], [0.9507238104627378, 0.42328696543890953], [0.9507238104627378, 0.42328696543890953], [0.9976650171624503, 0.3709818413110497], [1.0, 0.3532885549245498], [0.9851849364789933, 0.380781880902158], [0.9748788053339448, 0.4036752639948076], [0.9569235924796807, 0.4110994165179294], [0.9651362907358918, 0.40810829141651783], [0.9704503896075568, 0.3892826999837743]]
1.1757, [[0.9828499536414436, 0.9784174635294092], [0.9836551201371505, 0.5919359615686297], [1.0, 0.3532885549245498], [0.9622376913513466, 0.8423773599999967], [0.9632844077957656, 0.5641072156862738], [0.983977186735433, 0.3815452409540809], [0.956359975932686, 0.44253961317540147], [0.9737515722399555, 0.4098630056790525], [0.9331711808563271, 0.427879242576667], [0.9460538447876375, 0.36995042738925854]]
0.6029, [[0.9913847184959363, 0.3398947635891612], [0.9531393099498584, 0.427879242576667], [0.9425916288560985, 0.455891529411762], [0.9654583573341742, 0.41958910790199583], [0.9331711808563271, 0.427879242576667], [0.9630428578470535, 0.32437978581859495], [0.9574066923771052, 0.4008550108713288], [0.9603858084112205, 0.364212739250365], [0.9559573926848326, 0.3926843134836929], [0.9508848437618789, 0.3943025279896153]]
0.8082, [[0.9976650171624503, 0.3709818413110497], [0.9479862443773346, 0.6475891247058787], [0.9675517902230124, 0.429115900697712], [0.9712555561032638, 0.37242324906701285], [0.9844602866328573, 0.32840257212396573], [0.9844602866328573, 0.32840257212396573], [0.9522536268045813, 0.47444402666666596], [0.9661024905307398, 0.42222736134999195], [0.9762475883766464, 0.33511430472172643], [0.9651362907358918, 0.40810829141651783]]
1.1905, [[0.9828499536414436, 0.9784174635294092], [0.9273739820872375, 1.0], [0.9566820425309692, 0.7156091764705887], [0.9560379093344036, 0.7094235678431381], [0.9592585753172311, 0.4978965301960804], [0.983977186735433, 0.3815452409540809], [0.9735905389408142, 0.42982238585104654], [0.97077245620584, 0.3885136524419924], [0.9236702162069863, 0.44607228622424133], [0.9661024905307398, 0.42222736134999195]]
1.0380, [[0.972463305846824, 0.6846897905882312], [0.9844602866328573, 0.32840257212396573], [0.9763281050262174, 0.40002884114879134], [0.9592585753172311, 0.4978965301960804], [0.9657804239324567, 0.41962892033100774], [0.9744762220860913, 0.35038991335388603], [0.9174704341900426, 0.8702017772549051], [0.9370359800357204, 0.8021817254901951], [0.9635259577444779, 0.3587542326788901], [0.8031367917996624, 0.3120282888203798]]
1.0093, [[0.9601442584625084, 0.8300061427450955], [0.9867147528208362, 0.7805385882352973], [0.9566820425309692, 0.7156091764705887], [0.9851849364789933, 0.380781880902158], [0.9812396206500298, 0.42970838877170214], [0.9842992533337154, 0.2936148823058447], [0.9799513542568985, 0.4243752542592891], [0.956359975932686, 0.43141191562550696], [0.9623987246504878, 0.42840941554437784], [0.9690010899152843, 0.4030202135323705]]
1.1701, [[0.9886471524105331, 0.2905126155899974], [0.9828499536414436, 0.9784174635294092], [0.9844602866328573, 0.32840257212396573], [0.9802734208551809, 0.36772266233976947], [0.9705309062571278, 0.4386538211909785], [0.9610299416077862, 0.6568653733333307], [0.9663440404794521, 0.36257746227486615], [0.9560379093344036, 0.7094235678431381], [0.9583728921719532, 0.42522986143112096], [0.9507238104627378, 0.42328696543890953]]
0.7697, [[0.962720791248771, 0.6104841301960784], [0.9836551201371505, 0.5919359615686297], [0.9818032371970244, 0.3835964465357782], [0.9684374733682896, 0.4349445886743468], [0.9572456590779639, 0.43759396981989285], [0.9548301595908433, 0.3876076105792635], [0.9492745107704652, 0.396439293201363], [0.9338153140528928, 0.44748525653091], [0.983977186735433, 0.3815452409540809], [0.9544275763429897, 0.3385957903618369]]
0.9336, [[0.9710140061545516, 0.42415294759045935], [0.9934781513847746, 0.3476836573097516], [0.951045877061021, 0.7681716996078438], [0.9714971060519759, 0.36104480739899414], [0.9714971060519759, 0.36104480739899414], [0.9592585753172311, 0.4978965301960804], [0.9631233744966246, 0.32367330066526034], [0.9522536268045813, 0.47444402666666596], [0.9623987246504878, 0.42840941554437784], [0.956359975932686, 0.44253961317540147]]
1.0271, [[0.9632844077957656, 0.5641072156862738], [0.9812396206500298, 0.42970838877170214], [0.9554742927874089, 0.44766181599870175], [0.9743151887869501, 0.3518031309427227], [0.9174704341900426, 0.8702017772549051], [0.9425916288560985, 0.455891529411762], [0.9338153140528928, 0.44748525653091], [0.9512069103601621, 0.44367859484017524], [0.9730269223938188, 0.293475417133707], [0.9686790233170017, 0.2955784819855885]]
0.5828, [[0.975200871932228, 0.4238168911244523], [0.9797098043081862, 0.42322440305046216], [0.9158601011986287, 0.43322078468278424], [0.9975039838633091, 0.31072807918221673], [0.9657804239324567, 0.41962892033100774], [0.9913847184959363, 0.3398947635891612], [0.9228650497112794, 0.400002629239007], [0.9851044198294223, 0.29207455884707767], [0.9842992533337154, 0.2936148823058447], [0.9809175540517465, 0.34126792146681795]]
0.5585, [[0.9307556813692064, 0.4349445886743468], [0.93228549771105, 0.40173805549245506], [0.9455707448902138, 0.37971065455135483], [0.9125589185662308, 0.3997098471523608], [0.9333322141554691, 0.2937707381905525], [0.9196443837284518, 0.32558850105468107], [0.9196443837284518, 0.32558850105468107], [0.901125554327193, 0.3173211163394453], [0.9264882989419604, 0.2928064147317854], [0.9238312495061275, 0.29289148118494795]]
1.0996, [[1.0, 0.3532885549245498], [0.9256026157966826, 0.9227643003921602], [0.9370359800357204, 0.8021817254901951], [0.9659414572315985, 0.743437922352937], [0.9632844077957656, 0.5641072156862738], [0.9684374733682896, 0.4349445886743468], [0.9768112049236418, 0.3962340490021093], [0.9317218811640553, 0.4498141364705895], [0.956359975932686, 0.43141191562550696], [0.938485279727993, 0.3308068966412461]]
0.7158, [[0.9812396206500298, 0.42970838877170214], [0.9748788053339448, 0.3428520110335874], [0.9698867730605621, 0.4361809995132242], [0.9640895742914726, 0.5455547184313697], [0.9632844077957656, 0.5641072156862738], [0.9583728921719532, 0.42522986143112096], [0.9536224098472829, 0.42701326042511767], [0.9522536268045813, 0.47444402666666596], [0.942189045608245, 0.4377707765698522], [0.9485498609243292, 0.28875266280281325]]
0.8689, [[0.9566820425309692, 0.7156091764705887], [0.9698867730605621, 0.4361809995132242], [0.9554742927874089, 0.44766181599870175], [0.9690010899152843, 0.4030202135323705], [0.956359975932686, 0.4238623910433228], [0.961593558154781, 0.35531305403212715], [0.9285817318307978, 0.41688853934772035], [0.9329296309076156, 0.3959207424955377], [0.9535418931977119, 0.39579982151549553], [0.9065201698484291, 0.40262134739574895]]
0.5952, [[0.9866342361712659, 0.3992367963654064], [0.9812396206500298, 0.42970838877170214], [0.9802734208551809, 0.4480151822164528], [0.9797098043081862, 0.42322440305046216], [0.9554742927874089, 0.44766181599870175], [0.9693231565135675, 0.4292924601655037], [0.9710140061545516, 0.42415294759045935], [0.9763281050262174, 0.40002884114879134], [0.9714971060519759, 0.36104480739899414], [0.9643311242401849, 0.343883177673211]]
