mean:0.997882,,,,,,,,,,,,,,,,,,,,
0.7932, [[0.7316766298774386, 0.8537749692194299], [0.6703529554353652, 0.7407578360592446], [0.6473386000279651, 0.7534942273269689], [0.6587205484700771, 0.7351036997753756], [0.6605294155819043, 0.6177678160919547], [0.6043710489408722, 0.7486602018461322], [0.6432199487579587, 0.745180937701811], [0.6363184250082186, 0.7469893295310964], [0.6211517699936682, 0.7485737668468342], [0.6490918096901974, 0.7133495634213112]]
1.1612, [[0.9782304489752902, 0.9769404499508634], [0.9676283949048144, 0.9355643427277832], [0.9431729901822501, 0.9670883925663344], [0.9320054932280155, 0.9572113037694792], [0.8186341950343948, 0.9390674122560719], [0.8075373784406303, 0.9453593897936263], [0.9112961476103527, 0.938277339147831], [0.9247960964600921, 0.9239189123613645], [0.8040033604171384, 0.940547126316159], [0.9205552748319018, 0.9123639015864102]]
0.769, [[0.7243622079624261, 0.8328116211568158], [0.6676813978548206, 0.7334023810894286], [0.6362905962834211, 0.7634101403551874], [0.6660951605413723, 0.7308388579601292], [0.6440269817770816, 0.7205485976063456], [0.6650654977238706, 0.7044501954022986], [0.6247695042173225, 0.7249466678365857], [0.6547688695488547, 0.7162574983504142], [0.6070982639710116, 0.7229600932191491], [0.6457245339897193, 0.5348956122209181]]
1.1781, [[0.9895393066504644, 0.9813191080654218], [0.9035919883191406, 0.9467477647409799], [0.8473304213851489, 0.9269481219289626], [0.813333167999157, 0.9281066165590341], [0.8905868019926906, 0.9022753228976554], [0.8147467752085538, 0.9063803723501334], [0.7356115219494348, 0.9089715832865365], [0.8827412819805383, 0.886335932542468], [0.8078200998825095, 0.9037474764495297], [0.7302903768717682, 0.8994379867682156]]
0.7733, [[0.7309705879739294, 0.8305515400463287], [0.7153386480248944, 0.7969488612943985], [0.7131215042425334, 0.7770932298539941], [0.6803712963624076, 0.7169922980134774], [0.6088514736332439, 0.3876], [0.5646038012054734, 0.3876], [0.5593720009435735, 0.3876], [0.5261723322603469, 0.3876], [0.5428695671387509, 0.3876], [0.5382221700975952, 0.3876]]
1.1552, [[0.9522200763223896, 0.9866465077916609], [0.963246212555684, 0.9749723679278394], [0.9136992798663276, 0.9418858471149796], [0.7377081219921723, 0.9020921338270392], [0.8231577381044642, 0.8972078411834901], [0.7356631835521306, 0.9178640691422153], [0.7375273063827371, 0.8999655876386354], [0.8165844645807692, 0.8824260259371051], [0.7336139399785309, 0.8769865467850624], [0.7368901466161556, 0.856994008844588]]
1.1287, [[0.9750498327541475, 0.9181109095184613], [0.9200605123086131, 0.9515919049557771], [0.9096704993195469, 0.9225945973957601], [0.7854144256135708, 0.881331386950723], [0.7844955809274627, 0.9040144441246667], [0.7363476997878498, 0.9058838308648041], [0.7360162045038852, 0.9223821879825915], [0.735805252959544, 0.9109090146005897], [0.7791945538922249, 0.9027401919837147], [0.7350776853882449, 0.9222156524638496]]
1.1324, [[0.9520080352409799, 0.9764296048013477], [0.9515839530781607, 0.9651533111399692], [0.914688804912905, 0.9538039666222098], [0.83821265488454, 0.9039490559455285], [0.8091630267314361, 0.9264947979432823], [0.8155242591737216, 0.9184222185525762], [0.7731160428918185, 0.8918223072792362], [0.7787704717294056, 0.8831779899971922], [0.7342424894779963, 0.9132409205390988], [0.7885243614742434, 0.8831445807244138]]
1.0947, [[0.9300264431348599, 0.9628079188895129], [0.8335477510935304, 0.937305916011512], [0.7676029747751716, 0.9021602805699847], [0.7359257966991675, 0.9151773301628527], [0.7666841300890636, 0.8539289379474939], [0.7545271080882515, 0.89558366011512], [0.7643516781935588, 0.8674833966376527], [0.730845739100748, 0.8722619443352521], [0.7505690079019403, 0.8645545170574197], [0.7485899578087847, 0.8557679804857504]]
1.1585, [[0.9979502695463749, 0.9551107085146707], [0.9102359422033052, 0.8666185357995226], [0.8345372761401085, 0.9344874811526043], [0.7376736809237084, 0.9320466630282185], [0.8100818714175442, 0.9251630246384951], [0.7978541690562619, 0.9249070912185876], [0.7287835801264743, 0.9008245226730311], [0.7365371256644011, 0.8964690569282605], [0.7597574547630193, 0.8664616041695914], [0.7576370439489242, 0.8901422397515092]]
1.1207, [[0.9315814110651969, 0.9591338184051663], [0.9586519891251445, 0.9381468692966447], [0.8083855427662683, 0.9103003936894567], [0.8312859795584957, 0.8962863787027938], [0.7979955297772021, 0.8978898194580935], [0.7823751701133677, 0.8954862930296222], [0.7947442331955893, 0.8725800986943704], [0.7618071852166444, 0.881446429278394], [0.7300062380569413, 0.838230666502878], [0.7297393197763464, 0.8738627286957743]]
1.1581, [[0.9461415653219832, 0.9758734987715849], [0.9773116042891823, 0.9440580628597501], [0.8310032581166166, 0.9346283722448407], [0.8457047730943431, 0.9182813274603397], [0.8018122692425732, 0.9386470888670505], [0.8237231809882231, 0.9332896514460199], [0.8421707550708513, 0.8763413493612242], [0.8411105496638036, 0.8962907719710796], [0.8178567110692264, 0.932937270461884], [0.8131211269177473, 0.9332896514460199]]
0.998, [[0.8409691889428634, 0.9113761314053068], [0.8388487781287683, 0.9287801148041555], [0.8655659543863674, 0.9024165204969815], [0.8191289575576837, 0.9345733031377229], [0.731340829459916, 0.9009704200477326], [0.8073960177196902, 0.8849812733749824], [0.7358526094286818, 0.9006239648673311], [0.7462575059132799, 0.8811740466446721], [0.7854144256135708, 0.8759082548434649], [0.8001866209517667, 0.874623479292433]]
0.9786, [[0.8317807420817844, 0.9401243508704197], [0.7353144677339339, 0.9513981924750807], [0.736050645572349, 0.9165547730240067], [0.8148881359294933, 0.8978145208830548], [0.7357837272917541, 0.922064340130563], [0.7823044897528975, 0.879675533483083], [0.7356287424836667, 0.9092762513337078], [0.7320124302949613, 0.9098737358205813], [0.7374799499135992, 0.8754525809700969], [0.7336569913141107, 0.892709543134915]]
1.1519, [[0.9702435682421984, 0.9762837074266462], [0.8522073662575681, 0.9273004007440684], [0.8283880847792326, 0.9379400791801207], [0.8473304213851489, 0.9215225377649866], [0.826338354325607, 0.9304579346132248], [0.7827285719157168, 0.8919921122069354], [0.7132980147184107, 0.8648194413519584], [0.7338550274577779, 0.8584329574617435], [0.7123939366712344, 0.825312618699986], [0.7123078340000747, 0.8334216724343675]]
1.1466, [[0.956743619392459, 0.976721501719781], [0.9425368669380219, 0.9851542269408957], [0.7360377301716751, 0.9460248166853854], [0.8246420256743312, 0.9354034265056859], [0.734552459094171, 0.9432246700828303], [0.8132624876386869, 0.9217691738031727], [0.8206132451275505, 0.9182108308297066], [0.737523001249179, 0.8821578322336094], [0.7321157535003529, 0.889075084234171], [0.7302602409368624, 0.8938916388108944]]
1.1685, [[0.9891859048481153, 0.9727807400673874], [0.9264217447508986, 0.9474652978379896], [0.7864746310206183, 0.8735806400042118], [0.7846369416484023, 0.9443390276919836], [0.7342769305464601, 0.894965537484206], [0.7558700349371782, 0.8949327412256072], [0.7358784402300297, 0.8791987106205251], [0.728111979291429, 0.8924320520496982], [0.7360291199045591, 0.8616256374771866], [0.7334029884341897, 0.8211491285624035]]
1.1144, [[0.9184348640178066, 0.9607569777832374], [0.951159870915342, 0.9416709856450933], [0.8784297799918779, 0.9035571355468202], [0.8278226418954738, 0.9317394407552998], [0.8236525006277531, 0.9380104736417239], [0.877935017468589, 0.8835703190720202], [0.8194116789995627, 0.9302597266952127], [0.8172205878249981, 0.933641930261126], [0.80329655681244, 0.9107137695844448], [0.8028724746496207, 0.892304545100379]]
1.0842, [[0.9674870341838744, 0.9141747454724134], [0.7431475700526072, 0.9160174660957461], [0.7353359934017238, 0.9012218580303243], [0.73233531531181, 0.8830555914993682], [0.7119375925140882, 0.8527861773480275], [0.72486590858871, 0.8489472782184473], [0.7264372823373737, 0.822796093324442], [0.7268204392240342, 0.8208860433104029], [0.7217145508242668, 0.8402805859188545], [0.7239747459422077, 0.8313320092657588]]
0.9323, [[0.8242179435115119, 0.9087690842692685], [0.6684327734243487, 0.7240098800014039], [0.6153077377862268, 0.7393968424119051], [0.6271071171002989, 0.3876], [0.6014212041123541, 0.3876], [0.5913193770109197, 0.6300410574712647], [0.5913193770109197, 0.6300410574712647], [0.5993062210277564, 0.3876], [0.5797426274952264, 0.6084804597701147], [0.5815793233318507, 0.3876]]
0.967, [[0.7545977884487209, 0.9292086117155692], [0.8027311139286812, 0.9136003511862979], [0.840898508582394, 0.9115170224975432], [0.8020949906844523, 0.903113313280921], [0.7334072935677476, 0.8873409692896252], [0.7523360169136862, 0.8816356463217746], [0.732089922699005, 0.8822174989470728], [0.7349915827170853, 0.8636472560718799], [0.735568470613855, 0.8630362852730591], [0.730337733340906, 0.881231159132388]]
1.128, [[0.958510628404205, 0.9332832147971362], [0.9246547357391526, 0.9667638015583322], [0.7813856450667901, 0.8774560134774673], [0.7632207924260411, 0.8535202618278814], [0.7332006471569645, 0.8757842216411623], [0.7282927949008643, 0.864563610101081], [0.7265363004092074, 0.8412720341850344], [0.7262564667279385, 0.8528050786185596], [0.7262564667279385, 0.8528050786185596], [0.7262564667279385, 0.8528050786185596]]
0.7492, [[0.7227176469432768, 0.8106273531868595], [0.6633401167864356, 0.7089170622279938], [0.6033135573985733, 0.3876], [0.5813288648086747, 0.3876], [0.4982879500134123, 0.3876], [0.5637689394615532, 0.3876], [0.5572013604093811, 0.3876], [0.51996652663054, 0.3876], [0.455125597852738, 0.3876], [0.5044659269184217, 0.3876]]
0.9415, [[0.8218148112555376, 0.9213816466727501], [0.8055583283474748, 0.9182460791450231], [0.8038619996961982, 0.9089687225536993], [0.730837128833632, 0.9047652843254247], [0.7314269321310756, 0.8979054513196687], [0.7970766850910942, 0.8971992589849782], [0.7942494706723006, 0.8827335547171136], [0.7355211141447171, 0.8949404039028499], [0.7352671112647962, 0.8520217486662923], [0.7334589551704435, 0.8672981641864383]]
0.8046, [[0.7351379572580568, 0.8634865441878422], [0.7116620639663773, 0.7964772490523655], [0.6329789780325377, 0.7234403898287238], [0.6263000840811761, 0.7525848207918012], [0.6157808261077815, 0.3876], [0.5922655536540293, 0.7153147847114979], [0.5717836122031872, 0.660721839080459], [0.5695294854946027, 0.3876], [0.5668300991892605, 0.4581466768507644], [0.5644368288566894, 0.3876]]
1.161, [[0.9619739660672274, 0.9932874947353644], [0.9184348640178066, 0.9336307938368665], [0.8295896509072198, 0.9015115072300997], [0.8178567110692264, 0.932937270461884], [0.8164431038598297, 0.9024369543029622], [0.735331688268166, 0.9180078209672891], [0.7330456623488771, 0.9058329506879125], [0.7365371256644011, 0.8964690569282605], [0.7918463384163257, 0.8848873800365015], [0.7365371256644011, 0.8964690569282605]]
1.1585, [[0.9979502695463749, 0.9551107085146707], [0.9245133750182131, 0.9057664386494454], [0.9365290362980856, 0.8874602005475221], [0.9122856726569308, 0.9479658239154851], [0.9151835674361939, 0.9192700171627124], [0.9122856726569308, 0.9479658239154851], [0.9074794081449817, 0.914823723150358], [0.8941208200161825, 0.9385742423487294], [0.9067019241798132, 0.9194655686859469], [0.8194116789995627, 0.9049007604590763]]
0.9598, [[0.8075373784406303, 0.9342760934297347], [0.8284587651397022, 0.9128976325986241], [0.7880295989509547, 0.9020587245542608], [0.7348753441110197, 0.8886286055734944], [0.73431998188204, 0.893995238207216], [0.7770741430781297, 0.8704121740488558], [0.7319521584251495, 0.8854285693878985], [0.7494381221344226, 0.8667340889723432], [0.733562278375835, 0.8449178338480976], [0.7317842582163882, 0.8562726954934718]]
0.829, [[0.7349786673164113, 0.8926623410430998], [0.7350906007889189, 0.8646597511582199], [0.7272810885147384, 0.8590638512213955], [0.730815603165842, 0.8149530877439282], [0.722674595607697, 0.8297113019444055], [0.722644459672791, 0.851413434262249], [0.7223732362586381, 0.8476085574196266], [0.7116017920965655, 0.7706334907693387], [0.7156658381753012, 0.7698702881159624], [0.7039817056989363, 0.7676197087252562]]
0.8712, [[0.7849903434507515, 0.8844739019724835], [0.7269711188985636, 0.8299995207777622], [0.7253136424787403, 0.8636032212199916], [0.7248874342565, 0.8489472782184473], [0.721886756166586, 0.8472408510810052], [0.7232342629702346, 0.840491973641724], [0.7185287519913597, 0.7784600471360381], [0.7148435576657265, 0.8335557182016005], [0.7181455951046991, 0.8219631092236418], [0.7170865322494354, 0.7951844021479714]]
1.1706, [[0.9701022075212589, 0.9939443394286114], [0.9599949159740718, 0.9417298350063176], [0.9487567386593672, 0.9648789872946791], [0.9465656474848025, 0.9510826945107399], [0.9408405382867453, 0.9058011761196125], [0.9261390233090188, 0.942344177383125], [0.8083855427662683, 0.9429427857293275], [0.9361756344957364, 0.9293627847816931], [0.8225922952207054, 0.9371649227502458], [0.926492425111368, 0.9078734705531377]]
1.1621, [[0.9626807696719258, 0.9852598697178157], [0.9710917325678363, 0.9455151975642285], [0.9496755833454751, 0.9533285741260704], [0.9221809231227083, 0.9298476789976134], [0.9158196906804228, 0.9324062980134775], [0.9352567898096283, 0.8976111023445177], [0.8690999724098593, 0.9294141758037344], [0.9140526816686768, 0.9059710832163413], [0.808597583847678, 0.9244537672329075], [0.8452100105710537, 0.9149696205250596]]
0.9548, [[0.8549639003158915, 0.8942275705812158], [0.8604769684325391, 0.8777880628246526], [0.7299502713206876, 0.8333129645865507], [0.6587762059196718, 0.7731787256422856], [0.6316153705174681, 0.7325953479222238], [0.6531826322354065, 0.5052551891891892], [0.655353272769599, 0.3876], [0.6413275954717397, 0.6905191609195396], [0.6534052620337851, 0.5004435605170375], [0.6449731584201912, 0.4904349776733248]]
1.108, [[0.9573797426366879, 0.9460189930506809], [0.9262097036694888, 0.9479077919065001], [0.9412646204495646, 0.9129459585497683], [0.7357794221581961, 0.9349678799312088], [0.9249374571810317, 0.9310942433314614], [0.9148301656338447, 0.9259005828653657], [0.847401101745619, 0.9268071286676961], [0.877016172782481, 0.9232841361785765], [0.8001159405912973, 0.9221144029552155], [0.839131499570648, 0.9208906223150359]]
1.1535, [[0.9539870853341356, 0.9747510698090693], [0.9737775862656903, 0.9143395441176471], [0.9665681894977669, 0.9693319222939774], [0.9218982016808285, 0.9707313314965605], [0.9481206154151388, 0.944333408395339], [0.7395428716686452, 0.8988000433455005], [0.8972307558768551, 0.8867829220482943], [0.7357837272917541, 0.922064340130563], [0.8626680596071044, 0.8961565218657869], [0.7646343996354379, 0.8747941015723711]]
0.9536, [[0.8191289575576837, 0.9301188356029764], [0.8241472631510424, 0.9262434621297206], [0.7917756580558563, 0.9319643147901165], [0.8040740407776079, 0.9075313064719921], [0.7866159917415579, 0.9048467130422575], [0.7944615117537103, 0.8805610324652533], [0.7363950562569876, 0.9024705679138003], [0.7719144767638314, 0.9002304097641444], [0.7870400739043772, 0.8728642307665309], [0.7334890911053493, 0.8996722603537836]]
1.1233, [[0.9731414630214614, 0.9461955411343536], [0.9035919883191406, 0.9467477647409799], [0.9381546845888913, 0.9003795765478029], [0.9222516034831777, 0.9358010683700687], [0.9209793569947211, 0.9362842257124807], [0.9361756344957364, 0.9293627847816931], [0.7366146180684447, 0.9407272503158781], [0.9233824892506953, 0.9093804637442089], [0.8970893951559156, 0.9213879811526043], [0.8669795615957641, 0.913983178541345]]
1.0524, [[0.900764773900347, 0.9328668760002808], [0.9112254672498833, 0.9314903526603958], [0.8145347341271441, 0.9415335682998736], [0.830791217035207, 0.9110238525902007], [0.7669668515309427, 0.8858435799873648], [0.7163503544110204, 0.7718758661729608], [0.7136079843345855, 0.8520293091745051], [0.7098797386733725, 0.8094561895970799], [0.7093243764443927, 0.7777720408886705], [0.707533440884272, 0.798436544538818]]
1.0741, [[0.9222516034831777, 0.9358010683700687], [0.7368686209483657, 0.9540470267443493], [0.7408151181571024, 0.8604677558612943], [0.7343931691525257, 0.9191213612242033], [0.7322147715721865, 0.8836653362698301], [0.7271992909771366, 0.8797691203144743], [0.7314570680659815, 0.8328350178646637], [0.7267343365528746, 0.8653770799171698], [0.7264372823373737, 0.822796093324442], [0.7259206663104159, 0.8382372053207918]]
1.0947, [[0.9300264431348599, 0.9628079188895129], [0.8138279305224457, 0.9394196910711778], [0.7356804040863625, 0.8970896316158922], [0.7578490850303338, 0.8613532548434648], [0.7340961149370249, 0.8974939144672188], [0.7360291199045591, 0.8583562285202864], [0.7307596364295883, 0.8837335851818053], [0.7311987600525026, 0.8724596414081146], [0.7313494397270319, 0.8364392347325564], [0.7286673415204088, 0.875063316966166]]
1.0351, [[0.7945321921141797, 0.9119280485048434], [0.9238065714135146, 0.9044763503088585], [0.7372560829685841, 0.874498935244981], [0.7318230044184101, 0.8886371877720062], [0.7340143173994232, 0.8628234671837708], [0.7330112212804133, 0.821874222167626], [0.7329423391434855, 0.8562939466516917], [0.7330241366810872, 0.8189080508914783], [0.7254600170197117, 0.8548685865155131], [0.7326323695273108, 0.8343323049978941]]
1.1656, [[0.9835314760105281, 0.9757727601081005], [0.9738482666261598, 0.9040049424048857], [0.8007520638355257, 0.918670182788151], [0.8641523471769705, 0.9145645203214938], [0.7490847203320734, 0.9157752233258458], [0.7490847203320734, 0.9157752233258458], [0.7305142438167833, 0.8535960712480697], [0.7268075238233602, 0.8755892831321074], [0.7398962734709944, 0.8482756190158641], [0.7300406791254053, 0.8514067932753053]]
0.8427, [[0.7374713396464833, 0.9062925069844168], [0.7326840311300066, 0.8977594517759371], [0.7232773143058145, 0.8127323417099537], [0.7079252080380484, 0.7597370615611401], [0.7069522478539443, 0.7379397077074266], [0.6948422332570243, 0.7497729247508073], [0.6951205205049977, 0.749174009897515], [0.6369863144033545, 0.7480230757756563], [0.6675700829556312, 0.7274789272427347], [0.6723287948959763, 0.7140771090832515]]
0.9926, [[0.8688172509679801, 0.8822888129299452], [0.8647177900607295, 0.9168016134002528], [0.8100818714175442, 0.9251630246384951], [0.8035792782543192, 0.9194087627053208], [0.7897966079627007, 0.9092187301698723], [0.7317153760794605, 0.8871777031798398], [0.7295068425642154, 0.8988540907623193], [0.731569001538489, 0.8872506518671908], [0.736528515397285, 0.8815145760213394], [0.7364596332603573, 0.8752482429102906]]
0.9158, [[0.799691858428478, 0.9051402446651692], [0.8112127571850618, 0.8946814054120454], [0.7273499706516661, 0.827927124175207], [0.6566890515598713, 0.7773283207918011], [0.7039429594969144, 0.7659462821844727], [0.6539340078049346, 0.7624745785483644], [0.703564107743812, 0.7361782114628667], [0.6480064894231012, 0.7275485043520987], [0.6023395520306664, 0.7318591178927418], [0.6480064894231012, 0.7275485043520987]]
0.9518, [[0.82520746855809, 0.9287096181735224], [0.728116284424987, 0.9092899419837147], [0.8131211269177473, 0.895929706619402], [0.7991264155447192, 0.9052339336655905], [0.7271906807100207, 0.8958620707216061], [0.7371484546296346, 0.8889766954583743], [0.7328777621401158, 0.8947817353994103], [0.7340961149370249, 0.8817939061490945], [0.7343544229505038, 0.8732475689667275], [0.7357449810897322, 0.8554954956829987]]
0.8275, [[0.7278881123464139, 0.8995109354555666], [0.6635070891352196, 0.7111647808858627], [0.6198438199281933, 0.7447140252351536], [0.6409658220493742, 0.7224604866629228], [0.6431086338587693, 0.3876], [0.6113004014154099, 0.7432003910571389], [0.6382942644688296, 0.6954205632183906], [0.5723680154239312, 0.709987384985259], [0.5710322366336589, 0.7204232362066545], [0.6325058897109829, 0.6165720689655179]]
1.0525, [[0.8298723723490989, 0.9215225377649866], [0.8075373784406303, 0.9342760934297347], [0.8202598433252013, 0.9314700210234452], [0.9215447998784793, 0.8918603141583602], [0.8181394325111061, 0.9168016134002528], [0.8195530397205029, 0.9120410474519164], [0.8001159405912973, 0.9238525024919275], [0.8178567110692264, 0.9160265591394077], [0.7826578915552467, 0.8465046210515232], [0.7806788414620918, 0.8840099524076934]]
0.878, [[0.7864746310206183, 0.888898944826618], [0.7352800266654701, 0.8905433553629089], [0.7356674886856885, 0.8837547341709953], [0.7272509525798324, 0.8701008650147409], [0.7313063883914521, 0.8445797565281482], [0.7259120560432999, 0.850487374175207], [0.7272983090489703, 0.8433054022181664], [0.7275092605933114, 0.8426064638845991], [0.7251113012015151, 0.8303807134283308], [0.7204703672260098, 0.8180738407623194]]
0.7824, [[0.7353273831346079, 0.8366283496069071], [0.7165268648868977, 0.7984246929313492], [0.6547688695488547, 0.7162574983504142], [0.639797015607886, 0.7489199155201459], [0.6318101715910494, 0.3876], [0.6394352421855205, 0.3876], [0.6241572722717809, 0.7174762727081286], [0.6144172185927119, 0.6681215402298853], [0.5844456819859768, 0.7168473201600448], [0.6227101785823193, 0.3876]]
0.76, [[0.7204445364246619, 0.8262705555243577], [0.6549636706224362, 0.7145022344166784], [0.6316153705174681, 0.7325953479222238], [0.6327285195093616, 0.4195276756756766], [0.6368749995041654, 0.3876], [0.6213465710672496, 0.7300002545626844], [0.6323110886374015, 0.3876], [0.606402545851078, 0.3876], [0.6160869420805523, 0.3876], [0.6203725656993426, 0.3876]]
1.1132, [[0.9431729901822501, 0.9670883925663344], [0.9354688308910379, 0.9086213478520286], [0.8326995867678925, 0.9082053155622631], [0.7820924486714885, 0.8891432309771164], [0.7962285207654562, 0.8694750797065843], [0.7370924878933808, 0.9075336563596799], [0.7341004200705828, 0.8454521778744911], [0.7261100921869671, 0.852462812368384], [0.7218523150981222, 0.8376734366137863], [0.7112832122132748, 0.8217538670504001]]
1.0903, [[0.9551886514621226, 0.9332855646848237], [0.8522073662575681, 0.9273004007440684], [0.7630087513446321, 0.9216707850273762], [0.7932599456257224, 0.9042859072371192], [0.7334847859717913, 0.917839139898919], [0.7343845588854098, 0.8921204365084936], [0.7357880324253121, 0.8918601098203004], [0.735809558093102, 0.8683612329425803], [0.7266396236145989, 0.8687343542397866], [0.7331317650200367, 0.8346642521760494]]
1.1451, [[0.9849450832199249, 0.9071030138986382], [0.9609844410206493, 0.9518972881861575], [0.9599949159740718, 0.9565537438930227], [0.7175945380092774, 0.8967624863821424], [0.733820586389314, 0.8585863131756283], [0.7253136424787403, 0.8187193446932471], [0.7122217313289151, 0.8576297045486452], [0.7136295100023754, 0.7972986880527866], [0.7245559389725353, 0.79419438424821], [0.7067326860424872, 0.8059532222378212]]
0.8302, [[0.7365069897294951, 0.8911184648322337], [0.7376220193210127, 0.8644182235715289], [0.7275480067953333, 0.8809745105292712], [0.7315345604700252, 0.8590058192124105], [0.7219384177692819, 0.873961117471571], [0.7286544261197349, 0.8566181289835744], [0.7215767865504114, 0.8485949994033413], [0.7227176469432768, 0.8459944910852168], [0.7127770935578948, 0.8417368011020637], [0.7219986896390936, 0.8125892028990594]]
1.0283, [[0.9115788690522324, 0.9094827349431419], [0.735331688268166, 0.9180078209672891], [0.8036499586147893, 0.8982138996209462], [0.7290160573386053, 0.9041085418012074], [0.7308758750356539, 0.9031598001895268], [0.7425821271688484, 0.8940473444124667], [0.7295714195675851, 0.8979054513196687], [0.7362529868495742, 0.8482645847606345], [0.7348796492445777, 0.877129379088867], [0.7299072199851078, 0.8919212069001825]]
1.1181, [[0.9662854680558872, 0.9486368701038888], [0.7145895547858055, 0.7925669337708829], [0.6605015868571068, 0.3876], [0.6433590923819454, 0.7531064958584865], [0.6382942644688296, 0.7607333117717254], [0.6506502182788486, 0.7492921172960831], [0.6503162735812804, 0.7171010058612943], [0.6219031455631964, 0.7314967243436755], [0.6045380212896563, 0.7364647955917449], [0.6455019041913407, 0.6282288620689652]]
0.9271, [[0.8012468263588144, 0.9126026706092939], [0.7359602377676313, 0.929995721921943], [0.737045131424243, 0.9122939158009267], [0.7530428205183847, 0.9058534866629229], [0.7356287424836667, 0.9092762513337078], [0.7426528075293185, 0.8712976730310262], [0.7309748931074874, 0.9014083165098976], [0.7287146979895466, 0.9035247479643408], [0.7323998923151798, 0.8782014387196405], [0.7351767034600786, 0.8691559036571669]]
0.8146, [[0.7370020800886632, 0.8732880279025692], [0.7252619808760444, 0.8400691981959848], [0.7184168185188521, 0.7655867493682438], [0.6549358418976388, 0.7140935582970657], [0.6547966982736522, 0.7164775704408254], [0.6335355525284845, 0.7125765525410641], [0.6513737651235794, 0.3876], [0.6187584996610969, 0.7129134038326548], [0.6507058757284432, 0.5365431257344316], [0.6433590923819454, 0.4970225616921279]]
1.0646, [[0.9200605123086131, 0.9436348787378914], [0.8134745287200965, 0.8971945592096028], [0.7362099355139944, 0.8802885476625018], [0.734552459094171, 0.8955206218236698], [0.7376435449888026, 0.8509320137933455], [0.7348452081761139, 0.85972345447845], [0.7336656015812266, 0.8647225851116103], [0.7296101657696069, 0.8892187338902148], [0.7374455088451354, 0.8483436635897795], [0.7316766298774386, 0.8537749692194299]]
1.1028, [[0.733557973242277, 0.93568367615471], [0.9661441073349477, 0.9297614483363751], [0.9334897807978824, 0.9088120974308578], [0.7311858446518287, 0.8981973482381019], [0.7276642454013988, 0.8745297902920118], [0.710732155117853, 0.8178972926786465], [0.7272595628469485, 0.7994791794889793], [0.7101423518204094, 0.7895226031868594], [0.7079381234387223, 0.7991663379194159], [0.7122604775309369, 0.7614174355959568]]
0.948, [[0.8210373272903692, 0.929273284711498], [0.7290935497426491, 0.8986351425312368], [0.7245817697738832, 0.8324175552084795], [0.7252878116773924, 0.8305370320440826], [0.7143226365052106, 0.8579324313842481], [0.7257742917694444, 0.8023282650568581], [0.7270701369703972, 0.7988835340446441], [0.7207286752394887, 0.834528571704338], [0.7122863083322848, 0.8513482504211708], [0.7220718769095793, 0.8316255408886705]]
0.9509, [[0.8350320386633973, 0.9094736418994807], [0.8245006649533916, 0.9170250570686508], [0.7371355392289607, 0.9013808330408537], [0.7829406129971265, 0.856620581040292], [0.722911377953386, 0.8203465908325145], [0.718434039053084, 0.8031849523725959], [0.7155539047027936, 0.79657808988488], [0.711722335836189, 0.8017455950793204], [0.7123681058698864, 0.7776033598203004], [0.7123250545343066, 0.7384911139618138]]
0.8672, [[0.7829406129971265, 0.8821816376175768], [0.642496401913228, 0.7139998692966446], [0.6409379933245769, 0.7230419306121016], [0.6434147498315401, 0.7091138397795873], [0.6128309812792636, 0.7391136298610136], [0.6298065034056409, 0.7094077800786186], [0.6368749995041654, 0.3876], [0.6394352421855205, 0.3876], [0.599027933779783, 0.7130010648603116], [0.6230719520046846, 0.3876]]
0.9629, [[0.805911730149824, 0.9300483389723431], [0.8359508833495053, 0.892417544047452], [0.7287276133902205, 0.8979784000070195], [0.73728621890349, 0.8811058999017267], [0.7246162108423471, 0.8421125787940473], [0.7314269321310756, 0.8295204501965464], [0.7313924910626118, 0.8373408764214517], [0.7204402312911039, 0.8559934675347466], [0.7271045780388611, 0.8311800839182928], [0.7306692286248707, 0.8224628179488979]]
0.9279, [[0.7992677762656587, 0.9114137296083111], [0.7917756580558563, 0.9319643147901165], [0.7359042710313776, 0.9294962175347465], [0.7307467210289144, 0.8945483813351116], [0.7314183218639596, 0.8567458402709531], [0.7315216450693512, 0.8544011632037063], [0.7197858509902906, 0.8032883474308578], [0.7187267881350268, 0.8141511630282185], [0.7092124429718851, 0.8155539438087883], [0.7112746019461589, 0.8073929882072161]]
0.6545, [[0.656661222835074, 0.7527239750105292], [0.6605015868571068, 0.3876], [0.6499545001589151, 0.7626107698652254], [0.6549080131728415, 0.3876], [0.643498236005932, 0.7059977011494258], [0.6366523697057865, 0.7382660355889372], [0.6198159912033958, 0.7488007864312789], [0.6407153635261982, 0.3876], [0.6352052760163249, 0.4679675370152762], [0.6175618644948113, 0.7329859401235435]]
1.05, [[0.9112961476103527, 0.938277339147831], [0.8258435918023183, 0.9109510060718798], [0.8630214614094536, 0.9013706161378632], [0.7191659117579411, 0.8922920804787308], [0.7306218721557328, 0.8805602151130142], [0.7714903946010128, 0.8611489167836586], [0.7290935497426491, 0.8753152657939072], [0.7346428668988887, 0.8520612880808649], [0.7244612260342598, 0.8266814793626281], [0.7191099450216872, 0.8383670621577987]]
0.8088, [[0.7267816930220123, 0.8782998274954373], [0.7217748226940786, 0.7997204005685806], [0.7240091870106715, 0.7874586866137864], [0.6985434536550705, 0.7357401106626421], [0.6978199068103399, 0.7534016621858767], [0.6657890445686014, 0.7483018950582621], [0.5917089791580825, 0.6433080459770123], [0.5683885077779116, 0.4858283619271426], [0.5817462956806347, 0.3876], [0.5876181566128735, 0.3876]]
1.1227, [[0.9603483177764209, 0.9587783723501333], [0.9284714752045236, 0.9419890378351818], [0.9548352496597734, 0.8870646020637372], [0.9302384842162695, 0.9398292867120597], [0.9179401014945179, 0.9365273880036502], [0.7997625387889481, 0.9238055047381721], [0.7357535913568481, 0.9342456470588234], [0.8219561719764772, 0.9049641052576162], [0.7348409030425559, 0.9162066831391269], [0.7971473654515636, 0.900410022918714]]
1.1109, [[0.7846369416484023, 0.9443390276919836], [0.9664975091372968, 0.9287303584865927], [0.736554346198633, 0.9306692201670643], [0.9054296776913566, 0.9010838276709252], [0.9269871876346574, 0.8974406844026394], [0.7367394669416263, 0.920210176575881], [0.7664014086471839, 0.8897562451565353], [0.7890898043580022, 0.8793867016355468], [0.72836598217135, 0.9090709937526322], [0.7345051026250332, 0.88954015765829]]
0.9498, [[0.8247127060348006, 0.927089013021199], [0.8035792782543192, 0.8786075606135055], [0.730337733340906, 0.8966435616313352], [0.7367782131436481, 0.8515450279727643], [0.7262392461937065, 0.8291394618840376], [0.7268850162274039, 0.8019536112242033], [0.7256795788311687, 0.8441559593921101], [0.7051785328280554, 0.8074857576863681], [0.7116233177643554, 0.7859714120454864], [0.7112875173468328, 0.7947221894566896]]
1.1602, [[0.9687592806723315, 0.9855518688052787], [0.9011888560631663, 0.9150401171556928], [0.92564426078573, 0.9038708966376527], [0.9140526816686768, 0.9059710832163413], [0.7841421791251135, 0.8830341360030887], [0.7124240726061403, 0.8488507284851887], [0.7238326765347942, 0.7790693832303804], [0.721176409129519, 0.8152667466657307], [0.7104695419708161, 0.8199380168819318], [0.7120280003188059, 0.7895438543450792]]
1.1571, [[0.9727880612191122, 0.9683479323669801], [0.968617919951392, 0.978618882774112], [0.9312986896233172, 0.9570194303313211], [0.8637989453746214, 0.8996883008914783], [0.7337990607215241, 0.8951403486943704], [0.8143226930457345, 0.895099583251439], [0.7358870504971456, 0.8934192092166221], [0.7731160428918185, 0.8918223072792362], [0.7919876991372659, 0.8659942830268146], [0.7279656047504576, 0.8891480329215218]]
1.1198, [[0.9710917325678363, 0.9455151975642285], [0.825490189999969, 0.9184222185525762], [0.7666134497285935, 0.8841145734943142], [0.7334546500368855, 0.8887762398217043], [0.7870400739043772, 0.8728642307665309], [0.734307066481366, 0.8733347191492348], [0.7317584274150403, 0.8384237659693949], [0.7315991374733949, 0.8539350680892883], [0.7301913587999346, 0.8479249749052366], [0.7306433978235228, 0.8154803821072582]]
1.0523, [[0.8122729625921095, 0.9276221310192334], [0.927411269797476, 0.8975520486452337], [0.7600401762048984, 0.8841028240558754], [0.7578490850303338, 0.8613532548434648], [0.7331619009549426, 0.8778461970026673], [0.7284908310445315, 0.8838408626632036], [0.7290677189413012, 0.8806826136108381], [0.7349872775835273, 0.8404096254036221], [0.7273241398503182, 0.8641795567176752], [0.7267989135562443, 0.8759572959778184]]
1.1513, [[0.98699481367355, 0.9591597693387617], [0.917303978250289, 0.9301365108451496], [0.9218275213203591, 0.8976588152814825], [0.9371651595423138, 0.8971497070054752], [0.8946862628999407, 0.9013970779166083], [0.7360334250381171, 0.9042491263863539], [0.7347117490358164, 0.9165677484908044], [0.9073380474240421, 0.8728907947143059], [0.7360118993703272, 0.8910200760564368], [0.7297952865126002, 0.9046923356380738]]
0.6898, [[0.706267731618225, 0.755489690650007], [0.6724957672447605, 0.737649241155412], [0.639797015607886, 0.7489199155201459], [0.6415780539949156, 0.7223037593710515], [0.6539061790801373, 0.6781356321839078], [0.6302517630023983, 0.7309352033553278], [0.464865651531807, 0.3876], [0.5701138887153467, 0.3876], [0.46553354092694316, 0.3876], [0.46617360159728205, 0.3749078219097832]]
0.9342, [[0.8140399716038553, 0.9220862043029623], [0.7351336521244987, 0.8828460428190369], [0.7368341798799019, 0.8544738053839673], [0.7346643925666786, 0.9037139650077215], [0.7340057071323073, 0.895037362312228], [0.7323094845104621, 0.866367199985961], [0.7326409797944268, 0.8658328559595676], [0.7333599370986098, 0.821478725852871], [0.7339798763309593, 0.8098776368454302], [0.732563487390383, 0.8497965071950022]]
0.6922, [[0.7095869895914296, 0.7549888580654218], [0.6952874928537818, 0.7423458492910291], [0.5727854462958913, 0.3876], [0.5613200116793873, 0.3876], [0.5681658779795329, 0.3876], [0.5590658849708028, 0.3876], [0.5460142130408504, 0.3876], [0.5564499848398529, 0.3876], [0.5458472406920662, 0.3876], [0.5446227768009834, 0.3876]]
1.1659, [[0.9666388698582364, 0.9644000188824933], [0.9812697044754928, 0.9538135705110207], [0.9315107307047268, 0.9791085789344378], [0.9679817967071637, 0.9500586543240208], [0.8825292408991285, 0.9085114139758529], [0.8001159405912973, 0.9238525024919275], [0.8517126037342794, 0.9215930343956198], [0.861042411316298, 0.8961564196967571], [0.8476131428270286, 0.9115170224975432], [0.7972180458120337, 0.910483582760073]]
0.8899, [[0.7369375030852934, 0.9263251973536432], [0.7689459016240983, 0.866870382458234], [0.7365155999966111, 0.9198317424891197], [0.7367136361402783, 0.8759293016636249], [0.7614537834142951, 0.8583562285202864], [0.7350174135184332, 0.8954171245963779], [0.7276814659356308, 0.9049842325565072], [0.7361539687777405, 0.8663935595956759], [0.7337646196530602, 0.8915035399059386], [0.7304195308785078, 0.8807696616243157]]
1.0337, [[0.8257729114418482, 0.9022865614909448], [0.8230163773835247, 0.9195496537975573], [0.8219561719764772, 0.9253979112382422], [0.7343974742860837, 0.9369674300154429], [0.7354651474084634, 0.9293372425242173], [0.9024611025516229, 0.8763677089709393], [0.8035085978938491, 0.8992261903692266], [0.7357665067575221, 0.9081995940965886], [0.793189265265253, 0.8793679025340446], [0.7341649970739526, 0.905274290432402]]
0.9736, [[0.8433723211988383, 0.9320213251088024], [0.7625139888213427, 0.8740902591253685], [0.7308026877651681, 0.8251252406991436], [0.706521734498146, 0.7788876245261828], [0.6534609194833799, 0.6239590000000009], [0.6567168802846686, 0.3876], [0.6520694832435129, 0.7113009722027236], [0.6517633672707421, 0.762060589639197], [0.6411606231229556, 0.763452642671627], [0.6561881345135192, 0.3876]]
1.1206, [[0.9688299610328016, 0.9484013704899621], [0.9231704481692857, 0.9137592240277973], [0.858639279060323, 0.9043695836726098], [0.7835060558808853, 0.8721150252702513], [0.7337344837181543, 0.8697851627123403], [0.757354322507045, 0.8691181011161029], [0.7500742453786515, 0.8677557792713745], [0.7363132587193859, 0.8646797762880808], [0.7250165882632394, 0.8459879522673031], [0.7251543525370949, 0.8443673471149795]]
0.8333, [[0.7332092574240805, 0.8992190385371333], [0.7339669609302854, 0.8819725997823951], [0.7283875078391399, 0.8872506518671908], [0.7325419617225931, 0.8338119581285974], [0.728602764517039, 0.8737755785132668], [0.7316852401445546, 0.872516140881651], [0.7317239863465764, 0.872271343886003], [0.727883807212856, 0.8808285109855397], [0.725150047403537, 0.8638851055734942], [0.7181585105053732, 0.761431943598203]]
0.8567, [[0.7431475700526072, 0.9160174660957461], [0.7351982291278685, 0.9111813972343114], [0.7327529132669343, 0.8307892873789133], [0.7267859981555703, 0.8699221713814403], [0.731569001538489, 0.8566775913589779], [0.7334718705711174, 0.8305750389232064], [0.7127727884243369, 0.8587649046398989], [0.7259551073788797, 0.8418417286957743], [0.7251672679377689, 0.8457060679138004], [0.7295068425642154, 0.8091713423417098]]
0.8338, [[0.7361539687777405, 0.8663935595956759], [0.7408151181571024, 0.8604677558612943], [0.7357880324253121, 0.8918601098203004], [0.7314484577988656, 0.8505192509125369], [0.7314613731995395, 0.8317167778323741], [0.7294637912286356, 0.8733118332865365], [0.7301267817965649, 0.8714639020426787], [0.7313924910626118, 0.8363921348097711], [0.7289988368043734, 0.8723631938438859], [0.7153214274906625, 0.8650464609364031]]
0.7721, [[0.717689250947553, 0.8442109263301979], [0.7049116145474605, 0.7297109118699985], [0.6418006837932944, 0.7353872188333568], [0.6520416545187155, 0.3876], [0.641355424196537, 0.7113113934437737], [0.640047474131062, 0.728915321634143], [0.6114395450393966, 0.7232182743577145], [0.6085731863852706, 0.7279812923627684], [0.6304187353511823, 0.7156203722799382], [0.6363740824578131, 0.3876]]
0.8704, [[0.734586900162635, 0.8799384143970237], [0.7883123203928337, 0.8781347223431138], [0.7233763323776481, 0.8120255363610838], [0.7223387951901743, 0.8152337460690721], [0.7198504279936603, 0.8198552599677101], [0.7195275429768115, 0.8165045244630071], [0.6462532797608688, 0.7659587468061211], [0.6734976013374647, 0.7295152581777341], [0.6565499079358845, 0.7547412003369366], [0.6659003594677908, 0.7406363570826898]]
0.917, [[0.7326668105957747, 0.9030868515021762], [0.8127677251153982, 0.8948082993471853], [0.728348761637118, 0.9056410772497543], [0.7297522351770204, 0.8989271416186999], [0.7952389957188781, 0.8713681696616594], [0.7926238223814942, 0.8902823134915064], [0.7886657221951829, 0.8908412802541065], [0.7281291998256609, 0.9022841094342271], [0.7864746310206183, 0.888898944826618], [0.7870400739043772, 0.8727891365295521]]
1.1367, [[0.9486860582988976, 0.9569390233047874], [0.9754739149169662, 0.9561864462305208], [0.832558226046953, 0.9329263383756844], [0.8274692400931247, 0.926384353221957], [0.8051342461846555, 0.8803941904394215], [0.7654118836006064, 0.9035604049557769], [0.7669668515309427, 0.8858435799873648], [0.73779852979689, 0.9038101060648602], [0.7287921903935902, 0.890972465288502], [0.73779852979689, 0.8889464534255229]]
0.8918, [[0.7375789679854329, 0.8949478622420328], [0.7342941510806921, 0.9170918756142075], [0.7788411520898757, 0.8680776117155693], [0.7307424158953564, 0.8636363239856801], [0.7289084289996558, 0.865971703671206], [0.730109561262333, 0.8627959837147269], [0.730342038474464, 0.8379411194721326], [0.7271777653093467, 0.8541422668819317], [0.730342038474464, 0.8311118350063176], [0.7109689374635421, 0.8412556871402499]]
0.9543, [[0.7697940659497362, 0.9194155058612945], [0.8368697280356133, 0.9086280910080022], [0.7269151521623098, 0.8733835559455285], [0.7917756580558563, 0.8714597131124526], [0.7788411520898757, 0.8678920727572652], [0.7743176090198063, 0.869322439175909], [0.7346471720324467, 0.863328488698582], [0.733084408550899, 0.8672366584304365], [0.7316378836754168, 0.8649641126983013], [0.7184211236524101, 0.8284443038045767]]
0.8995, [[0.7290892446090911, 0.9128658580303243], [0.7890898043580022, 0.8955037639337358], [0.7286501209861768, 0.9029408519584445], [0.7299373559200136, 0.8797880215850064], [0.7290677189413012, 0.8806826136108381], [0.7746003304616854, 0.8763379777832374], [0.728598459383481, 0.8542128656815948], [0.7311514035833647, 0.8392359075880949], [0.7331619009549426, 0.8021655097922225], [0.727883807212856, 0.8868857040923768]]
1.1394, [[0.9548352496597734, 0.8870646020637372], [0.9392148899959389, 0.9815380562965044], [0.9479085743337292, 0.8925560852520005], [0.818068752150636, 0.9447124554962797], [0.7476004327622072, 0.9595717148673313], [0.816019021697011, 0.9211702589498807], [0.8151708573713724, 0.9370240316580094], [0.8122022822316393, 0.89798851474098], [0.7784877502875265, 0.8982796964762038], [0.7362702073838061, 0.9076244846272638]]
0.7876, [[0.7252619808760444, 0.8459879522673031], [0.732834710804536, 0.8075046589569003], [0.6656499009446147, 0.7265417307314334], [0.6635905753096116, 0.71558686083813], [0.5778781029338046, 0.6748188850574703], [0.6543514386768947, 0.6742651264367827], [0.588313874732807, 0.6615507356321835], [0.5784625061545488, 0.3876], [0.5672475300612208, 0.3876], [0.5856423171522623, 0.3876]]
1.1198, [[0.9710917325678363, 0.9455151975642285], [0.92564426078573, 0.9353657261336515], [0.7373292702390698, 0.9096527442089006], [0.7512051311461686, 0.9062697232907483], [0.7874641560671959, 0.8762041363540642], [0.7787704717294056, 0.8831779899971922], [0.7633621531469813, 0.8909898340235854], [0.7293217218212221, 0.8957160711778746], [0.7636448745888604, 0.87307612933455], [0.7455507023085816, 0.8839515117225889]]
1.1501, [[0.9696781253584396, 0.9751936660466096], [0.9414059811705042, 0.9562665467499648], [0.865777995467777, 0.9464658803874773], [0.8724926297124116, 0.9288505092657589], [0.7352800266654701, 0.9242504508634002], [0.8295896509072198, 0.9223680886564649], [0.842948239036019, 0.9013332222729187], [0.7924824616605546, 0.8726082973466236], [0.7375703577183169, 0.882172953250035], [0.7351465675251727, 0.9194003848448686]]
1.0787, [[0.8157363002551312, 0.9363782212199915], [0.9409818990076848, 0.9322945250947635], [0.9006234131794075, 0.9358690107749544], [0.939285570356409, 0.9345827026884739], [0.8078907802429796, 0.9142650628948477], [0.736558651332191, 0.9083282249052365], [0.7784877502875265, 0.8982796964762038], [0.8013175067192845, 0.8951629280499789], [0.774812371543095, 0.9005744128878281], [0.7739642072174571, 0.9075336563596799]]
