mean:0.624446,,,,,,,,,,,,,,,,,,,,
0.394, [[0.7917034275606245, 0.3418727736491969], [0.7718158151166642, 0.29215170856685346], [0.7264849414083654, 0.29329360128102483], [0.659253539016839, 0.31620340094110005], [0.7354222895107123, 0.28847752669966137], [0.3231041843615759, 0.28363073586871584], [0.6970963643150635, 0.2818562213467049], [0.6550666732391633, 0.27926918891638447], [0.3233882936483654, 0.28172387861422243], [0.6053479745680651, 0.27900344686116174]]
0.2602, [[0.5801564347577883, 0.28249324921854646], [0.22331048665308215, 0.2650079291482157], [0.23458719995274951, 0.2602836835764522], [0.22409956964478916, 0.2642946538812191], [0.2245730194398134, 0.26186524550664236], [0.23329597323904713, 0.2605009569549362], [0.23399897444984066, 0.2550822050013024], [0.22395610000993332, 0.26414590518364156], [0.2316460724382052, 0.2593770138707997], [0.223109629164284, 0.2598604327298776]]
0.7699, [[0.9296284482752171, 0.6197603788235303], [0.9866342361712659, 0.3992367963654064], [0.9475836611294811, 0.4185178815511927], [0.9780994713167724, 0.37674771961706965], [0.964492157539326, 0.35474306863540483], [0.9533003432489997, 0.3462820619828004], [0.9260051990445359, 0.3691994314457243], [0.9231871163095619, 0.36718136167450915], [0.9409007792151136, 0.3448972818432582], [0.9076474029424184, 0.33336082687003105]]
0.3519, [[0.792106010808478, 0.29443768454763813], [0.6938756983322358, 0.29300181585268215], [0.7317185236304603, 0.2827911500390727], [0.7032156296824362, 0.292475160928743], [0.7259213248613707, 0.2890339271294608], [0.7239084086221035, 0.29175208646917533], [0.7165813935111703, 0.2923641345076061], [0.5646612612141084, 0.29144982866293034], [0.5719810671212462, 0.2909008262610088], [0.6896888325545601, 0.28840494855431104]]
0.5152, [[0.9371970133348616, 0.3967127872789227], [0.9202885169250167, 0.38961158526691547], [0.9295479316256461, 0.29125634907926345], [0.7705275487235328, 0.3809070056790522], [0.8570829470120248, 0.2953653258606886], [0.8880818570967406, 0.2869729613831727], [0.8839755079686358, 0.2897114320135452], [0.8032978250988043, 0.34204315106279404], [0.7776130138857538, 0.3189699938341718], [0.781477813065147, 0.307253270160636]]
0.5202, [[0.9264882989419604, 0.3883321473308453], [0.9713360727528347, 0.3228243809832875], [0.9221403998651427, 0.36233834041862745], [0.9223014331642839, 0.3362221288333606], [0.9325270476597622, 0.3165738296284276], [0.6614274885552476, 0.3524715346422198], [0.9089356693355498, 0.34320661366217775], [0.9252000325488291, 0.29088101979682207], [0.9144913181559271, 0.3128542112607497], [0.9193223171301685, 0.3105218458542917]]
0.3964, [[0.6695596701618876, 0.3088764303099142], [0.8766484928577027, 0.2880558895545715], [0.8570829470120248, 0.2953653258606886], [0.848467665507961, 0.293814837469976], [0.6479006914273722, 0.2945589527622098], [0.7916229109110542, 0.29245237149719777], [0.7081271453062479, 0.29349428662930344], [0.7498347697838657, 0.28426397922636104], [0.7762442308430522, 0.2880328174654858], [0.7623148504673226, 0.28863121255535296]]
0.5617, [[0.9581313422232411, 0.41905349472659403], [0.983977186735433, 0.3815452409540809], [0.9422695622578152, 0.41818899626805106], [0.9195638670788807, 0.3913413240305046], [0.9219793665660014, 0.29900838812266767], [0.8999178045836327, 0.3628185623884473], [0.8970997218486585, 0.2954344243394716], [0.8092560571670351, 0.31728847509329877], [0.8985490215409303, 0.293891353082466], [0.9105460023269636, 0.2944005604483587]]
0.9569, [[0.9867147528208362, 0.7805385882352973], [0.9710140061545516, 0.42415294759045935], [0.9690010899152843, 0.4030202135323705], [0.9554742927874089, 0.44766181599870175], [0.9694036731631377, 0.3494042466331333], [0.9619961414026343, 0.3934649832873599], [0.9392904462237, 0.3935587032289469], [0.9181950840361792, 0.40834048937205913], [0.9685179900178605, 0.2951857582065653], [0.9657804239324567, 0.3373366295635241]]
0.3261, [[0.5674180712310826, 0.29144982866293034], [0.7338924731688687, 0.2892587695363376], [0.5646612612141084, 0.2895835269601459], [0.6970963643150635, 0.2818562213467049], [0.5507821487148621, 0.28797804766866375], [0.6374335269831825, 0.2777471994660068], [0.5697946315905427, 0.2758876774550664], [0.5645661987997305, 0.2781265730007815], [0.5575315801357281, 0.28390262535816624], [0.553729083560592, 0.27702793045063817]]
0.8672, [[0.9560379093344036, 0.7094235678431381], [0.9818032371970244, 0.3835964465357782], [0.9272934654376672, 0.3086635203634594], [0.8062769411329197, 0.3475004212234301], [0.954669126291702, 0.29436800960768617], [0.7738287313559314, 0.34679047411974706], [0.8677916614049268, 0.2933963266613291], [0.793957893748604, 0.3032193561577153], [0.7157762270154635, 0.2937106325060048], [0.7632005336126004, 0.29234495756605283]]
0.5085, [[0.9665050737785933, 0.37680484179782564], [0.8194816716625126, 0.2953653258606886], [0.7849400289966868, 0.3191594119746879], [0.8201258048590783, 0.2942919167333867], [0.818998571765089, 0.29048744953112793], [0.8162610056796851, 0.2895016508205262], [0.20448727055999874, 0.24708397043500913], [0.7621538171681813, 0.2841562262307893], [0.26676743905090966, 0.2668428614222454], [0.2664661528177125, 0.26986507456368847]]
0.6988, [[0.9640895742914726, 0.5455547184313697], [0.9866342361712659, 0.3992367963654064], [0.9812396206500298, 0.42970838877170214], [0.9705309062571278, 0.4386538211909785], [0.9744762220860913, 0.40569234463735193], [0.9422695622578152, 0.41818899626805106], [0.9656193906333155, 0.3948495161447346], [0.9531393099498584, 0.427879242576667], [0.9326075643093323, 0.4158685004056467], [0.9744762220860913, 0.35038991335388603]]
0.4546, [[0.9797098043081862, 0.306300986532533], [0.637675076931894, 0.32706922667532046], [0.917228884241331, 0.2928745908726982], [0.8057938412354952, 0.29443768454763813], [0.6989482472551896, 0.3151593756287525], [0.8202063215086492, 0.28673638121906747], [0.7800285133728744, 0.28942436604584526], [0.6551471898887343, 0.2945717694155324], [0.773506664757649, 0.2888423192888773], [0.7144879606223329, 0.2945632377902322]]
0.5877, [[0.9644116408897551, 0.4446593159175727], [0.9797098043081862, 0.42322440305046216], [0.9523341434541515, 0.4340615440532205], [0.9448460950440771, 0.39528819471036847], [0.968840056616143, 0.3213087885769919], [0.9559573926848326, 0.3150698594840176], [0.9080499861902719, 0.29487285508406724], [0.7591747011340659, 0.28862679408700187], [0.7666627495441403, 0.2916714587670136], [0.7469361703993211, 0.29457745716573264]]
0.5768, [[0.9665855904281635, 0.44006679149764716], [0.9623987246504878, 0.42840941554437784], [0.7705275487235328, 0.3809070056790522], [0.9476641777790513, 0.3557403576180431], [0.9685179900178605, 0.2951857582065653], [0.9517705269071568, 0.29155042113690954], [0.9370359800357204, 0.2941687654123299], [0.8082093407226161, 0.33931463962356023], [0.9272129487880963, 0.32469877981502504], [0.9124784019166599, 0.29377271737389915]]
0.4793, [[0.9391294129245586, 0.3612327418465034], [0.9229455663608497, 0.2912833658927142], [0.9176314674891844, 0.3135992724322569], [0.7742313146037849, 0.3311345455135489], [0.9142497682072148, 0.29456195036028826], [0.7952461601417353, 0.31376371507382794], [0.8800301921396716, 0.29144771497197763], [0.9109485855748171, 0.2907446812320917], [0.6653728043842119, 0.3112760564660068], [0.6669026207260547, 0.31019543339282823]]
0.5037, [[0.9551522261891257, 0.3430115080318027], [0.9302725814717827, 0.3781552497160474], [0.9350230637964532, 0.29334613610888716], [0.916101651147341, 0.2954797534027222], [0.927776565335091, 0.29528917534027227], [0.9107070356261049, 0.3233726055492456], [0.7807531632190111, 0.3473804893720592], [0.9113511688226705, 0.3098371215317218], [0.6586094058202734, 0.3308936926821353], [0.7326042067757382, 0.3186030270971931]]
0.5223, [[0.9535418931977119, 0.39579982151549553], [0.8132013729959986, 0.3418727736491969], [0.9243948660531222, 0.3239411072529615], [0.924233832753981, 0.2928422898318655], [0.9239922828052687, 0.2922410216172938], [0.9105460023269636, 0.2944005604483587], [0.8309150359015505, 0.30503613824436165], [0.809980707013171, 0.30367188252474436], [0.7867919119368129, 0.2915907157726181], [0.7867113952872419, 0.29514004483586875]]
0.549, [[0.9558768760352623, 0.41027349407755953], [0.9690010899152843, 0.4030202135323705], [0.9619961414026343, 0.3934649832873599], [0.9771332715219243, 0.34085199286061996], [0.9460538447876375, 0.36995042738925854], [0.9514484603088744, 0.3489769430472174], [0.9582923755223831, 0.32643667889015077], [0.9582923755223831, 0.32643667889015077], [0.9332516975058981, 0.3737793444750931], [0.9330906642067569, 0.2936197630104083]]
0.5222, [[0.9548301595908433, 0.3798587765698522], [0.9913847184959363, 0.3398947635891612], [0.9113511688226705, 0.3678557001460328], [0.9144913181559271, 0.3240931857861433], [0.9276155320359498, 0.3186022852506895], [0.9371970133348616, 0.31649989226026276], [0.6669026207260547, 0.36144688820379695], [0.893959572515401, 0.29158124259407525], [0.8790639923448234, 0.2928829303442754], [0.6429891758035599, 0.3227974272269999]]
0.581, [[0.9761670717270761, 0.4208141437611552], [0.9665855904281635, 0.44006679149764716], [0.9559573926848326, 0.3850381015739089], [0.931399814565772, 0.2976718280058415], [0.9276960486855208, 0.28882704675696796], [0.9276155320359498, 0.3186022852506895], [0.9247169326514046, 0.28762946893722324], [0.9243948660531222, 0.3239411072529615], [0.9238312495061275, 0.29392745876701365], [0.9218183332668601, 0.3418913198117802]]
0.6927, [[0.9640895742914726, 0.5455547184313697], [0.9758450051287929, 0.39399490897290274], [0.6377555935814649, 0.34679319422359234], [0.9202080002754465, 0.3245494213856889], [0.9202080002754465, 0.3245494213856889], [0.9369554633861501, 0.2897442055222714], [0.9063591365492878, 0.3121289326626642], [0.893073889370124, 0.319148284277138], [0.9309972313179187, 0.29392171337069656], [0.927776565335091, 0.29528917534027227]]
0.5179, [[0.9600637418129381, 0.3608682479312024], [0.9202885169250167, 0.38961158526691547], [0.7817193630138592, 0.3138913126723999], [0.9176314674891844, 0.3135992724322569], [0.7535385356641177, 0.2954746228983187], [0.916101651147341, 0.2950711000800641], [0.8881623737463116, 0.2918055052041633], [0.9057955200022925, 0.2938118398718975], [0.9013671042759045, 0.29182131945556444], [0.7490296032881587, 0.29534893514811855]]
0.5678, [[0.9666661070777345, 0.4206603342527989], [0.9763281050262174, 0.40002884114879134], [0.9531393099498584, 0.427879242576667], [0.9665855904281635, 0.2941125412329864], [0.9266493322411016, 0.42392520071393774], [0.9450876449927894, 0.3937100399156256], [0.8078067574747625, 0.2955291945556445], [0.907325336344136, 0.2942947798238591], [0.7807531632190111, 0.3205553198117801], [0.8050691913893594, 0.28918678692367805]]
1.0889, [[0.9675517902230124, 0.429115900697712], [0.9828499536414436, 0.2925208550840673], [0.9256026157966826, 0.9227643003921602], [0.9812396206500298, 0.42099070322894694], [0.9174704341900426, 0.8702017772549051], [0.9730269223938188, 0.293475417133707], [0.9505627771635965, 0.8300104713725511], [0.9723827891972538, 0.3229497530423498], [0.9370359800357204, 0.8021817254901951], [0.9715776227015469, 0.29459115772618094]]
0.4599, [[0.8200452882095073, 0.3648954853155929], [0.9019307208228999, 0.2926832826261009], [0.791300844312771, 0.3278884724971606], [0.8863910074557566, 0.28312656941911957], [0.8855858409600497, 0.29195528903122503], [0.7836517626035555, 0.29849873957488265], [0.6679493371704738, 0.2953944755804644], [0.7925085940563315, 0.2941991449159328], [0.7817193630138592, 0.29312220016012813], [0.7971785597314316, 0.292118581265012]]
0.5886, [[0.9512069103601621, 0.44367859484017524], [0.9504017438644552, 0.4204382748661368], [0.9657804239324567, 0.41962892033100774], [0.9690010899152843, 0.4030202135323705], [0.9768112049236418, 0.3962340490021093], [0.9851849364789933, 0.380781880902158], [0.9741541554878088, 0.34423085640110357], [0.8045055748423647, 0.32942335291254266], [0.9476641777790513, 0.3557403576180431], [0.9536224098472829, 0.36173423008275174]]
0.5774, [[0.9561989426335448, 0.3671185520038942], [0.9345399638990295, 0.42399369787441166], [0.9771332715219243, 0.34085199286061996], [0.9128004685149431, 0.4397257893882848], [0.9409007792151136, 0.3448972818432582], [0.8032978250988043, 0.34204315106279404], [0.924233832753981, 0.2928422898318655], [0.9099823857799689, 0.32541565081940627], [0.9127199518653721, 0.29294918494795835], [0.8793860589431066, 0.33095823332792473]]
0.5587, [[0.9307556813692064, 0.4349445886743468], [0.9448460950440771, 0.39528819471036847], [0.9455707448902138, 0.3869011254259289], [0.9032995038656015, 0.36938439850722027], [0.917067850942189, 0.35472402790848634], [0.9089356693355498, 0.34320661366217775], [0.9158601011986287, 0.34008269803667046], [0.9244753827026931, 0.29342516893514814], [0.9238312495061275, 0.29392745876701365], [0.9326075643093323, 0.29227601281024823]]
0.575, [[0.9867147528208362, 0.31926252863864996], [0.9329296309076156, 0.3959207424955377], [0.9380826964801394, 0.2949032922337871], [0.9307556813692064, 0.4349445886743468], [0.9280986319333742, 0.3983821891935745], [0.9116732354209529, 0.34515865909459664], [0.9165042343951944, 0.3468943326302128], [0.9249584826001169, 0.30734352815187416], [0.20523331266124897, 0.25584241208648084], [0.2825333782080307, 0.2719782550794478]]
0.9051, [[0.9659414572315985, 0.743437922352937], [0.9323660143606202, 0.3796992795716373], [0.9307556813692064, 0.4349445886743468], [0.9789046378124793, 0.36509034366379994], [0.9391294129245586, 0.3612327418465034], [0.9409007792151136, 0.3448972818432582], [0.93228549771105, 0.34391161512250545], [0.9128809851645133, 0.3285682511763751], [0.9223819498138549, 0.32780637481745906], [0.9099823857799689, 0.32541565081940627]]
0.5647, [[0.9453291949415017, 0.422580480285575], [0.9780994713167724, 0.37674771961706965], [0.9844602866328573, 0.32840257212396573], [0.9475836611294811, 0.4185178815511927], [0.9562794592831159, 0.3569822086646114], [0.9280986319333742, 0.3983821891935745], [0.9561184259839739, 0.3587599201687491], [0.9466979779842032, 0.39239375693655676], [0.9217378166172892, 0.37560156676943046], [0.9221403998651427, 0.36233834041862745]]
0.5361, [[0.97077245620584, 0.3885136524419924], [0.9574066923771052, 0.4008550108713288], [0.9661024905307398, 0.29545540752602084], [0.9448460950440771, 0.39528819471036847], [0.927857081984662, 0.3915482992049328], [0.9371970133348616, 0.29371316893514815], [0.8793860589431066, 0.33095823332792473], [0.9260051990445359, 0.28989293500911695], [0.8029757585005212, 0.32771784780139535], [0.8024121419535264, 0.3248187116663964]]
0.9576, [[0.9886471524105331, 0.2905126155899974], [0.9867147528208362, 0.7805385882352973], [0.9344594472494585, 0.7558048109803904], [0.9802734208551809, 0.4480151822164528], [0.9809175540517465, 0.34126792146681795], [0.9695647064622797, 0.37860530326139874], [0.9685179900178605, 0.44624884569203305], [0.9723827891972538, 0.3229497530423498], [0.9665855904281635, 0.44006679149764716], [0.9219793665660014, 0.42906446600681497]]
0.5605, [[0.9761670717270761, 0.4208141437611552], [0.9651362907358918, 0.40810829141651783], [0.7999966424664058, 0.3514228109686841], [0.9240727994548397, 0.2936379023218575], [0.7835712459539852, 0.32936647801395424], [0.8072431409277678, 0.31833818789550533], [0.8701266442424773, 0.330625391530099], [0.7966954598340071, 0.3597794645464872], [0.9013671042759045, 0.29182131945556444], [0.8793860589431066, 0.2925294059247398]]
0.5869, [[0.9574872090266762, 0.44395258348207056], [0.9797098043081862, 0.42322440305046216], [0.9710140061545516, 0.42415294759045935], [0.9768112049236418, 0.3962340490021093], [0.9748788053339448, 0.3428520110335874], [0.9619961414026343, 0.3934649832873599], [0.9548301595908433, 0.3798587765698522], [0.961593558154781, 0.35531305403212715], [0.6377555935814649, 0.34679319422359234], [0.8185154718676645, 0.339144014927795]]
0.5676, [[0.9642506075906139, 0.42522986143112096], [0.9690010899152843, 0.4030202135323705], [0.9818032371970244, 0.3835964465357782], [0.9648142241376085, 0.41421616096057134], [0.9714971060519759, 0.3602413876358917], [0.9450876449927894, 0.3937100399156256], [0.9619961414026343, 0.3934649832873599], [0.968840056616143, 0.3213087885769919], [0.9670686903255881, 0.34775759467791645], [0.9670686903255881, 0.34775759467791645]]
0.5604, [[0.9553937761378379, 0.4309959870193085], [0.9202885169250167, 0.38961158526691547], [0.9455707448902138, 0.37971065455135483], [0.9159406178481997, 0.3535484484828819], [0.9294674149760758, 0.34661243095894845], [0.9443629951466535, 0.33845335583319813], [0.8998372879340617, 0.3273402479312024], [0.88679359070361, 0.324410696089567], [0.9407397459159724, 0.320701958137271], [0.9327685976084736, 0.3157592821677757]]
0.6915, [[0.908372052788555, 0.5390531199999957], [0.9975039838633091, 0.31072807918221673], [0.9802734208551809, 0.4480151822164528], [0.9425916288560985, 0.455891529411762], [0.9425916288560985, 0.455891529411762], [0.9913847184959363, 0.3398947635891612], [0.9705309062571278, 0.4386538211909785], [0.9665855904281635, 0.44006679149764716], [0.9338153140528928, 0.44748525653091], [0.9828499536414436, 0.2925208550840673]]
1.1683, [[0.9828499536414436, 0.9784174635294092], [0.9842992533337154, 0.2936148823058447], [0.9735905389408142, 0.42982238585104654], [0.9774553381202067, 0.3152236689923739], [0.9771332715219243, 0.34085199286061996], [0.972463305846824, 0.6846897905882312], [0.9762475883766464, 0.33511430472172643], [0.9574872090266762, 0.44395258348207056], [0.9690010899152843, 0.36160317053383095], [0.9514484603088744, 0.4220505546000326]]
0.5343, [[0.9477446944286223, 0.40996562777867934], [0.9231871163095619, 0.36718136167450915], [0.9144913181559271, 0.3240931857861433], [0.6683519204183272, 0.34899103813078053], [0.6405736763164391, 0.3422137757585592], [0.8479040489609665, 0.29372208486789436], [0.8925907894726995, 0.28502168891638446], [0.9034605371647426, 0.2956573995196157], [0.7874360451333777, 0.2952593146517214], [0.8663423617126542, 0.29332451881505206]]
0.9204, [[0.951045877061021, 0.7681716996078438], [0.9675517902230124, 0.3815224909946454], [0.9422695622578152, 0.41818899626805106], [0.9326075643093323, 0.4158685004056467], [0.9455707448902138, 0.37971065455135483], [0.9268103655402429, 0.2902895405704611], [0.9350230637964532, 0.29334613610888716], [0.9308361980187774, 0.3003068667856563], [0.9261662323436772, 0.2931266004803843], [0.9071643030449947, 0.3070349200064903]]
0.8762, [[0.9763281050262174, 0.40002884114879134], [0.9566820425309692, 0.7156091764705887], [0.9851849364789933, 0.380781880902158], [0.9216572999677191, 0.5795690729411763], [0.9844602866328573, 0.32840257212396573], [0.9574872090266762, 0.44395258348207056], [0.9654583573341742, 0.41958910790199583], [0.9636869910436192, 0.4262897128022066], [0.9554742927874089, 0.40245047541781576], [0.9797098043081862, 0.306300986532533]]
0.517, [[0.9976650171624503, 0.3709818413110497], [0.9559573926848326, 0.3150698594840176], [0.7722989150140886, 0.32394654746065243], [0.9080499861902719, 0.29487285508406724], [0.7068388789131173, 0.2959262631835148], [0.9701283230092743, 0.2938818606885509], [0.8090145072183229, 0.2941859055244196], [0.632602528008941, 0.29312817614091274], [0.7711716819200984, 0.2921693290632506], [0.6722972362472908, 0.2926274619695757]]
0.5049, [[0.9302725814717827, 0.3781552497160474], [0.9000788378827739, 0.3536889047541782], [0.9573261757275342, 0.353388704202499], [0.7999966424664058, 0.3514228109686841], [0.9409007792151136, 0.3448972818432582], [0.9318023978136255, 0.2968597533668668], [0.901125554327193, 0.3173211163394453], [0.9165042343951944, 0.3468943326302128], [0.8827677582250755, 0.29520749079263414], [0.8032978250988043, 0.34204315106279404]]
1.0082, [[0.9622376913513466, 0.8423773599999967], [0.9659414572315985, 0.743437922352937], [0.9560379093344036, 0.7094235678431381], [0.9632844077957656, 0.5641072156862738], [0.9592585753172311, 0.4978965301960804], [0.9522536268045813, 0.47444402666666596], [0.9636869910436192, 0.4262897128022066], [0.9507238104627378, 0.42328696543890953], [0.9710140061545516, 0.42415294759045935], [0.9737515722399555, 0.4098630056790525]]
1.0685, [[0.9643311242401849, 0.343883177673211], [0.9513679436593034, 0.4335316183676782], [0.9256026157966826, 0.9227643003921602], [0.9591780586676601, 0.3025746915463249], [0.9471005612320567, 0.358070497484991], [0.9158601011986287, 0.43322078468278424], [0.9326880809589034, 0.28964503972388644], [0.9254415824975413, 0.39029012753529124], [0.916101651147341, 0.3824003426902484], [0.9208521334720121, 0.3665035612526366]]
0.3544, [[0.7879996616803732, 0.2936558110488391], [0.8005602590134004, 0.2877842882261006], [0.7545047354589658, 0.2930213002401922], [0.7648913832535845, 0.2923783154523619], [0.3207744882099015, 0.2608165508595989], [0.30844414516323604, 0.27636076094034906], [0.31952440734802773, 0.2683631411174785], [0.3023073845685821, 0.27348777676478253], [0.27224862202625005, 0.27035861747851003], [0.2747487837499977, 0.2657166130502735]]
1.0101, [[0.9622376913513466, 0.8423773599999967], [0.9684374733682896, 0.4349445886743468], [0.9761670717270761, 0.4208141437611552], [0.9771332715219243, 0.34085199286061996], [0.9774553381202067, 0.3152236689923739], [0.9659414572315985, 0.743437922352937], [0.9558768760352623, 0.41027349407755953], [0.9587754754198068, 0.3675003556709397], [0.9415449124116793, 0.4821186831372543], [0.9523341434541515, 0.4340615440532205]]
0.1789, [[0.37422768977094106, 0.2773216241208648], [0.21972374578168669, 0.2663280330164105], [0.21737084377005125, 0.2646077311799948], [0.2190637854613499, 0.26445437190674653], [0.21694043486548378, 0.2637761370148476], [0.2117037931932464, 0.26321043859077886], [0.21302371383391996, 0.263053909546757], [0.21397061342396834, 0.2621517159416515], [0.20177569446122373, 0.261929716723105], [0.20745709200151416, 0.2610295402448554]]
0.3731, [[0.8413822003457403, 0.2963387298393639], [0.6791411514607995, 0.29273706645316255], [0.7016858133405927, 0.2881061256186507], [0.7299471573399052, 0.28513485933836935], [0.6648091878372171, 0.29153716253002404], [0.6543420233930274, 0.28528068800468875], [0.6052529121536873, 0.28151455847877055], [0.6232197084712051, 0.27813099146913256], [0.5724563791931382, 0.27838683999739516], [0.5648513860428659, 0.28015388154467313]]
0.5777, [[0.9812396206500298, 0.42099070322894694], [0.9307556813692064, 0.4349445886743468], [0.9223014331642839, 0.37205207853318206], [0.901125554327193, 0.3173211163394453], [0.6685129537174684, 0.29556812489991996], [0.9016891708741877, 0.29149344755804646], [0.9104654856773926, 0.29091737069655726], [0.9289843150786514, 0.292444320256205], [0.8987100548400723, 0.2874249706954936], [0.91360563501065, 0.28748500423287315]]
0.6667, [[0.9455707448902138, 0.4473086970631187], [0.9698867730605621, 0.4361809995132242], [0.975200871932228, 0.4238168911244523], [0.9231065996599908, 0.523911581176472], [0.9685179900178605, 0.44624884569203305], [0.9720607225989706, 0.3735854752555573], [0.942189045608245, 0.4377707765698522], [0.9624792413000588, 0.4229335992211585], [0.9690010899152843, 0.36160317053383095], [0.9254415824975413, 0.39029012753529124]]
0.9087, [[0.9802734208551809, 0.4480151822164528], [0.9659414572315985, 0.743437922352937], [0.972463305846824, 0.6846897905882312], [0.9797098043081862, 0.42322440305046216], [0.9560379093344036, 0.7094235678431381], [0.9685179900178605, 0.44624884569203305], [0.9809175540517465, 0.34126792146681795], [0.9758450051287929, 0.39399490897290274], [0.9737515722399555, 0.4098630056790525], [0.9247169326514046, 0.6166697388235289]]
0.566, [[0.9693231565135675, 0.4292924601655037], [0.9514484603088744, 0.4220505546000326], [0.916182167796912, 0.3627090163881226], [0.9238312495061275, 0.29392745876701365], [0.8153753225344078, 0.32805909719292575], [0.8260840369273091, 0.30281925361025497], [0.8435561498841495, 0.29046220662933053], [0.9424305955569565, 0.2891492875748893], [0.9218183332668601, 0.3246715787765699], [0.7503983863308603, 0.2874167485022141]]
0.4952, [[0.9323660143606202, 0.3796992795716373], [0.6668221040764845, 0.3526545234463737], [0.6429891758035599, 0.3227974272269999], [0.9144913181559271, 0.3128542112607497], [0.6652922877346409, 0.3047366795391857], [0.7057116458191272, 0.2950414891913531], [0.6229345212280697, 0.2947891337069656], [0.6551471898887343, 0.2945717694155324], [0.6613469719056774, 0.2945447333867094], [0.6817176842470621, 0.2937063666933547]]
0.5344, [[0.9768112049236418, 0.3962340490021093], [0.9762475883766464, 0.33511430472172643], [0.9414643957621084, 0.3943596501703717], [0.9739931221886676, 0.2909340304243395], [0.637675076931894, 0.32706922667532046], [0.9357477136425898, 0.32539388998864205], [0.7915423942614833, 0.31424517345448655], [0.7555514519033849, 0.2866549469262829], [0.7232642754255378, 0.29090789751801444], [0.8104638069105955, 0.2912439551641313]]
0.5874, [[0.9880835358635385, 0.43441466298880405], [0.9698867730605621, 0.4361809995132242], [0.9934781513847746, 0.3476836573097516], [0.9858290696755589, 0.31778749050786953], [0.9693231565135675, 0.4292924601655037], [0.9738320888895257, 0.37261118351452205], [0.942189045608245, 0.4377707765698522], [0.9266493322411016, 0.42392520071393774], [0.9666661070777345, 0.40244478792795724], [0.9690816065648553, 0.3083521921142303]]
0.5969, [[0.9802734208551809, 0.4480151822164528], [0.9913847184959363, 0.3398947635891612], [0.9644116408897551, 0.4446593159175727], [0.9715776227015469, 0.29459115772618094], [0.9642506075906139, 0.42522986143112096], [0.9557158427361203, 0.3912372182378713], [0.9519315602062981, 0.40456424338796043], [0.9231871163095619, 0.36718136167450915], [0.9253610658479703, 0.3218671517118287], [0.9187587005831739, 0.31787305013791994]]
0.5473, [[0.9555548094369791, 0.3632043225701769], [0.9554742927874089, 0.40245047541781576], [0.9934781513847746, 0.3476836573097516], [0.9280986319333742, 0.3983821891935745], [0.9165042343951944, 0.3468943326302128], [0.9136861516602202, 0.3035259860457571], [0.8032978250988043, 0.2953255692554044], [0.91360563501065, 0.28748500423287315], [0.7991109593211279, 0.3295937303261398], [0.7991109593211279, 0.3295937303261398]]
0.4539, [[0.801929042056102, 0.332322489047542], [0.9559573926848326, 0.3150698594840176], [0.8231854375427647, 0.28714918142745505], [0.7780961137831781, 0.30196068992373853], [0.7204461926905636, 0.30829037157228617], [0.8167441055771094, 0.29511395036028826], [0.8061964244833488, 0.2952327974379504], [0.7902541278683519, 0.290821754688721], [0.7757611309456277, 0.290859657462881], [0.7917034275606245, 0.29286069815852683]]
0.9285, [[0.951045877061021, 0.7681716996078438], [0.9802734208551809, 0.4480151822164528], [0.9730269223938188, 0.293475417133707], [0.9657804239324567, 0.41962892033100774], [0.9675517902230124, 0.3815224909946454], [0.9715776227015469, 0.29459115772618094], [0.9519315602062981, 0.40456424338796043], [0.9702088396588446, 0.2919381873498799], [0.927857081984662, 0.3915482992049328], [0.284806252502347, 0.26363929897108623]]
0.3956, [[0.8016069754578196, 0.2932445636509208], [0.7115088445882175, 0.3438072620477041], [0.7214929091349828, 0.2801016475644699], [0.6970158476654933, 0.287832891377963], [0.683166983939334, 0.2932893162530024], [0.686870749819586, 0.29437250600480386], [0.7026520131354416, 0.2821123772466788], [0.6682714037687563, 0.29198411208967173], [0.6596561222646925, 0.29311140112089673], [0.6516849739571945, 0.294833674939952]]
0.7474, [[0.9187587005831739, 0.6156048964705849], [0.9536224098472829, 0.42701326042511767], [0.9386463130271342, 0.42123452344637335], [0.9450876449927894, 0.3937100399156256], [0.9386463130271342, 0.3768105292876846], [0.938485279727993, 0.3308068966412461], [0.9310777479674897, 0.293394385908727], [0.9347009971981707, 0.31340589777705674], [0.9060370699510046, 0.38920084958624035], [0.8753602264645721, 0.2916128903122498]]
0.559, [[0.9642506075906139, 0.42522986143112096], [0.7720573650653764, 0.2897525045584788], [0.6608638720082529, 0.2862618953503517], [0.6550666732391633, 0.27926918891638447], [0.44260112115223904, 0.2777897320265694], [0.39288347843233395, 0.2776824977207606], [0.3515292192811407, 0.272085796756968], [0.23121566353363776, 0.2685929398932014], [0.22488865263649616, 0.26110863082834074], [0.22823149512863675, 0.26017961904141707]]
0.9039, [[0.9659414572315985, 0.743437922352937], [0.9560379093344036, 0.7094235678431381], [0.9610299416077862, 0.6568653733333307], [0.9632844077957656, 0.5641072156862738], [0.9477446944286223, 0.40996562777867934], [0.9231065996599908, 0.523911581176472], [0.975200871932228, 0.4238168911244523], [0.9690010899152843, 0.36160317053383095], [0.9628818245479123, 0.33899465649845845], [0.9737515722399555, 0.4098630056790525]]
0.5052, [[0.927857081984662, 0.3915482992049328], [0.9000788378827739, 0.3536889047541782], [0.8903363232847201, 0.3091823183514523], [0.8793860589431066, 0.33095823332792473], [0.7005585802466033, 0.2956649127301842], [0.8874377239001756, 0.2940136204963971], [0.8170661721753919, 0.29360281505204167], [0.8553115807214697, 0.2924498927141713], [0.7848595123471158, 0.2925293867093675], [0.8623165292341197, 0.2912447814251401]]
0.525, [[0.9065201698484291, 0.40262134739574895], [0.9195638670788807, 0.3913413240305046], [0.9455707448902138, 0.3869011254259289], [0.9327685976084736, 0.3157592821677757], [0.9113511688226705, 0.3098371215317218], [0.8004797423638302, 0.29419870296236994], [0.9243143494035512, 0.30834650462437135], [0.7759221642447697, 0.29353919295436354], [0.7747949311507796, 0.29180187349879905], [0.7700444488261091, 0.288821552487627]]
0.1633, [[0.3403047009070636, 0.27098436865069025], [0.2362084068266203, 0.2635804180776244], [0.22277964900411565, 0.2635029219848919], [0.2318756238539745, 0.26266126139619694], [0.23422852586560997, 0.2612427601588955], [0.23437199550046578, 0.26107595337327427], [0.21504663568538698, 0.26086957247981246], [0.2092504624372119, 0.25950140336025007], [0.2316460724382052, 0.2593770138707997], [0.1992362819242757, 0.25888395122427715]]
0.5124, [[0.9280986319333742, 0.3983821891935745], [0.9225429831129961, 0.3760659626805126], [0.9262467489932482, 0.2907357098202657], [0.9261662323436772, 0.2931266004803843], [0.9244753827026931, 0.29342516893514814], [0.9223819498138549, 0.32780637481745906], [0.9260051990445359, 0.28989293500911695], [0.9165847510447653, 0.2956707542033627], [0.9128809851645133, 0.3106254570825898], [0.9229455663608497, 0.2912833658927142]]
0.4273, [[0.8998372879340617, 0.3273402479312024], [0.7810752298172936, 0.32567134058088576], [0.8814794918319442, 0.2945436957566053], [0.7800285133728744, 0.2934691337069656], [0.7867919119368129, 0.2915907157726181], [0.7822829795608539, 0.2922078174539632], [0.7720573650653764, 0.2897525045584788], [0.7754390643473452, 0.28973792361292006], [0.748465986741164, 0.2869406681427455], [0.75031786968129, 0.2863948144047929]]
0.3585, [[0.8033783417483746, 0.2968503566444914], [0.7662601662962868, 0.2920942930344275], [0.7657770663988623, 0.2926423346677342], [0.7033766629815774, 0.2916311064851882], [0.6392048932737375, 0.2949187606084868], [0.6302675451713906, 0.2874621050403751], [0.6057282242255793, 0.2737930929278458], [0.45030117671689, 0.28344838760093777], [0.4172194565132055, 0.28244668240427195], [0.4385134373339675, 0.2810290648606408]]
0.8098, [[0.9610299416077862, 0.6568653733333307], [0.9720607225989706, 0.3735854752555573], [0.9756034551800814, 0.3348066857050138], [0.9514484603088744, 0.4220505546000326], [0.9593390919668014, 0.40509416907350326], [0.9714971060519759, 0.3602413876358917], [0.9375995965827151, 0.4134528009086484], [0.9450876449927894, 0.3937100399156256], [0.9060370699510046, 0.38920084958624035], [0.7647303499544433, 0.3677125237708908]]
0.8637, [[0.9774553381202067, 0.3152236689923739], [0.9573261757275342, 0.353388704202499], [0.9560379093344036, 0.7094235678431381], [0.9709334895049813, 0.3136737043647574], [0.9512069103601621, 0.44367859484017524], [0.9514484603088744, 0.4220505546000326], [0.9686790233170017, 0.2955784819855885], [0.9455707448902138, 0.37971065455135483], [0.9089356693355498, 0.34320661366217775], [0.6467734583333821, 0.3793975953269513]]
0.3879, [[0.6552277065383045, 0.3266258497484993], [0.822541304346199, 0.2925641857485989], [0.6423450426069941, 0.31491456628265446], [0.810785873508878, 0.2921020176140913], [0.7289809575450571, 0.2835211578536077], [0.7266459747075067, 0.283790108101068], [0.7080466286566777, 0.2881103904011461], [0.7062752623661226, 0.28361081433967184], [0.6929094985373877, 0.28427677357384734], [0.6974184309133467, 0.2848530955326908]]
0.5407, [[0.9219793665660014, 0.42906446600681497], [0.9130420184636545, 0.3226018270322897], [0.6635209214440858, 0.32222966736978764], [0.8913830397291391, 0.3078682609118936], [0.9088551526859788, 0.2979060042187249], [0.9106265189765339, 0.28965439535035165], [0.8553115807214697, 0.29460995036028825], [0.6676272705721913, 0.2953475132105685], [0.8970192051990875, 0.2900648710601719], [0.393834102576118, 0.2773459064860641]]
0.5815, [[0.9880835358635385, 0.43441466298880405], [0.9738320888895257, 0.37261118351452205], [0.9398540627706946, 0.42575978711666385], [0.9690010899152843, 0.36160317053383095], [0.9065201698484291, 0.40262134739574895], [0.815214289235266, 0.3345396209638164], [0.9533003432489997, 0.3462820619828004], [0.9144913181559271, 0.3128542112607497], [0.9156990678994874, 0.35620697906863535], [0.818837538465947, 0.2955508502802242]]
0.9981, [[0.9842992533337154, 0.2936148823058447], [0.9601442584625084, 0.8300061427450955], [0.9735905389408142, 0.42982238585104654], [0.9560379093344036, 0.7094235678431381], [0.9797098043081862, 0.42322440305046216], [0.9737515722399555, 0.4098630056790525], [0.9768112049236418, 0.3962340490021093], [0.9768112049236418, 0.3962340490021093], [0.9661024905307398, 0.42222736134999195], [0.9657804239324567, 0.41962892033100774]]
0.5902, [[0.9851044198294223, 0.29207455884707767], [0.9685179900178605, 0.44624884569203305], [0.976972238222783, 0.2908720483849961], [0.9574872090266762, 0.44395258348207056], [0.9690010899152843, 0.3292628667856566], [0.9581313422232411, 0.41905349472659403], [0.9513679436593034, 0.4335316183676782], [0.9158601011986287, 0.43322078468278424], [0.9514484603088744, 0.4220505546000326], [0.9686790233170017, 0.2955784819855885]]
0.426, [[0.9112706521730995, 0.32126328865812104], [0.6989482472551896, 0.3151593756287525], [0.8888870235924475, 0.28674133758791354], [0.7983863094749919, 0.29486174859887915], [0.6516849739571945, 0.294833674939952], [0.7735871814072193, 0.2935551993594876], [0.7184332764512964, 0.29305873178542835], [0.6776918517685275, 0.2905209722584006], [0.723586342023821, 0.28537820168012507], [0.7460504872540433, 0.2856215248111488]]
0.5808, [[0.9561989426335448, 0.3671185520038942], [0.9561989426335448, 0.3671185520038942], [0.9744762220860913, 0.35038991335388603], [0.9345399638990295, 0.44369689372059057], [0.9533003432489997, 0.3462820619828004], [0.9631233744966246, 0.32367330066526034], [0.9165042343951944, 0.3468943326302128], [0.9629623411974825, 0.2938508662930345], [0.8946842223615377, 0.3466796917085836], [0.9347009971981707, 0.31340589777705674]]
0.3516, [[0.7903346445179229, 0.294943029623699], [0.6873538497170104, 0.29247800480384306], [0.5196016767987457, 0.2935497998398719], [0.7322016235278848, 0.29024491404011465], [0.7112672946395052, 0.28763367608752277], [0.6800268346060773, 0.2879581261396197], [0.6654533210337821, 0.29005280672050016], [0.7081271453062479, 0.2860825823782235], [0.7330873066731619, 0.28431519503777025], [0.6917017487938274, 0.28763225449335766]]
0.9615, [[0.9975039838633091, 0.31072807918221673], [0.9867147528208362, 0.7805385882352973], [0.9913847184959363, 0.3398947635891612], [0.9640895742914726, 0.5455547184313697], [0.9866342361712659, 0.3992367963654064], [0.9727048557955362, 0.4236403316566606], [0.978663087863767, 0.36784234690897283], [0.9771332715219243, 0.34085199286061996], [0.7920254941589078, 0.2858458293175306], [0.9744762220860913, 0.40569234463735193]]
0.5521, [[0.9748788053339448, 0.4036752639948076], [0.9976650171624503, 0.3709818413110497], [0.9430747287535222, 0.39769276650981644], [0.9656193906333155, 0.38610908064254446], [0.9762475883766464, 0.33511430472172643], [0.9392904462237, 0.3935587032289469], [0.9476641777790513, 0.3557403576180431], [0.9618351081034932, 0.30713284374492944], [0.9739931221886676, 0.2909340304243395], [0.9070837863954238, 0.3846476430309916]]
0.5303, [[0.9554742927874089, 0.40245047541781576], [0.9144913181559271, 0.3128542112607497], [0.8044250581927938, 0.2946894635708567], [0.7759221642447697, 0.29353919295436354], [0.6551471898887343, 0.2945717694155324], [0.7908982610649176, 0.291643289031225], [0.7028130464345828, 0.2932323811048839], [0.7674679160398472, 0.29200255884707765], [0.773506664757649, 0.2888423192888773], [0.5039163784263091, 0.2929184403522818]]
0.7683, [[0.9642506075906139, 0.42522986143112096], [0.9656193906333155, 0.3948495161447346], [0.9296284482752171, 0.6197603788235303], [0.9512069103601621, 0.44367859484017524], [0.9713360727528347, 0.3228243809832875], [0.9842992533337154, 0.2936148823058447], [0.9851044198294223, 0.29207455884707767], [0.9797098043081862, 0.306300986532533], [0.9187587005831739, 0.6156048964705849], [0.9158601011986287, 0.43322078468278424]]
0.4114, [[0.8062769411329197, 0.3475004212234301], [0.8210920046539265, 0.2914357053642914], [0.8072431409277678, 0.2936462994395517], [0.7983863094749919, 0.3237954580561414], [0.8015264588082486, 0.28999847877051316], [0.8034588583979456, 0.2885419402839281], [0.7959708099878713, 0.2916783763010408], [0.7908982610649176, 0.2933584723779023], [0.7722989150140886, 0.29534411208967176], [0.6541809900938854, 0.2962900152523121]]
0.9919, [[0.9601442584625084, 0.8300061427450955], [0.9479862443773346, 0.6475891247058787], [0.942189045608245, 0.4377707765698522], [0.9477446944286223, 0.40996562777867934], [0.9085330860876963, 0.36350526496835966], [0.9714971060519759, 0.3602413876358917], [0.9710140061545516, 0.42415294759045935], [0.9450876449927894, 0.3937100399156256], [0.95450809299256, 0.3846676728865813], [0.9453291949415017, 0.422580480285575]]
0.579, [[0.9684374733682896, 0.4349445886743468], [0.9331711808563271, 0.427879242576667], [0.9422695622578152, 0.41818899626805106], [0.9648142241376085, 0.41421616096057134], [0.983977186735433, 0.3815452409540809], [0.9460538447876375, 0.36995042738925854], [0.902816403968177, 0.3678191023852022], [0.9283401818820857, 0.34215962096381647], [0.7915423942614833, 0.35022917994483194], [0.7810752298172936, 0.32567134058088576]]
0.9324, [[0.9799513542568985, 0.4243752542592891], [0.9763281050262174, 0.40002884114879134], [0.9762475883766464, 0.29338243394715774], [0.9659414572315985, 0.743437922352937], [0.9560379093344036, 0.7094235678431381], [0.9675517902230124, 0.429115900697712], [0.9623987246504878, 0.42840941554437784], [0.9554742927874089, 0.44766181599870175], [0.951045877061021, 0.7681716996078438], [0.7067583622635463, 0.2900656202787184]]
1.1712, [[0.9867147528208362, 0.7805385882352973], [0.9828499536414436, 0.9784174635294092], [0.9802734208551809, 0.4480151822164528], [0.9659414572315985, 0.743437922352937], [0.9512069103601621, 0.44367859484017524], [0.9768112049236418, 0.3962340490021093], [0.9572456590779639, 0.43759396981989285], [0.9592585753172311, 0.4978965301960804], [0.9266493322411016, 0.41238157455784524], [0.9737515722399555, 0.4098630056790525]]
0.5177, [[0.9407397459159724, 0.320701958137271], [0.9280986319333742, 0.3983821891935745], [0.9371970133348616, 0.31649989226026276], [0.8062769411329197, 0.3475004212234301], [0.9350230637964532, 0.29334613610888716], [0.9333322141554691, 0.2937707381905525], [0.9309972313179187, 0.29392171337069656], [0.9260051990445359, 0.28989293500911695], [0.9260051990445359, 0.28989293500911695], [0.9249584826001169, 0.30734352815187416]]
1.001, [[0.9622376913513466, 0.8423773599999967], [0.9446045450953657, 0.29187619855884706], [0.9243948660531222, 0.3239411072529615], [0.9174704341900426, 0.33775948207042034], [0.9099823857799689, 0.32541565081940627], [0.9106265189765339, 0.2900528259312321], [0.7991109593211279, 0.3295937303261398], [0.7835712459539852, 0.32936647801395424], [0.8004797423638302, 0.3207716917085837], [0.9044267369595909, 0.28996514815056007]]
0.4513, [[0.8185154718676645, 0.339144014927795], [0.9369554633861501, 0.2897442055222714], [0.7887243115265091, 0.33812076131754004], [0.9057955200022925, 0.31053618822002294], [0.7888853448256503, 0.29412687590072056], [0.6297844452739669, 0.2950433146517214], [0.8330084687903887, 0.29490150520416336], [0.7665017162449983, 0.2878901585699401], [0.7773714639370415, 0.2930325220176141], [0.8257619703290267, 0.2918117117694155]]
0.5655, [[0.9345399638990295, 0.42399369787441166], [0.9768112049236418, 0.3962340490021093], [0.9340568640016049, 0.42046102482557174], [0.9818032371970244, 0.3835964465357782], [0.9797098043081862, 0.306300986532533], [0.9175509508396135, 0.4167028304397208], [0.9326075643093323, 0.4158685004056467], [0.9514484603088744, 0.3489769430472174], [0.9181950840361792, 0.40834048937205913], [0.9380021798305685, 0.37586467499594334]]
0.9076, [[0.9344594472494585, 0.7558048109803904], [0.9737515722399555, 0.4098630056790525], [0.9592585753172311, 0.4978965301960804], [0.9642506075906139, 0.427879242576667], [0.9124784019166599, 0.29377271737389915], [0.932204981061479, 0.29381062930344276], [0.9089356693355498, 0.34320661366217775], [0.9661024905307398, 0.29545540752602084], [0.9244753827026931, 0.29342516893514814], [0.953783443146424, 0.3619394742820055]]
0.7526, [[0.9187587005831739, 0.6156048964705849], [0.9654583573341742, 0.4045926808372544], [0.9280986319333742, 0.3983821891935745], [0.9223819498138549, 0.32780637481745906], [0.9218183332668601, 0.3246715787765699], [0.9107875522756759, 0.31751646925198757], [0.9063591365492878, 0.3121289326626642], [0.9086941193868376, 0.28876933771815577], [0.9260051990445359, 0.2954004899919936], [0.9268103655402429, 0.2902895405704611]]
0.7712, [[0.9913847184959363, 0.3398947635891612], [0.9640895742914726, 0.5455547184313697], [0.9685179900178605, 0.44624884569203305], [0.9744762220860913, 0.40569234463735193], [0.9187587005831739, 0.6156048964705849], [0.9886471524105331, 0.2905126155899974], [0.9231065996599908, 0.523911581176472], [0.9338153140528928, 0.44748525653091], [0.9512069103601621, 0.44367859484017524], [0.9705309062571278, 0.4386538211909785]]
0.5138, [[0.9455707448902138, 0.37971065455135483], [0.976972238222783, 0.2908720483849961], [0.8074846908764801, 0.32140794872626993], [0.9325270476597622, 0.3165738296284276], [0.815214289235266, 0.315098049651144], [0.9374385632835738, 0.29072331889815056], [0.7743118312533559, 0.31515789193574567], [0.7953266767913055, 0.29503401441152927], [0.8538622810291973, 0.29162826261008806], [0.6685934703670394, 0.2942984883907126]]
