0.9070, [[0.33782173844462604, 0.9825727830511942], [0.31953468213664066, 0.990604490819823], [0.2752, 0.9960639590344194], [0.7451897395646407, 0.9498025981179359], [0.3134389967006548, 0.9835786757019382], [0.2752, 0.9946465815475886], [0.29362801903367985, 0.9659591287270495], [0.27838880544370126, 0.9694237149286554], [0.2752, 0.9914751571625838], [0.2752, 0.9906588018206925]]
0.5811, [[0.4399244694974799, 0.9761074956784125], [0.2752, 0.9587554616171432], [0.2752, 0.9731491262210403], [0.2752, 0.9741600898583337], [0.2752, 0.9616293881245844], [0.2752, 0.9744199595458497], [0.2752, 0.975357357131898], [0.2752, 0.9763259155628292], [0.2752, 0.9685415102541809], [0.2752, 0.9703009221091393]]
0.4768, [[0.2752, 0.9900795334731244], [0.2752, 0.9851975697846878], [0.33782173844462604, 0.9825727830511942], [0.2752, 0.986719894645323], [0.30886723262365845, 0.9484868608397689], [0.2752, 0.9699757910295096], [0.2752, 0.9839901605380248], [0.2752, 0.9829403193371862], [0.2752, 0.9862075780187184], [0.2752, 0.9821562272285583]]
0.4251, [[0.28905625495668347, 0.9667770274126732], [0.2752, 0.9934917194803866], [0.2752, 0.9934736403109496], [0.2752, 0.9881408732675293], [0.2752, 0.9734485349051296], [0.2752, 0.9729917051603334], [0.2752, 0.9651412300414259], [0.2752, 0.96201015307114], [0.07070899710539039, 0.9616944290390221], [0.2752, 0.9608078148110264]]
0.4092, [[0.2752, 0.9906588018206925], [0.2752, 0.9903945225796553], [0.2752, 0.9900795334731244], [0.2752, 0.9900270597862221], [0.2752, 0.986719894645323], [0.2752, 0.986719894645323], [0.2752, 0.9856699799519255], [0.2752, 0.9850400752314223], [0.2752, 0.9826452467140592], [0.2752, 0.9793876155577149]]
0.4127, [[0.2752, 0.9347890972740754], [0.2752, 0.9512639976474198], [0.2752, 0.9912072767861709], [0.2752, 1.0], [0.2752, 0.971887626451184], [0.2752, 0.9392647206055337], [0.2752, 0.9673698918835985], [0.2752, 0.9458705257505242], [0.2752, 0.9628782471743467], [0.2752, 0.9385568402802639]]
0.4264, [[0.28905625495668347, 0.9667770274126732], [0.2752, 0.9950665180279241], [0.2752, 0.9971138737278167], [0.2752, 0.9846200652585281], [0.2752, 0.9867249656318724], [0.2752, 0.9829403193371862], [0.2752, 0.9826452467140592], [0.2752, 0.9821562272285583], [0.2752, 0.9729205643635247], [0.2752, 0.9710101987930241]]
0.9316, [[0.2752, 0.986719894645323], [0.7616291112056195, 0.9677100889377589], [0.2752, 0.9977962521352223], [0.38963506465054776, 0.9708495440597351], [0.2752, 0.9691612730015854], [0.2752, 0.9685415102541809], [0.2752, 0.9813536149951414], [0.23849779783006006, 0.952259086892037], [0.2752, 0.9504344871375237], [0.2752, 0.9722802236996879]]
0.4092, [[0.2752, 0.9904994699534598], [0.2752, 0.9835126058916791], [0.2752, 0.9834262521352222], [0.2752, 0.9772319318263182], [0.2752, 0.9805831190098706], [0.2752, 0.9846200652585281], [0.2752, 0.9743921058661075], [0.2752, 0.9681943314069452], [0.2752, 0.9813536149951414], [0.2752, 0.9577106914028537]]
0.5884, [[0.2752, 0.9889771450928246], [0.2752, 0.9958539907942515], [0.4399244694974799, 0.9761074956784125], [0.2752, 0.9856699799519255], [0.2752, 0.9904994699534598], [0.2752, 0.9875598410985527], [0.2752, 0.9910769744796195], [0.2752, 0.9934917194803866], [0.29362801903367985, 0.9659591287270495], [0.2752, 0.9825203093642919]]
0.5611, [[0.3835393792145618, 0.9930717830000512], [0.2752, 0.997113800235258], [0.2752, 0.9821680595305069], [0.2752, 0.9752150755382806], [0.2752, 0.986719894645323], [0.2752, 0.976850872909528], [0.4063981995995297, 0.9722144478596634], [0.41249388503551565, 0.9706226725310694], [0.2752, 0.969440691709712], [0.2752, 0.9628839061013655]]
0.5344, [[0.2752, 0.9900795334731244], [0.27838880544370126, 0.9694237149286554], [0.2752, 0.9906588018206925], [0.39573075008653363, 0.9373613368281082], [0.2752, 0.9851975697846878], [0.2752, 0.9862075780187184], [0.2752, 0.9268708620160588], [0.2752, 0.9271079490103821], [0.2752, 0.98498760154452], [0.2752, 0.9534348943384647]]
0.9083, [[0.2752, 0.9907619853730885], [0.4597354471644548, 0.9804205534700557], [0.7451897395646407, 0.9498025981179359], [0.2752, 0.9788131242264615], [0.2752, 0.9778483139160231], [0.29362801903367985, 0.9659591287270495], [0.2752, 0.9645180131437631], [0.0, 0.9637874971104178], [0.2752, 0.9608078148110264], [0.2752, 0.9490964816140746]]
0.6275, [[0.36830016562458323, 0.9996335661023883], [0.4780225034724263, 0.9254958162430318], [0.2752, 0.9851975697846878], [0.2752, 0.9900795334731244], [0.2752, 0.9935441931672889], [0.2752, 0.9649227366644504], [0.2752, 0.9828877721577252], [0.2752, 0.9749018502531581], [0.2752, 0.9792961173221502], [0.2752, 0.9829403193371862]]
0.5512, [[0.4063981995995297, 0.9722144478596634], [0.2752, 0.9940166768270853], [0.2752, 0.9694423820385618], [0.2752, 0.9752150755382806], [0.2752, 0.9878222830256227], [0.2752, 0.9831502140847952], [0.2752, 0.9941741713803508], [0.2752, 0.9900795334731244], [0.2752, 0.971887626451184], [0.2752, 0.9812984220835677]]
0.4091, [[0.2752, 0.9821680595305069], [0.2752, 0.98498760154452], [0.2752, 0.976588430982458], [0.2752, 0.9850400752314223], [0.2752, 0.9656983036362706], [0.2752, 0.9903945225796553], [0.2752, 0.9759176643993249], [0.2752, 0.9904469962665575], [0.2752, 0.9425091231013143], [0.2752, 0.9834449192451286]]
0.5498, [[0.2752, 0.9875072939190918], [0.2752, 0.9904994699534598], [0.4063981995995297, 0.9722144478596634], [0.2752, 0.9893210902674782], [0.3484891879576083, 0.9714591648340408], [0.2752, 0.9862999581649875], [0.31953468213664066, 0.9667414570142688], [0.2752, 0.9817401123612745], [0.2752, 0.9652122973456758], [0.2752, 0.9805831190098706]]
1.1860, [[1.0, 0.9624516228711707], [0.3835393792145618, 0.9930717830000512], [0.2752, 0.9956440225540837], [0.2752, 0.9910769744796195], [0.2752, 0.9847776333043523], [0.2752, 0.9862999581649875], [0.4597354471644548, 0.9804205534700557], [0.2752, 0.9960639590344194], [0.4063981995995297, 0.9722144478596634], [0.25128170645670445, 0.9921739244105763]]
0.6133, [[0.44144839085646936, 0.9962739272745871], [0.4597354471644548, 0.9804205534700557], [0.2752, 0.9941741713803508], [0.2752, 0.9900795334731244], [0.2752, 0.9878222830256227], [0.28905625495668347, 0.9667770274126732], [0.2752, 0.9511386928348591], [0.2752, 0.9821562272285583], [0.2752, 0.9570502137779369], [0.2752, 0.9699757910295096]]
0.6111, [[0.2752, 0.9973238419679844], [0.2752, 0.9971138737278167], [0.2752, 0.9966413900680202], [0.2752, 0.9946465815475886], [0.2752, 0.9950665180279241], [0.2752, 0.9941741713803508], [0.2752, 0.9914751571625838], [0.4597354471644548, 0.9804205534700557], [0.4246852559075013, 0.9519006636833222], [0.2752, 0.9569587890349307]]
0.4092, [[0.0, 0.888754313916023], [0.0, 0.89977819771902], [0.2752, 0.9904994699534598], [0.0, 0.9376091537359995], [0.0, 0.9082459368383368], [0.0, 0.9016890042448729], [0.0, 0.8793411665217613], [0.0, 0.9073724042857872], [0.0, 0.8918836270649005], [0.0, 0.9160732618012581]]
0.4698, [[0.2752, 0.9922843102337238], [0.2752, 0.9925992993402547], [0.33172605300862634, 0.958879076100854], [0.2752, 0.9780260924154861], [0.2752, 0.9841476550912903], [0.2752, 0.9846200652585281], [0.2752, 0.9752760743619905], [0.2752, 0.9665619146933975], [0.2752, 0.954471212908505], [0.2752, 0.9603692847133432]]
0.5936, [[0.44144839085646936, 0.9962739272745871], [0.2752, 0.9960639590344194], [0.2752, 0.9867249656318724], [0.2752, 0.9864574527182529], [0.2752, 0.9862999581649875], [0.2752, 0.9834652766838848], [0.2752, 0.9824086006750883], [0.23130684922757713, 0.9820297465350586], [0.2752, 0.9818378574643277], [0.2752, 0.9800141396205186]]
0.4116, [[0.0, 0.9077187747148775], [0.2752, 0.9580849155116862], [0.2752, 0.9363334699023167], [0.2752, 0.934670553776914], [0.2752, 0.997113800235258], [0.2752, 0.9337312453843399], [0.0, 0.9014929995908555], [0.0, 0.7905042494714584], [0.0, 0.9317803854140029], [0.0, 0.9255972359740192]]
0.5398, [[0.2752, 0.9977962521352223], [0.2752, 0.9862999581649875], [0.2752, 0.9834262521352222], [0.39573075008653363, 0.9373613368281082], [0.30886723262365845, 0.9832366413338106], [0.33782173844462604, 0.9825727830511942], [0.2752, 0.9824086006750883], [0.2752, 0.9774266136142791], [0.2752, 0.9818378574643277], [0.2752, 0.9271079490103821]]
0.9313, [[0.7616291112056195, 0.9677100889377589], [0.2752, 0.997113800235258], [0.2752, 0.9977962521352223], [0.2752, 0.9752150755382806], [0.2752, 0.9792656179102951], [0.2752, 0.9597596639390376], [0.2752, 0.9368279278371605], [0.2752, 0.9950665180279241], [0.2752, 0.9829403193371862], [0.2752, 0.9821562272285583]]
0.4063, [[0.2752, 0.9828877721577252], [0.2752, 0.9751219604664245], [0.2752, 0.9653986009819465], [0.2752, 0.9800141396205186], [0.2752, 0.9763351021326651], [0.2752, 0.9762480869431801], [0.2752, 0.9582034590088477], [0.2752, 0.9275346468061167], [0.2752, 0.9737609517721065], [0.2752, 0.9467054012172045]]
0.4796, [[0.2752, 0.997113800235258], [0.2752, 0.9500227083312023], [0.33782173844462604, 0.9851636897151332], [0.2752, 0.9772319318263182], [0.2752, 0.9789463662353604], [0.2752, 0.9703009221091393], [0.2752, 0.9374493809134148], [0.2752, 0.9490795048330178], [0.2752, 0.9838326659847594], [0.2752, 0.9593972721321536]]
0.4109, [[0.2752, 0.9780260924154861], [0.2752, 0.9821680595305069], [0.2752, 0.9951715388942873], [0.2752, 0.9940166768270853], [0.2752, 0.9818378574643277], [0.2752, 0.9813536149951414], [0.2752, 0.9792961173221502], [0.2752, 0.9770626049711041], [0.2752, 0.9690252382754565], [0.2752, 0.9538599018053495]]
0.4313, [[0.2752, 0.997113800235258], [0.2752, 0.9928618147598834], [0.29362801903367985, 0.9659591287270495], [0.0, 0.9591094752723367], [0.2752, 0.9377372512657903], [0.0, 0.9650395898327622], [0.23929679211922808, 0.9487049867539508], [0.0, 0.9508985926456298], [0.2752, 0.9425091231013143], [0.0, 0.958957419168414]]
0.4045, [[0.2752, 0.9321067658671303], [0.2736535465533213, 0.9237368453434255], [0.0, 0.8990033656727867], [0.2752, 0.9344064215209942], [0.0, 0.9318952542832302], [0.0, 0.8678398015649772], [0.0, 0.9225282602158237], [0.0, 0.9152170734925587], [0.0, 0.9133062669667058], [0.2752, 0.9781748413542679]]
1.1793, [[0.2752, 0.9907619853730885], [0.2752, 0.9903945225796553], [0.2752, 0.9846200652585281], [0.2752, 0.9805593809134149], [0.2752, 0.9834449192451286], [0.2752, 0.9830452667109906], [0.2752, 0.9838326659847594], [0.2752, 0.9763428923438859], [0.5298358296783481, 0.9584709719224671], [1.0, 0.9624516228711707]]
1.1855, [[1.0, 0.9624516228711707], [1.0, 0.9624516228711707], [0.3835393792145618, 0.9930717830000512], [0.2752, 0.9977962521352223], [0.2752, 0.9973238419679844], [0.7451897395646407, 0.9498025981179359], [0.2752, 0.9829403193371862], [0.4063981995995297, 0.9722144478596634], [0.2752, 0.9900270597862221], [0.2752, 0.9597596639390376]]
0.6209, [[0.2752, 1.0], [0.2752, 0.9958539907942515], [0.2752, 0.9851975697846878], [0.2752, 0.9824086006750883], [0.2752, 0.9818378574643277], [0.2752, 0.9770626049711041], [0.2752, 0.9750860226052268], [0.27838880544370126, 0.9694237149286554], [0.2752, 0.9135533489490103], [0.4780225034724263, 0.9254958162430318]]
0.4090, [[0.2752, 0.9900795334731244], [0.2752, 0.98498760154452], [0.2752, 0.9734485349051296], [0.2752, 0.9729917051603334], [0.2752, 0.9703043027668389], [0.2752, 0.9663791386999437], [0.2752, 0.9636281652431852], [0.0, 0.9607261645783255], [0.0, 0.9590588388994016], [0.0, 0.9557161033600982]]
0.6218, [[0.2752, 0.9882422195059581], [0.3484891879576083, 0.9714591648340408], [0.2752, 0.9821562272285583], [0.4780225034724263, 0.9254958162430318], [0.2752, 0.9933866986140234], [0.2752, 0.9509032961693858], [0.2752, 0.9831502140847952], [0.2752, 0.9828877721577252], [0.2752, 0.9678438453945686], [0.2752, 0.9940166768270853]]
1.1792, [[0.2752, 0.9903945225796553], [1.0, 0.9624516228711707], [0.2752, 0.9796330807037283], [0.2752, 0.9846200652585281], [0.2752, 0.9828877721577252], [0.2752, 0.9681384770623433], [0.2752, 0.9824153619904874], [0.2752, 0.9717775345982714], [0.2752, 0.9640760288958216], [0.2752, 0.9635493812202731]]
0.4038, [[0.2752, 0.9504344871375237], [0.2752, 0.9379574349716157], [0.2752, 0.9763259155628292], [0.2752, 0.9374493809134148], [0.2752, 0.9541612947885235], [0.2624676265050129, 0.9644021153787142], [0.21532696344427527, 0.9365792290185649], [0.10906072298531634, 0.9302648953613255], [0.0, 0.93032229304966], [0.0, 0.9454753562624661]]
0.4077, [[0.2752, 0.986719894645323], [0.2752, 0.9855463654682145], [0.2752, 0.9799734982355649], [0.2752, 0.975357357131898], [0.2752, 0.9746580019434359], [0.2752, 0.9746410251623792], [0.2752, 0.9746410251623792], [0.2752, 0.9732468713240935], [0.2752, 0.9692210959443563], [0.2752, 0.9687480978366492]]
0.5541, [[0.2752, 0.9850400752314223], [0.2752, 0.981050458190559], [0.2752, 0.9724413193883291], [0.2752, 0.9812984220835677], [0.41249388503551565, 0.9706226725310694], [0.2752, 0.9744199595458497], [0.2752, 0.976850872909528], [0.2752, 0.9789463662353604], [0.2752, 0.9703043027668389], [0.39573075008653363, 0.9373613368281082]]
1.1886, [[1.0, 0.9624516228711707], [0.36830016562458323, 0.9996335661023883], [0.4673550539594441, 0.9865624000920574], [0.2752, 0.9956440225540837], [0.3835393792145618, 0.9930717830000512], [0.31953468213664066, 0.990604490819823], [0.2752, 0.9922843102337238], [0.2752, 0.9838326659847594], [0.2752, 0.9534348943384647], [0.4063981995995297, 0.9722144478596634]]
0.5936, [[0.44144839085646936, 0.9962739272745871], [0.2752, 0.9882422195059581], [0.2752, 0.9878222830256227], [0.4399244694974799, 0.9761074956784125], [0.33782173844462604, 0.9851636897151332], [0.2752, 0.9681384770623433], [0.2752, 0.9850400752314223], [0.2752, 0.9861949372986243], [0.2752, 0.9744199595458497], [0.2752, 0.9362454258170101]]
0.9350, [[0.7616291112056195, 0.9677100889377589], [0.36830016562458323, 0.9996335661023883], [0.2752, 0.9922843102337238], [0.41249388503551565, 0.9706226725310694], [0.2752, 0.98498760154452], [0.2752, 0.9834127295044239], [0.2752, 0.974549600419373], [0.2752, 0.9681384770623433], [0.2752, 0.9640760288958216], [0.2752, 0.9711036813276736]]
0.4057, [[0.2752, 0.9813536149951414], [0.2752, 0.946925511430471], [0.2752, 0.9732468713240935], [0.2752, 0.9760924297038818], [0.2752, 0.9379603011814044], [0.2624676265050129, 0.9644021153787142], [0.25687466648085866, 0.9651789317240321], [0.0, 0.9325655064184524], [0.0, 0.9204811249936071], [0.0, 0.8963485204827903]]
0.4087, [[0.2752, 0.9893970815731602], [0.2752, 0.9805831190098706], [0.2752, 0.9751219604664245], [0.2752, 0.9538599018053495], [0.2752, 0.9710101987930241], [0.2752, 0.9494757767094564], [0.2752, 0.9715344212141359], [0.25687466648085866, 0.9594552577609574], [0.2752, 0.9394797598322508], [0.2752, 0.9681943314069452]]
0.5936, [[0.44144839085646936, 0.9962739272745871], [0.2752, 0.9850400752314223], [0.2752, 0.9956440225540837], [0.2752, 0.9512639976474198], [0.2752, 0.9922843102337238], [0.2752, 0.9925992993402547], [0.2752, 0.9893210902674782], [0.2752, 0.9446648803252699], [0.2752, 0.9653731725566409], [0.2752, 0.9958539907942515]]
0.9219, [[0.2752, 0.9729205643635247], [0.7616291112056195, 0.9677100889377589], [0.2504827121675365, 0.9690273695596584], [0.2752, 0.9647043167800338], [0.2752, 0.9538599018053495], [0.0, 0.9669656093182631], [0.2752, 0.9602422895719326], [0.2752, 0.9548826977445916], [0.0, 0.9558150243440904], [0.2752, 0.9530333309978007]]
0.4109, [[0.2752, 0.9313752209379635], [0.2752, 0.9792656179102951], [0.2752, 0.9951715388942873], [0.2752, 0.9928618147598834], [0.2752, 0.9800141396205186], [0.2752, 0.952009065207385], [0.2752, 0.963872821971053], [0.2752, 0.9862075780187184], [0.0, 0.9496821438142484], [0.0, 0.8873780187694982]]
0.6258, [[0.2752, 0.9494757767094564], [0.2752, 0.9986886722753542], [0.2752, 0.9490795048330178], [0.3987785928045404, 0.9550554787500639], [0.4780225034724263, 0.9254958162430318], [0.33782173844462604, 0.9851636897151332], [0.33782173844462604, 0.9825727830511942], [0.2752, 0.9946465815475886], [0.2752, 0.9829403193371862], [0.2752, 0.9900795334731244]]
0.4674, [[0.2752, 0.9861949372986243], [0.2752, 0.9835126058916791], [0.33172605300862634, 0.958879076100854], [0.2752, 0.9787441147138546], [0.2752, 0.9724413193883291], [0.2752, 0.9630533064491382], [0.2752, 0.970604005421163], [0.2752, 0.9469678431442745], [0.2752, 0.959664785045773], [0.2752, 0.9335112086636322]]
0.5342, [[0.2752, 0.997113800235258], [0.38963506465054776, 0.9708495440597351], [0.2752, 0.9875072939190918], [0.3484891879576083, 0.9714591648340408], [0.2752, 0.9862075780187184], [0.2752, 0.9793876155577149], [0.2752, 0.9275346468061167], [0.2752, 0.9593972721321536], [0.2752, 0.9749339665013042], [0.2752, 0.9709545649260983]]
0.6204, [[0.4673550539594441, 0.9865624000920574], [0.2752, 0.9821562272285583], [0.2752, 0.974549600419373], [0.2752, 0.997113800235258], [0.2752, 0.9597596639390376], [0.2752, 0.9569587890349307], [0.2752, 0.9799734982355649], [0.2752, 0.9392647206055337], [0.2752, 0.9496874352784738], [0.2752, 0.974073736101877]]
0.5381, [[0.39573075008653363, 0.9373613368281082], [0.33782173844462604, 0.9851636897151332], [0.31953468213664066, 0.990604490819823], [0.2752, 0.9922843102337238], [0.30886723262365845, 0.9832366413338106], [0.2752, 0.9864574527182529], [0.2752, 0.9780260924154861], [0.2752, 0.9511386928348591], [0.2752, 0.9821680595305069], [0.2752, 0.9593498694318007]]
0.5892, [[0.2752, 0.9828877721577252], [0.2752, 0.9971138737278167], [0.2752, 0.9861949372986243], [0.4063981995995297, 0.9722144478596634], [0.2752, 0.9734485349051296], [0.2752, 0.9635493812202731], [0.2504827121675365, 0.9690273695596584], [0.33172605300862634, 0.958879076100854], [0.3987785928045404, 0.9550554787500639], [0.44144839085646936, 0.952339046795888]]
0.4116, [[0.2752, 0.9971138737278167], [0.2752, 0.9951715388942873], [0.2752, 0.9904994699534598], [0.2752, 0.9912072767861709], [0.2752, 0.9928618147598834], [0.2752, 0.9832552349511584], [0.2752, 0.9903945225796553], [0.2752, 0.9831502140847952], [0.2752, 0.9862075780187184], [0.2752, 0.9792656179102951]]
0.4533, [[0.2752, 0.9977962521352223], [0.2752, 0.9946465815475886], [0.3134389967006548, 0.9835786757019382], [0.25128170645670445, 0.9921739244105763], [0.2752, 0.9904994699534598], [0.28905625495668347, 0.9667770274126732], [0.2752, 0.9834262521352222], [0.2752, 0.9824745969927888], [0.2752, 0.96201015307114], [0.2752, 0.9900270597862221]]
1.1840, [[0.2752, 0.9934736403109496], [0.33782173844462604, 0.9851636897151332], [0.2752, 0.9977962521352223], [1.0, 0.9624516228711707], [0.2752, 0.9928618147598834], [0.41249388503551565, 0.9706226725310694], [0.2752, 0.9829403193371862], [0.2752, 0.9824745969927888], [0.2752, 0.9364722973456758], [0.2752, 0.9597596639390376]]
0.4802, [[0.33782173844462604, 0.9851636897151332], [0.2752, 0.9946465815475886], [0.2752, 0.9986886722753542], [0.2752, 0.9825203093642919], [0.2752, 0.9834127295044239], [0.2752, 0.9882422195059581], [0.2752, 0.9922843102337238], [0.2752, 0.98498760154452], [0.2752, 0.9906588018206925], [0.2752, 0.9841476550912903]]
0.5655, [[0.2752, 0.9881408732675293], [0.2752, 0.9834127295044239], [0.2752, 0.9770609146422544], [0.2752, 0.974073736101877], [0.2752, 0.9609297389658875], [0.0, 0.9650395898327622], [0.2752, 0.9580849155116862], [0.0, 0.9554094924052574], [0.2752, 0.9529471977190201], [0.4246852559075013, 0.9519006636833222]]
0.5859, [[0.44144839085646936, 0.952339046795888], [0.2752, 0.9780260924154861], [0.2752, 0.9951715388942873], [0.2752, 0.9630533064491382], [0.2752, 0.9834262521352222], [0.2752, 0.9653986009819465], [0.2752, 0.9824086006750883], [0.2752, 0.9520378742903902], [0.23290483780590585, 0.9771133883291567], [0.0, 0.9685368067304251]]
0.4578, [[0.31953468213664066, 0.9667414570142688], [0.2752, 0.9910769744796195], [0.2752, 0.9612972017593209], [0.2752, 0.9364722973456758], [0.2752, 0.9940166768270853], [0.0, 0.9606807461770572], [0.0, 0.9537369487546667], [0.0, 0.9546592068736255], [0.0, 0.9431438783306909], [0.0, 0.9411671489796962]]
0.5384, [[0.3987785928045404, 0.9550554787500639], [0.2752, 0.9875072939190918], [0.2752, 0.9703043027668389], [0.2752, 0.9789463662353604], [0.2752, 0.9663791386999437], [0.2752, 0.9322405958164988], [0.2752, 0.9467054012172045], [0.2752, 0.9477871381885133], [0.2752, 0.9506559202168464], [0.2009450662393021, 0.9672353270086431]]
0.5347, [[0.2752, 0.9971138737278167], [0.2752, 0.9941741713803508], [0.2752, 0.9914751571625838], [0.2752, 0.9896071233058866], [0.2752, 0.9862999581649875], [0.3134389967006548, 0.9835786757019382], [0.38963506465054776, 0.9708495440597351], [0.2752, 0.9316237727714417], [0.2752, 0.9520107555362348], [0.2752, 0.9577106914028537]]
0.5839, [[0.44144839085646936, 0.952339046795888], [0.2752, 0.9649227366644504], [0.2752, 0.9900795334731244], [0.2752, 0.9715344212141359], [0.2752, 0.9680281647317548], [0.053930117032920506, 0.967066955556692], [0.0, 0.6013], [0.0, 0.8805371844218278], [0.0, 0.5959031471984804], [0.0, 0.9345618582826165]]
0.9042, [[0.4399244694974799, 0.9761074956784125], [0.7451897395646407, 0.9498025981179359], [0.2752, 0.9830452667109906], [0.7451897395646407, 0.9498025981179359], [0.2752, 0.9722059227228559], [0.2752, 0.9834652766838848], [0.36830016562458323, 0.933177037999284], [0.2752, 0.9608078148110264], [0.2752, 0.9788131242264615], [0.2752, 0.9424973642919245]]
0.6822, [[0.2752, 0.974464936991766], [0.2752, 0.9889771450928246], [0.2752, 0.9743921058661075], [0.4597354471644548, 0.9804205534700557], [0.2752, 0.976588430982458], [0.2752, 0.960255812202731], [0.2752, 0.9639377893929321], [0.5298358296783481, 0.9584709719224671], [0.2752, 0.9536499335651818], [0.07949793428620931, 0.9555905045773027]]
0.5936, [[0.44144839085646936, 0.9962739272745871], [0.2752, 0.9772319318263182], [0.2752, 0.9271079490103821], [0.2752, 0.9824153619904874], [0.2752, 0.9512639976474198], [0.2752, 0.9824086006750883], [0.2752, 0.9577106914028537], [0.2752, 0.981050458190559], [0.2752, 0.9788131242264615], [0.2752, 0.9759176643993249]]
0.6097, [[0.4597354471644548, 0.9804205534700557], [0.2752, 0.9896071233058866], [0.2752, 0.9878222830256227], [0.2752, 0.9934917194803866], [0.2752, 0.96201015307114], [0.2752, 0.9313752209379635], [0.2752, 0.986719894645323], [0.2752, 0.9934736403109496], [0.2752, 0.9380132893162174], [0.2752, 0.9919168474402905]]
0.4151, [[0.2752, 0.9850400752314223], [0.27838880544370126, 0.9694237149286554], [0.2752, 0.98498760154452], [0.2752, 0.9772319318263182], [0.2752, 0.9838326659847594], [0.2752, 0.9770609146422544], [0.2752, 0.9681943314069452], [0.2752, 0.9973238419679844], [0.2752, 0.9615901430982458], [0.0, 0.9513987095074925]]
0.6202, [[0.4780225034724263, 0.9254958162430318], [0.2752, 0.9986886722753542], [0.2752, 0.9950665180279241], [0.2752, 0.9900795334731244], [0.2752, 0.986719894645323], [0.2752, 0.9831502140847952], [0.2752, 0.9792656179102951], [0.2752, 0.9763351021326651], [0.2752, 0.9749339665013042], [0.2752, 0.9729205643635247]]
0.6311, [[0.44144839085646936, 0.9962739272745871], [0.31953468213664066, 0.990604490819823], [0.30886723262365845, 0.9832366413338106], [0.2752, 0.9900795334731244], [0.27838880544370126, 0.9694237149286554], [0.2752, 0.9828877721577252], [0.4780225034724263, 0.9254958162430318], [0.2752, 0.9750860226052268], [0.2752, 0.9652513953868971], [0.2752, 0.9649227366644504]]
0.4846, [[0.36830016562458323, 0.933177037999284], [0.0, 0.940988488569529], [0.0, 0.9163113041988442], [0.0, 0.893359872091239], [0.0, 0.8951894693397432], [0.0, 0.9105890265943843], [0.0, 0.9099201708177773], [0.0, 0.884019996777988], [0.0, 0.8826584736357591], [0.0, 0.8944494727663274]]
0.4241, [[0.2752, 0.9778483139160231], [0.2752, 0.9666753872040097], [0.29362801903367985, 0.9659591287270495], [0.2752, 0.9653731725566409], [0.2752, 0.9647567904669361], [0.0, 0.9622631879506981], [0.2752, 0.9542191334322099], [0.0, 0.9606957386590294], [0.2752, 0.9534348943384647], [0.2113319919984498, 0.9461839715133228]]
0.6180, [[0.2752, 0.9907619853730885], [0.2752, 0.9904994699534598], [0.2752, 0.9904469962665575], [0.2752, 0.9896071233058866], [0.2752, 0.9875072939190918], [0.4673550539594441, 0.9865624000920574], [0.2752, 0.9846200652585281], [0.2752, 0.9846200652585281], [0.3134389967006548, 0.9835786757019382], [0.2752, 0.9830452667109906]]
0.6109, [[0.3835393792145618, 0.9930717830000512], [0.2752, 0.9896071233058866], [0.4597354471644548, 0.9804205534700557], [0.2752, 0.9831502140847952], [0.2752, 0.9855463654682145], [0.2752, 0.9792656179102951], [0.2752, 0.9812984220835677], [0.2752, 0.9774266136142791], [0.2752, 0.9759176643993249], [0.2752, 0.9743921058661075]]
0.4239, [[0.28905625495668347, 0.9667770274126732], [0.2752, 0.9904469962665575], [0.2752, 0.9851975697846878], [0.27838880544370126, 0.9694237149286554], [0.2752, 0.9893210902674782], [0.2752, 0.9846200652585281], [0.2752, 0.9829403193371862], [0.2752, 0.9846200652585281], [0.2752, 0.9830452667109906], [0.2752, 0.9602422895719326]]
0.5150, [[0.2752, 0.9950665180279241], [0.2752, 0.9882422195059581], [0.2752, 0.9878222830256227], [0.2752, 0.9896071233058866], [0.2752, 0.9870873574387563], [0.2752, 0.9893970815731602], [0.2752, 0.9846200652585281], [0.2752, 0.9893156518181354], [0.2752, 0.9875072939190918], [0.36830016562458323, 0.9996335661023883]]
0.4127, [[0.2752, 0.9708427827443359], [0.2752, 0.9838326659847594], [0.2752, 0.9649227366644504], [0.2752, 0.9889771450928246], [0.2752, 0.9615901430982458], [0.2752, 1.0], [0.2752, 0.9724413193883291], [0.2752, 0.9759176643993249], [0.2752, 0.9678438453945686], [0.2752, 0.9612972017593209]]
0.4575, [[0.31953468213664066, 0.990604490819823], [0.2752, 0.9834127295044239], [0.2752, 0.9593498694318007], [0.0, 0.9709697043931877], [0.2752, 0.9656983036362706], [0.2752, 0.9410952732573007], [0.0, 0.9659012165908044], [0.2752, 0.9635493812202731], [0.2752, 0.9405939805144989], [0.2752, 0.9650226865442643]]
0.4265, [[0.28905625495668347, 0.9667770274126732], [0.2752, 0.9973238419679844], [0.2752, 0.9615901430982458], [0.2752, 0.9681384770623433], [0.2752, 0.9731491262210403], [0.2752, 0.9841476550912903], [0.2752, 0.976588430982458], [0.2752, 0.9656983036362706], [0.2752, 0.9538599018053495], [0.2752, 0.9494757767094564]]
0.4122, [[0.2752, 0.9986886722753542], [0.25128170645670445, 0.9921739244105763], [0.2752, 0.9834127295044239], [0.2752, 0.9800141396205186], [0.2752, 0.974549600419373], [0.2752, 0.9711036813276736], [0.2752, 0.9711036813276736], [0.0, 0.9582985583797883], [0.0, 0.9572341656523295], [0.2752, 0.9570502137779369]]
1.1870, [[1.0, 0.9624516228711707], [0.44144839085646936, 0.9962739272745871], [0.7451897395646407, 0.9498025981179359], [0.2752, 0.9867249656318724], [0.2752, 0.9841476550912903], [0.2752, 0.986265563647522], [0.2752, 0.9817401123612745], [0.2752, 0.9805593809134149], [0.2752, 0.9770626049711041], [0.2752, 0.974803590702194]]
0.4116, [[0.2752, 0.9971138737278167], [0.2752, 0.9829403193371862], [0.0, 0.9649307473533473], [0.2752, 0.9602422895719326], [0.0, 0.958957419168414], [0.2752, 0.9582034590088477], [0.18496518045600024, 0.9581971386488006], [0.0, 0.9432452245691199], [0.2752, 0.9457316983071651], [0.2752, 0.9505984490359536]]
0.4038, [[0.2752, 0.9703483248094921], [0.2752, 0.9520378742903902], [0.2752, 0.9539103177006085], [0.2752, 0.9504344871375237], [0.23290483780590585, 0.9771133883291567], [0.2752, 0.953507064031095], [0.2752, 0.930852100905232], [0.2752, 0.9665619146933975], [0.0, 0.923528934894901], [0.0, 0.9234918211527642]]
0.5150, [[0.36830016562458323, 0.9996335661023883], [0.2752, 0.98498760154452], [0.2752, 0.9684838920881705], [0.2752, 0.9960639590344194], [0.2752, 0.9664281582365877], [0.2752, 0.9262266997391705], [0.22012092917926143, 0.9338555213010792], [0.08668888288869225, 0.938835671047921], [0.0826939114428668, 0.9489526566767248], [0.0, 0.9482123661330741]]
0.4008, [[0.2752, 0.9681384770623433], [0.0, 0.9430897878074975], [0.0, 0.9361325412468674], [0.0, 0.9063435819567329], [0.0, 0.9355717930240883], [0.0, 0.919327218329668], [0.0, 0.9064469859868051], [0.0, 0.9244226779010893], [0.0, 0.9337154444842224], [0.0, 0.9325232481972076]]
0.5561, [[0.4063981995995297, 0.9722144478596634], [0.3835393792145618, 0.9930717830000512], [0.36830016562458323, 0.9996335661023883], [0.2752, 0.9780260924154861], [0.2752, 0.9792656179102951], [0.2752, 0.9912072767861709], [0.3484891879576083, 0.9714591648340408], [0.2752, 0.9752150755382806], [0.2752, 0.9776992710070066], [0.2752, 0.9800141396205186]]
0.4107, [[0.2752, 0.9946465815475886], [0.2752, 0.9882422195059581], [0.2752, 0.9307114361479056], [0.2752, 0.975357357131898], [0.2752, 0.9541612947885235], [0.2752, 0.9834652766838848], [0.2752, 0.981050458190559], [0.2752, 0.9698420345726998], [0.16658831180520164, 0.954739754717946], [0.19774908908263739, 0.9556846485449804]]
0.4526, [[0.2752, 0.9956440225540837], [0.2752, 0.9958539907942515], [0.3134389967006548, 0.9835786757019382], [0.2752, 0.9896071233058866], [0.2752, 0.9941741713803508], [0.2752, 0.9309485231422289], [0.2752, 0.9821562272285583], [0.2752, 0.9699757910295096], [0.2752, 0.9849723150923133], [0.2752, 0.9444007480693499]]
1.1835, [[0.3835393792145618, 0.9930717830000512], [1.0, 0.9624516228711707], [0.2752, 0.9925992993402547], [0.2752, 0.9896071233058866], [0.2752, 0.974803590702194], [0.2752, 0.9652122973456758], [0.2752, 0.965032828517363], [0.2752, 0.9628839061013655], [0.2752, 0.9738224650437274], [0.2752, 0.9821680595305069]]
0.6196, [[0.2752, 0.9951715388942873], [0.2752, 0.9878222830256227], [0.4780225034724263, 0.9254958162430318], [0.2752, 0.9971138737278167], [0.2752, 0.9862999581649875], [0.2752, 0.98498760154452], [0.2752, 0.9830452667109906], [0.2752, 0.9829403193371862], [0.2752, 0.9582034590088477], [0.2752, 0.981997042346443]]
0.5887, [[0.4399244694974799, 0.9761074956784125], [0.2752, 0.9951715388942873], [0.2752, 0.9951715388942873], [0.38963506465054776, 0.9708495440597351], [0.2752, 0.9862999581649875], [0.3484891879576083, 0.9714591648340408], [0.33782173844462604, 0.9851636897151332], [0.2752, 0.9587554616171432], [0.2752, 0.9833602558175216], [0.2752, 0.9833602558175216]]
0.4109, [[0.2752, 0.9950665180279241], [0.2752, 0.972651287628497], [0.25687466648085866, 0.9651789317240321], [0.0, 0.9683341142535673], [0.27205555797499253, 0.9470472886002147], [0.15380440317855723, 0.9384187477624917], [0.2752, 0.940983564568097], [0.025965316912142225, 0.9392411294941952], [0.09148284862368572, 0.9288472973968189], [0.0, 0.9647673733953869]]
0.1012, [[0.0, 0.9124322199662456], [0.0, 0.857103494144121], [0.0, 0.8293469133192385], [0.0, 0.71743911205074], [0.0, 0.6111506553911202], [0.0, 0.6013], [0.0, 0.6685596194503168], [0.0, 0.6013], [0.0, 0.6013], [0.0, 0.6511606765327691]]
0.4111, [[0.2752, 0.9956440225540837], [0.2752, 0.9867249656318724], [0.2752, 0.9774266136142791], [0.2752, 0.9821562272285583], [0.2752, 0.9708427827443359], [0.2752, 0.9776992710070066], [0.2752, 0.9792961173221502], [0.2752, 0.975856886053291], [0.2752, 0.9829403193371862], [0.0, 0.957487567994681]]
0.7194, [[0.2752, 0.9835126058916791], [0.30886723262365845, 0.9832366413338106], [0.2752, 0.9770609146422544], [0.2752, 0.9750860226052268], [0.2752, 0.974803590702194], [0.2752, 0.9737300114048996], [0.2752, 0.9703483248094921], [0.2752, 0.9729917051603334], [0.2752, 0.9653986009819465], [0.5694577850122979, 0.960785840535979]]
1.1805, [[1.0, 0.9624516228711707], [0.4246852559075013, 0.9519006636833222], [0.39573075008653363, 0.9373613368281082], [0.31953468213664066, 0.990604490819823], [0.28905625495668347, 0.9667770274126732], [0.2752, 0.9763428923438859], [0.2752, 0.9825203093642919], [0.2752, 0.9780260924154861], [0.2752, 0.96201015307114], [0.2752, 0.9506780414770112]]
0.5676, [[0.4246852559075013, 0.9519006636833222], [0.2752, 0.986719894645323], [0.2752, 0.9825203093642919], [0.41249388503551565, 0.9706226725310694], [0.2752, 0.9850400752314223], [0.3987785928045404, 0.9550554787500639], [0.31953468213664066, 0.9667414570142688], [0.2752, 0.9838326659847594], [0.2752, 0.9597596639390376], [0.2752, 0.9821562272285583]]
0.6800, [[0.2752, 0.9940166768270853], [0.2752, 0.9919168474402905], [0.2752, 0.9904994699534598], [0.2752, 0.9893156518181354], [0.2752, 0.9878222830256227], [0.2752, 0.986265563647522], [0.2752, 0.972651287628497], [0.2752, 0.9649227366644504], [0.2752, 0.9603692847133432], [0.5298358296783481, 0.9584709719224671]]
0.5936, [[0.44144839085646936, 0.9962739272745871], [0.2752, 0.9960639590344194], [0.2752, 0.9914751571625838], [0.2752, 0.9776992710070066], [0.2752, 0.9708427827443359], [0.2752, 0.9433694269933002], [0.2752, 0.9940166768270853], [0.2752, 0.9778483139160231], [0.2752, 0.9577106914028537], [0.2752, 0.9509032961693858]]
