0.1183, [[0.9950563337393419, 0.0, 0.9806375592496163], [0.9950563337393419, 0.0, 0.9761693036918352], [0.9950563337393419, 0.0, 0.9761693036918352], [0.9950563337393419, 0.0, 0.974679885172575], [0.9851690012180266, 0.0, 0.9761693036918352], [0.011484174508126605, 0.0, 0.16140253637592433], [0.011484174508126605, 0.0, 0.17742483899181047], [0.007430936446434861, 0.0, 0.1447262622246959], [0.012159714185075228, 0.0, 0.1761168959211259], [0.012159714185075228, 0.0, 0.17480895285044132]]
0.1393, [[0.0027021587077944954, 0.8888407142857142, 0.12478013039675599], [0.9901126674786843, 0.0, 0.985105814807397], [0.9901126674786843, 0.0, 0.985105814807397], [0.0, 0.8566004545454546, 0.0], [0.0, 0.8566004545454546, 0.0], [0.9950563337393419, 0.0, 0.9836163962881368], [0.9950563337393419, 0.0, 0.9821269777688766], [0.9950563337393419, 0.0, 0.9821269777688766], [0.9950563337393419, 0.0, 0.9821269777688766], [0.9950563337393419, 0.0, 0.9821269777688766]]
0.3702, [[0.9901126674786843, 0.0, 0.9806375592496163], [0.1337568560358275, 0.999659154613746, 0.9776587222110955], [0.9950563337393419, 0.0, 0.9806375592496163], [0.12970361797413577, 0.999659154613746, 0.974679885172575], [0.9950563337393419, 0.0, 0.9761693036918352], [0.0027021587077944954, 0.9114088961038962, 0.12903094537648088], [0.0027021587077944954, 0.9339770779220781, 0.1277230023057963], [0.0, 0.8404803246753247, 0.0], [0.010808634831177982, 0.0, 0.17317402401208556], [0.0027021587077944954, 0.20847761755485894, 0.1264150592351117]]
1.3000, [[0.9950563337393419, 0.0, 0.9880846518459176], [0.9901126674786843, 0.999659154613746, 0.9836163962881368], [0.9950563337393419, 0.0, 0.985105814807397], [0.9950563337393419, 0.0, 0.9836163962881368], [0.9901126674786843, 0.0, 0.985105814807397], [0.9950563337393419, 0.0, 0.9821269777688766], [0.9950563337393419, 0.0, 0.9791481407303559], [0.9950563337393419, 0.0, 0.9791481407303559], [0.9901126674786843, 0.0, 0.9821269777688766], [0.9950563337393419, 0.0, 0.9791481407303559]]
0.5188, [[0.27235296654275093, 0.999659154613746, 0.974679885172575], [0.9950563337393419, 0.0, 0.985105814807397], [0.9950563337393419, 0.0, 0.9836163962881368], [0.9950563337393419, 0.0, 0.9836163962881368], [0.9950563337393419, 0.0, 0.9836163962881368], [0.9950563337393419, 0.0, 0.9836163962881368], [0.9950563337393419, 0.0, 0.9821269777688766], [0.9950563337393419, 0.0, 0.9821269777688766], [0.9950563337393419, 0.0, 0.9821269777688766], [0.9950563337393419, 0.0, 0.9821269777688766]]
1.2968, [[0.9851690012180266, 0.0, 0.9880846518459176], [0.9950563337393419, 0.0, 0.9865952333266573], [0.9901126674786843, 0.999659154613746, 0.9806375592496163], [0.9950563337393419, 0.0, 0.9836163962881368], [0.9950563337393419, 0.0, 0.9761693036918352], [0.9950563337393419, 0.0, 0.9776587222110955], [0.9950563337393419, 0.0, 0.9806375592496163], [0.9950563337393419, 0.0, 0.9806375592496163], [0.9950563337393419, 0.0, 0.9776587222110955], [0.9950563337393419, 0.0, 0.9791481407303559]]
1.2981, [[0.9901126674786843, 0.0, 0.985105814807397], [0.9901126674786843, 0.9993183092274919, 0.9821269777688766], [0.9901126674786843, 0.999659154613746, 0.9791481407303559], [0.9950563337393419, 0.0, 0.9836163962881368], [0.9950563337393419, 0.0, 0.9821269777688766], [0.9950563337393419, 0.0, 0.9791481407303559], [0.9950563337393419, 0.0, 0.9791481407303559], [0.9876408343483555, 0.0, 0.9806375592496163], [0.9925845006090132, 0.0, 0.9776587222110955], [0.9851690012180266, 0.0, 0.9791481407303559]]
1.2961, [[0.9950563337393419, 0.0, 0.9821269777688766], [0.9901126674786843, 0.9993183092274919, 0.9806375592496163], [0.9901126674786843, 0.999659154613746, 0.9776587222110955], [0.9950563337393419, 0.0, 0.9821269777688766], [0.9901126674786843, 0.999659154613746, 0.9761693036918352], [0.9950563337393419, 0.0, 0.9806375592496163], [0.9901126674786843, 0.0, 0.9806375592496163], [0.9901126674786843, 0.9993183092274919, 0.9761693036918352], [0.9950563337393419, 0.0, 0.9791481407303559], [0.9950563337393419, 0.0, 0.9791481407303559]]
1.2985, [[0.9901126674786843, 0.0, 0.985105814807397], [0.9901126674786843, 1.0, 0.9821269777688766], [0.9950563337393419, 0.0, 0.9836163962881368], [0.9901126674786843, 0.999659154613746, 0.9806375592496163], [0.9901126674786843, 0.999659154613746, 0.9761693036918352], [0.9950563337393419, 0.0, 0.9806375592496163], [0.9901126674786843, 0.0, 0.9806375592496163], [0.0027021587077944954, 0.9458055835856037, 0.12837697384113858], [0.0027021587077944954, 0.9458055835856037, 0.12837697384113858], [0.9901126674786843, 0.0, 0.9791481407303559]]
1.2951, [[0.9950563337393419, 0.0, 0.9880846518459176], [0.9901126674786843, 0.999659154613746, 0.9791481407303559], [0.9950563337393419, 0.0, 0.985105814807397], [0.005404317415588991, 0.6949091221575886, 0.1378595611036018], [0.9950563337393419, 0.0, 0.9836163962881368], [0.9950563337393419, 0.0, 0.9836163962881368], [0.004728777738640368, 0.6878216023268112, 0.140475447244971], [0.9851690012180266, 0.0, 0.9836163962881368], [0.9950563337393419, 0.0, 0.9821269777688766], [0.9950563337393419, 0.0, 0.9821269777688766]]
1.2934, [[0.9901126674786843, 1.0, 0.9776587222110955], [0.9950563337393419, 0.0, 0.9836163962881368], [0.9901126674786843, 0.999659154613746, 0.9776587222110955], [0.9950563337393419, 0.0, 0.9821269777688766], [0.9876408343483555, 0.0, 0.9821269777688766], [0.9950563337393419, 0.0, 0.9776587222110955], [0.9950563337393419, 0.0, 0.9776587222110955], [0.9950563337393419, 0.0, 0.9776587222110955], [0.9901126674786843, 0.0, 0.9821269777688766], [0.9950563337393419, 0.0, 0.9731904666533147]]
1.3031, [[0.9901126674786843, 1.0, 0.9865952333266573], [0.9901126674786843, 0.0, 0.9880846518459176], [0.9901126674786843, 0.999659154613746, 0.9821269777688766], [0.0027021587077944954, 0.9243050000000004, 0.12935793114415203], [0.9901126674786843, 0.0, 0.9791481407303559], [0.0027021587077944954, 0.9146329220779221, 0.127069030770454], [0.9901126674786843, 0.0, 0.9761693036918352], [0.9901126674786843, 0.0, 0.9761693036918352], [0.005404317415588991, 0.6949091221575886, 0.14178339031565557], [0.004728777738640368, 0.696484126564428, 0.13884051840661527]]
1.2995, [[0.9901126674786843, 0.999659154613746, 0.9836163962881368], [0.9950563337393419, 0.0, 0.9821269777688766], [0.9876408343483555, 0.999659154613746, 0.9806375592496163], [0.9901126674786843, 0.999659154613746, 0.9791481407303559], [0.9950563337393419, 0.0, 0.9806375592496163], [0.9901126674786843, 0.9993183092274919, 0.9731904666533147], [0.9851690012180266, 0.9993183092274919, 0.9791481407303559], [0.9950563337393419, 0.0, 0.9776587222110955], [0.0027021587077944954, 0.9441013566543335, 0.12870395960880973], [0.9901126674786843, 0.0, 0.9776587222110955]]
0.1408, [[0.9950563337393419, 0.0, 0.9836163962881368], [0.0027021587077944954, 0.9417154389505551, 0.12935793114415203], [0.9901126674786843, 0.0, 0.9836163962881368], [0.9950563337393419, 0.0, 0.9806375592496163], [0.0027021587077944954, 0.9243050000000004, 0.12608807346744058], [0.0027021587077944954, 0.9243050000000004, 0.12478013039675599], [0.9876408343483555, 0.0, 0.9806375592496163], [0.9950563337393419, 0.0, 0.9791481407303559], [0.0027021587077944954, 0.9114088961038962, 0.1277230023057963], [0.0027021587077944954, 0.9081848701298703, 0.12510711616442713]]
1.2982, [[0.9901126674786843, 0.0, 0.9865952333266573], [0.9901126674786843, 0.999659154613746, 0.9821269777688766], [0.9901126674786843, 0.999659154613746, 0.9761693036918352], [0.9950563337393419, 0.0, 0.9821269777688766], [0.9901126674786843, 0.0, 0.9821269777688766], [0.9901126674786843, 0.999659154613746, 0.9776587222110955], [0.9950563337393419, 0.0, 0.9806375592496163], [0.9876408343483555, 0.9993183092274919, 0.974679885172575], [0.9950563337393419, 0.0, 0.9806375592496163], [0.9901126674786843, 0.9993183092274919, 0.974679885172575]]
1.2923, [[0.9901126674786843, 1.0, 0.974679885172575], [0.9950563337393419, 0.0, 0.9880846518459176], [0.2696882825278811, 0.999659154613746, 0.9791481407303559], [0.9950563337393419, 0.0, 0.9836163962881368], [0.9950563337393419, 0.0, 0.9836163962881368], [0.9950563337393419, 0.0, 0.9821269777688766], [0.9851690012180266, 0.0, 0.9821269777688766], [0.9950563337393419, 0.0, 0.9806375592496163], [0.9950563337393419, 0.0, 0.9806375592496163], [0.9950563337393419, 0.0, 0.9806375592496163]]
1.2968, [[0.9901126674786843, 0.999659154613746, 0.9761693036918352], [0.9901126674786843, 0.999659154613746, 0.9806375592496163], [0.9950563337393419, 0.0, 0.9880846518459176], [0.9950563337393419, 0.0, 0.9865952333266573], [0.9950563337393419, 0.0, 0.9776587222110955], [0.9950563337393419, 0.0, 0.9776587222110955], [0.9950563337393419, 0.0, 0.974679885172575], [0.9950563337393419, 0.0, 0.9791481407303559], [0.9950563337393419, 0.0, 0.9806375592496163], [0.9950563337393419, 0.0, 0.9776587222110955]]
1.2901, [[0.9876408343483555, 1.0, 0.9776587222110955], [0.9950563337393419, 0.0, 0.9776587222110955], [0.9950563337393419, 0.0, 0.9776587222110955], [0.9950563337393419, 0.0, 0.9761693036918352], [0.9851690012180266, 0.0, 0.974679885172575], [0.9876408343483555, 0.0, 0.9731904666533147], [0.011484174508126605, 0.0, 0.17709785322413932], [0.012159714185075228, 0.0, 0.17677086745646817], [0.012159714185075228, 0.0, 0.1754629243857836], [0.014861872892869723, 0.0, 0.1754629243857836]]
0.5212, [[0.27306077323420075, 0.999659154613746, 0.9776587222110955], [0.9950563337393419, 0.0, 0.9895740703651779], [0.9950563337393419, 0.0, 0.9865952333266573], [0.9876408343483555, 0.0, 0.985105814807397], [0.9950563337393419, 0.0, 0.9836163962881368], [0.9950563337393419, 0.0, 0.9836163962881368], [0.9950563337393419, 0.0, 0.9836163962881368], [0.9901126674786843, 0.0, 0.9836163962881368], [0.9950563337393419, 0.0, 0.9821269777688766], [0.9950563337393419, 0.0, 0.9791481407303559]]
1.0304, [[0.7429293544457976, 0.9993183092274919, 0.9821269777688766], [0.9901126674786843, 0.0, 0.985105814807397], [0.0027021587077944954, 0.21148075235109712, 0.12674204500278285], [0.9950563337393419, 0.0, 0.9836163962881368], [0.9950563337393419, 0.0, 0.9806375592496163], [0.9851690012180266, 0.0, 0.9806375592496163], [0.9851690012180266, 0.0, 0.9806375592496163], [0.9901126674786843, 0.0, 0.9806375592496163], [0.9901126674786843, 0.0, 0.9806375592496163], [0.9950563337393419, 0.0, 0.9791481407303559]]
1.2922, [[0.9901126674786843, 1.0, 0.9731904666533147], [0.9950563337393419, 0.0, 0.9865952333266573], [0.9901126674786843, 0.999659154613746, 0.974679885172575], [0.9950563337393419, 0.0, 0.9836163962881368], [0.9950563337393419, 0.0, 0.9836163962881368], [0.26960501115241636, 0.999659154613746, 0.9791481407303559], [0.9876408343483555, 0.9993183092274919, 0.974679885172575], [0.9851690012180266, 0.0, 0.9836163962881368], [0.9950563337393419, 0.0, 0.9821269777688766], [0.9950563337393419, 0.0, 0.9821269777688766]]
1.2934, [[0.9901126674786843, 0.999659154613746, 0.9761693036918352], [0.9950563337393419, 0.0, 0.9865952333266573], [0.9876408343483555, 0.999659154613746, 0.9776587222110955], [0.9950563337393419, 0.0, 0.985105814807397], [0.9901126674786843, 0.9993183092274919, 0.9761693036918352], [0.9950563337393419, 0.0, 0.974679885172575], [0.9950563337393419, 0.0, 0.9791481407303559], [0.9901126674786843, 0.0, 0.985105814807397], [0.9950563337393419, 0.0, 0.9806375592496163], [0.9950563337393419, 0.0, 0.974679885172575]]
1.2984, [[0.9901126674786843, 0.0, 0.9880846518459176], [0.9950563337393419, 0.0, 0.9791481407303559], [0.9950563337393419, 0.0, 0.9791481407303559], [0.9901126674786843, 0.999659154613746, 0.9821269777688766], [0.13510793538972476, 0.9993183092274919, 0.9806375592496163], [0.9901126674786843, 0.999659154613746, 0.9731904666533147], [0.9901126674786843, 0.0, 0.9836163962881368], [0.9950563337393419, 0.0, 0.9776587222110955], [0.9901126674786843, 0.0, 0.9836163962881368], [0.9950563337393419, 0.0, 0.9776587222110955]]
1.3071, [[0.9851690012180266, 1.0, 0.9776587222110955], [0.9950563337393419, 0.999659154613746, 0.985105814807397], [0.13781009409751926, 1.0, 0.974679885172575], [0.9851690012180266, 0.999659154613746, 0.9761693036918352], [0.13173023700498163, 0.999659154613746, 0.9791481407303559], [0.9950563337393419, 0.0, 0.9821269777688766], [0.9901126674786843, 0.9993183092274919, 0.9806375592496163], [0.9950563337393419, 0.0, 0.9806375592496163], [0.9876408343483555, 0.9993183092274919, 0.9806375592496163], [0.9950563337393419, 0.0, 0.9761693036918352]]
1.3015, [[0.9950563337393419, 0.9993183092274919, 0.9806375592496163], [0.9950563337393419, 0.0, 0.9806375592496163], [0.9950563337393419, 0.0, 0.9761693036918352], [0.9950563337393419, 0.0, 0.9865952333266573], [0.2723113308550186, 0.9993183092274919, 0.9791481407303559], [0.9950563337393419, 0.0, 0.9776587222110955], [0.0013510793538972477, 0.17844626959247645, 0.11001773049645391], [0.0013510793538972477, 0.17544313479623827, 0.11735224586288416], [0.0013510793538972477, 0.17544313479623827, 0.11735224586288416], [0.0013510793538972477, 0.18445253918495294, 0.12478013039675599]]
1.3067, [[0.9950563337393419, 0.9993183092274919, 0.9806375592496163], [0.9901126674786843, 0.999659154613746, 0.985105814807397], [0.9950563337393419, 0.9993183092274919, 0.9761693036918352], [0.7577603532277709, 0.999659154613746, 0.9776587222110955], [0.9950563337393419, 0.0, 0.9806375592496163], [0.9925845006090132, 0.9993183092274919, 0.9836163962881368], [0.7725913520097443, 0.999659154613746, 0.9717010481340544], [0.9950563337393419, 0.0, 0.9791481407303559], [0.9950563337393419, 0.0, 0.985105814807397], [0.9950563337393419, 0.0, 0.9776587222110955]]
1.3052, [[0.9950563337393419, 0.999659154613746, 0.9836163962881368], [0.9950563337393419, 0.0, 0.9865952333266573], [0.9950563337393419, 0.9993183092274919, 0.9761693036918352], [0.4364220462850183, 0.999659154613746, 0.9761693036918352], [0.9950563337393419, 0.9993183092274919, 0.9776587222110955], [0.9950563337393419, 0.0, 0.9821269777688766], [0.9950563337393419, 0.0, 0.9806375592496163], [0.43395021315468923, 0.999659154613746, 0.9791481407303559], [0.9950563337393419, 0.0, 0.9791481407303559], [0.9901126674786843, 0.9993183092274919, 0.9791481407303559]]
1.2966, [[0.9950563337393419, 0.9993183092274919, 0.9761693036918352], [0.13308131635887888, 0.999659154613746, 0.9761693036918352], [0.13308131635887888, 0.999659154613746, 0.9717010481340544], [0.2696466468401487, 0.999659154613746, 0.974679885172575], [0.9950563337393419, 0.0, 0.9791481407303559], [0.9950563337393419, 0.0, 0.9806375592496163], [0.9950563337393419, 0.0, 0.985105814807397], [0.9950563337393419, 0.0, 0.9761693036918352], [0.9950563337393419, 0.0, 0.9791481407303559], [0.9950563337393419, 0.0, 0.9836163962881368]]
1.3050, [[0.9950563337393419, 0.0, 0.985105814807397], [0.9950563337393419, 0.999659154613746, 0.9761693036918352], [0.9950563337393419, 0.9993183092274919, 0.9836163962881368], [0.9901126674786843, 0.0, 0.9836163962881368], [0.9901126674786843, 0.9993183092274919, 0.9761693036918352], [0.9901126674786843, 0.0, 0.9821269777688766], [0.9901126674786843, 0.9993183092274919, 0.974679885172575], [0.9901126674786843, 0.9993183092274919, 0.974679885172575], [0.9950563337393419, 0.0, 0.9806375592496163], [0.0013510793538972477, 0.8469283766233766, 0.029338061465721047]]
0.1187, [[0.9950563337393419, 0.0, 0.9791481407303559], [0.9950563337393419, 0.0, 0.9791481407303559], [0.9950563337393419, 0.0, 0.9836163962881368], [0.9950563337393419, 0.0, 0.9806375592496163], [0.9950563337393419, 0.0, 0.9806375592496163], [0.9950563337393419, 0.0, 0.9791481407303559], [0.9950563337393419, 0.0, 0.9806375592496163], [0.9950563337393419, 0.0, 0.9791481407303559], [0.9950563337393419, 0.0, 0.9821269777688766], [0.9950563337393419, 0.0, 0.9791481407303559]]
1.3017, [[0.9901126674786843, 1.0, 0.9761693036918352], [0.9950563337393419, 0.0, 0.974679885172575], [0.9950563337393419, 0.0, 0.9791481407303559], [0.9950563337393419, 0.0, 0.9791481407303559], [0.9876408343483555, 1.0, 0.985105814807397], [0.9950563337393419, 0.0, 0.985105814807397], [0.9901126674786843, 0.999659154613746, 0.9776587222110955], [0.9901126674786843, 0.999659154613746, 0.9761693036918352], [0.9851690012180266, 0.9993183092274919, 0.9806375592496163], [0.9901126674786843, 0.0, 0.9806375592496163]]
1.2927, [[0.9901126674786843, 0.9993183092274919, 0.9761693036918352], [0.9901126674786843, 0.0, 0.9791481407303559], [0.46608404384896474, 0.9993183092274919, 0.9791481407303559], [0.9901126674786843, 0.0, 0.9806375592496163], [0.9851690012180266, 0.0, 0.9836163962881368], [0.9950563337393419, 0.0, 0.9791481407303559], [0.9901126674786843, 0.0, 0.9806375592496163], [0.9950563337393419, 0.0, 0.9806375592496163], [0.9851690012180266, 0.0, 0.9776587222110955], [0.9950563337393419, 0.0, 0.9791481407303559]]
1.2963, [[0.9950563337393419, 0.0, 0.9821269777688766], [0.9901126674786843, 0.999659154613746, 0.9806375592496163], [0.9901126674786843, 0.0, 0.9836163962881368], [0.9950563337393419, 0.0, 0.9821269777688766], [0.9901126674786843, 0.9993183092274919, 0.9791481407303559], [0.9901126674786843, 0.999659154613746, 0.9791481407303559], [0.9901126674786843, 0.999659154613746, 0.9776587222110955], [0.9901126674786843, 0.999659154613746, 0.974679885172575], [0.9876408343483555, 0.0, 0.9836163962881368], [0.9950563337393419, 0.0, 0.9806375592496163]]
1.2962, [[0.9950563337393419, 0.0, 0.9880846518459176], [0.9925845006090132, 0.999659154613746, 0.9761693036918352], [0.9950563337393419, 0.0, 0.985105814807397], [0.9901126674786843, 0.9993183092274919, 0.9776587222110955], [0.9950563337393419, 0.0, 0.9836163962881368], [0.9950563337393419, 0.0, 0.9836163962881368], [0.9950563337393419, 0.0, 0.9821269777688766], [0.9950563337393419, 0.0, 0.9806375592496163], [0.9950563337393419, 0.0, 0.9791481407303559], [0.9950563337393419, 0.0, 0.9776587222110955]]
1.2988, [[0.9950563337393419, 0.999659154613746, 0.9761693036918352], [0.9950563337393419, 0.0, 0.9880846518459176], [0.9950563337393419, 0.999659154613746, 0.9776587222110955], [0.9950563337393419, 0.0, 0.9836163962881368], [0.9950563337393419, 0.0, 0.9821269777688766], [0.9950563337393419, 0.0, 0.985105814807397], [0.9950563337393419, 0.0, 0.9836163962881368], [0.9950563337393419, 0.0, 0.9821269777688766], [0.9901126674786843, 0.999659154613746, 0.9717010481340544], [0.9901126674786843, 0.9993183092274919, 0.9731904666533147]]
1.3073, [[0.9901126674786843, 0.9993183092274919, 0.985105814807397], [0.9901126674786843, 0.999659154613746, 0.9761693036918352], [0.9901126674786843, 0.0, 0.9910634888844384], [0.9901126674786843, 0.999659154613746, 0.9731904666533147], [0.9950563337393419, 0.9993183092274919, 0.9821269777688766], [0.9950563337393419, 0.0, 0.9836163962881368], [0.2733105873605948, 0.9993183092274919, 0.9821269777688766], [0.9950563337393419, 0.0, 0.9821269777688766], [0.9950563337393419, 0.0, 0.9821269777688766], [0.9901126674786843, 0.9993183092274919, 0.9791481407303559]]
1.2971, [[0.9901126674786843, 0.0, 0.9880846518459176], [0.9901126674786843, 0.999659154613746, 0.9806375592496163], [0.9950563337393419, 0.0, 0.9821269777688766], [0.9901126674786843, 0.0, 0.9836163962881368], [0.9901126674786843, 0.999659154613746, 0.974679885172575], [0.7701195188794154, 1.0, 0.9791481407303559], [0.9925845006090132, 0.0, 0.9806375592496163], [0.9950563337393419, 0.0, 0.9791481407303559], [0.9901126674786843, 0.0, 0.9821269777688766], [0.7577603532277709, 0.9993183092274919, 0.9761693036918352]]
1.3058, [[0.9950563337393419, 0.0, 0.9880846518459176], [0.9950563337393419, 1.0, 0.974679885172575], [0.9950563337393419, 0.999659154613746, 0.974679885172575], [0.13645901474362201, 1.0, 0.9776587222110955], [0.9950563337393419, 0.999659154613746, 0.9821269777688766], [0.9950563337393419, 0.0, 0.9821269777688766], [0.9950563337393419, 0.0, 0.9836163962881368], [0.9950563337393419, 0.0, 0.9761693036918352], [0.9901126674786843, 0.999659154613746, 0.9836163962881368], [0.9950563337393419, 0.0, 0.9836163962881368]]
1.3075, [[0.9901126674786843, 0.999659154613746, 0.985105814807397], [0.9851690012180266, 0.999659154613746, 0.985105814807397], [0.9950563337393419, 0.0, 0.9925529074036987], [0.9901126674786843, 0.999659154613746, 0.9836163962881368], [0.9950563337393419, 0.0, 0.9865952333266573], [0.9901126674786843, 0.9993183092274919, 0.9806375592496163], [0.9950563337393419, 0.999659154613746, 0.9791481407303559], [0.9901126674786843, 0.9993183092274919, 0.9806375592496163], [0.9950563337393419, 0.999659154613746, 0.9776587222110955], [0.9901126674786843, 0.999659154613746, 0.9776587222110955]]
1.3002, [[0.9901126674786843, 0.999659154613746, 0.9836163962881368], [0.9901126674786843, 0.0, 0.9865952333266573], [0.9901126674786843, 1.0, 0.9806375592496163], [0.9950563337393419, 0.0, 0.9821269777688766], [0.31185217215599115, 0.0, 0.9865952333266573], [0.9901126674786843, 1.0, 0.9776587222110955], [0.9950563337393419, 0.0, 0.9806375592496163], [0.9901126674786843, 0.0, 0.9806375592496163], [0.9901126674786843, 0.999659154613746, 0.9776587222110955], [0.9950563337393419, 0.0, 0.974679885172575]]
1.3003, [[0.9950563337393419, 0.9993183092274919, 0.9776587222110955], [0.9950563337393419, 0.0, 0.9865952333266573], [0.9950563337393419, 0.9993183092274919, 0.9776587222110955], [0.9876408343483555, 0.999659154613746, 0.9791481407303559], [0.9950563337393419, 0.999659154613746, 0.9761693036918352], [0.9950563337393419, 0.0, 0.9806375592496163], [0.9851690012180266, 0.9993183092274919, 0.9776587222110955], [0.9950563337393419, 0.0, 0.9776587222110955], [0.9901126674786843, 0.0, 0.9806375592496163], [0.0027021587077944954, 0.9243050000000004, 0.1300119026794943]]
1.3013, [[0.9950563337393419, 0.0, 0.985105814807397], [0.2696466468401487, 0.9993183092274919, 0.9821269777688766], [0.9950563337393419, 0.999659154613746, 0.9791481407303559], [0.9950563337393419, 0.0, 0.9836163962881368], [0.9950563337393419, 0.0, 0.9836163962881368], [0.9950563337393419, 0.0, 0.9806375592496163], [0.9901126674786843, 0.0, 0.9821269777688766], [0.9851690012180266, 0.0, 0.9806375592496163], [0.9851690012180266, 0.0, 0.9806375592496163], [0.9950563337393419, 0.0, 0.9776587222110955]]
1.2946, [[0.9901126674786843, 0.9993183092274919, 0.9776587222110955], [0.2722280594795539, 0.999659154613746, 0.9821269777688766], [0.9950563337393419, 0.0, 0.9806375592496163], [0.9950563337393419, 0.0, 0.985105814807397], [0.9950563337393419, 0.0, 0.985105814807397], [0.9950563337393419, 0.0, 0.9791481407303559], [0.9950563337393419, 0.0, 0.985105814807397], [0.9950563337393419, 0.0, 0.9791481407303559], [0.9950563337393419, 0.0, 0.9806375592496163], [0.9950563337393419, 0.0, 0.9836163962881368]]
1.3004, [[0.9901126674786843, 1.0, 0.9836163962881368], [0.9950563337393419, 0.0, 0.9880846518459176], [0.9950563337393419, 0.0, 0.9865952333266573], [0.9950563337393419, 0.0, 0.9836163962881368], [0.9950563337393419, 0.0, 0.9821269777688766], [0.9901126674786843, 1.0, 0.9776587222110955], [0.9950563337393419, 0.0, 0.9761693036918352], [0.9950563337393419, 0.0, 0.9731904666533147], [0.9950563337393419, 0.0, 0.9836163962881368], [0.9950563337393419, 0.0, 0.9776587222110955]]
1.3054, [[0.46114037758830684, 1.0, 0.9806375592496163], [0.9950563337393419, 0.9993183092274919, 0.9836163962881368], [0.9901126674786843, 0.999659154613746, 0.9806375592496163], [0.9950563337393419, 0.0, 0.9836163962881368], [0.9901126674786843, 0.9993183092274919, 0.9821269777688766], [0.9950563337393419, 0.0, 0.9836163962881368], [0.9901126674786843, 0.0, 0.9865952333266573], [0.9876408343483555, 0.0, 0.9836163962881368], [0.9901126674786843, 0.0, 0.9836163962881368], [0.9901126674786843, 0.999659154613746, 0.9731904666533147]]
1.3031, [[0.9901126674786843, 0.999659154613746, 0.9865952333266573], [0.9901126674786843, 0.999659154613746, 0.9806375592496163], [0.9901126674786843, 0.0, 0.9821269777688766], [0.9950563337393419, 0.0, 0.9821269777688766], [0.9901126674786843, 0.999659154613746, 0.9776587222110955], [0.9851690012180266, 0.0, 0.9806375592496163], [0.9901126674786843, 0.999659154613746, 0.9776587222110955], [0.9901126674786843, 0.0, 0.9806375592496163], [0.9950563337393419, 0.0, 0.9806375592496163], [0.9851690012180266, 0.9993183092274919, 0.9791481407303559]]
1.3088, [[0.9950563337393419, 0.999659154613746, 0.9791481407303559], [0.9901126674786843, 1.0, 0.9776587222110955], [0.9901126674786843, 0.9993183092274919, 0.9865952333266573], [0.9950563337393419, 0.999659154613746, 0.9776587222110955], [0.9950563337393419, 0.9993183092274919, 0.9821269777688766], [0.9950563337393419, 0.0, 0.985105814807397], [0.26935519702602234, 0.9993183092274919, 0.9806375592496163], [0.9950563337393419, 0.0, 0.9836163962881368], [0.9901126674786843, 0.9993183092274919, 0.974679885172575], [0.9950563337393419, 0.0, 0.9821269777688766]]
1.3023, [[0.9950563337393419, 0.999659154613746, 0.9806375592496163], [0.9950563337393419, 0.0, 0.9895740703651779], [0.9901126674786843, 0.999659154613746, 0.9806375592496163], [0.9950563337393419, 0.0, 0.9880846518459176], [0.9901126674786843, 0.999659154613746, 0.9791481407303559], [0.13510793538972476, 0.999659154613746, 0.9806375592496163], [0.9950563337393419, 0.0, 0.9836163962881368], [0.9925845006090132, 0.0, 0.985105814807397], [0.9950563337393419, 0.0, 0.9836163962881368], [0.9901126674786843, 0.0, 0.9836163962881368]]
1.3052, [[0.9901126674786843, 0.0, 0.985105814807397], [0.9950563337393419, 0.999659154613746, 0.9836163962881368], [0.2735187657992565, 1.0, 0.9791481407303559], [0.9950563337393419, 0.9993183092274919, 0.9821269777688766], [0.9901126674786843, 0.0, 0.9836163962881368], [0.9950563337393419, 0.999659154613746, 0.9806375592496163], [0.7849505176613883, 0.9993183092274919, 0.9821269777688766], [0.9950563337393419, 0.0, 0.9821269777688766], [0.9950563337393419, 0.0, 0.9821269777688766], [0.9901126674786843, 0.999659154613746, 0.9717010481340544]]
0.1188, [[0.9950563337393419, 0.0, 0.9776587222110955], [0.9950563337393419, 0.0, 0.9791481407303559], [0.9950563337393419, 0.0, 0.9806375592496163], [0.9950563337393419, 0.0, 0.9836163962881368], [0.9950563337393419, 0.0, 0.9791481407303559], [0.9950563337393419, 0.0, 0.985105814807397], [0.9950563337393419, 0.0, 0.9776587222110955], [0.9950563337393419, 0.0, 0.9821269777688766], [0.9950563337393419, 0.0, 0.9806375592496163], [0.9950563337393419, 0.0, 0.9776587222110955]]
1.2967, [[0.9901126674786843, 1.0, 0.974679885172575], [0.9901126674786843, 0.0, 0.9836163962881368], [0.9901126674786843, 0.0, 0.9836163962881368], [0.9950563337393419, 0.0, 0.9836163962881368], [0.9950563337393419, 0.0, 0.9836163962881368], [0.9901126674786843, 0.9993183092274919, 0.9806375592496163], [0.9901126674786843, 0.9993183092274919, 0.9776587222110955], [0.9901126674786843, 0.9993183092274919, 0.9776587222110955], [0.9950563337393419, 0.0, 0.9821269777688766], [0.9901126674786843, 0.0, 0.9821269777688766]]
0.7140, [[0.9851690012180266, 0.0, 0.9865952333266573], [0.2736020371747212, 1.0, 0.9717010481340544], [0.9950563337393419, 0.0, 0.9821269777688766], [0.4537248781973202, 0.999659154613746, 0.974679885172575], [0.9950563337393419, 0.0, 0.9821269777688766], [0.9851690012180266, 0.0, 0.9836163962881368], [0.9901126674786843, 0.0, 0.9821269777688766], [0.9901126674786843, 0.0, 0.9821269777688766], [0.9950563337393419, 0.0, 0.9806375592496163], [0.9950563337393419, 0.0, 0.9806375592496163]]
1.2917, [[0.9950563337393419, 0.0, 0.9836163962881368], [0.9950563337393419, 0.0, 0.9821269777688766], [0.9950563337393419, 0.0, 0.9821269777688766], [0.9950563337393419, 0.0, 0.9806375592496163], [0.9950563337393419, 0.0, 0.9806375592496163], [0.9901126674786843, 0.999659154613746, 0.9761693036918352], [0.9950563337393419, 0.0, 0.9806375592496163], [0.9950563337393419, 0.0, 0.9865952333266573], [0.9950563337393419, 0.0, 0.9836163962881368], [0.0027021587077944954, 0.9017368181818185, 0.12903094537648088]]
1.2995, [[0.7552885200974422, 0.999659154613746, 0.9791481407303559], [0.9950563337393419, 0.0, 0.9821269777688766], [0.9901126674786843, 0.0, 0.9821269777688766], [0.9901126674786843, 0.999659154613746, 0.9776587222110955], [0.9901126674786843, 0.0, 0.9806375592496163], [0.9950563337393419, 0.0, 0.9806375592496163], [0.9950563337393419, 0.9993183092274919, 0.9776587222110955], [0.9901126674786843, 0.0, 0.9791481407303559], [0.7454011875761264, 0.9993183092274919, 0.9761693036918352], [0.7330420219244824, 0.9993183092274919, 0.9776587222110955]]
1.2969, [[0.9901126674786843, 0.0, 0.985105814807397], [0.9950563337393419, 0.0, 0.9836163962881368], [0.9950563337393419, 0.0, 0.9836163962881368], [0.9950563337393419, 0.999659154613746, 0.9761693036918352], [0.9950563337393419, 0.0, 0.9836163962881368], [0.9851690012180266, 0.0, 0.9821269777688766], [0.9950563337393419, 0.0, 0.9806375592496163], [0.9950563337393419, 0.0, 0.9806375592496163], [0.9950563337393419, 0.0, 0.9806375592496163], [0.9851690012180266, 0.0, 0.9806375592496163]]
1.2964, [[0.12970361797413577, 0.999659154613746, 0.9791481407303559], [0.9950563337393419, 1.0, 0.974679885172575], [0.9950563337393419, 0.0, 0.9821269777688766], [0.0, 0.8856166883116884, 0.0], [0.9950563337393419, 0.0, 0.9806375592496163], [0.9950563337393419, 0.0, 0.9806375592496163], [0.9950563337393419, 0.0, 0.9806375592496163], [0.0, 0.8694965584415583, 0.0], [0.9950563337393419, 0.0, 0.9791481407303559], [0.9925845006090132, 0.0, 0.9806375592496163]]
1.3040, [[0.269438468401487, 0.999659154613746, 0.9836163962881368], [0.9901126674786843, 0.0, 0.985105814807397], [0.9901126674786843, 0.0, 0.985105814807397], [0.9950563337393419, 0.9993183092274919, 0.9821269777688766], [0.9851690012180266, 0.999659154613746, 0.9821269777688766], [0.9851690012180266, 0.0, 0.9836163962881368], [0.9950563337393419, 0.0, 0.9821269777688766], [0.9901126674786843, 0.999659154613746, 0.974679885172575], [0.9901126674786843, 0.999659154613746, 0.974679885172575], [0.9901126674786843, 0.999659154613746, 0.9761693036918352]]
0.1187, [[0.9950563337393419, 0.0, 0.9836163962881368], [0.9950563337393419, 0.0, 0.9821269777688766], [0.9950563337393419, 0.0, 0.9821269777688766], [0.9950563337393419, 0.0, 0.9821269777688766], [0.9950563337393419, 0.0, 0.9821269777688766], [0.9950563337393419, 0.0, 0.9821269777688766], [0.9950563337393419, 0.0, 0.9806375592496163], [0.9876408343483555, 0.0, 0.9821269777688766], [0.9950563337393419, 0.0, 0.9806375592496163], [0.9950563337393419, 0.0, 0.9761693036918352]]
1.2892, [[0.9901126674786843, 0.9993183092274919, 0.974679885172575], [0.9851690012180266, 0.0, 0.9821269777688766], [0.9950563337393419, 0.0, 0.9776587222110955], [0.9950563337393419, 0.0, 0.9776587222110955], [0.9851690012180266, 0.0, 0.9821269777688766], [0.0027021587077944954, 0.9393295212467766, 0.12870395960880973], [0.9851690012180266, 0.0, 0.9791481407303559], [0.9851690012180266, 0.0, 0.974679885172575], [0.9851690012180266, 0.0, 0.974679885172575], [0.010808634831177982, 0.0, 0.17219306670907214]]
0.7215, [[0.9950563337393419, 0.0, 0.985105814807397], [0.46114037758830684, 0.9993183092274919, 0.974679885172575], [0.9901126674786843, 0.0, 0.9821269777688766], [0.9851690012180266, 0.0, 0.9821269777688766], [0.9876408343483555, 0.0, 0.9776587222110955], [0.9851690012180266, 0.0, 0.9821269777688766], [0.9851690012180266, 0.0, 0.9806375592496163], [0.9851690012180266, 0.0, 0.9776587222110955], [0.9851690012180266, 0.0, 0.9761693036918352], [0.9851690012180266, 0.0, 0.974679885172575]]
1.3054, [[0.9950563337393419, 0.0, 0.9865952333266573], [0.9876408343483555, 0.9993183092274919, 0.9836163962881368], [0.9950563337393419, 0.999659154613746, 0.9761693036918352], [0.9950563337393419, 0.999659154613746, 0.974679885172575], [0.4636122107186357, 1.0, 0.974679885172575], [0.9950563337393419, 0.999659154613746, 0.9731904666533147], [0.9950563337393419, 0.9993183092274919, 0.9821269777688766], [0.9851690012180266, 0.0, 0.985105814807397], [0.9950563337393419, 0.0, 0.9836163962881368], [0.9950563337393419, 0.0, 0.9836163962881368]]
0.1190, [[0.9950563337393419, 0.0, 0.9865952333266573], [0.9851690012180266, 0.0, 0.9865952333266573], [0.9950563337393419, 0.0, 0.9791481407303559], [0.9851690012180266, 0.0, 0.9821269777688766], [0.9950563337393419, 0.0, 0.9776587222110955], [0.9950563337393419, 0.0, 0.9776587222110955], [0.9950563337393419, 0.0, 0.9776587222110955], [0.9851690012180266, 0.0, 0.9791481407303559], [0.9851690012180266, 0.0, 0.9791481407303559], [0.9950563337393419, 0.0, 0.974679885172575]]
1.3052, [[0.9901126674786843, 0.999659154613746, 0.9776587222110955], [0.9950563337393419, 0.9993183092274919, 0.9836163962881368], [0.9901126674786843, 0.999659154613746, 0.9836163962881368], [0.9950563337393419, 0.0, 0.9865952333266573], [0.9950563337393419, 0.0, 0.9821269777688766], [0.9950563337393419, 0.0, 0.9806375592496163], [0.9950563337393419, 0.0, 0.9791481407303559], [0.9901126674786843, 0.9993183092274919, 0.9717010481340544], [0.9901126674786843, 0.9993183092274919, 0.9791481407303559], [0.9901126674786843, 0.9993183092274919, 0.9791481407303559]]
1.2979, [[0.9950563337393419, 0.0, 0.9761693036918352], [0.9901126674786843, 0.999659154613746, 0.9821269777688766], [0.9950563337393419, 0.0, 0.9836163962881368], [0.9901126674786843, 0.9993183092274919, 0.9791481407303559], [0.9950563337393419, 0.0, 0.9776587222110955], [0.9950563337393419, 0.0, 0.9821269777688766], [0.9950563337393419, 0.0, 0.9821269777688766], [0.9950563337393419, 0.0, 0.9776587222110955], [0.9950563337393419, 0.0, 0.9791481407303559], [0.9950563337393419, 0.0, 0.9806375592496163]]
1.2928, [[0.9901126674786843, 0.9993183092274919, 0.9776587222110955], [0.9950563337393419, 0.0, 0.985105814807397], [0.9901126674786843, 0.9993183092274919, 0.9776587222110955], [0.9950563337393419, 0.0, 0.9821269777688766], [0.9851690012180266, 0.9993183092274919, 0.9776587222110955], [0.9851690012180266, 0.0, 0.9821269777688766], [0.9950563337393419, 0.0, 0.9791481407303559], [0.9950563337393419, 0.0, 0.9791481407303559], [0.0, 0.8501524025974028, 0.0], [0.9950563337393419, 0.0, 0.9776587222110955]]
1.3025, [[0.9901126674786843, 1.0, 0.9761693036918352], [0.9901126674786843, 0.0, 0.9880846518459176], [0.9901126674786843, 0.999659154613746, 0.9791481407303559], [0.9901126674786843, 0.9993183092274919, 0.9806375592496163], [0.9950563337393419, 0.0, 0.9836163962881368], [0.9925845006090132, 0.0, 0.9836163962881368], [0.9925845006090132, 0.0, 0.9836163962881368], [0.9950563337393419, 0.0, 0.9836163962881368], [0.9950563337393419, 0.9993183092274919, 0.9791481407303559], [0.9901126674786843, 0.9993183092274919, 0.9776587222110955]]
1.3041, [[0.9950563337393419, 1.0, 0.974679885172575], [0.9950563337393419, 0.9993183092274919, 0.9821269777688766], [0.9950563337393419, 0.0, 0.9880846518459176], [0.9901126674786843, 1.0, 0.974679885172575], [0.9950563337393419, 0.0, 0.9836163962881368], [0.003377698384743119, 0.6956966243610083, 0.1378595611036018], [0.9950563337393419, 0.0, 0.9821269777688766], [0.9950563337393419, 0.0, 0.9821269777688766], [0.9950563337393419, 0.0, 0.9806375592496163], [0.004053238061691743, 0.6886091045302309, 0.1398214757096287]]
1.2936, [[0.9901126674786843, 1.0, 0.9761693036918352], [0.9950563337393419, 0.0, 0.985105814807397], [0.9876408343483555, 0.999659154613746, 0.9731904666533147], [0.9901126674786843, 0.999659154613746, 0.9761693036918352], [0.9901126674786843, 0.999659154613746, 0.9776587222110955], [0.9950563337393419, 0.0, 0.9836163962881368], [0.9950563337393419, 0.0, 0.9821269777688766], [0.9950563337393419, 0.0, 0.9821269777688766], [0.9901126674786843, 0.9993183092274919, 0.9731904666533147], [0.9950563337393419, 0.0, 0.9821269777688766]]
1.3036, [[0.9950563337393419, 0.0, 0.9865952333266573], [0.9950563337393419, 0.999659154613746, 0.9821269777688766], [0.9950563337393419, 0.0, 0.9836163962881368], [0.9901126674786843, 0.999659154613746, 0.9761693036918352], [0.9901126674786843, 0.999659154613746, 0.9717010481340544], [0.9950563337393419, 0.0, 0.9821269777688766], [0.0027021587077944954, 0.9339770779220781, 0.12739601653812516], [0.9950563337393419, 0.0, 0.9806375592496163], [0.9950563337393419, 0.0, 0.9806375592496163], [0.0027021587077944954, 0.9243050000000004, 0.12935793114415203]]
0.1197, [[0.9975281668696712, 0.0, 0.9821269777688766], [0.9950563337393419, 0.0, 0.9910634888844384], [0.9950563337393419, 0.0, 0.9836163962881368], [0.9901126674786843, 0.0, 0.9836163962881368], [0.9950563337393419, 0.0, 0.9821269777688766], [0.9950563337393419, 0.0, 0.9821269777688766], [0.9950563337393419, 0.0, 0.9761693036918352], [0.9950563337393419, 0.0, 0.9761693036918352], [0.9950563337393419, 0.0, 0.9806375592496163], [0.0013510793538972477, 0.0, 0.06601063829787233]]
1.2983, [[0.9950563337393419, 0.0, 0.9836163962881368], [0.9901126674786843, 0.999659154613746, 0.9776587222110955], [0.9901126674786843, 0.0, 0.9836163962881368], [0.9851690012180266, 0.0, 0.9836163962881368], [0.9950563337393419, 0.999659154613746, 0.974679885172575], [0.9950563337393419, 0.0, 0.9821269777688766], [0.9950563337393419, 0.0, 0.9821269777688766], [0.9950563337393419, 0.0, 0.9821269777688766], [0.9901126674786843, 0.0, 0.9821269777688766], [0.9950563337393419, 0.0, 0.9806375592496163]]
1.3004, [[0.9950563337393419, 0.999659154613746, 0.9761693036918352], [0.9901126674786843, 1.0, 0.9791481407303559], [0.9950563337393419, 0.9993183092274919, 0.9776587222110955], [0.9851690012180266, 1.0, 0.974679885172575], [0.9901126674786843, 0.999659154613746, 0.9776587222110955], [0.9901126674786843, 0.999659154613746, 0.9791481407303559], [0.27218642379182156, 1.0, 0.9776587222110955], [0.9950563337393419, 0.0, 0.9836163962881368], [0.9901126674786843, 0.9993183092274919, 0.974679885172575], [0.9876408343483555, 0.999659154613746, 0.9776587222110955]]
1.2975, [[0.9901126674786843, 0.0, 0.9910634888844384], [0.9901126674786843, 0.999659154613746, 0.9806375592496163], [0.9876408343483555, 1.0, 0.9791481407303559], [0.9950563337393419, 0.0, 0.9880846518459176], [0.9876408343483555, 1.0, 0.9761693036918352], [0.9901126674786843, 0.0, 0.9836163962881368], [0.9901126674786843, 0.999659154613746, 0.9776587222110955], [0.4537248781973202, 0.999659154613746, 0.9731904666533147], [0.9950563337393419, 0.0, 0.9806375592496163], [0.9950563337393419, 0.0, 0.9806375592496163]]
1.3034, [[0.9876408343483555, 0.0, 0.985105814807397], [0.9950563337393419, 0.999659154613746, 0.9761693036918352], [0.9901126674786843, 0.999659154613746, 0.9806375592496163], [0.9901126674786843, 0.999659154613746, 0.9731904666533147], [0.9901126674786843, 0.999659154613746, 0.974679885172575], [0.9925845006090132, 0.0, 0.985105814807397], [0.9901126674786843, 0.999659154613746, 0.9776587222110955], [0.9901126674786843, 0.9993183092274919, 0.9821269777688766], [0.9901126674786843, 0.0, 0.985105814807397], [0.9950563337393419, 0.9993183092274919, 0.974679885172575]]
1.2984, [[0.9950563337393419, 0.0, 0.9836163962881368], [0.9950563337393419, 0.0, 0.9836163962881368], [0.9950563337393419, 0.9993183092274919, 0.9776587222110955], [0.9950563337393419, 0.0, 0.9791481407303559], [0.9901126674786843, 0.0, 0.9806375592496163], [0.9950563337393419, 0.0, 0.9791481407303559], [0.9901126674786843, 0.999659154613746, 0.9776587222110955], [0.9950563337393419, 0.0, 0.9761693036918352], [0.0027021587077944954, 0.9417154389505551, 0.1306658742148366], [0.9851690012180266, 0.0, 0.9761693036918352]]
1.3068, [[0.9950563337393419, 0.999659154613746, 0.985105814807397], [0.9950563337393419, 0.0, 0.9865952333266573], [0.9950563337393419, 0.999659154613746, 0.9806375592496163], [0.9950563337393419, 0.0, 0.9821269777688766], [0.9950563337393419, 0.0, 0.9821269777688766], [0.9950563337393419, 0.9993183092274919, 0.9761693036918352], [0.9901126674786843, 0.9993183092274919, 0.9761693036918352], [0.9901126674786843, 0.9993183092274919, 0.9806375592496163], [0.9901126674786843, 0.9993183092274919, 0.9776587222110955], [0.9950563337393419, 0.9993183092274919, 0.974679885172575]]
1.3018, [[0.9950563337393419, 0.999659154613746, 0.9806375592496163], [0.9950563337393419, 0.0, 0.985105814807397], [0.9950563337393419, 0.0, 0.9776587222110955], [0.9901126674786843, 0.999659154613746, 0.9791481407303559], [0.9950563337393419, 0.0, 0.9821269777688766], [0.9901126674786843, 0.999659154613746, 0.9776587222110955], [0.9950563337393419, 0.0, 0.9821269777688766], [0.9950563337393419, 0.0, 0.9821269777688766], [0.9901126674786843, 0.999659154613746, 0.974679885172575], [0.9950563337393419, 0.0, 0.9776587222110955]]
1.2997, [[0.9876408343483555, 0.999659154613746, 0.9836163962881368], [0.9950563337393419, 0.0, 0.985105814807397], [0.9901126674786843, 0.999659154613746, 0.9806375592496163], [0.9950563337393419, 0.0, 0.9821269777688766], [0.9950563337393419, 0.0, 0.9821269777688766], [0.9950563337393419, 0.0, 0.9791481407303559], [0.9950563337393419, 0.0, 0.9776587222110955], [0.9901126674786843, 0.0, 0.9776587222110955], [0.9901126674786843, 0.0, 0.9776587222110955], [0.9950563337393419, 0.0, 0.9761693036918352]]
1.2962, [[0.9950563337393419, 0.0, 0.9865952333266573], [0.9901126674786843, 0.9993183092274919, 0.9806375592496163], [0.9950563337393419, 0.0, 0.985105814807397], [0.9950563337393419, 0.0, 0.985105814807397], [0.9901126674786843, 0.0, 0.985105814807397], [0.9901126674786843, 0.9993183092274919, 0.9776587222110955], [0.9950563337393419, 0.0, 0.9836163962881368], [0.9950563337393419, 0.0, 0.9836163962881368], [0.9950563337393419, 0.0, 0.9821269777688766], [0.9901126674786843, 0.0, 0.9821269777688766]]
1.3070, [[0.9901126674786843, 0.9993183092274919, 0.985105814807397], [0.9901126674786843, 0.9993183092274919, 0.9836163962881368], [0.9901126674786843, 0.0, 0.9836163962881368], [0.9901126674786843, 0.0, 0.9836163962881368], [0.9950563337393419, 1.0, 0.9806375592496163], [0.9950563337393419, 0.0, 0.9806375592496163], [0.9901126674786843, 0.999659154613746, 0.9776587222110955], [0.9950563337393419, 0.0, 0.9806375592496163], [0.9851690012180266, 1.0, 0.974679885172575], [0.9950563337393419, 0.0, 0.9791481407303559]]
1.2982, [[0.9901126674786843, 0.999659154613746, 0.9821269777688766], [0.9950563337393419, 0.0, 0.9865952333266573], [0.9950563337393419, 0.0, 0.985105814807397], [0.9950563337393419, 0.0, 0.985105814807397], [0.9950563337393419, 0.0, 0.9806375592496163], [0.9901126674786843, 0.0, 0.9836163962881368], [0.9901126674786843, 0.999659154613746, 0.9731904666533147], [0.9901126674786843, 0.9993183092274919, 0.9761693036918352], [0.9901126674786843, 0.0, 0.985105814807397], [0.9950563337393419, 0.0, 0.9806375592496163]]
1.3035, [[0.9950563337393419, 0.999659154613746, 0.9821269777688766], [0.9901126674786843, 1.0, 0.9717010481340544], [0.9950563337393419, 0.9993183092274919, 0.9821269777688766], [0.9901126674786843, 0.999659154613746, 0.9806375592496163], [0.9901126674786843, 0.999659154613746, 0.9806375592496163], [0.9950563337393419, 0.9993183092274919, 0.9806375592496163], [0.9851690012180266, 0.999659154613746, 0.9791481407303559], [0.9901126674786843, 0.999659154613746, 0.9717010481340544], [0.9950563337393419, 0.0, 0.9806375592496163], [0.9950563337393419, 0.0, 0.9806375592496163]]
1.3021, [[0.9950563337393419, 0.0, 0.9880846518459176], [0.9901126674786843, 0.999659154613746, 0.9806375592496163], [0.9950563337393419, 0.0, 0.985105814807397], [0.9901126674786843, 0.999659154613746, 0.9791481407303559], [0.9950563337393419, 0.0, 0.9821269777688766], [0.9950563337393419, 0.0, 0.9821269777688766], [0.9901126674786843, 0.999659154613746, 0.9761693036918352], [0.9901126674786843, 0.999659154613746, 0.9761693036918352], [0.9950563337393419, 0.999659154613746, 0.9761693036918352], [0.9851690012180266, 0.0, 0.9806375592496163]]
1.2948, [[0.9901126674786843, 0.999659154613746, 0.9791481407303559], [0.9975281668696712, 0.0, 0.9791481407303559], [0.9950563337393419, 0.0, 0.9806375592496163], [0.9950563337393419, 0.0, 0.9791481407303559], [0.9950563337393419, 0.0, 0.9776587222110955], [0.9950563337393419, 0.0, 0.9776587222110955], [0.9950563337393419, 0.0, 0.9821269777688766], [0.9950563337393419, 0.0, 0.974679885172575], [0.9925845006090132, 0.0, 0.974679885172575], [0.9901126674786843, 0.0, 0.9791481407303559]]
1.2930, [[0.9950563337393419, 0.0, 0.9836163962881368], [0.9901126674786843, 0.999659154613746, 0.9776587222110955], [0.9901126674786843, 0.0, 0.9821269777688766], [0.9950563337393419, 0.0, 0.9806375592496163], [0.0013510793538972477, 0.19646507836990593, 0.051341607565011826], [0.9901126674786843, 0.0, 0.9791481407303559], [0.0013510793538972477, 0.19045880877742946, 0.12412615886141369], [0.9901126674786843, 0.0, 0.9776587222110955], [0.9876408343483555, 0.0, 0.9791481407303559], [0.9901126674786843, 0.0, 0.9776587222110955]]
0.5188, [[0.269563375464684, 0.9993183092274919, 0.9821269777688766], [0.9950563337393419, 0.0, 0.9806375592496163], [0.9950563337393419, 0.0, 0.974679885172575], [0.9950563337393419, 0.0, 0.9791481407303559], [0.9950563337393419, 0.0, 0.9776587222110955], [0.9925845006090132, 0.0, 0.9776587222110955], [0.9925845006090132, 0.0, 0.9880846518459176], [0.9901126674786843, 0.0, 0.9776587222110955], [0.9901126674786843, 0.0, 0.9761693036918352], [0.9901126674786843, 0.0, 0.9791481407303559]]
1.2948, [[0.9950563337393419, 0.0, 0.9821269777688766], [0.9901126674786843, 0.9993183092274919, 0.9776587222110955], [0.9950563337393419, 0.0, 0.9806375592496163], [0.9950563337393419, 0.0, 0.9791481407303559], [0.9901126674786843, 0.999659154613746, 0.9791481407303559], [0.9950563337393419, 0.0, 0.9791481407303559], [0.0020266190308458713, 0.9210809740259739, 0.12935793114415203], [0.9901126674786843, 0.0, 0.9791481407303559], [0.9901126674786843, 0.0, 0.9776587222110955], [0.9901126674786843, 0.0, 0.985105814807397]]
1.3019, [[0.9950563337393419, 0.999659154613746, 0.9806375592496163], [0.9901126674786843, 0.0, 0.9865952333266573], [0.9901126674786843, 0.999659154613746, 0.9776587222110955], [0.9950563337393419, 0.0, 0.985105814807397], [0.9851690012180266, 0.9993183092274919, 0.9761693036918352], [0.9950563337393419, 0.0, 0.9821269777688766], [0.9851690012180266, 0.9993183092274919, 0.974679885172575], [0.9950563337393419, 0.0, 0.9806375592496163], [0.9950563337393419, 0.0, 0.9806375592496163], [0.9950563337393419, 0.0, 0.9791481407303559]]
1.2939, [[0.9950563337393419, 0.0, 0.9880846518459176], [0.9901126674786843, 1.0, 0.974679885172575], [0.9901126674786843, 0.999659154613746, 0.9776587222110955], [0.9950563337393419, 0.0, 0.9865952333266573], [0.9901126674786843, 0.9993183092274919, 0.9761693036918352], [0.9950563337393419, 0.0, 0.985105814807397], [0.9901126674786843, 0.9993183092274919, 0.9731904666533147], [0.9851690012180266, 0.0, 0.9821269777688766], [0.9901126674786843, 0.0, 0.9821269777688766], [0.9950563337393419, 0.0, 0.9806375592496163]]
0.1190, [[0.9876408343483555, 0.0, 0.9865952333266573], [0.9950563337393419, 0.0, 0.9821269777688766], [0.9950563337393419, 0.0, 0.9821269777688766], [0.9851690012180266, 0.0, 0.9821269777688766], [0.9950563337393419, 0.0, 0.9821269777688766], [0.9901126674786843, 0.0, 0.9806375592496163], [0.9901126674786843, 0.0, 0.9806375592496163], [0.9851690012180266, 0.0, 0.9806375592496163], [0.9950563337393419, 0.0, 0.9806375592496163], [0.3089626995352597, 0.0, 0.9806375592496163]]
1.2981, [[0.9901126674786843, 0.999659154613746, 0.9776587222110955], [0.9901126674786843, 0.999659154613746, 0.974679885172575], [0.9901126674786843, 0.0, 0.985105814807397], [0.9901126674786843, 0.9993183092274919, 0.9821269777688766], [0.9901126674786843, 0.999659154613746, 0.9761693036918352], [0.9950563337393419, 0.0, 0.9836163962881368], [0.9950563337393419, 0.0, 0.9836163962881368], [0.9901126674786843, 0.0, 0.9836163962881368], [0.9901126674786843, 0.9993183092274919, 0.974679885172575], [0.9901126674786843, 0.9993183092274919, 0.974679885172575]]
1.2938, [[0.9950563337393419, 0.0, 0.9791481407303559], [0.9901126674786843, 1.0, 0.9776587222110955], [0.9950563337393419, 0.0, 0.9761693036918352], [0.9876408343483555, 0.999659154613746, 0.9761693036918352], [0.9901126674786843, 1.0, 0.9731904666533147], [0.9925845006090132, 0.0, 0.9865952333266573], [0.9925845006090132, 0.0, 0.9791481407303559], [0.9876408343483555, 0.0, 0.974679885172575], [0.9851690012180266, 0.0, 0.9776587222110955], [0.9876408343483555, 0.0, 0.9791481407303559]]
1.2981, [[0.9901126674786843, 0.999659154613746, 0.9821269777688766], [0.9876408343483555, 0.999659154613746, 0.9776587222110955], [0.8047251827040193, 0.999659154613746, 0.9776587222110955], [0.9901126674786843, 0.999659154613746, 0.974679885172575], [0.9901126674786843, 0.999659154613746, 0.974679885172575], [0.9876408343483555, 0.9993183092274919, 0.9791481407303559], [0.9901126674786843, 0.999659154613746, 0.974679885172575], [0.9950563337393419, 0.0, 0.9836163962881368], [0.777535018270402, 0.999659154613746, 0.9806375592496163], [0.9950563337393419, 0.0, 0.985105814807397]]
0.1409, [[0.0, 0.8566004545454546, 0.0], [0.0027021587077944954, 0.9423971297230631, 0.12674204500278285], [0.9950563337393419, 0.0, 0.9865952333266573], [0.0020266190308458713, 0.19346194357366778, 0.1264150592351117], [0.9950563337393419, 0.0, 0.9836163962881368], [0.9950563337393419, 0.0, 0.9836163962881368], [0.9925845006090132, 0.0, 0.9865952333266573], [0.9950563337393419, 0.0, 0.9836163962881368], [0.9901126674786843, 0.0, 0.9836163962881368], [0.9901126674786843, 0.0, 0.9836163962881368]]
1.3041, [[0.9950563337393419, 0.999659154613746, 0.9821269777688766], [0.9950563337393419, 0.0, 0.9836163962881368], [0.9901126674786843, 1.0, 0.9791481407303559], [0.9950563337393419, 0.0, 0.9836163962881368], [0.9901126674786843, 0.0, 0.9880846518459176], [0.9901126674786843, 0.0, 0.985105814807397], [0.9901126674786843, 0.0, 0.985105814807397], [0.9950563337393419, 0.0, 0.9821269777688766], [0.9901126674786843, 0.9993183092274919, 0.9776587222110955], [0.9901126674786843, 0.0, 0.985105814807397]]
1.2969, [[0.9975281668696712, 0.0, 0.9791481407303559], [0.9901126674786843, 0.9993183092274919, 0.9806375592496163], [0.9901126674786843, 0.9993183092274919, 0.9761693036918352], [0.9851690012180266, 0.999659154613746, 0.9776587222110955], [0.9950563337393419, 0.0, 0.9806375592496163], [0.9950563337393419, 0.0, 0.9806375592496163], [0.9950563337393419, 0.0, 0.9761693036918352], [0.9950563337393419, 0.0, 0.9776587222110955], [0.9901126674786843, 0.0, 0.9865952333266573], [0.004053238061691743, 0.0, 0.13884051840661527]]
1.2989, [[0.9901126674786843, 0.0, 0.9836163962881368], [0.9925845006090132, 0.999659154613746, 0.9761693036918352], [0.9901126674786843, 0.999659154613746, 0.9806375592496163], [0.9901126674786843, 0.999659154613746, 0.9776587222110955], [0.9901126674786843, 0.999659154613746, 0.9776587222110955], [0.9901126674786843, 0.999659154613746, 0.974679885172575], [0.9901126674786843, 0.0, 0.9836163962881368], [0.9876408343483555, 0.0, 0.9836163962881368], [0.9901126674786843, 0.999659154613746, 0.9791481407303559], [0.9950563337393419, 0.0, 0.9836163962881368]]
1.3052, [[0.9950563337393419, 0.999659154613746, 0.9836163962881368], [0.9950563337393419, 0.0, 0.9865952333266573], [0.9851690012180266, 0.999659154613746, 0.9821269777688766], [0.9901126674786843, 0.9993183092274919, 0.9821269777688766], [0.9950563337393419, 0.0, 0.985105814807397], [0.1337568560358275, 0.9993183092274919, 0.9821269777688766], [0.9851690012180266, 0.9993183092274919, 0.9791481407303559], [0.9950563337393419, 0.0, 0.9821269777688766], [0.9950563337393419, 0.0, 0.9791481407303559], [0.1337568560358275, 0.9993183092274919, 0.9791481407303559]]
1.2944, [[0.9901126674786843, 0.9993183092274919, 0.9791481407303559], [0.9950563337393419, 0.0, 0.985105814807397], [0.9950563337393419, 0.0, 0.9836163962881368], [0.9950563337393419, 0.0, 0.9821269777688766], [0.9950563337393419, 0.0, 0.9806375592496163], [0.9950563337393419, 0.0, 0.9791481407303559], [0.9950563337393419, 0.0, 0.9791481407303559], [0.9950563337393419, 0.0, 0.9791481407303559], [0.9950563337393419, 0.0, 0.9791481407303559], [0.9950563337393419, 0.0, 0.9791481407303559]]
1.2954, [[0.9950563337393419, 0.0, 0.9865952333266573], [0.9901126674786843, 1.0, 0.9791481407303559], [0.9950563337393419, 0.0, 0.9821269777688766], [0.9901126674786843, 0.0, 0.9836163962881368], [0.27218642379182156, 0.999659154613746, 0.9791481407303559], [0.9950563337393419, 0.0, 0.9806375592496163], [0.9950563337393419, 0.0, 0.9806375592496163], [0.9901126674786843, 0.0, 0.9821269777688766], [0.9851690012180266, 0.0, 0.9836163962881368], [0.0013510793538972477, 0.1814494043887148, 0.06601063829787233]]
