mean:0.343743,,,,,,,,,,,,,,,,,,,,,,,,,,,,,,
0.1879, [[0.9695939849624053,1.0, 0.0], [0.9695939849624053,0.9971002496386808, 0.0], [0.984796992481202,0.0, 0.6323782608695593], [0.648412838020918,1.0, 0.0], [0.984796992481202,0.994200499277362, 0.0], [0.984796992481202,0.9971002496386808, 0.0], [0.984796992481202,0.9971002496386808, 0.0], [0.984796992481202,0.994200499277362, 0.0], [0.984796992481202,0.0, 0.0], [0.6501334254592749,0.9971002496386808, 0.0]]
0.0727, [[0.9771954887218037,0.0, 0.5741173913043479], [0.984796992481202,0.0, 0.0], [0.984796992481202,0.0, 0.0], [0.984796992481202,0.0, 0.0], [0.984796992481202,0.0, 0.0], [0.984796992481202,0.0, 0.0], [0.984796992481202,0.0, 0.0], [0.984796992481202,0.0, 0.0], [0.984796992481202,0.0, 0.0], [0.984796992481202,0.0, 0.0]]
0.7942, [[0.9695939849624053,1.0, 0.5741173913043479], [0.9695939849624053,1.0, 0.0], [0.984796992481202,0.0, 0.5741173913043479], [0.9695939849624053,1.0, 0.0], [0.9543909774436088,0.9971002496386808, 0.0], [0.984796992481202,0.0, 0.0], [0.984796992481202,0.0, 0.0], [0.9695939849624053,0.9971002496386808, 0.0], [0.984796992481202,0.0, 0.0], [0.9695939849624053,0.9971002496386808, 0.0]]
0.1924, [[0.9695939849624053,0.0, 0.6746408496732027], [0.984796992481202,0.0, 0.5741173913043479], [0.9695939849624053,1.0, 0.0], [0.984796992481202,0.9971002496386808, 0.0], [0.9695939849624053,0.0, 0.5741173913043479], [0.984796992481202,0.9971002496386808, 0.0], [0.984796992481202,0.9971002496386808, 0.0], [0.984796992481202,0.994200499277362, 0.0], [0.984796992481202,0.0, 0.0], [0.984796992481202,0.0, 0.0]]
0.1879, [[0.984796992481202,1.0, 0.0], [0.9771954887218037,1.0, 0.0], [0.984796992481202,0.994200499277362, 0.0], [0.984796992481202,0.994200499277362, 0.0], [0.984796992481202,0.0, 0.6323782608695593], [0.9695939849624053,1.0, 0.0], [0.984796992481202,0.0, 0.0], [0.984796992481202,0.9971002496386808, 0.0], [0.9695939849624053,0.9971002496386808, 0.0], [0.9695939849624053,0.9971002496386808, 0.0]]
0.7921, [[0.9695939849624053,1.0, 0.0], [0.9695939849624053,0.994200499277362, 0.5741173913043479], [0.984796992481202,0.9971002496386808, 0.0], [0.9695939849624053,1.0, 0.0], [0.984796992481202,0.0, 0.5741173913043479], [0.9695939849624053,1.0, 0.0], [0.9695939849624053,1.0, 0.0], [0.984796992481202,0.994200499277362, 0.0], [0.9695939849624053,0.0, 0.0], [0.6932972823552921,1.0, 0.0]]
0.612, [[0.984796992481202,0.0, 0.5741173913043479], [0.984796992481202,0.0, 0.5741173913043479], [0.9695939849624053,1.0, 0.0], [0.9695939849624053,1.0, 0.0], [0.6523701891291389,1.0, 0.5741173913043479], [0.9695939849624053,1.0, 0.0], [0.6532304828483173,1.0, 0.0], [0.9695939849624053,0.9971002496386808, 0.0], [0.9695939849624053,0.9971002496386808, 0.0], [0.9695939849624053,0.9971002496386808, 0.0]]
0.1865, [[0.9923984962406016,0.0, 0.5741173913043479], [0.9695939849624053,0.0, 0.6323782608695593], [0.9695939849624053,0.9971002496386808, 0.0], [0.9695939849624053,0.994200499277362, 0.0], [0.9695939849624053,0.9971002496386808, 0.0], [0.984796992481202,0.0, 0.5741173913043479], [0.9619924812030071,0.9971002496386808, 0.0], [0.9619924812030071,0.994200499277362, 0.0], [0.984796992481202,0.0, 0.0], [0.984796992481202,0.0, 0.0]]
0.1816, [[0.984796992481202,0.0, 0.5741173913043479], [0.984796992481202,1.0, 0.0], [0.984796992481202,1.0, 0.0], [0.984796992481202,1.0, 0.0], [0.6494451904839321,1.0, 0.0], [0.984796992481202,0.0, 0.0], [0.984796992481202,0.0, 0.0], [0.984796992481202,0.9971002496386808, 0.0], [0.984796992481202,0.0, 0.0], [0.984796992481202,0.9971002496386808, 0.0]]
0.1854, [[0.9695939849624053,0.0, 0.6323782608695593], [0.9695939849624053,0.9971002496386808, 0.0], [0.9543909774436088,1.0, 0.0], [0.9695939849624053,1.0, 0.0], [0.9695939849624053,1.0, 0.0], [0.984796992481202,0.0, 0.0], [0.984796992481202,0.0, 0.0], [0.9695939849624053,0.9971002496386808, 0.0], [0.9695939849624053,0.9971002496386808, 0.0], [0.9543909774436088,0.994200499277362, 0.0]]
0.7912, [[0.9695939849624053,0.994200499277362, 0.5741173913043479], [0.984796992481202,0.0, 0.0], [0.984796992481202,0.994200499277362, 0.0], [0.984796992481202,1.0, 0.0], [0.984796992481202,0.0, 0.0], [0.984796992481202,0.0, 0.0], [0.9695939849624053,1.0, 0.0], [0.984796992481202,0.9971002496386808, 0.0], [0.9619924812030071,1.0, 0.0], [0.984796992481202,0.9971002496386808, 0.0]]
0.1816, [[0.984796992481202,1.0, 0.0], [0.984796992481202,0.9971002496386808, 0.0], [0.9695939849624053,1.0, 0.0], [0.984796992481202,0.994200499277362, 0.0], [0.984796992481202,0.994200499277362, 0.0], [0.984796992481202,0.0, 0.0], [0.984796992481202,0.0, 0.0], [0.984796992481202,0.0, 0.0], [0.984796992481202,0.0, 0.0], [0.984796992481202,0.0, 0.5741173913043479]]
0.1879, [[0.984796992481202,0.0, 0.6323782608695593], [0.984796992481202,0.9971002496386808, 0.0], [0.984796992481202,0.0, 0.5741173913043479], [0.984796992481202,0.9971002496386808, 0.0], [0.984796992481202,0.994200499277362, 0.0], [0.9695939849624053,1.0, 0.0], [0.9695939849624053,0.994200499277362, 0.0], [0.9695939849624053,0.9971002496386808, 0.0], [0.9695939849624053,0.9971002496386808, 0.0], [0.9695939849624053,0.994200499277362, 0.0]]
0.1817, [[0.9695939849624053,1.0, 0.0], [0.984796992481202,0.0, 0.5741173913043479], [0.984796992481202,1.0, 0.0], [0.9923984962406016,0.0, 0.0], [0.9695939849624053,0.9971002496386808, 0.0], [0.984796992481202,0.9971002496386808, 0.0], [0.984796992481202,0.0, 0.5741173913043479], [0.984796992481202,0.9971002496386808, 0.0], [0.984796992481202,0.0, 0.0], [0.984796992481202,0.994200499277362, 0.0]]
0.1813, [[0.984796992481202,0.0, 0.5741173913043479], [0.984796992481202,0.0, 0.5741173913043479], [0.984796992481202,0.9971002496386808, 0.0], [0.984796992481202,0.0, 0.0], [0.984796992481202,0.0, 0.0], [0.984796992481202,0.0, 0.0], [0.984796992481202,0.994200499277362, 0.0], [0.984796992481202,0.9971002496386808, 0.0], [0.984796992481202,0.9971002496386808, 0.0], [0.984796992481202,0.0, 0.0]]
0.1816, [[0.984796992481202,0.994200499277362, 0.0], [0.984796992481202,1.0, 0.0], [0.984796992481202,0.0, 0.5741173913043479], [0.984796992481202,0.0, 0.5741173913043479], [0.984796992481202,1.0, 0.0], [0.9695939849624053,1.0, 0.0], [0.9695939849624053,1.0, 0.0], [0.984796992481202,1.0, 0.0], [0.984796992481202,1.0, 0.0], [0.984796992481202,0.0, 0.0]]
0.1817, [[0.984796992481202,0.994200499277362, 0.0], [0.984796992481202,0.0, 0.5741173913043479], [0.9923984962406016,0.0, 0.0], [0.984796992481202,0.994200499277362, 0.0], [0.9695939849624053,1.0, 0.0], [0.984796992481202,0.994200499277362, 0.0], [0.9695939849624053,1.0, 0.0], [0.9695939849624053,1.0, 0.0], [0.9695939849624053,0.9971002496386808, 0.0], [0.984796992481202,0.9971002496386808, 0.0]]
0.1925, [[0.984796992481202,0.0, 0.6746408496732027], [0.984796992481202,1.0, 0.0], [0.9695939849624053,1.0, 0.0], [0.984796992481202,0.994200499277362, 0.0], [0.984796992481202,1.0, 0.0], [0.9695939849624053,0.9971002496386808, 0.0], [0.9695939849624053,0.9971002496386808, 0.0], [0.3369919299840872,1.0, 0.0], [0.984796992481202,0.994200499277362, 0.0], [0.984796992481202,0.0, 0.0]]
0.9244, [[0.984796992481202,1.0, 0.6746408496732027], [0.984796992481202,0.0, 0.6323782608695593], [0.9695939849624053,1.0, 0.0], [0.9695939849624053,1.0, 0.0], [0.9695939849624053,1.0, 0.0], [0.984796992481202,0.9971002496386808, 0.0], [0.9695939849624053,0.994200499277362, 0.0], [0.984796992481202,0.0, 0.0], [0.984796992481202,0.9971002496386808, 0.0], [0.984796992481202,0.9971002496386808, 0.0]]
0.188, [[0.984796992481202,0.0, 0.6323782608695593], [0.984796992481202,1.0, 0.0], [0.9923984962406016,0.0, 0.0], [0.984796992481202,0.9971002496386808, 0.0], [0.9771954887218037,1.0, 0.0], [0.984796992481202,0.9971002496386808, 0.0], [0.984796992481202,0.9971002496386808, 0.0], [0.984796992481202,0.9971002496386808, 0.0], [0.984796992481202,0.9971002496386808, 0.0], [0.984796992481202,0.9971002496386808, 0.0]]
0.9222, [[0.984796992481202,0.9971002496386808, 0.6746408496732027], [0.6530584241044817,0.9971002496386808, 0.5741173913043479], [0.984796992481202,1.0, 0.0], [0.984796992481202,0.9971002496386808, 0.0], [0.9695939849624053,0.9971002496386808, 0.0], [0.9695939849624053,0.9971002496386808, 0.0], [0.9695939849624053,0.9971002496386808, 0.0], [0.9695939849624053,0.9971002496386808, 0.0], [0.9695939849624053,0.9971002496386808, 0.0], [0.984796992481202,0.994200499277362, 0.0]]
0.8026, [[0.984796992481202,0.0, 0.0], [0.984796992481202,0.994200499277362, 0.0], [0.984796992481202,0.0, 0.0], [0.9771954887218037,1.0, 0.0], [0.984796992481202,0.9971002496386808, 0.0], [0.984796992481202,0.9971002496386808, 0.0], [0.984796992481202,0.0, 0.0], [0.984796992481202,0.9971002496386808, 0.5741173913043479], [0.984796992481202,0.0, 0.0], [0.984796992481202,0.0, 0.0]]
0.1925, [[0.9695939849624053,0.9971002496386808, 0.0], [0.984796992481202,0.0, 0.6746408496732027], [0.984796992481202,0.9971002496386808, 0.0], [0.984796992481202,0.0, 0.6323782608695593], [0.9695939849624053,0.9971002496386808, 0.0], [0.984796992481202,0.0, 0.0], [0.984796992481202,0.0, 0.0], [0.984796992481202,0.9971002496386808, 0.0], [0.984796992481202,1.0, 0.0], [0.9695939849624053,1.0, 0.0]]
0.1816, [[0.984796992481202,0.0, 0.5741173913043479], [0.984796992481202,0.0, 0.5741173913043479], [0.984796992481202,1.0, 0.0], [0.9771954887218037,0.0, 0.5741173913043479], [0.984796992481202,0.9971002496386808, 0.0], [0.984796992481202,0.9971002496386808, 0.0], [0.984796992481202,0.9971002496386808, 0.0], [0.9695939849624053,1.0, 0.0], [0.984796992481202,0.0, 0.0], [0.0023638470451911938,0.4258158174904942, 0.0]]
0.1816, [[0.984796992481202,0.0, 0.5741173913043479], [0.9695939849624053,1.0, 0.0], [0.9695939849624053,0.9971002496386808, 0.0], [0.9695939849624053,0.9971002496386808, 0.0], [0.984796992481202,0.9971002496386808, 0.0], [0.9695939849624053,0.0, 0.0], [0.6935237527476187,1.0, 0.0], [0.9695939849624053,1.0, 0.0], [0.6539187178236601,1.0, 0.0], [0.9695939849624053,0.9971002496386808, 0.0]]
0.1193, [[0.9695939849624053,1.0, 0.0], [0.984796992481202,0.0, 0.0], [0.984796992481202,0.0, 0.0], [0.9695939849624053,1.0, 0.0], [0.9695939849624053,1.0, 0.0], [0.9695939849624053,1.0, 0.0], [0.9695939849624053,1.0, 0.0], [0.9695939849624053,1.0, 0.0], [0.984796992481202,0.994200499277362, 0.0], [0.9695939849624053,0.0, 0.0]]
0.1859, [[0.9771954887218037,0.0, 0.6323782608695593], [0.984796992481202,0.0, 0.0], [0.9695939849624053,1.0, 0.0], [0.984796992481202,0.0, 0.0], [0.984796992481202,0.0, 0.0], [0.984796992481202,0.0, 0.0], [0.984796992481202,0.0, 0.0], [0.984796992481202,0.0, 0.0], [0.984796992481202,0.0, 0.0], [0.984796992481202,0.0, 0.0]]
0.1879, [[0.9923984962406016,0.0, 0.0], [0.984796992481202,0.0, 0.5741173913043479], [0.9695939849624053,0.0, 0.6323782608695593], [0.984796992481202,1.0, 0.0], [0.6374010784154338,1.0, 0.0], [0.984796992481202,0.9971002496386808, 0.0], [0.984796992481202,0.0, 0.0], [0.984796992481202,0.9971002496386808, 0.0], [0.984796992481202,0.9971002496386808, 0.0], [0.984796992481202,0.9971002496386808, 0.0]]
0.1879, [[0.9695939849624053,1.0, 0.0], [0.9695939849624053,1.0, 0.0], [0.9695939849624053,0.9971002496386808, 0.0], [0.9695939849624053,0.9971002496386808, 0.0], [0.9695939849624053,0.9971002496386808, 0.0], [0.9695939849624053,0.9971002496386808, 0.0], [0.984796992481202,0.994200499277362, 0.0], [0.984796992481202,0.0, 0.6323782608695593], [0.9695939849624053,0.0, 0.0], [0.984796992481202,0.0, 0.0]]
0.9098, [[0.9695939849624053,1.0, 0.0], [0.9695939849624053,1.0, 0.0], [0.9695939849624053,0.994200499277362, 0.6746408496732027], [0.9695939849624053,0.9971002496386808, 0.0], [0.9695939849624053,1.0, 0.0], [0.984796992481202,0.0, 0.5741173913043479], [0.9695939849624053,0.994200499277362, 0.0], [0.984796992481202,0.994200499277362, 0.0], [0.9695939849624053,0.9971002496386808, 0.0], [0.6487569555085894,1.0, 0.0]]
0.1193, [[0.984796992481202,1.0, 0.0], [0.984796992481202,1.0, 0.0], [0.9695939849624053,1.0, 0.0], [0.984796992481202,1.0, 0.0], [0.984796992481202,1.0, 0.0], [0.9695939849624053,1.0, 0.0], [0.9695939849624053,1.0, 0.0], [0.9695939849624053,1.0, 0.0], [0.9695939849624053,1.0, 0.0], [0.9695939849624053,1.0, 0.0]]
0.1186, [[0.9695939849624053,0.994200499277362, 0.0], [0.9695939849624053,1.0, 0.0], [0.984796992481202,0.0, 0.0], [0.984796992481202,0.0, 0.0], [0.9695939849624053,1.0, 0.0], [0.9619924812030071,1.0, 0.0], [0.9695939849624053,1.0, 0.0], [0.9695939849624053,1.0, 0.0], [0.9771954887218037,0.9971002496386808, 0.0], [0.9695939849624053,0.9971002496386808, 0.0]]
0.1193, [[0.984796992481202,1.0, 0.0], [0.984796992481202,1.0, 0.0], [0.984796992481202,0.9971002496386808, 0.0], [0.6394657833414621,1.0, 0.0], [0.984796992481202,0.9971002496386808, 0.0], [0.984796992481202,0.9971002496386808, 0.0], [0.9695939849624053,0.9971002496386808, 0.0], [0.984796992481202,0.0, 0.0], [0.984796992481202,0.0, 0.0], [0.984796992481202,0.9971002496386808, 0.0]]
0.1816, [[0.984796992481202,0.0, 0.5741173913043479], [0.984796992481202,1.0, 0.0], [0.984796992481202,0.9971002496386808, 0.0], [0.9695939849624053,1.0, 0.0], [0.984796992481202,0.9971002496386808, 0.0], [0.984796992481202,0.9971002496386808, 0.0], [0.984796992481202,0.9971002496386808, 0.0], [0.984796992481202,0.9971002496386808, 0.0], [0.9543909774436088,0.9971002496386808, 0.0], [0.984796992481202,0.994200499277362, 0.0]]
0.0794, [[0.984796992481202,0.0, 0.6323782608695593], [0.984796992481202,0.0, 0.5741173913043479], [0.984796992481202,0.0, 0.5741173913043479], [0.984796992481202,0.0, 0.0], [0.984796992481202,0.0, 0.0], [0.984796992481202,0.0, 0.0], [0.984796992481202,0.0, 0.0], [0.984796992481202,0.0, 0.0], [0.984796992481202,0.0, 0.0], [0.984796992481202,0.0, 0.0]]
0.807, [[0.984796992481202,1.0, 0.0], [0.984796992481202,0.9971002496386808, 0.0], [0.984796992481202,0.9971002496386808, 0.0], [0.984796992481202,0.994200499277362, 0.5741173913043479], [0.9695939849624053,0.0, 0.6323782608695593], [0.9695939849624053,1.0, 0.0], [0.984796992481202,0.9971002496386808, 0.0], [0.984796992481202,0.9971002496386808, 0.0], [0.9695939849624053,0.9971002496386808, 0.0], [0.9695939849624053,0.9971002496386808, 0.0]]
0.1193, [[0.9695939849624053,0.9971002496386808, 0.0], [0.9695939849624053,0.994200499277362, 0.0], [0.984796992481202,0.994200499277362, 0.0], [0.984796992481202,1.0, 0.0], [0.984796992481202,1.0, 0.0], [0.9695939849624053,1.0, 0.0], [0.984796992481202,1.0, 0.0], [0.9695939849624053,1.0, 0.0], [0.984796992481202,0.9971002496386808, 0.0], [0.984796992481202,0.994200499277362, 0.0]]
0.1915, [[0.9695939849624053,0.0, 0.6746408496732027], [0.6865597881835742,0.9971002496386808, 0.0], [0.9543909774436088,1.0, 0.0], [0.9695939849624053,0.994200499277362, 0.0], [0.9695939849624053,0.9971002496386808, 0.0], [0.9695939849624053,0.9971002496386808, 0.0], [0.984796992481202,0.994200499277362, 0.0], [0.984796992481202,1.0, 0.0], [0.9695939849624053,0.0, 0.0], [0.9695939849624053,0.0, 0.0]]
0.1808, [[0.9695939849624053,0.0, 0.5741173913043479], [0.9695939849624053,1.0, 0.0], [0.9923984962406016,0.0, 0.0], [0.984796992481202,0.9971002496386808, 0.0], [0.9695939849624053,1.0, 0.0], [0.984796992481202,0.0, 0.0], [0.984796992481202,0.9971002496386808, 0.0], [0.9695939849624053,0.9971002496386808, 0.0], [0.6372290196715981,1.0, 0.0], [0.984796992481202,0.0, 0.0]]
0.9244, [[0.984796992481202,1.0, 0.6746408496732027], [0.984796992481202,1.0, 0.0], [0.9695939849624053,1.0, 0.0], [0.9695939849624053,0.9971002496386808, 0.5741173913043479], [0.9695939849624053,1.0, 0.0], [0.984796992481202,1.0, 0.0], [0.9695939849624053,0.0, 0.5741173913043479], [0.984796992481202,0.994200499277362, 0.0], [0.9695939849624053,0.994200499277362, 0.0], [0.9695939849624053,0.9971002496386808, 0.0]]
0.1193, [[0.9695939849624053,1.0, 0.0], [0.9695939849624053,1.0, 0.0], [0.9695939849624053,1.0, 0.0], [0.9695939849624053,1.0, 0.0], [0.9695939849624053,1.0, 0.0], [0.6377451959031052,1.0, 0.0], [0.984796992481202,0.9971002496386808, 0.0], [0.9695939849624053,0.9971002496386808, 0.0], [0.6374010784154338,0.9971002496386808, 0.0], [0.6374010784154338,0.9971002496386808, 0.0]]
0.0858, [[0.984796992481202,0.0, 0.6908009803921568], [0.9771954887218037,0.0, 0.0], [0.984796992481202,0.0, 0.0], [0.984796992481202,0.0, 0.0], [0.984796992481202,0.0, 0.0], [0.9771954887218037,0.0, 0.0], [0.984796992481202,0.0, 0.0], [0.9695939849624053,0.0, 0.0], [0.984796992481202,0.0, 0.0], [0.984796992481202,0.0, 0.0]]
0.8026, [[0.984796992481202,0.9971002496386808, 0.5741173913043479], [0.984796992481202,1.0, 0.0], [0.984796992481202,1.0, 0.0], [0.984796992481202,0.9971002496386808, 0.0], [0.984796992481202,0.9971002496386808, 0.0], [0.984796992481202,0.9971002496386808, 0.0], [0.984796992481202,0.9971002496386808, 0.0], [0.984796992481202,0.9971002496386808, 0.0], [0.984796992481202,0.9971002496386808, 0.0], [0.9695939849624053,0.9971002496386808, 0.0]]
0.1813, [[0.984796992481202,0.9971002496386808, 0.0], [0.984796992481202,0.0, 0.5741173913043479], [0.984796992481202,0.9971002496386808, 0.0], [0.984796992481202,0.0, 0.0], [0.984796992481202,0.0, 0.0], [0.9695939849624053,0.0, 0.0], [0.984796992481202,0.9971002496386808, 0.0], [0.984796992481202,0.0, 0.0], [0.984796992481202,0.0, 0.0], [0.6492731317400964,0.9971002496386808, 0.0]]
0.1932, [[0.984796992481202,1.0, 0.0], [0.9695939849624053,0.0, 0.6908009803921568], [0.9695939849624053,1.0, 0.0], [0.9695939849624053,1.0, 0.0], [0.9695939849624053,1.0, 0.0], [0.9695939849624053,0.0, 0.0], [0.9695939849624053,0.9971002496386808, 0.0], [0.9695939849624053,0.9971002496386808, 0.0], [0.9695939849624053,0.9971002496386808, 0.0], [0.9695939849624053,0.9971002496386808, 0.0]]
0.1193, [[0.9695939849624053,1.0, 0.0], [0.984796992481202,0.9971002496386808, 0.0], [0.9695939849624053,1.0, 0.0], [0.9619924812030071,0.9971002496386808, 0.0], [0.984796992481202,0.994200499277362, 0.0], [0.9695939849624053,0.9971002496386808, 0.0], [0.9543909774436088,0.994200499277362, 0.0], [0.984796992481202,0.0, 0.0], [0.984796992481202,0.0, 0.0], [0.6494451904839321,0.994200499277362, 0.0]]
0.9607, [[0.984796992481202,1.0, 0.0], [0.984796992481202,1.0, 0.0], [0.984796992481202,1.0, 0.0], [0.984796992481202,0.9971002496386808, 0.0], [0.9695939849624053,0.9971002496386808, 0.0], [0.984796992481202,0.9971002496386808, 0.0], [0.984796992481202,0.9971002496386808, 0.0], [0.984796992481202,0.9971002496386808, 0.7069611111111108], [0.984796992481202,0.9971002496386808, 0.0], [0.984796992481202,0.9971002496386808, 0.0]]
0.9607, [[0.984796992481202,0.9971002496386808, 0.7069611111111108], [0.9695939849624053,1.0, 0.0], [0.984796992481202,0.9971002496386808, 0.0], [0.9695939849624053,1.0, 0.0], [0.9695939849624053,1.0, 0.0], [0.9695939849624053,0.9971002496386808, 0.0], [0.9695939849624053,0.9971002496386808, 0.0], [0.984796992481202,0.994200499277362, 0.0], [0.9695939849624053,0.994200499277362, 0.5741173913043479], [0.984796992481202,1.0, 0.0]]
0.1816, [[0.9695939849624053,1.0, 0.0], [0.9695939849624053,0.9971002496386808, 0.0], [0.984796992481202,0.0, 0.5741173913043479], [0.984796992481202,0.0, 0.5741173913043479], [0.984796992481202,0.9971002496386808, 0.0], [0.984796992481202,0.9971002496386808, 0.0], [0.984796992481202,0.9971002496386808, 0.0], [0.984796992481202,0.994200499277362, 0.0], [0.9695939849624053,0.0, 0.0], [0.984796992481202,0.9971002496386808, 0.0]]
0.1193, [[0.9695939849624053,1.0, 0.0], [0.6485848967647536,1.0, 0.0], [0.9695939849624053,1.0, 0.0], [0.984796992481202,1.0, 0.0], [0.6499613667154391,1.0, 0.0], [0.3343015458058649,1.0, 0.0], [0.9619924812030071,1.0, 0.0], [0.3504438508751989,1.0, 0.0], [0.984796992481202,1.0, 0.0], [0.6494451904839321,1.0, 0.0]]
0.8735, [[0.984796992481202,0.994200499277362, 0.6323782608695593], [0.9695939849624053,1.0, 0.5741173913043479], [0.9695939849624053,0.9971002496386808, 0.0], [0.984796992481202,1.0, 0.0], [0.984796992481202,0.9971002496386808, 0.0], [0.9695939849624053,0.0, 0.0], [0.984796992481202,0.9971002496386808, 0.0], [0.984796992481202,0.994200499277362, 0.0], [0.9695939849624053,0.0, 0.0], [0.984796992481202,1.0, 0.0]]
0.1193, [[0.984796992481202,0.9971002496386808, 0.0], [0.984796992481202,0.994200499277362, 0.0], [0.984796992481202,1.0, 0.0], [0.984796992481202,0.9971002496386808, 0.0], [0.984796992481202,0.0, 0.0], [0.984796992481202,0.994200499277362, 0.0], [0.984796992481202,0.9971002496386808, 0.0], [0.984796992481202,0.0, 0.0], [0.984796992481202,0.9971002496386808, 0.0], [0.984796992481202,0.994200499277362, 0.0]]
0.1193, [[0.984796992481202,1.0, 0.0], [0.984796992481202,1.0, 0.0], [0.984796992481202,0.9971002496386808, 0.0], [0.984796992481202,0.994200499277362, 0.0], [0.9695939849624053,0.994200499277362, 0.0], [0.984796992481202,0.0, 0.0], [0.984796992481202,0.0, 0.0], [0.9695939849624053,0.994200499277362, 0.0], [0.984796992481202,1.0, 0.0], [0.984796992481202,1.0, 0.0]]
0.1817, [[0.9923984962406016,0.0, 0.0], [0.984796992481202,0.0, 0.5741173913043479], [0.984796992481202,1.0, 0.0], [0.984796992481202,0.0, 0.5741173913043479], [0.9695939849624053,1.0, 0.0], [0.984796992481202,0.9971002496386808, 0.0], [0.9695939849624053,1.0, 0.0], [0.984796992481202,0.9971002496386808, 0.0], [0.9695939849624053,1.0, 0.0], [0.984796992481202,0.9971002496386808, 0.0]]
0.0904, [[0.0047276940903823875,0.43701226869455, 0.0], [0.984796992481202,0.0, 0.6908009803921568], [0.0,0.4218170849176172, 0.0], [0.9695939849624053,0.0, 0.0], [0.984796992481202,0.0, 0.5741173913043479], [0.984796992481202,0.0, 0.0], [0.984796992481202,0.0, 0.5741173913043479], [0.984796992481202,0.0, 0.6323782608695593], [0.984796992481202,0.0, 0.0], [0.9771954887218037,0.0, 0.0]]
0.8089, [[0.984796992481202,0.0, 0.6323782608695593], [0.9543909774436088,1.0, 0.0], [0.9695939849624053,0.9971002496386808, 0.5741173913043479], [0.9695939849624053,1.0, 0.0], [0.984796992481202,0.994200499277362, 0.5741173913043479], [0.9619924812030071,0.9971002496386808, 0.0], [0.9619924812030071,0.9971002496386808, 0.0], [0.9695939849624053,0.9971002496386808, 0.0], [0.9695939849624053,0.9971002496386808, 0.0], [0.9695939849624053,0.9971002496386808, 0.0]]
0.1193, [[0.9771954887218037,1.0, 0.0], [0.984796992481202,1.0, 0.0], [0.984796992481202,1.0, 0.0], [0.9695939849624053,0.9971002496386808, 0.0], [0.984796992481202,0.9971002496386808, 0.0], [0.9695939849624053,0.9971002496386808, 0.0], [0.984796992481202,0.9971002496386808, 0.0], [0.984796992481202,0.9971002496386808, 0.0], [0.9695939849624053,0.9971002496386808, 0.0], [0.9695939849624053,0.9971002496386808, 0.0]]
0.1925, [[0.984796992481202,0.994200499277362, 0.0], [0.984796992481202,0.0, 0.6746408496732027], [0.9695939849624053,1.0, 0.0], [0.984796992481202,0.9971002496386808, 0.0], [0.984796992481202,0.9971002496386808, 0.0], [0.984796992481202,0.994200499277362, 0.0], [0.984796992481202,0.0, 0.0], [0.9695939849624053,0.9971002496386808, 0.0], [0.9695939849624053,0.994200499277362, 0.0], [0.9695939849624053,0.0, 0.0]]
0.8178, [[0.9923984962406016,0.9971002496386808, 0.0], [0.984796992481202,0.9971002496386808, 0.5741173913043479], [0.984796992481202,1.0, 0.0], [0.984796992481202,0.0, 0.7069611111111108], [0.984796992481202,0.9971002496386808, 0.0], [0.6865031705854926,1.0, 0.0], [0.984796992481202,0.0, 0.0], [0.984796992481202,0.0, 0.6746408496732027], [0.984796992481202,0.9971002496386808, 0.0], [0.9695939849624053,0.9971002496386808, 0.0]]
0.1178, [[0.984796992481202,0.0, 0.0], [0.9695939849624053,1.0, 0.0], [0.984796992481202,0.0, 0.0], [0.984796992481202,0.0, 0.0], [0.984796992481202,0.0, 0.0], [0.984796992481202,0.0, 0.0], [0.984796992481202,0.0, 0.0], [0.984796992481202,0.0, 0.0], [0.984796992481202,0.0, 0.0], [0.984796992481202,0.0, 0.0]]
0.1879, [[0.9695939849624053,1.0, 0.0], [0.984796992481202,0.9971002496386808, 0.0], [0.984796992481202,0.0, 0.6323782608695593], [0.9695939849624053,1.0, 0.0], [0.984796992481202,0.0, 0.5741173913043479], [0.984796992481202,0.9971002496386808, 0.0], [0.984796992481202,0.9971002496386808, 0.0], [0.9695939849624053,0.9971002496386808, 0.0], [0.984796992481202,0.0, 0.0], [0.984796992481202,0.994200499277362, 0.0]]
0.1821, [[0.9923984962406016,0.0, 0.5741173913043479], [0.984796992481202,0.9971002496386808, 0.0], [0.984796992481202,0.994200499277362, 0.0], [0.984796992481202,0.994200499277362, 0.0], [0.984796992481202,0.0, 0.0], [0.984796992481202,0.9971002496386808, 0.0], [0.984796992481202,1.0, 0.0], [0.984796992481202,0.9971002496386808, 0.0], [0.984796992481202,0.9971002496386808, 0.0], [0.984796992481202,0.9971002496386808, 0.0]]
0.1816, [[0.9695939849624053,1.0, 0.0], [0.984796992481202,0.9971002496386808, 0.0], [0.984796992481202,0.9971002496386808, 0.0], [0.984796992481202,0.9971002496386808, 0.0], [0.9771954887218037,0.994200499277362, 0.0], [0.9695939849624053,0.994200499277362, 0.0], [0.648412838020918,0.994200499277362, 0.0], [0.984796992481202,0.0, 0.0], [0.984796992481202,0.0, 0.0], [0.984796992481202,0.0, 0.5741173913043479]]
0.1879, [[0.984796992481202,0.0, 0.0], [0.984796992481202,0.0, 0.0], [0.984796992481202,0.0, 0.5741173913043479], [0.984796992481202,0.0, 0.6323782608695593], [0.984796992481202,0.0, 0.0], [0.984796992481202,0.9971002496386808, 0.0], [0.984796992481202,0.0, 0.0], [0.984796992481202,1.0, 0.0], [0.984796992481202,1.0, 0.0], [0.984796992481202,0.0, 0.0]]
0.1879, [[0.984796992481202,0.9971002496386808, 0.0], [0.9695939849624053,0.9971002496386808, 0.0], [0.984796992481202,0.0, 0.6323782608695593], [0.9695939849624053,1.0, 0.0], [0.984796992481202,0.994200499277362, 0.0], [0.9543909774436088,0.994200499277362, 0.0], [0.9695939849624053,0.9971002496386808, 0.0], [0.984796992481202,0.0, 0.0], [0.9543909774436088,0.994200499277362, 0.0], [0.6737054733647645,0.0, 0.0]]
0.187, [[0.984796992481202,0.9971002496386808, 0.0], [0.9695939849624053,0.0, 0.6323782608695593], [0.9695939849624053,0.994200499277362, 0.0], [0.9695939849624053,1.0, 0.0], [0.9695939849624053,0.0, 0.5741173913043479], [0.9695939849624053,0.994200499277362, 0.0], [0.9695939849624053,0.994200499277362, 0.0], [0.984796992481202,0.9971002496386808, 0.0], [0.984796992481202,0.9971002496386808, 0.0], [0.984796992481202,0.0, 0.0]]
0.1808, [[0.9695939849624053,0.0, 0.5741173913043479], [0.9695939849624053,1.0, 0.0], [0.9695939849624053,1.0, 0.0], [0.9695939849624053,1.0, 0.0], [0.9923984962406016,0.0, 0.0], [0.9695939849624053,1.0, 0.0], [0.9695939849624053,1.0, 0.0], [0.984796992481202,0.9971002496386808, 0.0], [0.9695939849624053,0.9971002496386808, 0.0], [0.9695939849624053,0.9971002496386808, 0.0]]
0.1193, [[0.984796992481202,1.0, 0.0], [0.984796992481202,0.9971002496386808, 0.0], [0.984796992481202,1.0, 0.0], [0.984796992481202,1.0, 0.0], [0.9695939849624053,0.9971002496386808, 0.0], [0.9695939849624053,1.0, 0.0], [0.984796992481202,0.9971002496386808, 0.0], [0.984796992481202,0.9971002496386808, 0.0], [0.984796992481202,0.9971002496386808, 0.0], [0.984796992481202,0.0, 0.0]]
0.1193, [[0.9695939849624053,1.0, 0.0], [0.9695939849624053,1.0, 0.0], [0.984796992481202,1.0, 0.0], [0.984796992481202,1.0, 0.0], [0.9695939849624053,1.0, 0.0], [0.9695939849624053,0.9971002496386808, 0.0], [0.9695939849624053,0.994200499277362, 0.0], [0.984796992481202,0.994200499277362, 0.0], [0.984796992481202,0.9971002496386808, 0.0], [0.984796992481202,0.9971002496386808, 0.0]]
0.1816, [[0.984796992481202,0.994200499277362, 0.0], [0.984796992481202,0.0, 0.5741173913043479], [0.9695939849624053,0.9971002496386808, 0.0], [0.984796992481202,1.0, 0.0], [0.9695939849624053,1.0, 0.0], [0.9695939849624053,1.0, 0.0], [0.984796992481202,0.9971002496386808, 0.0], [0.984796992481202,0.0, 0.0], [0.984796992481202,0.9971002496386808, 0.0], [0.984796992481202,0.9971002496386808, 0.0]]
0.1922, [[0.984796992481202,0.994200499277362, 0.0], [0.9695939849624053,0.0, 0.6746408496732027], [0.984796992481202,0.0, 0.6323782608695593], [0.9923984962406016,0.0, 0.0], [0.9695939849624053,0.9971002496386808, 0.0], [0.9771954887218037,0.0, 0.0], [0.984796992481202,0.0, 0.0], [0.984796992481202,0.0, 0.0], [0.984796992481202,0.0, 0.0], [0.984796992481202,0.0, 0.0]]
0.084, [[0.984796992481202,0.0, 0.6746408496732027], [0.984796992481202,0.0, 0.5741173913043479], [0.984796992481202,0.0, 0.0], [0.984796992481202,0.0, 0.0], [0.984796992481202,0.0, 0.0], [0.984796992481202,0.0, 0.0], [0.984796992481202,0.0, 0.0], [0.984796992481202,0.0, 0.0], [0.984796992481202,0.0, 0.0], [0.984796992481202,0.0, 0.0]]
0.1193, [[0.984796992481202,1.0, 0.0], [0.9695939849624053,0.9971002496386808, 0.0], [0.984796992481202,0.9971002496386808, 0.0], [0.9695939849624053,1.0, 0.0], [0.9695939849624053,0.9971002496386808, 0.0], [0.984796992481202,0.9971002496386808, 0.0], [0.984796992481202,0.0, 0.0], [0.984796992481202,0.0, 0.0], [0.0047276940903823875,0.0, 0.0], [0.984796992481202,0.0, 0.0]]
0.1816, [[0.984796992481202,0.0, 0.5741173913043479], [0.9695939849624053,1.0, 0.0], [0.9695939849624053,0.0, 0.5741173913043479], [0.984796992481202,0.9971002496386808, 0.0], [0.984796992481202,0.9971002496386808, 0.0], [0.984796992481202,0.0, 0.0], [0.9695939849624053,0.9971002496386808, 0.0], [0.984796992481202,0.9971002496386808, 0.0], [0.984796992481202,0.9971002496386808, 0.0], [0.984796992481202,0.9971002496386808, 0.0]]
0.1816, [[0.9695939849624053,0.9971002496386808, 0.0], [0.984796992481202,1.0, 0.0], [0.984796992481202,1.0, 0.0], [0.9695939849624053,1.0, 0.0], [0.6487569555085894,1.0, 0.0], [0.984796992481202,0.0, 0.5741173913043479], [0.984796992481202,0.9971002496386808, 0.0], [0.984796992481202,0.9971002496386808, 0.0], [0.984796992481202,0.0, 0.5741173913043479], [0.9695939849624053,0.9971002496386808, 0.0]]
0.9244, [[0.984796992481202,1.0, 0.6746408496732027], [0.9619924812030071,1.0, 0.0], [0.9695939849624053,0.9971002496386808, 0.0], [0.9619924812030071,0.9971002496386808, 0.0], [0.9695939849624053,0.9971002496386808, 0.0], [0.9695939849624053,1.0, 0.0], [0.984796992481202,0.0, 0.0], [0.9695939849624053,0.9971002496386808, 0.0], [0.9771954887218037,0.0, 0.5741173913043479], [0.9923984962406016,0.0, 0.0]]
0.1812, [[0.9695939849624053,1.0, 0.0], [0.9695939849624053,1.0, 0.0], [0.9695939849624053,1.0, 0.0], [0.9695939849624053,1.0, 0.0], [0.984796992481202,0.9971002496386808, 0.0], [0.9771954887218037,0.0, 0.5741173913043479], [0.984796992481202,0.0, 0.0], [0.9695939849624053,0.0, 0.0], [0.9695939849624053,0.9971002496386808, 0.0], [0.984796992481202,0.0, 0.0]]
0.8614, [[0.984796992481202,1.0, 0.0], [0.9695939849624053,1.0, 0.0], [0.9695939849624053,0.9971002496386808, 0.0], [0.9695939849624053,0.9971002496386808, 0.0], [0.9695939849624053,0.9971002496386808, 0.0], [0.9695939849624053,0.9971002496386808, 0.0], [0.984796992481202,0.9971002496386808, 0.0], [0.9695939849624053,0.9971002496386808, 0.6323782608695593], [0.984796992481202,0.9971002496386808, 0.0], [0.9695939849624053,0.9971002496386808, 0.0]]
0.1872, [[0.984796992481202,0.0, 0.6323782608695593], [0.9771954887218037,0.9971002496386808, 0.0], [0.9695939849624053,1.0, 0.0], [0.9543909774436088,1.0, 0.0], [0.984796992481202,0.0, 0.5741173913043479], [0.9695939849624053,1.0, 0.0], [0.9695939849624053,0.994200499277362, 0.0], [0.984796992481202,0.0, 0.5741173913043479], [0.9619924812030071,0.9971002496386808, 0.0], [0.9619924812030071,0.9971002496386808, 0.0]]
0.1194, [[0.9923984962406016,0.0, 0.0], [0.984796992481202,1.0, 0.0], [0.984796992481202,0.0, 0.0], [0.9695939849624053,1.0, 0.0], [0.984796992481202,0.994200499277362, 0.0], [0.984796992481202,0.9971002496386808, 0.0], [0.984796992481202,0.9971002496386808, 0.0], [0.984796992481202,0.9971002496386808, 0.0], [0.9695939849624053,0.0, 0.0], [0.9695939849624053,0.0, 0.0]]
0.8718, [[0.984796992481202,0.9971002496386808, 0.5741173913043479], [0.984796992481202,1.0, 0.0], [0.984796992481202,0.994200499277362, 0.6323782608695593], [0.984796992481202,1.0, 0.0], [0.984796992481202,0.994200499277362, 0.0], [0.984796992481202,0.0, 0.6323782608695593], [0.984796992481202,0.9971002496386808, 0.0], [0.984796992481202,0.9971002496386808, 0.0], [0.984796992481202,0.0, 0.5741173913043479], [0.984796992481202,0.0, 0.0]]
0.801, [[0.9695939849624053,0.0, 0.6323782608695593], [0.9695939849624053,1.0, 0.5741173913043479], [0.984796992481202,0.0, 0.0], [0.984796992481202,0.0, 0.0], [0.984796992481202,0.0, 0.0], [0.9695939849624053,1.0, 0.0], [0.9695939849624053,0.9971002496386808, 0.0], [0.9695939849624053,1.0, 0.0], [0.9695939849624053,0.994200499277362, 0.0], [0.984796992481202,1.0, 0.0]]
0.1879, [[0.984796992481202,0.0, 0.6323782608695593], [0.9771954887218037,0.0, 0.6323782608695593], [0.984796992481202,1.0, 0.0], [0.984796992481202,0.994200499277362, 0.0], [0.984796992481202,0.0, 0.5741173913043479], [0.984796992481202,0.0, 0.5741173913043479], [0.9695939849624053,0.9971002496386808, 0.0], [0.984796992481202,0.0, 0.0], [0.984796992481202,0.9971002496386808, 0.0], [0.984796992481202,0.994200499277362, 0.0]]
0.8026, [[0.9695939849624053,1.0, 0.0], [0.984796992481202,0.9971002496386808, 0.5741173913043479], [0.984796992481202,0.9971002496386808, 0.0], [0.9695939849624053,1.0, 0.0], [0.984796992481202,0.9971002496386808, 0.0], [0.9695939849624053,1.0, 0.0], [0.984796992481202,0.9971002496386808, 0.0], [0.984796992481202,0.9971002496386808, 0.0], [0.984796992481202,0.9971002496386808, 0.0], [0.984796992481202,0.9971002496386808, 0.0]]
0.1816, [[0.984796992481202,1.0, 0.0], [0.984796992481202,0.9971002496386808, 0.0], [0.9695939849624053,0.9971002496386808, 0.0], [0.984796992481202,0.994200499277362, 0.0], [0.984796992481202,0.0, 0.5741173913043479], [0.9695939849624053,1.0, 0.0], [0.984796992481202,1.0, 0.0], [0.984796992481202,0.0, 0.0], [0.984796992481202,0.0, 0.0], [0.984796992481202,0.9971002496386808, 0.0]]
0.9244, [[0.984796992481202,1.0, 0.6746408496732027], [0.984796992481202,1.0, 0.0], [0.984796992481202,1.0, 0.0], [0.984796992481202,0.9971002496386808, 0.0], [0.984796992481202,0.9971002496386808, 0.0], [0.984796992481202,0.9971002496386808, 0.0], [0.9695939849624053,0.9971002496386808, 0.5741173913043479], [0.984796992481202,0.994200499277362, 0.0], [0.984796992481202,0.994200499277362, 0.0], [0.6382613721346122,0.9971002496386808, 0.0]]
0.8026, [[0.984796992481202,0.9971002496386808, 0.5741173913043479], [0.984796992481202,1.0, 0.0], [0.984796992481202,1.0, 0.0], [0.984796992481202,1.0, 0.0], [0.984796992481202,1.0, 0.0], [0.984796992481202,0.0, 0.5741173913043479], [0.984796992481202,0.9971002496386808, 0.0], [0.9695939849624053,1.0, 0.0], [0.9695939849624053,1.0, 0.0], [0.984796992481202,0.9971002496386808, 0.0]]
0.584, [[0.6377451959031052,0.9971002496386808, 0.5741173913043479], [0.984796992481202,0.994200499277362, 0.0], [0.984796992481202,1.0, 0.0], [0.984796992481202,0.994200499277362, 0.0], [0.9695939849624053,0.994200499277362, 0.0], [0.984796992481202,0.9971002496386808, 0.0], [0.9695939849624053,1.0, 0.0], [0.9695939849624053,0.9971002496386808, 0.0], [0.9695939849624053,1.0, 0.0], [0.984796992481202,0.994200499277362, 0.0]]
0.8117, [[0.984796992481202,0.0, 0.6746408496732027], [0.984796992481202,1.0, 0.0], [0.984796992481202,0.994200499277362, 0.5741173913043479], [0.9543909774436088,1.0, 0.0], [0.984796992481202,0.9971002496386808, 0.0], [0.984796992481202,1.0, 0.0], [0.9695939849624053,1.0, 0.0], [0.9695939849624053,1.0, 0.0], [0.984796992481202,0.994200499277362, 0.0], [0.984796992481202,0.0, 0.5741173913043479]]
0.1193, [[0.9695939849624053,1.0, 0.0], [0.984796992481202,1.0, 0.0], [0.6499613667154391,1.0, 0.0], [0.984796992481202,1.0, 0.0], [0.984796992481202,0.9971002496386808, 0.0], [0.984796992481202,0.9971002496386808, 0.0], [0.984796992481202,0.9971002496386808, 0.0], [0.9695939849624053,0.9971002496386808, 0.0], [0.6375731371592694,0.9971002496386808, 0.0], [0.984796992481202,0.9971002496386808, 0.0]]
0.1193, [[0.984796992481202,0.994200499277362, 0.0], [0.984796992481202,1.0, 0.0], [0.984796992481202,1.0, 0.0], [0.984796992481202,0.9971002496386808, 0.0], [0.984796992481202,0.9971002496386808, 0.0], [0.9695939849624053,1.0, 0.0], [0.984796992481202,0.9971002496386808, 0.0], [0.984796992481202,0.0, 0.0], [0.984796992481202,0.9971002496386808, 0.0], [0.9695939849624053,1.0, 0.0]]
0.1193, [[0.9695939849624053,1.0, 0.0], [0.9619924812030071,1.0, 0.0], [0.984796992481202,1.0, 0.0], [0.9695939849624053,1.0, 0.0], [0.9695939849624053,0.9971002496386808, 0.0], [0.984796992481202,0.9971002496386808, 0.0], [0.9543909774436088,0.9971002496386808, 0.0], [0.9695939849624053,0.9971002496386808, 0.0], [0.984796992481202,0.9971002496386808, 0.0], [0.984796992481202,0.9971002496386808, 0.0]]
0.1879, [[0.984796992481202,0.0, 0.6323782608695593], [0.984796992481202,1.0, 0.0], [0.984796992481202,1.0, 0.0], [0.9695939849624053,1.0, 0.0], [0.984796992481202,0.9971002496386808, 0.0], [0.9695939849624053,1.0, 0.0], [0.9695939849624053,1.0, 0.0], [0.9695939849624053,1.0, 0.0], [0.984796992481202,0.994200499277362, 0.0], [0.9695939849624053,0.9971002496386808, 0.0]]
0.1864, [[0.984796992481202,0.0, 0.6323782608695593], [0.9695939849624053,1.0, 0.0], [0.984796992481202,0.0, 0.0], [0.9695939849624053,0.0, 0.0], [0.9695939849624053,1.0, 0.0], [0.9695939849624053,1.0, 0.0], [0.9695939849624053,1.0, 0.0], [0.9695939849624053,1.0, 0.0], [0.9619924812030071,1.0, 0.0], [0.9619924812030071,1.0, 0.0]]
0.1879, [[0.984796992481202,0.0, 0.6323782608695593], [0.9695939849624053,1.0, 0.0], [0.9695939849624053,0.9971002496386808, 0.0], [0.984796992481202,0.9971002496386808, 0.0], [0.984796992481202,0.0, 0.5741173913043479], [0.9695939849624053,1.0, 0.0], [0.9695939849624053,1.0, 0.0], [0.9695939849624053,1.0, 0.0], [0.9619924812030071,1.0, 0.0], [0.984796992481202,0.0, 0.0]]
0.1813, [[0.984796992481202,0.0, 0.5741173913043479], [0.984796992481202,0.9971002496386808, 0.0], [0.984796992481202,0.0, 0.0], [0.984796992481202,0.0, 0.0], [0.9695939849624053,0.9971002496386808, 0.0], [0.9771954887218037,0.994200499277362, 0.0], [0.9695939849624053,0.9971002496386808, 0.0], [0.984796992481202,0.0, 0.0], [0.984796992481202,0.0, 0.0], [0.984796992481202,0.0, 0.0]]
0.1807, [[0.9695939849624053,0.0, 0.5741173913043479], [0.984796992481202,1.0, 0.0], [0.984796992481202,0.9971002496386808, 0.0], [0.984796992481202,1.0, 0.0], [0.984796992481202,0.9971002496386808, 0.0], [0.9695939849624053,0.0, 0.0], [0.984796992481202,0.0, 0.0], [0.9771954887218037,0.0, 0.0], [0.984796992481202,1.0, 0.0], [0.984796992481202,0.9971002496386808, 0.0]]
0.9222, [[0.984796992481202,0.9971002496386808, 0.6746408496732027], [0.9695939849624053,1.0, 0.0], [0.984796992481202,0.9971002496386808, 0.0], [0.9695939849624053,0.9971002496386808, 0.0], [0.984796992481202,0.0, 0.6746408496732027], [0.9695939849624053,1.0, 0.0], [0.984796992481202,1.0, 0.0], [0.984796992481202,0.9971002496386808, 0.0], [0.9695939849624053,0.994200499277362, 0.0], [0.9771954887218037,0.0, 0.5741173913043479]]
0.1925, [[0.984796992481202,0.0, 0.6746408496732027], [0.984796992481202,1.0, 0.0], [0.9695939849624053,1.0, 0.0], [0.984796992481202,1.0, 0.0], [0.984796992481202,1.0, 0.0], [0.984796992481202,1.0, 0.0], [0.984796992481202,0.9971002496386808, 0.0], [0.9695939849624053,1.0, 0.0], [0.984796992481202,0.9971002496386808, 0.0], [0.984796992481202,0.9971002496386808, 0.0]]
0.8008, [[0.9695939849624053,1.0, 0.0], [0.9695939849624053,1.0, 0.0], [0.984796992481202,1.0, 0.0], [0.9695939849624053,1.0, 0.0], [0.9695939849624053,0.9971002496386808, 0.0], [0.984796992481202,0.9971002496386808, 0.0], [0.984796992481202,0.9971002496386808, 0.0], [0.984796992481202,0.994200499277362, 0.5741173913043479], [0.984796992481202,0.0, 0.0], [0.984796992481202,0.0, 0.0]]
