0.1115, [[0.0, 0.0, 0.9323087431693992], [0.0, 0.0, 0.9323087431693992], [0.0, 0.999580173347779, 0.9120013661202192], [0.0, 0.0, 0.9255396174863392], [0.0, 1.0, 0.9002057785299806], [0.0, 0.0, 0.9120013661202192], [0.0, 0.9365426600441501, 0.0], [0.0, 0.0, 0.9052322404371592], [0.0, 0.9341675220750552, 0.0], [0.0, 0.0, 0.9052322404371592]]
0.1143, [[0.0, 0.999580173347779, 0.939077868852459], [0.0, 0.0, 0.9255396174863392], [0.0, 0.9997900866738895, 0.9323087431693992], [0.0, 0.0, 0.9187704918032792], [0.0, 0.0, 0.9120013661202192], [0.0, 0.9997900866738895, 0.9120013661202192], [0.0, 0.0, 0.9007162354932302], [0.0, 0.0, 0.9007162354932302], [0.0, 0.0, 0.9007162354932302], [0.0, 0.0, 0.9007162354932302]]
0.1122, [[0.0, 0.9997900866738895, 0.9187704918032792], [0.0, 0.0, 0.939077868852459], [0.0, 0.0, 0.9187704918032792], [0.0, 0.0, 0.9052322404371592], [0.0, 0.0, 0.9052322404371592], [0.0, 0.0, 0.9007162354932302], [0.0, 0.0, 0.9120013661202192], [0.0, 0.9997900866738895, 0.9007162354932302], [0.0, 0.0, 0.9052322404371592], [0.0, 0.5950492819926293, 0.0]]
0.1143, [[0.0, 0.9997900866738895, 0.939077868852459], [0.0, 0.0, 0.9120013661202192], [0.0, 0.0, 0.939077868852459], [0.0, 0.9997900866738895, 0.9255396174863392], [0.0, 0.0, 0.9007162354932302], [0.0, 0.9997900866738895, 0.9007162354932302], [0.0, 0.9997900866738895, 0.9007162354932302], [0.0, 0.0, 0.9255396174863392], [0.0, 0.0, 0.9120013661202192], [0.0, 0.999580173347779, 0.9002057785299806]]
0.1135, [[0.0, 0.9997900866738895, 0.9323087431693992], [0.0, 0.0, 0.9187704918032792], [0.0, 0.0, 0.9187704918032792], [0.0, 0.0, 0.9120013661202192], [0.0, 0.0, 0.9120013661202192], [0.0, 0.0, 0.9120013661202192], [0.0, 0.0, 0.9120013661202192], [0.0, 0.0, 0.9052322404371592], [0.0, 0.0, 0.9052322404371592], [0.0, 0.0, 0.9007162354932302]]
0.1104, [[0.0, 0.0, 0.9323087431693992], [0.0, 0.9997900866738895, 0.8996953215667312], [0.0, 0.9997900866738895, 0.8996953215667312], [0.0, 0.0, 0.9323087431693992], [0.0, 0.0, 0.939077868852459], [0.0, 1.0, 0.8996953215667312], [0.0, 0.0, 0.9120013661202192], [0.0, 0.0, 0.9120013661202192], [0.0, 0.0, 0.9120013661202192], [0.0, 0.0, 0.9187704918032792]]
0.1102, [[0.0, 0.9997900866738895, 0.8991848646034817], [0.0, 0.0, 0.9187704918032792], [0.0, 0.0, 0.9120013661202192], [0.0, 0.0, 0.9323087431693992], [0.0, 0.0, 0.9007162354932302], [0.0, 0.0, 0.9007162354932302], [0.0, 0.0, 0.9007162354932302], [0.0, 0.0, 0.9002057785299806], [0.0, 0.0, 0.9002057785299806], [0.0, 0.0, 0.9002057785299806]]
0.1115, [[0.0, 0.0, 0.9255396174863392], [0.0, 1.0, 0.9120013661202192], [0.0, 0.0, 0.9187704918032792], [0.0, 0.999580173347779, 0.9052322404371592], [0.0, 0.9997900866738895, 0.9007162354932302], [0.0, 0.9997900866738895, 0.9007162354932302], [0.0, 0.0, 0.9120013661202192], [0.0, 0.999580173347779, 0.8991848646034817], [0.0, 0.9572711368653422, 0.0], [0.0, 0.0, 0.9120013661202192]]
0.1128, [[0.0, 0.9997900866738895, 0.9255396174863392], [0.0, 0.0, 0.9187704918032792], [0.0, 0.0, 0.9052322404371592], [0.0, 0.0, 0.9120013661202192], [0.0, 0.0, 0.9007162354932302], [0.0, 0.0, 0.9007162354932302], [0.0, 0.0, 0.9007162354932302], [0.0, 0.0, 0.9002057785299806], [0.0, 0.0, 0.8991848646034817], [0.0, 0.0, 0.8991848646034817]]
0.1108, [[0.0, 0.9997900866738895, 0.9052322404371592], [0.0, 0.0, 0.9255396174863392], [0.0, 0.9997900866738895, 0.9002057785299806], [0.0, 0.0, 0.9120013661202192], [0.0, 0.0, 0.9187704918032792], [0.0, 0.9602940397350993, 0.0], [0.0, 0.0, 0.9052322404371592], [0.0, 0.0, 0.9052322404371592], [0.0, 0.0, 0.9052322404371592], [0.0, 0.95662337196468, 0.0]]
0.0105, [[0.0, 0.0, 0.945846994535519], [0.0, 0.0, 0.9120013661202192], [0.0, 0.0, 0.9120013661202192], [0.0, 0.0, 0.9120013661202192], [0.0, 0.0, 0.9120013661202192], [0.0, 0.0, 0.9052322404371592], [0.0, 0.0, 0.9052322404371592], [0.0, 0.0, 0.9052322404371592], [0.0, 0.0, 0.9052322404371592], [0.0, 0.0, 0.9002057785299806]]
0.0104, [[0.0, 0.0, 0.939077868852459], [0.0, 0.0, 0.9323087431693992], [0.0, 0.0, 0.9323087431693992], [0.0, 0.0, 0.9255396174863392], [0.0, 0.0, 0.9187704918032792], [0.0, 0.0, 0.9187704918032792], [0.0, 0.0, 0.9187704918032792], [0.0, 0.0, 0.9120013661202192], [0.0, 0.0, 0.9120013661202192], [0.0, 0.0, 0.9120013661202192]]
0.1103, [[0.0, 0.0, 0.9052322404371592], [0.0, 0.0, 0.9323087431693992], [0.0, 0.999580173347779, 0.9002057785299806], [0.0, 0.0, 0.9052322404371592], [0.0, 0.0, 0.9255396174863392], [0.0, 0.7516330283390519, 0.0], [0.0, 0.7542283390519761, 0.0], [0.0, 0.9598621964679912, 0.0], [0.0, 0.0, 0.9187704918032792], [0.0, 0.0, 0.9052322404371592]]
0.1121, [[0.0, 0.9997900866738895, 0.9187704918032792], [0.0, 0.0, 0.9255396174863392], [0.0, 0.9997900866738895, 0.9007162354932302], [0.0, 0.9997900866738895, 0.8991848646034817], [0.0, 0.0, 0.9187704918032792], [0.0, 0.0, 0.9187704918032792], [0.0, 0.0, 0.8996953215667312], [0.0, 0.999580173347779, 0.8991848646034817], [0.0, 0.0, 0.8996953215667312], [0.0, 0.0, 0.9002057785299806]]
0.1104, [[0.0, 0.0, 0.939077868852459], [0.0, 0.9997900866738895, 0.9002057785299806], [0.0, 0.0, 0.9255396174863392], [0.0, 0.0, 0.9255396174863392], [0.0, 0.9997900866738895, 0.8996953215667312], [0.0, 0.0, 0.9052322404371592], [0.0, 0.0, 0.9120013661202192], [0.0, 0.0, 0.9120013661202192], [0.0, 0.0, 0.9120013661202192], [0.0, 0.0, 0.9120013661202192]]
0.2143, [[0.0, 0.9997900866738895, 0.9007162354932302], [1.0, 0.0, 0.939077868852459], [0.0, 0.9997900866738895, 0.8991848646034817], [0.0, 0.0, 0.9323087431693992], [0.0, 0.957055215231788, 0.0], [0.0, 0.0, 0.9323087431693992], [0.0, 0.0, 0.9255396174863392], [0.0, 0.0, 0.9255396174863392], [0.0, 0.6936710890837463, 0.0], [0.0, 0.0, 0.9187704918032792]]
0.0199, [[0.0, 0.0, 0.9255396174863392], [0.0, 0.0, 0.9255396174863392], [0.0, 0.9350312086092715, 0.0], [0.0, 0.962021412803532, 0.0], [0.0, 0.0, 0.9002057785299806], [0.0, 0.0, 0.9255396174863392], [0.0, 0.0, 0.9002057785299806], [0.0, 0.7178939890710382, 0.0], [0.0, 0.0, 0.9187704918032792], [0.0, 0.7118382640742152, 0.0]]
0.1128, [[0.0, 0.0, 0.9007162354932302], [0.0, 1.0, 0.8996953215667312], [0.0, 0.0, 0.9007162354932302], [0.0, 0.0, 0.8991848646034817], [0.0, 0.999580173347779, 0.9255396174863392], [0.0, 0.0, 0.9120013661202192], [0.0, 0.0, 0.9120013661202192], [0.0, 0.9997900866738895, 0.9007162354932302], [0.0, 0.9997900866738895, 0.8991848646034817], [0.0, 0.0, 0.9120013661202192]]
0.1115, [[0.0, 0.9997900866738895, 0.9120013661202192], [0.0, 0.0, 0.9052322404371592], [0.0, 0.0, 0.9007162354932302], [0.0, 0.0, 0.9002057785299806], [0.0, 0.0, 0.9002057785299806], [0.0, 0.0, 0.9323087431693992], [0.0, 0.0, 0.9323087431693992], [0.0, 0.0, 0.9255396174863392], [0.0, 0.9997900866738895, 0.9052322404371592], [0.0, 0.0, 0.9052322404371592]]
0.1103, [[0.0, 0.0, 0.9007162354932302], [0.0, 0.9997900866738895, 0.9002057785299806], [0.0, 0.0, 0.9007162354932302], [0.0, 0.0, 0.9002057785299806], [0.0, 0.0, 0.9187704918032792], [0.0, 0.0, 0.9052322404371592], [0.0, 0.0, 0.8996953215667312], [0.0, 0.0, 0.9323087431693992], [0.0, 0.0, 0.8996953215667312], [0.0, 0.0, 0.9120013661202192]]
0.1115, [[0.0, 0.999580173347779, 0.9120013661202192], [0.0, 0.9997900866738895, 0.9052322404371592], [0.0, 0.999580173347779, 0.9007162354932302], [0.0, 0.0, 0.9052322404371592], [0.0, 0.999580173347779, 0.8991848646034817], [0.0, 0.0, 0.9052322404371592], [0.0, 0.0, 0.9323087431693992], [0.0, 0.0, 0.9255396174863392], [0.0, 0.0, 0.9007162354932302], [0.0, 0.0, 0.9187704918032792]]
0.1115, [[0.0, 0.999580173347779, 0.9002057785299806], [0.0, 0.0, 0.939077868852459], [0.0, 0.999580173347779, 0.9120013661202192], [0.0, 0.0, 0.9187704918032792], [0.0, 0.7187590926420129, 0.0], [0.0, 0.0, 0.9120013661202192], [0.0, 0.0, 0.9120013661202192], [0.0, 0.0, 0.9120013661202192], [0.0, 0.7144335747871393, 0.0], [0.0, 0.0, 0.9052322404371592]]
0.1108, [[0.0, 0.9997900866738895, 0.9007162354932302], [0.0, 0.9997900866738895, 0.9052322404371592], [0.0, 0.0, 0.9255396174863392], [0.0, 0.999580173347779, 0.8996953215667312], [0.0, 0.0, 0.9120013661202192], [0.0, 0.0, 0.9187704918032792], [0.0, 0.0, 0.9120013661202192], [0.0, 0.0, 0.9007162354932302], [0.0, 0.0, 0.9007162354932302], [0.0, 0.0, 0.9007162354932302]]
0.1103, [[0.0, 0.0, 0.9323087431693992], [0.0, 0.0, 0.9323087431693992], [0.0, 0.9997900866738895, 0.8996953215667312], [0.0, 0.0, 0.9255396174863392], [0.0, 0.0, 0.9255396174863392], [0.0, 0.9626691777041942, 0.0], [0.0, 0.9618054911699779, 0.0], [0.0, 0.9592144315673289, 0.0], [0.0, 0.9643965507726269, 0.0], [0.0, 0.9568392935982339, 0.0]]
0.1121, [[0.0, 0.0, 0.9255396174863392], [0.0, 0.999580173347779, 0.9187704918032792], [0.0, 0.999580173347779, 0.9120013661202192], [0.0, 0.0, 0.9187704918032792], [0.0, 0.9997900866738895, 0.9052322404371592], [0.0, 0.0, 0.9120013661202192], [0.0, 0.0, 0.9007162354932302], [0.0, 0.0, 0.9007162354932302], [0.0, 0.0, 0.9007162354932302], [0.0, 0.9589985099337748, 0.0]]
0.1122, [[0.0, 0.9997900866738895, 0.9187704918032792], [0.0, 0.0, 0.9323087431693992], [0.0, 0.0, 0.9323087431693992], [0.0, 0.9613736479028697, 0.0], [0.0, 0.0, 0.9187704918032792], [0.0, 0.0, 0.9187704918032792], [0.0, 0.7516330283390519, 0.0], [0.0, 0.0, 0.9120013661202192], [0.0, 0.7507679247680772, 0.0], [0.0, 0.0, 0.9007162354932302]]
0.1122, [[0.0, 0.9997900866738895, 0.9187704918032792], [0.0, 0.0, 0.9323087431693992], [0.0, 1.0, 0.9052322404371592], [0.0, 0.0, 0.9120013661202192], [0.0, 0.0, 0.9187704918032792], [0.0, 0.9997900866738895, 0.9002057785299806], [0.0, 0.9997900866738895, 0.8996953215667312], [0.0, 0.0, 0.9255396174863392], [0.0, 0.0, 0.9002057785299806], [0.0, 0.9365426600441501, 0.0]]
0.1101, [[0.0, 0.0, 0.9187704918032792], [0.0, 0.0, 0.9052322404371592], [0.0, 0.0, 0.9052322404371592], [0.0, 0.9997900866738895, 0.8996953215667312], [0.0, 0.0, 0.9187704918032792], [0.0, 0.0, 0.9002057785299806], [0.0, 0.0, 0.8991848646034817], [0.0, 0.999580173347779, 0.8991848646034817], [0.0, 0.0, 0.9007162354932302], [0.0, 0.9639647075055188, 0.0]]
0.1103, [[0.0, 0.0, 0.9323087431693992], [0.0, 0.0, 0.9120013661202192], [0.0, 1.0, 0.8996953215667312], [0.0, 0.0, 0.9120013661202192], [0.0, 0.0, 0.9007162354932302], [0.0, 0.0, 0.9120013661202192], [0.0, 0.0, 0.9007162354932302], [0.0, 0.0, 0.9007162354932302], [0.0, 0.9997900866738895, 0.8996953215667312], [0.0, 0.0, 0.9002057785299806]]
0.1143, [[0.0, 0.9997900866738895, 0.939077868852459], [0.0, 0.0, 0.9255396174863392], [0.0, 0.9997900866738895, 0.9255396174863392], [0.0, 0.9997900866738895, 0.9120013661202192], [0.0, 0.9997900866738895, 0.9007162354932302], [0.0, 0.999580173347779, 0.9187704918032792], [0.0, 0.0, 0.9120013661202192], [0.0, 0.0, 0.9007162354932302], [0.0, 0.9997900866738895, 0.9052322404371592], [0.0, 0.9997900866738895, 0.8986744076402322]]
0.1864, [[0.0, 0.999580173347779, 0.9007162354932302], [0.7360959183673498, 0.0, 0.8996953215667312], [0.0, 0.999580173347779, 0.9255396174863392], [0.0, 0.0, 0.9052322404371592], [0.0, 0.0, 0.9002057785299806], [0.0, 0.0, 0.9007162354932302], [0.0, 0.0, 0.9187704918032792], [0.0, 0.7516330283390519, 0.0], [0.0, 0.0, 0.9120013661202192], [0.0, 0.0, 0.9120013661202192]]
0.0105, [[0.0, 0.0, 0.945846994535519], [0.0, 0.0, 0.9255396174863392], [0.0, 0.0, 0.9187704918032792], [0.0, 0.0, 0.9187704918032792], [0.0, 0.0, 0.9120013661202192], [0.0, 0.0, 0.9120013661202192], [0.0, 0.0, 0.9120013661202192], [0.0, 0.0, 0.9120013661202192], [0.0, 0.0, 0.9052322404371592], [0.0, 0.0, 0.9052322404371592]]
0.0105, [[0.0, 0.0, 0.9187704918032792], [0.0, 0.0, 0.945846994535519], [0.0, 0.0, 0.9255396174863392], [0.0, 0.0, 0.9052322404371592], [0.0, 0.0, 0.9052322404371592], [0.0, 0.0, 0.9002057785299806], [0.0, 0.0, 0.9120013661202192], [0.0, 0.0, 0.9052322404371592], [0.0, 0.0, 0.9120013661202192], [0.0, 0.0, 0.939077868852459]]
0.1115, [[0.0, 0.0, 0.9187704918032792], [0.0, 0.9997900866738895, 0.9120013661202192], [0.0, 0.0, 0.9323087431693992], [0.0, 0.5950492819926293, 0.0], [0.0, 0.0, 0.9052322404371592], [0.0, 0.0, 0.9052322404371592], [0.0, 0.0, 0.9002057785299806], [0.0, 0.0, 0.8996953215667312], [0.0, 0.0, 0.8996953215667312], [0.0, 0.0, 0.8986744076402322]]
0.1109, [[0.0, 1.0, 0.9052322404371592], [0.0, 0.0, 0.939077868852459], [0.0, 0.0, 0.9255396174863392], [0.0, 0.999580173347779, 0.9002057785299806], [0.0, 0.0, 0.9187704918032792], [0.0, 0.0, 0.9187704918032792], [0.0, 0.0, 0.9187704918032792], [0.0, 0.9602940397350993, 0.0], [0.0, 0.0, 0.9120013661202192], [0.0, 0.0, 0.9120013661202192]]
0.1150, [[0.0, 1.0, 0.9007162354932302], [0.0, 0.9997900866738895, 0.945846994535519], [0.0, 0.0, 0.9255396174863392], [0.0, 0.999580173347779, 0.9052322404371592], [0.0, 0.9997900866738895, 0.9002057785299806], [0.0, 0.999580173347779, 0.9187704918032792], [0.0, 0.0, 0.9187704918032792], [0.0, 0.9997900866738895, 0.8991848646034817], [0.0, 0.0, 0.9120013661202192], [0.0, 0.0, 0.9007162354932302]]
0.1104, [[0.0, 0.0, 0.939077868852459], [0.0, 0.9997900866738895, 0.9007162354932302], [0.0, 0.0, 0.9255396174863392], [0.0, 0.0, 0.9120013661202192], [0.0, 0.0, 0.9187704918032792], [0.0, 0.0, 0.9052322404371592], [0.0, 0.0, 0.9052322404371592], [0.0, 0.0, 0.9052322404371592], [0.0, 0.0, 0.9120013661202192], [0.0, 0.0, 0.9007162354932302]]
0.1102, [[0.0, 0.999580173347779, 0.8991848646034817], [0.0, 0.0, 0.9323087431693992], [0.0, 0.0, 0.9187704918032792], [0.0, 0.9639647075055188, 0.0], [0.0, 0.0, 0.9052322404371592], [0.0, 0.0, 0.9052322404371592], [0.0, 0.0, 0.9002057785299806], [0.0, 0.0, 0.9002057785299806], [0.0, 0.0, 0.9002057785299806], [0.0, 0.0, 0.9002057785299806]]
0.1840, [[0.0, 1.0, 0.9007162354932302], [0.7360959183673498, 0.0, 0.9002057785299806], [0.0, 0.0, 0.9323087431693992], [0.0, 0.9609418046357615, 0.0], [0.0, 0.0, 0.8996953215667312], [0.0, 0.0, 0.9255396174863392], [0.0, 0.0, 0.9255396174863392], [0.0, 0.0, 0.9002057785299806], [0.0, 0.0, 0.8991848646034817], [0.0, 0.9602940397350993, 0.0]]
0.1115, [[0.0, 0.0, 0.9187704918032792], [0.0, 0.9997900866738895, 0.9120013661202192], [0.0, 0.0, 0.9120013661202192], [0.0, 0.0, 0.9120013661202192], [0.0, 0.0, 0.9323087431693992], [0.0, 0.0, 0.9002057785299806], [0.0, 0.0, 0.8996953215667312], [0.0, 0.0, 0.9187704918032792], [0.0, 0.0, 0.9007162354932302], [0.0, 0.999580173347779, 0.8996953215667312]]
0.0854, [[0.7360959183673498, 0.0, 0.9187704918032792], [0.0, 0.0, 0.939077868852459], [0.0, 0.0, 0.9187704918032792], [0.0, 0.0, 0.9120013661202192], [0.0, 0.0, 0.9002057785299806], [0.0, 0.0, 0.9323087431693992], [0.0, 0.0, 0.8991848646034817], [0.0, 0.0, 0.9002057785299806], [0.0, 0.0, 0.9120013661202192], [0.0, 0.0, 0.8996953215667312]]
0.1110, [[0.0, 1.0, 0.8991848646034817], [0.0, 0.9997900866738895, 0.9052322404371592], [0.0, 0.9997900866738895, 0.8991848646034817], [0.0, 0.9997900866738895, 0.9002057785299806], [0.0, 0.0, 0.945846994535519], [0.0, 0.0, 0.9120013661202192], [0.0, 0.9997900866738895, 0.9007162354932302], [0.0, 0.0, 0.939077868852459], [0.0, 0.0, 0.9052322404371592], [0.0, 0.0, 0.9002057785299806]]
0.0198, [[0.0, 0.0, 0.9255396174863392], [0.0, 0.9568392935982339, 0.0], [0.0, 0.0, 0.9255396174863392], [0.0, 0.6954012962256957, 0.0], [0.0, 0.0, 0.9187704918032792], [0.0, 0.0, 0.9187704918032792], [0.0, 0.0, 0.9120013661202192], [0.0, 0.0, 0.9052322404371592], [0.0, 0.0, 0.9052322404371592], [0.0, 0.0, 0.9052322404371592]]
0.1102, [[0.0, 0.9997900866738895, 0.9002057785299806], [0.0, 0.0, 0.9187704918032792], [0.0, 0.5941841784216546, 0.4942848347211708], [0.0, 0.6962663997966705, 0.0], [0.0, 0.0, 0.9007162354932302], [0.0, 0.0, 0.9187704918032792], [0.0, 0.0, 0.9002057785299806], [0.0, 0.0, 0.9052322404371592], [0.0, 0.0, 0.9007162354932302], [0.0, 0.0, 0.9002057785299806]]
0.1115, [[0.0, 0.0, 0.9323087431693992], [0.0, 1.0, 0.9120013661202192], [0.0, 0.0, 0.9323087431693992], [0.0, 0.0, 0.9255396174863392], [0.0, 0.0, 0.9255396174863392], [0.0, 0.0, 0.9187704918032792], [0.0, 0.0, 0.9187704918032792], [0.0, 0.0, 0.9255396174863392], [0.0, 0.0, 0.9007162354932302], [0.0, 0.0, 0.9120013661202192]]
0.1114, [[0.0, 0.0, 0.9187704918032792], [0.0, 0.9997900866738895, 0.9002057785299806], [0.0, 1.0, 0.8996953215667312], [0.0, 0.999580173347779, 0.9120013661202192], [0.0, 0.0, 0.9120013661202192], [0.0, 0.0, 0.9120013661202192], [0.0, 0.0, 0.9052322404371592], [0.0, 0.9997900866738895, 0.9002057785299806], [0.0, 0.999580173347779, 0.8996953215667312], [0.0, 0.9605099613686534, 0.0]]
0.1109, [[0.0, 0.9997900866738895, 0.9052322404371592], [0.0, 0.0, 0.939077868852459], [0.0, 1.0, 0.9007162354932302], [0.0, 0.9997900866738895, 0.9002057785299806], [0.0, 0.0, 0.939077868852459], [0.0, 0.0, 0.939077868852459], [0.0, 0.9997900866738895, 0.8991848646034817], [0.0, 0.0, 0.9323087431693992], [0.0, 0.6954012962256957, 0.0], [0.0, 0.0, 0.9255396174863392]]
0.1105, [[0.0, 0.0, 0.939077868852459], [0.0, 1.0, 0.9007162354932302], [0.0, 0.0, 0.9255396174863392], [0.0, 0.0, 0.9187704918032792], [0.0, 0.9997900866738895, 0.9002057785299806], [0.0, 0.0, 0.9120013661202192], [0.0, 0.0, 0.9187704918032792], [0.0, 0.962237334437086, 0.0], [0.0, 0.9607258830022075, 0.0], [0.0, 0.0, 0.9052322404371592]]
0.1115, [[0.0, 0.0, 0.9323087431693992], [0.0, 0.9997900866738895, 0.9120013661202192], [0.0, 0.999580173347779, 0.9007162354932302], [0.0, 0.0, 0.9255396174863392], [0.0, 0.9997900866738895, 0.9120013661202192], [0.0, 0.9997900866738895, 0.8996953215667312], [0.0, 0.0, 0.9187704918032792], [0.0, 0.7499028211971025, 0.0], [0.0, 0.0, 0.9187704918032792], [0.0, 0.0, 0.9052322404371592]]
0.1104, [[0.0, 0.0, 0.9323087431693992], [0.0, 0.9997900866738895, 0.9007162354932302], [0.0, 1.0, 0.9007162354932302], [0.0, 0.0, 0.9255396174863392], [0.0, 0.0, 0.9255396174863392], [0.0, 0.7135684712161646, 0.0], [0.0, 0.0, 0.9187704918032792], [0.0, 0.0, 0.9120013661202192], [0.0, 0.0, 0.9120013661202192], [0.0, 0.0, 0.9120013661202192]]
0.1121, [[0.0, 0.9997900866738895, 0.9187704918032792], [0.0, 1.0, 0.9002057785299806], [0.0, 0.0, 0.9187704918032792], [0.0, 0.9997900866738895, 0.9052322404371592], [0.0, 0.0, 0.9187704918032792], [0.0, 0.999580173347779, 0.9002057785299806], [0.0, 0.9997900866738895, 0.8996953215667312], [0.0, 0.999580173347779, 0.9002057785299806], [0.0, 0.0, 0.9120013661202192], [0.0, 0.999580173347779, 0.8996953215667312]]
0.1128, [[0.0, 0.9997900866738895, 0.9255396174863392], [0.0, 0.0, 0.9255396174863392], [0.0, 0.9997900866738895, 0.9052322404371592], [0.0, 0.999580173347779, 0.8991848646034817], [0.0, 0.0, 0.9187704918032792], [0.0, 0.0, 0.9187704918032792], [0.0, 0.0, 0.9187704918032792], [0.0, 0.0, 0.9120013661202192], [0.0, 0.0, 0.9052322404371592], [0.0, 0.0, 0.9052322404371592]]
0.1108, [[0.0, 0.9997900866738895, 0.8996953215667312], [0.0, 0.0, 0.9255396174863392], [0.0, 0.999580173347779, 0.9052322404371592], [0.0, 0.9997900866738895, 0.8996953215667312], [0.0, 0.0, 0.9255396174863392], [0.0, 0.0, 0.9120013661202192], [0.0, 0.0, 0.9255396174863392], [0.0, 0.0, 0.9120013661202192], [0.0, 0.0, 0.9120013661202192], [0.0, 0.999580173347779, 0.8996953215667312]]
0.1108, [[0.0, 0.0, 0.9255396174863392], [0.0, 0.9997900866738895, 0.9052322404371592], [0.0, 0.0, 0.9187704918032792], [0.0, 0.0, 0.9187704918032792], [0.0, 0.0, 0.9187704918032792], [0.0, 0.9997900866738895, 0.8996953215667312], [0.0, 0.999580173347779, 0.9002057785299806], [0.0, 0.0, 0.9052322404371592], [0.0, 0.0, 0.9052322404371592], [0.0, 0.0, 0.9007162354932302]]
0.1128, [[0.0, 0.0, 0.9255396174863392], [0.0, 0.9997900866738895, 0.9255396174863392], [0.0, 0.999580173347779, 0.9007162354932302], [0.0, 0.9997900866738895, 0.8996953215667312], [0.0, 0.0, 0.9187704918032792], [0.0, 0.999580173347779, 0.9002057785299806], [0.0, 0.0, 0.9187704918032792], [0.0, 0.0, 0.8996953215667312], [0.0, 0.0, 0.8996953215667312], [0.0, 0.7585538569068496, 0.0]]
0.1122, [[0.0, 0.0, 0.9323087431693992], [0.0, 0.9997900866738895, 0.9007162354932302], [0.0, 0.999580173347779, 0.9187704918032792], [0.0, 0.0, 0.9052322404371592], [0.0, 0.0, 0.9255396174863392], [0.0, 0.999580173347779, 0.9007162354932302], [0.0, 0.0, 0.9007162354932302], [0.0, 0.0, 0.9007162354932302], [0.0, 0.0, 0.9120013661202192], [0.0, 0.9609418046357615, 0.0]]
0.1111, [[0.0, 0.0, 0.9187704918032792], [0.0, 0.0, 0.9593852459016402], [0.0, 0.999580173347779, 0.9052322404371592], [0.0, 0.0, 0.9120013661202192], [0.0, 0.999580173347779, 0.8996953215667312], [0.0, 0.0, 0.9052322404371592], [0.0, 0.0, 0.9052322404371592], [0.0, 0.0, 0.9052322404371592], [0.0, 0.9378381898454746, 0.0], [0.0, 0.0, 0.9007162354932302]]
0.1109, [[0.0, 0.9997900866738895, 0.9052322404371592], [0.0, 0.0, 0.9255396174863392], [0.0, 0.0, 0.9187704918032792], [0.0, 0.9997900866738895, 0.9007162354932302], [0.0, 0.0, 0.9002057785299806], [0.0, 0.0, 0.939077868852459], [0.0, 0.0, 0.8991848646034817], [0.0, 0.0, 0.9052322404371592], [0.0, 0.0, 0.9120013661202192], [0.0, 0.0, 0.9187704918032792]]
0.1124, [[0.0, 0.0, 0.952616120218579], [0.0, 1.0, 0.9187704918032792], [0.0, 0.0, 0.9323087431693992], [0.0, 0.0, 0.939077868852459], [0.0, 0.9997900866738895, 0.9120013661202192], [0.0, 0.0, 0.9187704918032792], [0.0, 0.0, 0.9255396174863392], [0.0, 0.999580173347779, 0.9007162354932302], [0.0, 0.9997900866738895, 0.8996953215667312], [0.0, 0.0, 0.9120013661202192]]
0.1102, [[0.0, 0.999580173347779, 0.9002057785299806], [0.0, 0.0, 0.9255396174863392], [0.0, 0.0, 0.9255396174863392], [0.0, 0.957055215231788, 0.0], [0.0, 0.0, 0.9187704918032792], [0.0, 0.0, 0.9187704918032792], [0.0, 0.9568392935982339, 0.0], [0.0, 0.0, 0.9120013661202192], [0.0, 0.0, 0.9120013661202192], [0.0, 0.0, 0.9120013661202192]]
0.1104, [[0.0, 0.0, 0.9323087431693992], [0.0, 0.9997900866738895, 0.8996953215667312], [0.0, 0.0, 0.9255396174863392], [0.0, 0.0, 0.9187704918032792], [0.0, 0.0, 0.9120013661202192], [0.0, 0.9997900866738895, 0.8996953215667312], [0.0, 0.0, 0.9002057785299806], [0.0, 0.9997900866738895, 0.9007162354932302], [0.0, 0.0, 0.9007162354932302], [0.0, 0.0, 0.9120013661202192]]
0.1105, [[0.0, 1.0, 0.9007162354932302], [0.0, 0.0, 0.9007162354932302], [0.0, 0.0, 0.939077868852459], [0.0, 0.9568392935982339, 0.0], [0.0, 0.0, 0.9187704918032792], [0.0, 0.0, 0.8991848646034817], [0.0, 0.0, 0.9002057785299806], [0.0, 0.0, 0.8996953215667312], [0.0, 0.0, 0.9002057785299806], [0.0, 0.0, 0.8996953215667312]]
0.0841, [[0.0, 0.0, 0.9120013661202192], [0.7360959183673498, 0.0, 0.9052322404371592], [0.0, 0.0, 0.9002057785299806], [0.0, 0.0, 0.9002057785299806], [0.0, 0.0, 0.9002057785299806], [0.0, 0.0, 0.9002057785299806], [0.0, 0.0, 0.8996953215667312], [0.0, 0.0, 0.9002057785299806], [0.0, 0.0, 0.8991848646034817], [0.0, 0.0, 0.4935421313819497]]
0.1103, [[0.0, 0.0, 0.9255396174863392], [0.0, 1.0, 0.9007162354932302], [0.0, 0.0, 0.9120013661202192], [0.0, 0.0, 0.9120013661202192], [0.0, 0.9997900866738895, 0.9002057785299806], [0.0, 0.0, 0.9052322404371592], [0.0, 0.0, 0.9052322404371592], [0.0, 0.0, 0.9052322404371592], [0.0, 0.7109731605032406, 0.0], [0.0, 0.0, 0.9007162354932302]]
0.1100, [[0.0, 0.0, 0.9007162354932302], [0.0, 0.0, 0.9002057785299806], [0.0, 0.999580173347779, 0.8996953215667312], [0.0, 0.0, 0.9007162354932302], [0.0, 0.9395655629139072, 0.0], [0.0, 0.0, 0.8996953215667312], [0.0, 0.0, 0.9120013661202192], [0.0, 0.9592144315673289, 0.0], [0.0, 0.0, 0.9007162354932302], [0.0, 0.0, 0.9052322404371592]]
0.1150, [[0.0, 0.999580173347779, 0.945846994535519], [0.0, 0.9997900866738895, 0.9187704918032792], [0.0, 0.9559756070640176, 0.0], [0.0, 0.0, 0.9187704918032792], [0.0, 0.0, 0.9187704918032792], [0.0, 0.7542283390519761, 0.0], [0.0, 0.0, 0.9120013661202192], [0.0, 0.7507679247680772, 0.0], [0.0, 0.0, 0.9007162354932302], [0.0, 0.0, 0.9052322404371592]]
0.0199, [[0.0, 0.9557596854304635, 0.0], [0.0, 0.0, 0.9187704918032792], [0.0, 0.9615895695364238, 0.0], [0.0, 0.0, 0.9255396174863392], [0.0, 0.0, 0.9120013661202192], [0.0, 0.7507679247680772, 0.0], [0.0, 0.0, 0.9120013661202192], [0.0, 0.0, 0.9052322404371592], [0.0, 0.0, 0.9002057785299806], [0.0, 0.0, 0.9002057785299806]]
0.1115, [[0.0, 0.0, 0.9255396174863392], [0.0, 0.9997900866738895, 0.9120013661202192], [0.0, 0.0, 0.9187704918032792], [0.0, 0.0, 0.9187704918032792], [0.0, 1.0, 0.9007162354932302], [0.0, 0.0, 0.9052322404371592], [0.0, 0.0, 0.9052322404371592], [0.0, 0.0, 0.9187704918032792], [0.0, 0.0, 0.9120013661202192], [0.0, 0.7127033676451899, 0.0]]
0.0101, [[0.0, 0.0, 0.9002057785299806], [0.0, 0.0, 0.9052322404371592], [0.0, 0.0, 0.9007162354932302], [0.0, 0.0, 0.9007162354932302], [0.0, 0.0, 0.9002057785299806], [0.0, 0.0, 0.9007162354932302], [0.0, 0.0, 0.9007162354932302], [0.0, 0.0, 0.9002057785299806], [0.0, 0.0, 0.9007162354932302], [0.0, 0.0, 0.9002057785299806]]
0.1102, [[0.0, 0.0, 0.9187704918032792], [0.0, 0.0, 0.9120013661202192], [0.0, 0.9997900866738895, 0.9002057785299806], [0.0, 0.0, 0.9052322404371592], [0.0, 0.0, 0.9007162354932302], [0.0, 0.9997900866738895, 0.9002057785299806], [0.0, 0.0, 0.9052322404371592], [0.0, 0.0, 0.9002057785299806], [0.0, 0.0, 0.9002057785299806], [0.0, 0.9555437637969095, 0.0]]
0.1103, [[0.0, 0.0, 0.9323087431693992], [0.0, 0.0, 0.945846994535519], [0.0, 0.999580173347779, 0.8986744076402322], [0.0, 0.0, 0.939077868852459], [0.0, 0.0, 0.9255396174863392], [0.0, 0.595914385563604, 0.0], [0.0, 0.0, 0.9120013661202192], [0.0, 0.0, 0.9255396174863392], [0.0, 0.0, 0.9255396174863392], [0.0, 0.0, 0.9052322404371592]]
0.1115, [[0.0, 0.0, 0.9323087431693992], [0.0, 0.9997900866738895, 0.9120013661202192], [0.0, 0.0, 0.9187704918032792], [0.0, 0.9997900866738895, 0.9052322404371592], [0.0, 0.9997900866738895, 0.8996953215667312], [0.0, 0.0, 0.9120013661202192], [0.0, 0.95662337196468, 0.0], [0.0, 0.0, 0.9052322404371592], [0.0, 0.9561915286975717, 0.0], [0.0, 0.0, 0.9007162354932302]]
0.0175, [[0.0, 0.7152986783581141, 0.0], [0.0, 0.0, 0.9323087431693992], [0.0, 0.0, 0.9323087431693992], [0.0, 0.0, 0.9007162354932302], [0.0, 0.0, 0.9007162354932302], [0.0, 0.0, 0.9007162354932302], [0.0, 0.0, 0.9187704918032792], [0.0, 0.0, 0.9120013661202192], [0.0, 0.0, 0.8996953215667312], [0.0, 0.0, 0.9052322404371592]]
0.1122, [[0.0, 0.999580173347779, 0.9187704918032792], [0.0, 0.0, 0.9255396174863392], [0.0, 0.0, 0.9255396174863392], [0.0, 0.0, 0.9255396174863392], [0.0, 0.0, 0.939077868852459], [0.0, 0.9997900866738895, 0.9007162354932302], [0.0, 0.0, 0.9187704918032792], [0.0, 0.9997900866738895, 0.9002057785299806], [0.0, 0.0, 0.9052322404371592], [0.0, 0.999580173347779, 0.8991848646034817]]
0.1128, [[0.0, 0.0, 0.9323087431693992], [0.0, 0.0, 0.9323087431693992], [0.0, 0.999580173347779, 0.9255396174863392], [0.0, 0.9583507450331126, 0.0], [0.0, 0.0, 0.9255396174863392], [0.0, 0.6979966069386199, 0.0], [0.0, 0.0, 0.9187704918032792], [0.0, 0.0, 0.9187704918032792], [0.0, 0.0, 0.9120013661202192], [0.0, 0.0, 0.9120013661202192]]
0.0179, [[0.0, 0.0, 0.945846994535519], [0.0, 0.0, 0.9007162354932302], [0.0, 0.7464424069132036, 0.0], [0.0, 0.0, 0.9120013661202192], [0.0, 0.0, 0.8996953215667312], [0.0, 0.0, 0.9120013661202192], [0.0, 0.0, 0.8986744076402322], [0.0, 0.0, 0.8996953215667312], [0.0, 0.0, 0.8996953215667312], [0.0, 0.0, 0.5990146309059204]]
0.1121, [[0.0, 1.0, 0.9187704918032792], [0.0, 0.0, 0.9187704918032792], [0.0, 1.0, 0.9052322404371592], [0.0, 1.0, 0.9002057785299806], [0.0, 0.0, 0.9052322404371592], [0.0, 0.0, 0.9007162354932302], [0.0, 0.0, 0.9052322404371592], [0.0, 0.0, 0.9007162354932302], [0.0, 0.9997900866738895, 0.9052322404371592], [0.0, 0.999580173347779, 0.9002057785299806]]
0.0198, [[0.0, 0.9605099613686534, 0.0], [0.0, 0.9572711368653422, 0.0], [0.0, 0.0, 0.9187704918032792], [0.0, 0.5950492819926293, 0.0], [0.0, 0.0, 0.9187704918032792], [0.0, 0.0, 0.9007162354932302], [0.0, 0.0, 0.9052322404371592], [0.0, 0.0, 0.9120013661202192], [0.0, 0.0, 0.9052322404371592], [0.0, 0.0, 0.8996953215667312]]
0.1143, [[0.0, 0.9997900866738895, 0.939077868852459], [0.0, 0.9997900866738895, 0.8996953215667312], [0.0, 0.0, 0.9187704918032792], [0.0, 0.0, 0.9002057785299806], [0.0, 0.0, 0.9120013661202192], [0.0, 0.0, 0.8991848646034817], [0.0, 0.0, 0.9002057785299806], [0.0, 0.0, 0.9007162354932302], [0.0, 0.999580173347779, 0.8996953215667312], [0.0, 0.999580173347779, 0.9007162354932302]]
0.1847, [[0.7360959183673498, 0.0, 0.9052322404371592], [0.0, 0.0, 0.9187704918032792], [0.0, 0.0, 0.9120013661202192], [0.0, 0.999580173347779, 0.9052322404371592], [0.0, 0.9997900866738895, 0.9052322404371592], [0.0, 0.0, 0.9007162354932302], [0.0, 1.0, 0.9007162354932302], [0.0, 0.0, 0.9002057785299806], [0.0, 0.0, 0.9002057785299806], [0.0, 0.9997900866738895, 0.9002057785299806]]
0.0197, [[0.0, 0.9639647075055188, 0.0], [0.0, 0.0, 0.9052322404371592], [0.0, 0.0, 0.8996953215667312], [0.0, 0.0, 0.8996953215667312], [0.0, 0.0, 0.0], [0.0, 0.0, 0.0], [0.0, 0.0, 0.0], [0.0, 0.0, 0.0], [0.0, 0.0, 0.49317077971233914], [0.0, 0.0, 0.49577024139961307]]
0.1114, [[0.0, 0.0, 0.9255396174863392], [0.0, 0.0, 0.9255396174863392], [0.0, 0.999580173347779, 0.9120013661202192], [0.0, 0.0, 0.9187704918032792], [0.0, 0.0, 0.9255396174863392], [0.0, 0.9997900866738895, 0.9052322404371592], [0.0, 0.0, 0.9120013661202192], [0.0, 0.0, 0.9120013661202192], [0.0, 0.9997900866738895, 0.8991848646034817], [0.0, 0.999580173347779, 0.8996953215667312]]
0.1841, [[0.7360959183673498, 0.0, 0.9002057785299806], [0.0, 0.9997900866738895, 0.9007162354932302], [0.0, 0.9997900866738895, 0.9007162354932302], [0.0, 0.0, 0.945846994535519], [0.0, 0.9997900866738895, 0.8996953215667312], [0.0, 0.999580173347779, 0.8996953215667312], [0.0, 0.999580173347779, 0.9007162354932302], [0.0, 0.0, 0.9255396174863392], [0.0, 0.0, 0.9187704918032792], [0.0, 0.0, 0.9007162354932302]]
0.0197, [[0.0, 0.0, 0.9120013661202192], [0.0, 0.9602940397350993, 0.0], [0.0, 0.0, 0.9120013661202192], [0.0, 0.0, 0.9120013661202192], [0.0, 0.0, 0.9120013661202192], [0.0, 0.7524981319100267, 0.0], [0.0, 0.7499028211971025, 0.0], [0.0, 0.7550934426229508, 0.0], [0.0, 0.7499028211971025, 0.0], [0.0, 0.0, 0.9052322404371592]]
0.1103, [[0.0, 0.0, 0.9255396174863392], [0.0, 0.9997900866738895, 0.9007162354932302], [0.0, 0.0, 0.9255396174863392], [0.0, 0.9997900866738895, 0.8996953215667312], [0.0, 0.0, 0.9187704918032792], [0.0, 0.9559756070640176, 0.0], [0.0, 0.0, 0.9120013661202192], [0.0, 0.0, 0.9052322404371592], [0.0, 0.0, 0.9052322404371592], [0.0, 0.0, 0.9052322404371592]]
0.1105, [[0.0, 0.0, 0.945846994535519], [0.0, 0.9997900866738895, 0.9007162354932302], [0.0, 1.0, 0.9002057785299806], [0.0, 0.0, 0.9323087431693992], [0.0, 0.999580173347779, 0.9007162354932302], [0.0, 0.9997900866738895, 0.8991848646034817], [0.0, 0.0, 0.9187704918032792], [0.0, 0.0, 0.9187704918032792], [0.0, 0.9607258830022075, 0.0], [0.0, 0.9596462748344371, 0.0]]
0.1107, [[0.0, 0.999580173347779, 0.9052322404371592], [0.0, 0.0, 0.9187704918032792], [0.0, 0.9997900866738895, 0.9052322404371592], [0.0, 0.0, 0.9187704918032792], [0.0, 0.0, 0.9187704918032792], [0.0, 0.999580173347779, 0.9007162354932302], [0.0, 0.999580173347779, 0.9007162354932302], [0.0, 0.0, 0.9052322404371592], [0.0, 0.7559585461939254, 0.0], [0.0, 0.0, 0.9007162354932302]]
0.1104, [[0.0, 0.9997900866738895, 0.9002057785299806], [0.0, 0.0, 0.9052322404371592], [0.0, 0.9345993653421634, 0.0], [0.0, 0.0, 0.939077868852459], [0.0, 0.0, 0.9255396174863392], [0.0, 0.0, 0.8996953215667312], [0.0, 0.0, 0.9007162354932302], [0.0, 0.0, 0.9120013661202192], [0.0, 0.0, 0.9120013661202192], [0.0, 0.0, 0.9007162354932302]]
0.1109, [[0.0, 0.0, 0.939077868852459], [0.0, 0.999580173347779, 0.9052322404371592], [0.0, 0.0, 0.9120013661202192], [0.0, 0.0, 0.9120013661202192], [0.0, 0.9577029801324503, 0.0], [0.0, 0.0, 0.9052322404371592], [0.0, 0.0, 0.9007162354932302], [0.0, 0.0, 0.9007162354932302], [0.0, 0.0, 0.9007162354932302], [0.0, 0.0, 0.9007162354932302]]
0.1122, [[0.0, 0.9997900866738895, 0.9007162354932302], [0.0, 0.9997900866738895, 0.9187704918032792], [0.0, 0.9997900866738895, 0.8991848646034817], [0.0, 0.999580173347779, 0.9007162354932302], [0.0, 0.999580173347779, 0.9187704918032792], [0.0, 0.0, 0.9187704918032792], [0.0, 0.0, 0.9187704918032792], [0.0, 0.0, 0.9120013661202192], [0.0, 0.0, 0.939077868852459], [0.0, 0.999580173347779, 0.9002057785299806]]
0.1114, [[0.0, 0.9997900866738895, 0.9120013661202192], [0.0, 0.0, 0.9187704918032792], [0.0, 0.0, 0.9052322404371592], [0.0, 0.9997900866738895, 0.9007162354932302], [0.0, 0.0, 0.9007162354932302], [0.0, 0.999580173347779, 0.9002057785299806], [0.0, 0.0, 0.9007162354932302], [0.0, 0.0, 0.9002057785299806], [0.0, 0.0, 0.9002057785299806], [0.0, 0.0, 0.8996953215667312]]
0.1122, [[0.0, 0.9997900866738895, 0.9187704918032792], [0.0, 0.0, 0.9323087431693992], [0.0, 0.9624532560706401, 0.0], [0.0, 0.0, 0.9255396174863392], [0.0, 0.0, 0.9323087431693992], [0.0, 0.7524981319100267, 0.0], [0.0, 0.0, 0.9120013661202192], [0.0, 0.0, 0.9052322404371592], [0.0, 0.0, 0.9255396174863392], [0.0, 0.0, 0.9120013661202192]]
0.0172, [[0.0, 0.0, 0.9187704918032792], [0.0, 0.0, 0.9007162354932302], [0.0, 0.7040523319354428, 0.0], [0.0, 0.0, 0.9007162354932302], [0.0, 0.0, 0.9187704918032792], [0.0, 0.0, 0.9187704918032792], [0.0, 0.6962663997966705, 0.0], [0.0, 0.6962663997966705, 0.0], [0.0, 0.6962663997966705, 0.0], [0.0, 0.0, 0.9007162354932302]]
0.1121, [[0.0, 0.999580173347779, 0.9187704918032792], [0.0, 1.0, 0.9052322404371592], [0.0, 0.0, 0.9187704918032792], [0.0, 0.0, 0.9187704918032792], [0.0, 0.0, 0.9052322404371592], [0.0, 0.999580173347779, 0.9052322404371592], [0.0, 0.9997900866738895, 0.9007162354932302], [0.0, 0.9997900866738895, 0.9007162354932302], [0.0, 0.999580173347779, 0.9052322404371592], [0.0, 0.0, 0.9002057785299806]]
0.1129, [[0.0, 0.0, 0.9323087431693992], [0.0, 0.0, 0.9187704918032792], [0.0, 0.0, 0.9052322404371592], [0.0, 0.0, 0.9002057785299806], [0.0, 0.0, 0.9002057785299806], [0.0, 0.0, 0.9120013661202192], [0.0, 0.0, 0.9255396174863392], [0.0, 1.0, 0.9120013661202192], [0.0, 0.0, 0.9007162354932302], [0.0, 0.9997900866738895, 0.9255396174863392]]
0.0471, [[0.0, 0.0, 0.9187704918032792], [0.0, 0.0, 0.9120013661202192], [0.0, 0.0, 0.9007162354932302], [0.0, 0.0, 0.9002057785299806], [0.0, 0.0, 0.8991848646034817], [0.0, 0.5950492819926293, 0.49391348305156024], [0.0, 0.0, 0.9187704918032792], [0.0, 0.0, 0.47905941626713766], [0.0, 0.0, 0.4942848347211708], [0.0, 0.7499028211971025, 0.0]]
0.1103, [[0.0, 0.0, 0.9052322404371592], [0.0, 0.0, 0.9052322404371592], [0.0, 0.999580173347779, 0.8996953215667312], [0.0, 0.0, 0.9187704918032792], [0.0, 0.7014570212225186, 0.0], [0.0, 0.0, 0.9007162354932302], [0.0, 0.0, 0.9007162354932302], [0.0, 0.0, 0.9120013661202192], [0.0, 0.0, 0.939077868852459], [0.0, 0.0, 0.9002057785299806]]
0.0173, [[0.0, 0.0, 0.9187704918032792], [0.0, 0.0, 0.9052322404371592], [0.0, 0.7135684712161646, 0.0], [0.0, 0.0, 0.9052322404371592], [0.0, 0.0, 0.9007162354932302], [0.0, 0.0, 0.9002057785299806], [0.0, 0.0, 0.0], [0.0, 0.0, 0.0], [0.0, 0.0, 0.0], [0.0, 0.0, 0.0]]
0.1102, [[0.0, 0.0, 0.9323087431693992], [0.0, 0.0, 0.9255396174863392], [0.0, 0.0, 0.9187704918032792], [0.0, 0.0, 0.9052322404371592], [0.0, 0.0, 0.9187704918032792], [0.0, 0.0, 0.9255396174863392], [0.0, 0.0, 0.9052322404371592], [0.0, 0.9997900866738895, 0.8991848646034817], [0.0, 0.0, 0.8986744076402322], [0.0, 0.0, 0.9002057785299806]]
0.1120, [[0.0, 0.999580173347779, 0.9187704918032792], [0.0, 0.0, 0.9007162354932302], [0.0, 0.0, 0.9002057785299806], [0.0, 0.9997900866738895, 0.9007162354932302], [0.0, 0.0, 0.8996953215667312], [0.0, 0.748172614055153, 0.0], [0.0, 0.0, 0.9002057785299806], [0.0, 0.0, 0.0], [0.0, 0.0, 0.0], [0.0, 0.0, 0.0]]
