0.6843, [[0.7013022465099658, 0.6790714161706353], [0.6902044652305881, 0.7197033373015871], [0.7028406385572757, 0.5495276896797168], [0.6895622659237841, 0.7468754325396827], [0.7016947818165963, 0.4653536597864767], [0.6796507494313566, 0.5653755017793588], [0.6952886633381623, 0.0], [0.6903372345254777, 0.0], [0.7573316398509522, 0.0], [0.6892390015536172, 0.43092294666666775]]
0.6869, [[0.7393017111627218, 0.6656536641865094], [0.7436924191852451, 0.6150940391865101], [0.6737684924099334, 0.4232679000000002], [0.6895117558659456, 0.3660988059259255], [0.6679410748798781, 0.4298801385185184], [0.6886776183393548, 0.0], [0.6785871519277286, 0.3001276911111125], [0.9227422226675276, 0.0], [0.6643649627849111, 0.6960536279761911], [0.6681416719667224, 0.0]]
0.8834, [[0.68390369630136, 0.8000066719944404], [0.8408018019386939, 0.7614378730158727], [0.687691950639249, 0.7585187782738092], [0.8000242689210129, 0.7338040079365069], [0.7001318563126216, 0.7185308313492065], [0.6920156115902265, 0.703785491071429], [0.8958491360295782, 0.67532231795635], [0.6855763007880699, 0.6645795625000005], [0.7041322528934322, 0.65719089732143], [0.8776557235319957, 0.644198752480159]]
0.8420, [[0.8408018019386939, 0.7614378730158727], [0.6907773936009276, 0.765739147817459], [0.6886054611138712, 0.6451073402777794], [0.6785063358351868, 0.7484001770833332], [0.7210615890053261, 0.797997147324531], [0.6845747584983576, 0.6778923035714288], [0.7041322528934322, 0.65719089732143], [0.670739332084132, 0.4488345074074083], [0.6967274784143055, 0.5366683814946659], [0.68390369630136, 0.8000066719944404]]
0.6776, [[0.7028406385572757, 0.5495276896797168], [0.6895622659237841, 0.7468754325396827], [0.692145494596097, 0.6787814191468267], [0.6967274784143055, 0.5366683814946659], [0.6643649627849111, 0.6960536279761911], [0.6781715263089427, 0.631983410218256], [0.6893472373918426, 0.6034906810515878], [0.6938296442388839, 0.0], [0.6839686378042953, 0.5875418878968255], [0.6720280601312694, 0.589127135416667]]
0.7558, [[0.6969684835474205, 0.8092745601111886], [0.7003252376769176, 0.7320626349206352], [0.7027511635976763, 0.7004786904761913], [0.6773619222390167, 0.6261445252976203], [0.6813911817100211, 0.625871566468255], [0.7392199692580459, 0.6233168804563493], [0.7039215537950204, 0.6227605312500014], [0.6372064262573934, 0.0], [0.6568245327218748, 0.0], [0.6399729342824347, 0.0]]
0.0988, [[0.8646354058588238, 0.0], [0.8882471388948375, 0.0], [0.6936290471520397, 0.0], [0.6918655245612202, 0.0], [0.6928742825734813, 0.0], [0.6809827718137841, 0.0], [0.6726644868600343, 0.0], [0.6715864579113096, 0.0], [0.6692918581409312, 0.0], [0.6686308979555011, 0.0]]
0.6248, [[0.7065465622181053, 0.3671799103703697], [0.7018982651924601, 0.6594423730158726], [0.8427402528209784, 0.0], [0.6636967868769327, 0.5706133893238464], [0.7902619500198715, 0.0], [0.7566893820285087, 0.0], [0.7328324232784739, 0.0], [0.6991995849593735, 0.0], [0.6886357671485744, 0.0], [0.680815367050662, 0.0]]
0.6582, [[0.7987981403508935, 0.6323523392857162], [0.6839686378042953, 0.5875418878968255], [0.6884669192409427, 0.0], [0.6785871519277286, 0.3001276911111125], [0.6768164136143608, 0.3943656851851844], [0.6842183018044684, 0.0], [0.6783317153495164, 0.0], [0.6614974346441926, 0.2276825874074073], [0.6830883196533954, 0.0], [0.6579429697168706, 0.0]]
0.6780, [[0.6890268593106956, 0.543606072597867], [0.8337019336469567, 0.37627796148148207], [0.6931037425505191, 0.451583032592593], [0.7597138325014691, 0.3979839192592581], [0.6802886193046318, 0.6711535238095246], [0.6836309419890322, 0.4822097565836279], [0.7012589521746756, 0.0], [0.6775466447362549, 0.5583867473309617], [0.6779377368983761, 0.26943244370370306], [0.6991663926356512, 0.0]]
0.5658, [[0.683226861526324, 0.6106501999007935], [0.6990336233407612, 0.48319294234875465], [0.6805252950042179, 0.45290770148148163], [0.6501788522548353, 0.4337721911111105], [0.6671949691683775, 0.39463375925925914], [0.0, 0.0], [0.6507445649026264, 0.0], [0.6423714404575098, 0.0], [0.0, 0.0], [0.6618567776271008, 0.0]]
0.7285, [[0.7001924683820276, 0.8033115837387075], [0.7002458647288856, 0.8010984343293955], [0.7566893820285087, 0.0], [0.6786939446214442, 0.7071962594246025], [0.6785063358351868, 0.7484001770833332], [0.6972758733279809, 0.27286379185185194], [0.6875332047431851, 0.6539783283730171], [0.7324821008298683, 0.0], [0.6927140935329076, 0.0], [0.7019704224179437, 0.0]]
0.5001, [[0.7667319588885337, 0.0], [0.7035925168468149, 0.0], [0.6354313585104968, 0.494997229893237], [0.7463198375497865, 0.0], [0.6823321119303274, 0.5284714163701062], [0.6961675383445525, 0.0], [0.6755666504689848, 0.3615296748148155], [0.6561347096462514, 0.0], [0.6727424166635569, 0.0], [0.6634471228767596, 0.0]]
0.4191, [[0.6880455210441188, 0.4183154229629634], [0.7946293032124864, 0.0], [0.6954315346446198, 0.0], [0.6810347250161319, 0.0], [0.0, 0.0], [0.0, 0.0], [0.0, 0.0], [0.0, 0.0], [0.0, 0.0], [0.0, 0.0]]
0.7217, [[0.8214523253607174, 0.0], [0.687691950639249, 0.7585187782738092], [0.7392199692580459, 0.6233168804563493], [0.6839195708909666, 0.726481061507936], [0.7019329006606921, 0.0], [0.6773749105396041, 0.6954785019841269], [0.6855763007880699, 0.6645795625000005], [0.6808889674206554, 0.6280458487103189], [0.6867611224305106, 0.0], [0.6895449481896678, 0.0]]
0.6428, [[0.6786939446214442, 0.7071962594246025], [0.6886054611138712, 0.6451073402777794], [0.6773619222390167, 0.6261445252976203], [0.7029950550198109, 0.0], [0.6954315346446198, 0.0], [0.7573316398509522, 0.0], [0.0, 0.0], [0.6928973728856357, 0.0], [0.6636462768190942, 0.0], [0.6947994373493837, 0.0]]
0.7222, [[0.7607180901874723, 0.701223850694444], [0.7021580312042011, 0.6957924915674606], [0.6839195708909666, 0.726481061507936], [0.6704478168931784, 0.561890212099649], [0.6892693075883204, 0.0], [0.6968501456976277, 0.0], [0.8882471388948375, 0.0], [0.6774470677650877, 0.0], [0.6930070518683709, 0.0], [0.6801024536628841, 0.0]]
0.7919, [[0.8124957480913682, 0.0], [0.7592233810734234, 0.8118865552466993], [0.7652956368492525, 0.5047209024911015], [0.7001318563126216, 0.7185308313492065], [0.7222760401604913, 0.0], [0.68390369630136, 0.8000066719944404], [0.6764080037181238, 0.6523763903769852], [0.6981879406580933, 0.5715983060498229], [0.6935987411173363, 0.7001949523809531], [0.6969684835474205, 0.8092745601111886]]
0.8122, [[0.6839195708909666, 0.726481061507936], [0.8958491360295782, 0.67532231795635], [0.6609678006091428, 0.6891959285714286], [0.7784677609168189, 0.0], [0.70216236063773, 0.0], [0.6911757014855973, 0.0], [0.6817086735021489, 0.6302542073412695], [0.7072588845302705, 0.0], [0.6848475128106855, 0.43413562296296176], [0.6704478168931784, 0.561890212099649]]
0.9486, [[0.9764466540387539, 0.7222528075396816], [0.8000242689210129, 0.7338040079365069], [0.7946293032124864, 0.0], [0.7546224795817348, 0.7446875892857138], [0.7573316398509522, 0.0], [0.7210615890053261, 0.797997147324531], [0.7029358860949142, 0.6083709067460321], [0.7033370802686032, 0.0], [0.6766490088512388, 0.703775059523809], [0.6866168079795434, 0.4089244051851839]]
0.6842, [[0.6953637068526655, 0.7279918973214283], [0.6839195708909666, 0.726481061507936], [0.6354313585104968, 0.494997229893237], [0.7016947818165963, 0.4653536597864767], [0.6572170680285054, 0.35847631111111194], [0.9227422226675276, 0.0], [0.7034323278062413, 0.0], [0.6595260992439805, 0.0], [0.6832441792604398, 0.0], [0.6584437408617265, 0.0]]
0.7392, [[0.6969684835474205, 0.8092745601111886], [0.841887801529373, 0.0], [0.6764080037181238, 0.6523763903769852], [0.6908408919593532, 0.5585797494661916], [0.6931037425505191, 0.451583032592593], [0.6859587340831329, 0.0], [0.6758206439026871, 0.05904101703703806], [0.6874336277720179, 0.0], [0.6696714051469747, 0.27251452962962985], [0.6765220121343878, 0.0]]
1.1610, [[0.9555907909317709, 0.9998745177665023], [0.7987981403508935, 0.6323523392857162], [0.7063947558237075, 0.7383886731150784], [0.6888883174377671, 0.7502055302579367], [0.7790516316644948, 0.6671033015873021], [0.695848603407915, 0.7108931999007932], [0.7035679833901508, 0.6908597604166662], [0.6806075542412693, 0.6195406602182537], [0.0, 0.0], [0.6931239465736544, 0.33766801851851874]]
0.6625, [[0.8124957480913682, 0.0], [0.7463198375497865, 0.0], [0.7028839328925659, 0.6765083849206356], [0.7667319588885337, 0.0], [0.7014422315274037, 0.4979528455516035], [0.664900369397999, 0.19871526888888888], [0.6746185045261306, 0.7127767896825398], [0.669951375181851, 0.5139633679715315], [0.6564117933921085, 0.11187535333333486], [0.6591609836830337, 0.5093780526690374]]
0.6905, [[0.8978459739866269, 0.0], [0.6714839946511229, 0.7071684419642861], [0.7393017111627218, 0.6656536641865094], [0.7711576991559163, 0.0], [0.7021248388804788, 0.6463702529761907], [0.6687117140480429, 0.6526486537698419], [0.6884077503160465, 0.0], [0.6474440934090069, 0.3503123066666672], [0.644094555002058, 0.4347885748148141], [0.6833163364859234, 0.0]]
0.8744, [[0.8958491360295782, 0.67532231795635], [0.7210615890053261, 0.797997147324531], [0.68390369630136, 0.8000066719944404], [0.8776557235319957, 0.644198752480159], [0.687691950639249, 0.7585187782738092], [0.7784677609168189, 0.0], [0.7392199692580459, 0.6233168804563493], [0.6839195708909666, 0.726481061507936], [0.7003035905092725, 0.0], [0.6773749105396041, 0.6954785019841269]]
0.1100, [[1.0, 0.0], [0.70101939018607, 0.0], [0.6778655796728925, 0.0], [0.6719905383740178, 0.0], [0.6700812581877215, 0.0], [0.6826380585663776, 0.0], [0.661096240470504, 0.0], [0.6593442630357618, 0.0], [0.6479535234209209, 0.0], [0.6808716496865391, 0.0]]
0.0886, [[0.6566672299703202, 0.0], [0.7859179516571617, 0.0], [0.7046705457955401, 0.0], [0.657409006248292, 0.0], [0.7066633363676404, 0.0], [0.6997551955955972, 0.0], [0.7705154413334727, 0.0], [0.7019545478283372, 0.0], [0.7268769416521799, 0.0], [0.6505511835383305, 0.0]]
0.6358, [[0.7018982651924601, 0.6594423730158726], [0.7511075776807287, 0.44492675333333365], [0.683226861526324, 0.6106501999007935], [0.7169628163566408, 0.0], [0.7016139657240545, 0.0], [0.7024784092853484, 0.0], [0.6692254734934862, 0.1744093755555555], [0.6562948986868251, 0.29322937925925935], [0.66476471381409, 0.0], [0.6886357671485744, 0.0]]
0.6355, [[0.9668711737768695, 0.0], [0.7018982651924601, 0.6594423730158726], [0.6665065892372641, 0.6169699791666687], [0.6912464155665711, 0.0], [0.67690733171847, 0.0], [0.6947994373493837, 0.0], [0.6648123375829094, 0.0], [0.6810347250161319, 0.0], [0.686670204326401, 0.0], [0.7005734585325814, 0.0]]
0.7951, [[0.8233207117532803, 0.7195513844246035], [0.7746258913971122, 0.7417385907738103], [0.6907773936009276, 0.765739147817459], [0.7393017111627218, 0.6656536641865094], [0.6785063358351868, 0.7484001770833332], [0.6629174888417098, 0.47089965836298964], [0.6902131240976458, 0.6362481746031763], [0.7048393937031715, 0.5266045750889701], [0.6562212983168317, 0.3723319111111098], [0.6501730796767963, 0.4688320256227753]]
0.5324, [[0.7463198375497865, 0.0], [0.7483283529217895, 0.0], [0.6985184207508082, 0.5604362049822109], [0.7057758528311724, 0.0], [0.7441828706132908, 0.0], [0.6903372345254777, 0.0], [0.6800461710270066, 0.0], [0.7237006847848217, 0.0], [0.6769102180074895, 0.0], [0.6911107599826619, 0.0]]
1.1610, [[0.9555907909317709, 0.9998745177665023], [0.7546224795817348, 0.7446875892857138], [0.6888883174377671, 0.7502055302579367], [0.731874875252284, 0.6691263263888887], [0.7376084859944618, 0.6373570481150808], [0.6766490088512388, 0.703775059523809], [0.7028406385572757, 0.5495276896797168], [0.7048624840153264, 0.0], [0.6737627198318948, 0.673536784722222], [0.6808889674206554, 0.6280458487103189]]
0.6090, [[0.7018982651924601, 0.6594423730158726], [0.6764484117643945, 0.6472551959325415], [0.6806508485765594, 0.0], [0.6754396537521339, 0.0], [0.6582214966072372, 0.0], [0.6783317153495164, 0.0], [0.6760197978450218, 0.0], [0.6722459749522295, 0.0], [0.6660635438727948, 0.0], [0.0, 0.0]]
0.7294, [[0.8793723035301643, 0.0], [0.7027511635976763, 0.7004786904761913], [0.7027511635976763, 0.7004786904761913], [0.7376084859944618, 0.6373570481150808], [0.695848603407915, 0.7108931999007932], [0.7987981403508935, 0.6323523392857162], [0.6845747584983576, 0.6778923035714288], [0.7716598279989195, 0.0], [0.7028406385572757, 0.5495276896797168], [0.7522052546863587, 0.0]]
0.7449, [[0.7001924683820276, 0.8033115837387075], [0.7063947558237075, 0.7383886731150784], [0.7305786821924429, 0.5980933983134935], [0.6715503792985678, 0.6642846974206362], [0.6908408919593532, 0.5585797494661916], [0.6970045621601623, 0.33530552000000025], [0.6966149131425509, 0.3666671229629617], [0.6699946695171412, 0.6571676001984137], [0.6956177002863675, 0.0], [0.6764080037181238, 0.6523763903769852]]
0.6741, [[0.6909318100634627, 0.7430651359126978], [0.6591609836830337, 0.5093780526690374], [0.6703612282225981, 0.32420457259259255], [0.7633805407968729, 0.0], [0.6974389486575736, 0.0], [0.6860626404878295, 0.0], [0.6856412422910051, 0.0], [0.6781166868175754, 0.0], [0.6774470677650877, 0.0], [0.6597613317990574, 0.0]]
0.0988, [[0.8882471388948375, 0.0], [0.689822031935525, 0.0], [0.6586861891393517, 0.0], [0.6564449857158309, 0.0], [0.663435577720682, 0.0], [0.8646354058588238, 0.0], [0.6608061684240598, 0.0], [0.770854086367124, 0.0], [0.691180030919126, 0.0], [0.6727424166635569, 0.0]]
0.1415, [[0.6647372940684062, 0.07332017407407572], [0.681135745131809, 0.0], [0.7544940280172487, 0.0], [0.6625047495119435, 0.0], [0.7222760401604913, 0.0], [0.6647127606117417, 0.0], [0.6720583661659721, 0.0], [0.6604641431752674, 0.0], [0.6442258811524383, 0.0], [0.657817416144529, 0.0]]
0.6743, [[0.7790516316644948, 0.6671033015873021], [0.6820622439070185, 0.6152991929563497], [0.7306487466821647, 0.0], [0.6384316559461053, 0.30635007333333364], [0.699958678971461, 0.0], [0.698066716519281, 0.0], [0.6920718942261036, 0.0], [0.6917587318675046, 0.0], [0.6887079243740581, 0.0], [0.6826149682542227, 0.0]]
0.6375, [[0.6898840871494407, 0.6815016190476184], [0.8922641696388469, 0.0], [0.7070954007209186, 0.0], [0.6927140935329076, 0.0], [0.6805050909810826, 0.0], [0.7958787866125141, 0.0], [0.6861896372046804, 0.0], [0.692386499729212, 0.0], [0.6781166868175754, 0.0], [0.8008767202126182, 0.0]]
0.7129, [[0.7027511635976763, 0.7004786904761913], [0.7987981403508935, 0.6323523392857162], [0.6898840871494407, 0.6815016190476184], [0.6813911817100211, 0.625871566468255], [0.6971301157325039, 0.0], [0.6852703541520192, 0.0], [0.6911107599826619, 0.0], [0.6644876300682332, 0.0], [0.0, 0.0], [0.6903906308723358, 0.0]]
0.6381, [[0.6923432053939218, 0.7042615173611104], [0.7007841576309932, 0.0], [0.6806075542412693, 0.6195406602182537], [0.6968501456976277, 0.0], [0.6965081204488353, 0.0], [0.683701656070006, 0.0], [0.6803145959058057, 0.0], [0.6749908358096257, 0.0], [0.6561347096462514, 0.0], [0.6730613516001941, 0.0]]
0.0965, [[0.8646354058588238, 0.0], [0.7035925168468149, 0.0], [0.6872705524424247, 0.0], [0.6903559954041036, 0.0], [0.6944126746207913, 0.0], [0.6778655796728925, 0.0], [0.6825572424738359, 0.0], [0.6625047495119435, 0.0], [0.6707436615176613, 0.0], [0.6725447058657317, 0.0]]
0.6896, [[0.7607180901874723, 0.701223850694444], [0.6712530915295752, 0.6030230000000002], [0.6646896702995873, 0.5680281992882613], [0.656260263218593, 0.5386970676156568], [0.6848475128106855, 0.43413562296296176], [0.6779377368983761, 0.26943244370370306], [0.6651024096293531, 0.23875711037037195], [0.6904829921209547, 0.0], [0.0, 0.0], [0.0, 0.0]]
1.1610, [[0.9555907909317709, 0.9998745177665023], [0.7987981403508935, 0.6323523392857162], [0.6924413392205797, 0.6524195074404772], [0.6417739786305052, 0.4169329266666664], [0.6970045621601623, 0.33530552000000025], [0.7597138325014691, 0.3979839192592581], [0.0, 0.0], [0.695848603407915, 0.7108931999007932], [0.6582099514511599, 0.0], [0.7018982651924601, 0.6594423730158726]]
0.7503, [[0.8776557235319957, 0.644198752480159], [0.6737627198318948, 0.673536784722222], [0.7003035905092725, 0.0], [0.0, 0.0], [0.0, 0.0], [0.0, 0.0], [0.66445732403353, 0.0], [0.0, 0.0], [0.6623561056274474, 0.0], [0.0, 0.0]]
0.0798, [[0.6782927504477552, 0.0], [0.698066716519281, 0.0], [0.6672873304169968, 0.0], [0.6703265927543657, 0.0], [0.6865129015748469, 0.0], [0.6456849002517164, 0.0], [0.6722950418655587, 0.0], [0.6767875507241674, 0.0], [0.6638266698828031, 0.0], [0.6620790218815903, 0.0]]
0.4661, [[0.6990336233407612, 0.48319294234875465], [0.699958678971461, 0.0], [0.6974389486575736, 0.0], [0.6908019270575922, 0.0], [0.6904829921209547, 0.0], [0.6873196193557535, 0.0], [0.6845112601399321, 0.0], [0.6801572931542516, 0.0], [0.6734726477854507, 0.0], [0.0, 0.0]]
0.9016, [[0.6909318100634627, 0.7430651359126978], [0.9764466540387539, 0.7222528075396816], [0.7033587274362483, 0.7099296726190488], [0.6653318696063912, 0.43839991555555546], [0.6645511284266586, 0.3290456074074082], [0.6965081204488353, 0.0], [0.7132610758163778, 0.0], [0.7300531985195347, 0.0], [0.0, 0.0], [0.7132610758163778, 0.0]]
0.7567, [[0.8233207117532803, 0.7195513844246035], [0.6817721718605744, 0.6008688854166675], [0.7278695219232288, 0.0], [0.6956177002863675, 0.0], [0.6915494759136022, 0.0], [0.6555271458076793, 0.45391336222222217], [0.6734351260281995, 0.0], [0.6778078538925056, 0.0], [0.6810145209929965, 0.0], [0.6801024536628841, 0.0]]
0.7027, [[0.7511075776807287, 0.44492675333333365], [0.6898840871494407, 0.6815016190476184], [0.6970045621601623, 0.33530552000000025], [0.6785063358351868, 0.7484001770833332], [0.7016558169148354, 0.2215685837037031], [0.675390586838805, 0.3064967481481482], [0.7037974433671885, 0.0], [0.7393600982374894, 0.0], [0.7045839571249598, 0.0], [0.7008548717119674, 0.0]]
0.6817, [[0.8201911645457355, 0.0], [0.6895622659237841, 0.7468754325396827], [0.6936290471520397, 0.0], [0.6813911817100211, 0.625871566468255], [0.6903372345254777, 0.0], [0.6451119718813768, 0.4995652355871909], [0.6750225849888387, 0.2653963970370386], [0.6417739786305052, 0.4169329266666664], [0.6726644868600343, 0.0], [0.6717466469518832, 0.0]]
0.7387, [[0.7546224795817348, 0.7446875892857138], [0.7746258913971122, 0.7417385907738103], [0.7003252376769176, 0.7320626349206352], [0.6795742627723441, 0.7208198606150792], [0.6766490088512388, 0.703775059523809], [0.6898840871494407, 0.6815016190476184], [0.6967274784143055, 0.5366683814946659], [0.6787069329220311, 0.0], [0.6526581745224517, 0.28583513037036956], [0.7361488091252721, 0.0]]
0.4952, [[0.8134883283624171, 0.0], [0.6851346985681102, 0.0], [0.7179787514575982, 0.0], [0.6736227348144569, 0.0], [0.6991663926356512, 0.0], [0.6973653482875803, 0.0], [0.6946219305746937, 0.0], [0.6934284500651953, 0.0], [0.7027453910196377, 0.0], [0.6719313694491211, 0.5231599629893271]]
0.5810, [[0.8427402528209784, 0.0], [0.7361488091252721, 0.0], [0.6773619222390167, 0.6261445252976203], [0.7784677609168189, 0.0], [0.7037974433671885, 0.0], [0.6548849465008754, 0.5766414604982246], [0.7034005786270288, 0.0], [0.668213829192206, 0.5003164725978645], [0.7029950550198109, 0.0], [0.6501730796767963, 0.4688320256227753]]
0.6023, [[0.9158175156000931, 0.0], [0.9816431036930692, 0.0], [0.7037974433671885, 0.0], [0.680542612738334, 0.0], [0.6730613516001941, 0.0], [0.7379354536131589, 0.0], [0.6716557288477737, 0.0], [0.6916952335090791, 0.0], [0.6819597806468317, 0.6318697063492064], [0.6763416190706788, 0.0]]
0.6470, [[0.6714839946511229, 0.7071684419642861], [0.6935987411173363, 0.7001949523809531], [0.7021248388804788, 0.6463702529761907], [0.7021248388804788, 0.6463702529761907], [0.6610572755687426, 0.6377673556547626], [0.6650374681264178, 0.5945414563492071], [0.6793981991421639, 0.49476355017793416], [0.6830291507284988, 0.46154121851851726], [0.653232546037301, 0.3678209903703702], [0.702497170163974, 0.44141766370370367]]
0.5208, [[0.6908408919593532, 0.5585797494661916], [0.6696771777250133, 0.44547553925925903], [0.6729617746290268, 0.0], [0.6729617746290268, 0.0], [0.0, 0.0], [0.663203231454625, 0.0], [0.1460365383216708, 0.0], [0.1460365383216708, 0.0], [0.0, 0.0], [0.0, 0.0]]
0.7567, [[0.7652956368492525, 0.5047209024911015], [0.7028839328925659, 0.6765083849206356], [0.7028406385572757, 0.5495276896797168], [0.6750225849888387, 0.2653963970370386], [0.7607180901874723, 0.701223850694444], [0.6898840871494407, 0.6815016190476184], [0.6590181123765763, 0.4484193755555542], [0.6764484117643945, 0.6472551959325415], [0.6963695785759066, 0.5591198092526701], [0.8233207117532803, 0.7195513844246035]]
0.6885, [[0.6953637068526655, 0.7279918973214283], [0.7014422315274037, 0.4979528455516035], [0.687691950639249, 0.7585187782738092], [0.6963695785759066, 0.5591198092526701], [0.6855763007880699, 0.6645795625000005], [0.6886227788479875, 0.501947903202848], [0.6546771336914826, 0.38442013703703587], [0.6860655267768485, 0.3111888103703718], [0.7237006847848217, 0.0], [0.6459605408530639, 0.0]]
0.4673, [[0.7511075776807287, 0.44492675333333365], [0.6894193946173262, 0.0], [0.6737684924099334, 0.4232679000000002], [0.6924398960760699, 0.0], [0.6842486078391716, 0.0], [0.7045839571249598, 0.0], [0.6864724935285762, 0.0], [0.7859179516571617, 0.0], [0.6938469619730001, 0.0], [0.669257222672699, 0.31536310666666795]]
0.7522, [[0.7001924683820276, 0.8033115837387075], [0.8124957480913682, 0.0], [0.7958787866125141, 0.0], [0.7002458647288856, 0.8010984343293955], [0.7305786821924429, 0.5980933983134935], [0.6967274784143055, 0.5366683814946659], [0.7070954007209186, 0.0], [0.6861896372046804, 0.0], [0.70101939018607, 0.0], [0.7361488091252721, 0.0]]
0.6761, [[0.7365691960635994, 0.0], [0.7305786821924429, 0.5980933983134935], [0.7021334977475364, 0.5892380575396844], [0.7037801256330724, 0.0], [0.6832066575031883, 0.5052228811387877], [0.6880455210441188, 0.4183154229629634], [0.6750225849888387, 0.2653963970370386], [0.6795742627723441, 0.7208198606150792], [0.6952381532803239, 0.0], [0.6801789403218966, 0.0]]
0.0742, [[0.6423685541684903, 0.0], [0.0, 0.0], [0.0, 0.0], [0.0, 0.0], [0.0, 0.0], [0.0, 0.0], [0.0, 0.0], [0.0, 0.0], [0.0, 0.0], [0.0, 0.0]]
0.7276, [[0.8776557235319957, 0.644198752480159], [0.6591609836830337, 0.5093780526690374], [0.6976669654901017, 0.0], [0.694072092516509, 0.0], [0.6832066575031883, 0.5052228811387877], [0.6967433530039115, 0.0], [0.6779319643203371, 0.3139530370370364], [0.678416860875587, 0.0], [0.6904829921209547, 0.0], [0.0, 0.0]]
0.5590, [[0.7028406385572757, 0.5495276896797168], [0.6945180241699976, 0.5968183154761919], [0.7015750008222936, 0.0], [0.6493187381270707, 0.23598445851851893], [0.6580021386417668, 0.23727006518518606], [0.6890268593106956, 0.543606072597867], [0.6940807513835667, 0.4789927658363015], [0.664900369397999, 0.19871526888888888], [0.6940807513835667, 0.4789927658363015], [0.6719313694491211, 0.5231599629893271]]
0.6136, [[0.6999254866477383, 0.2937946325925941], [0.6990336233407612, 0.48319294234875465], [0.6970045621601623, 0.33530552000000025], [0.6940807513835667, 0.4789927658363015], [0.6737627198318948, 0.673536784722222], [0.6785871519277286, 0.3001276911111125], [0.6779377368983761, 0.26943244370370306], [0.6580021386417668, 0.23727006518518606], [0.6654588663232422, 0.33230002666666586], [0.0, 0.0]]
0.0807, [[0.6971546491891681, 0.0], [0.7070954007209186, 0.0], [0.7048624840153264, 0.0], [0.6927140935329076, 0.0], [0.6805050909810826, 0.0], [0.6861896372046804, 0.0], [0.6956177002863675, 0.0], [0.6782393541008975, 0.0], [0.6736227348144569, 0.0], [0.0, 0.0]]
0.7617, [[0.8337019336469567, 0.37627796148148207], [0.8233207117532803, 0.7195513844246035], [0.8083852980277321, 0.0], [0.7711576991559163, 0.0], [0.7597138325014691, 0.3979839192592581], [0.763976088959503, 0.0], [0.7048393937031715, 0.5266045750889701], [0.7544940280172487, 0.0], [0.7001318563126216, 0.7185308313492065], [0.6890268593106956, 0.543606072597867]]
0.7439, [[0.7210615890053261, 0.797997147324531], [0.786828790023538, 0.0], [0.6622377677776542, 0.37370751407407454], [0.6793144967606032, 0.0], [0.6493187381270707, 0.23598445851851893], [0.6600167683772691, 0.0], [0.6439993074644197, 0.3415447525925928], [0.6568476230340292, 0.0], [0.0, 0.0], [0.6459663134311024, 0.0]]
0.0790, [[0.6570972870342028, 0.0], [0.6647791452591867, 0.0], [0.6664055691215871, 0.0], [0.659212936885382, 0.0], [0.6801024536628841, 0.0], [0.6714176100036778, 0.0], [0.0, 0.0], [0.0, 0.0], [0.6635697901600817, 0.0], [0.6903256893694005, 0.0]]
0.0920, [[0.7393600982374894, 0.0], [0.692386499729212, 0.0], [0.8201911645457355, 0.0], [0.6887079243740581, 0.0], [0.6867972010432525, 0.0], [0.6840018301280176, 0.0], [0.6828559733873382, 0.0], [0.6638988271082867, 0.0], [0.6716427405471868, 0.0], [0.6636462768190942, 0.0]]
0.6482, [[0.9158175156000931, 0.0], [0.6766490088512388, 0.703775059523809], [0.6456921159742648, 0.38155710592592595], [0.6352495223022785, 0.35861800740740696], [0.6877323586855197, 0.0], [0.6781166868175754, 0.0], [0.6900688096466786, 0.0], [0.7066633363676404, 0.0], [0.6333503441275501, 0.044514082962963095], [0.0, 0.0]]
0.8104, [[0.8408018019386939, 0.7614378730158727], [0.8233207117532803, 0.7195513844246035], [0.8134883283624171, 0.0], [0.7016947818165963, 0.4653536597864767], [0.7555683501929703, 0.0], [0.7008462128449093, 0.6765925327380959], [0.6920156115902265, 0.703785491071429], [0.6866168079795434, 0.4089244051851839], [0.6817721718605744, 0.6008688854166675], [0.6646896702995873, 0.5680281992882613]]
0.6008, [[0.6891293225708824, 0.5789964327402185], [0.7667319588885337, 0.0], [0.6860972759560615, 0.6518308204365079], [0.6917457435669176, 0.0], [0.6819597806468317, 0.6318697063492064], [0.6704478168931784, 0.561890212099649], [0.6759519700530674, 0.0], [0.0, 0.0], [0.6712761818417301, 0.0], [0.662507635800963, 0.0]]
0.0896, [[0.7140434626182615, 0.0], [0.7964743347751442, 0.0], [0.6968501456976277, 0.0], [0.777697051529886, 0.0], [0.7379354536131589, 0.0], [0.6892693075883204, 0.0], [0.6701389839681083, 0.0], [0.6861896372046804, 0.0], [0.7293642310372778, 0.0], [0.7222760401604913, 0.0]]
0.7550, [[0.8083852980277321, 0.0], [0.7210615890053261, 0.797997147324531], [0.6969684835474205, 0.8092745601111886], [0.7021580312042011, 0.6957924915674606], [0.68390369630136, 0.8000066719944404], [0.687691950639249, 0.7585187782738092], [0.6935987411173363, 0.7001949523809531], [0.692145494596097, 0.6787814191468267], [0.6802886193046318, 0.6711535238095246], [0.6665065892372641, 0.6169699791666687]]
0.6277, [[0.7470204824469976, 0.0], [0.8922641696388469, 0.0], [0.6823133510517014, 0.6754843546626977], [0.6975486276403088, 0.0], [0.8869392684200422, 0.0], [0.6277321825513967, 0.1419390948148154], [0.6553582979000481, 0.20448192518518646], [0.6683985516894443, 0.4127647577777786], [0.6697190289157942, 0.22296218592592523], [0.6590181123765763, 0.4484193755555542]]
0.7311, [[0.805699492588423, 0.0], [0.7140434626182615, 0.0], [0.7041322528934322, 0.65719089732143], [0.68390369630136, 0.8000066719944404], [0.6999254866477383, 0.2937946325925941], [0.7016558169148354, 0.2215685837037031], [0.6785063358351868, 0.7484001770833332], [0.6972758733279809, 0.27286379185185194], [0.6902578615774457, 0.6781864732142868], [0.6875332047431851, 0.6539783283730171]]
0.6711, [[0.6888883174377671, 0.7502055302579367], [0.6924398960760699, 0.0], [0.6839686378042953, 0.5875418878968255], [0.6913748554279318, 0.0], [0.6746185045261306, 0.7127767896825398], [0.6654805134908873, 0.43931749481481375], [0.6417739786305052, 0.4169329266666664], [0.6715503792985678, 0.6642846974206362], [0.688012328720396, 0.0], [0.0, 0.0]]
0.5876, [[0.7014422315274037, 0.4979528455516035], [1.0, 0.0], [0.6945180241699976, 0.5968183154761919], [0.6970045621601623, 0.33530552000000025], [0.6966149131425509, 0.3666671229629617], [0.6940807513835667, 0.4789927658363015], [0.6988820931672457, 0.0], [0.6860655267768485, 0.3111888103703718], [0.6786896151879149, 0.47690176512455446], [0.6627140054658459, 0.16075712888888913]]
0.8015, [[0.6969684835474205, 0.8092745601111886], [0.8337019336469567, 0.37627796148148207], [0.7511075776807287, 0.44492675333333365], [0.7436924191852451, 0.6150940391865101], [0.6817086735021489, 0.6302542073412695], [0.675390586838805, 0.3064967481481482], [0.6582373711968437, 0.3607442177777779], [0.6654588663232422, 0.33230002666666586], [0.6651024096293531, 0.23875711037037195], [0.6580021386417668, 0.23727006518518606]]
0.7074, [[0.6975962514091278, 0.7179031999007948], [0.9816431036930692, 0.0], [0.6886227788479875, 0.501947903202848], [0.6902578615774457, 0.6781864732142868], [0.7392199692580459, 0.6233168804563493], [0.7039215537950204, 0.6227605312500014], [0.692145494596097, 0.6787814191468267], [0.6963695785759066, 0.5591198092526701], [0.7296094567513023, 0.6463389583333334], [0.6696771777250133, 0.44547553925925903]]
0.7287, [[0.9158175156000931, 0.0], [0.68390369630136, 0.8000066719944404], [0.7140434626182615, 0.0], [0.7964743347751442, 0.0], [0.6823133510517014, 0.6754843546626977], [0.6847912301748084, 0.0], [0.777697051529886, 0.0], [0.6745766533353498, 0.059843707407409054], [0.6836092948213871, 0.0], [0.6529265994012508, 0.0]]
0.6613, [[0.7987981403508935, 0.6323523392857162], [0.6902131240976458, 0.6362481746031763], [0.7029358860949142, 0.6083709067460321], [0.7237006847848217, 0.0], [0.6963695785759066, 0.5591198092526701], [0.6970045621601623, 0.33530552000000025], [0.6832066575031883, 0.5052228811387877], [0.6823321119303274, 0.5284714163701062], [0.6940807513835667, 0.4789927658363015], [0.668213829192206, 0.5003164725978645]]
0.8317, [[0.8958491360295782, 0.67532231795635], [0.7987981403508935, 0.6323523392857162], [0.7392199692580459, 0.6233168804563493], [0.7716598279989195, 0.0], [0.7039215537950204, 0.6227605312500014], [0.7022301884296847, 0.0], [0.6839686378042953, 0.5875418878968255], [0.6917457435669176, 0.7506220967261914], [0.6767601309784838, 0.6895339107142874], [0.6734914086640766, 0.6059431378968255]]
0.6382, [[0.7035679833901508, 0.6908597604166662], [0.7306487466821647, 0.0], [0.6646896702995873, 0.5680281992882613], [0.6940619905049412, 0.36108007629629746], [0.7057758528311724, 0.0], [0.6313862244498865, 0.14787425481481573], [0.7037974433671885, 0.0], [0.6433340178454607, 0.0], [0.6840003869835078, 0.0], [0.680542612738334, 0.0]]
0.6553, [[0.6795742627723441, 0.7208198606150792], [0.6898840871494407, 0.6815016190476184], [0.7470204824469976, 0.0], [0.6875332047431851, 0.6539783283730171], [0.7633922182118271, 0.0], [0.6805050909810826, 0.0], [0.668213829192206, 0.5003164725978645], [0.6789811303788689, 0.0], [0.6319937882884584, 0.10111371111111286], [0.6715864579113096, 0.0]]
0.0979, [[0.70101939018607, 0.0], [0.8793723035301643, 0.0], [0.6715864579113096, 0.0], [0.6930070518683709, 0.0], [0.7859179516571617, 0.0], [0.6672267183475904, 0.0], [0.7278695219232288, 0.0], [0.6882475612754728, 0.0], [0.6863036456209445, 0.0], [0.6748479645031683, 0.0]]
0.7569, [[0.9816431036930692, 0.0], [0.7746258913971122, 0.7417385907738103], [0.6709529174715637, 0.3344802348148143], [0.7306487466821647, 0.0], [0.7483283529217895, 0.0], [0.7037974433671885, 0.0], [0.6658744919420276, 0.0], [0.6807374372471398, 0.0], [0.6979267315018426, 0.0], [0.7007524084517807, 0.0]]
0.3096, [[0.6972758733279809, 0.27286379185185194], [0.8201911645457355, 0.0], [0.6928973728856357, 0.0], [0.6605868104585895, 0.0], [0.6874336277720179, 0.0], [0.6796897143331179, 0.0], [0.0, 0.0], [0.0, 0.0], [0.0, 0.0], [0.6662064151792522, 0.0]]
0.6100, [[0.6802886193046318, 0.6711535238095246], [0.6867192712397302, 0.0], [0.7633922182118271, 0.0], [0.692294138480593, 0.0], [0.0, 0.0], [0.7517498355031722, 0.0], [0.7517498355031722, 0.0], [0.6876558720265072, 0.0], [0.6636462768190942, 0.0], [0.0, 0.0]]
0.0943, [[0.6809827718137841, 0.0], [0.8427402528209784, 0.0], [0.7555683501929703, 0.0], [0.6883341499460531, 0.0], [0.7328324232784739, 0.0], [0.7057875302461266, 0.0], [0.7057875302461266, 0.0], [0.6618567776271008, 0.0], [0.7072588845302705, 0.0], [0.6459605408530639, 0.0]]
0.4069, [[0.7824847916608282, 0.36107892740740877], [0.7058809495657534, 0.0], [0.6912464155665711, 0.0], [0.689822031935525, 0.0], [0.6809409206230033, 0.0], [0.6749908358096257, 0.0], [0.6803145959058057, 0.0], [0.6880007835643188, 0.0], [0.6570972870342028, 0.0], [0.6561347096462514, 0.0]]
0.4761, [[0.668213829192206, 0.5003164725978645], [0.6786896151879149, 0.47690176512455446], [0.7016558169148354, 0.2215685837037031], [0.686882346569323, 0.33965597925925806], [0.6843828202785709, 0.4329802237037026], [0.6923980448852896, 0.0], [0.6605593907129058, 0.3375087059259256], [0.675390586838805, 0.3064967481481482], [0.6779377368983761, 0.26943244370370306], [0.6602520009323458, 0.42934284148148005]]
0.7004, [[0.7790516316644948, 0.6671033015873021], [0.8337019336469567, 0.37627796148148207], [0.6990336233407612, 0.48319294234875465], [0.6775466447362549, 0.5583867473309617], [0.6650374681264178, 0.5945414563492071], [0.6931239465736544, 0.33766801851851874], [0.6629174888417098, 0.47089965836298964], [0.6696714051469747, 0.27251452962962985], [0.6622377677776542, 0.37370751407407454], [0.6619087308294491, 0.3434415681481485]]
0.8843, [[0.8408018019386939, 0.7614378730158727], [0.8776557235319957, 0.644198752480159], [0.6969684835474205, 0.8092745601111886], [0.9603201439879454, 0.0], [0.7824847916608282, 0.36107892740740877], [0.6953637068526655, 0.7279918973214283], [0.7016558169148354, 0.2215685837037031], [0.6999254866477383, 0.2937946325925941], [0.7016312834581708, 0.0], [0.6997551955955972, 0.0]]
0.6954, [[0.7021580312042011, 0.6957924915674606], [0.978046459887387, 0.0], [0.680748982403217, 0.6770136195436508], [0.7039215537950204, 0.6227605312500014], [0.6955426567718648, 0.6127719766865097], [0.6551634733912423, 0.4195539251851853], [0.7824847916608282, 0.36107892740740877], [0.6892693075883204, 0.0], [0.7035925168468149, 0.0], [0.0, 0.0]]
0.6437, [[0.7546691892415516, 0.0], [0.7041322528934322, 0.65719089732143], [0.6917457435669176, 0.0], [0.6950317836154409, 0.0], [0.6773749105396041, 0.6954785019841269], [0.6758235301917067, 0.0], [0.6717134546281606, 0.0], [0.6703612282225981, 0.32420457259259255], [0.6752419429543086, 0.0], [0.6585577492779906, 0.4262190125925923]]
0.5440, [[0.8646354058588238, 0.0], [0.6985184207508082, 0.5604362049822109], [0.8201911645457355, 0.0], [0.6797257929458597, 0.48803530533807826], [0.6975948082646181, 0.0], [0.675742714099165, 0.03411817037037253], [0.6666364722431346, 0.27226445481481515], [0.696597595408435, 0.0], [0.6934284500651953, 0.0], [0.6924644295327341, 0.0]]
0.6662, [[0.7001318563126216, 0.7185308313492065], [0.8124957480913682, 0.0], [0.7664633783446042, 0.0], [0.669257222672699, 0.31536310666666795], [0.6758206439026871, 0.05904101703703806], [0.7008548717119674, 0.0], [0.6865836156558207, 0.0], [0.697658306623044, 0.0], [0.6737223117856241, 0.0], [0.667511017815996, 0.0]]
0.3002, [[0.6562948986868251, 0.29322937925925935], [0.6841692348911397, 0.0], [0.6802236778016965, 0.0], [0.6795511724601893, 0.0], [0.6791773980321842, 0.0], [0.6776188019617385, 0.0], [0.6735693384675988, 0.0], [0.664945106877799, 0.0], [0.6634933035010688, 0.0], [0.6629261477087679, 0.0]]
0.6890, [[0.7035679833901508, 0.6908597604166662], [0.7393017111627218, 0.6656536641865094], [0.695848603407915, 0.7108931999007932], [0.7597138325014691, 0.3979839192592581], [0.6650374681264178, 0.5945414563492071], [0.6940619905049412, 0.36108007629629746], [0.6501788522548353, 0.4337721911111105], [0.6510158760704451, 0.43362858000000004], [0.6622377677776542, 0.37370751407407454], [0.6356925676667475, 0.0]]
0.7510, [[0.8000242689210129, 0.7338040079365069], [0.8000242689210129, 0.7338040079365069], [0.805699492588423, 0.0], [0.7376084859944618, 0.6373570481150808], [0.6886054611138712, 0.6451073402777794], [0.6886054611138712, 0.6451073402777794], [0.6875332047431851, 0.6539783283730171], [0.6786939446214442, 0.7071962594246025], [0.7705154413334727, 0.0], [0.7029358860949142, 0.6083709067460321]]
0.7346, [[0.6969684835474205, 0.8092745601111886], [0.7393600982374894, 0.0], [0.7964743347751442, 0.0], [0.6890268593106956, 0.543606072597867], [0.6968501456976277, 0.0], [0.7633805407968729, 0.0], [0.6856412422910051, 0.0], [0.6805252950042179, 0.45290770148148163], [0.6883341499460531, 0.0], [0.7293642310372778, 0.0]]
0.0794, [[0.6937300672677167, 0.0], [0.6924644295327341, 0.0], [0.6911757014855973, 0.0], [0.685724944672566, 0.0], [0.6911107599826619, 0.0], [0.6907442012772054, 0.0], [0.6790633896159203, 0.0], [0.6878896614370739, 0.0], [0.6896560703169128, 0.0], [0.6632378669228571, 0.0]]
0.6442, [[0.7013022465099658, 0.6790714161706353], [0.6940619905049412, 0.36108007629629746], [0.6931239465736544, 0.33766801851851874], [0.6923432053939218, 0.7042615173611104], [0.6901669434733365, 0.0], [0.6901669434733365, 0.0], [0.6890918008136309, 0.5921439389880959], [0.6876861780612105, 0.6643563273809532], [0.6805252950042179, 0.45290770148148163], [0.6768164136143608, 0.3943656851851844]]
0.5751, [[0.6808889674206554, 0.6280458487103189], [0.7463198375497865, 0.0], [0.6646160699295939, 0.30453329703703647], [0.6562948986868251, 0.29322937925925935], [0.6564117933921085, 0.11187535333333486], [0.6344052827641204, 0.10476105037037173], [0.6081746881563221, 0.0], [0.6451725839507828, 0.0], [0.0, 0.0], [0.6323112800805862, 0.0]]
0.3781, [[0.7065465622181053, 0.3671799103703697], [0.7149192687397753, 0.0], [0.653232546037301, 0.3678209903703702], [0.6940619905049412, 0.36108007629629746], [0.6981460894673129, 0.0], [0.6479780568775855, 0.24840930888888854], [0.6911107599826619, 0.0], [0.6493187381270707, 0.23598445851851893], [0.6278894853029513, 0.0], [0.6860669699213583, 0.0]]
0.8199, [[0.7746258913971122, 0.7417385907738103], [0.8776557235319957, 0.644198752480159], [0.6917457435669176, 0.7506220967261914], [0.7392199692580459, 0.6233168804563493], [0.6909318100634627, 0.7430651359126978], [0.6967274784143055, 0.5366683814946659], [0.6746185045261306, 0.7127767896825398], [0.6764080037181238, 0.6523763903769852], [0.6609678006091428, 0.6891959285714286], [0.6805252950042179, 0.45290770148148163]]
0.8104, [[0.8408018019386939, 0.7614378730158727], [0.6813911817100211, 0.625871566468255], [0.7305786821924429, 0.5980933983134935], [0.6654588663232422, 0.33230002666666586], [0.6769102180074895, 0.0], [0.6619606840317974, 0.19535936444444377], [0.6903559954041036, 0.0], [0.6725981022125898, 0.0], [0.6431464090592034, 0.028935149629631826], [0.6539469025695885, 0.0]]
0.5492, [[0.6734914086640766, 0.6059431378968255], [0.6965384264835384, 0.0], [0.6904743332538965, 0.0], [0.7045839571249598, 0.0], [0.6757051923419134, 0.0], [0.6936304902965493, 0.0], [0.6676524459779437, 0.0], [0.6675615278738345, 0.0], [0.6672873304169968, 0.0], [0.6656767811442028, 0.0]]
0.6320, [[0.6970045621601623, 0.33530552000000025], [0.8201911645457355, 0.0], [0.7070954007209186, 0.0], [0.6845747584983576, 0.6778923035714288], [0.8507626368940464, 0.0], [0.70101939018607, 0.0], [0.6875332047431851, 0.6539783283730171], [0.7045839571249598, 0.0], [0.6590181123765763, 0.4484193755555542], [0.7029950550198109, 0.0]]
0.6201, [[0.6990336233407612, 0.48319294234875465], [0.6902578615774457, 0.6781864732142868], [0.6650374681264178, 0.5945414563492071], [0.6890268593106956, 0.543606072597867], [0.685913996603333, 0.0], [0.6384316559461053, 0.30635007333333364], [0.6848662736893111, 0.0], [0.6358902784645728, 0.29369314740740665], [0.6505713875614658, 0.14999548666666712], [0.6465984107263391, 0.1317350466666665]]
0.1136, [[0.6431464090592034, 0.028935149629631826], [0.8214523253607174, 0.0], [0.0, 0.0], [0.7012589521746756, 0.0], [0.696597595408435, 0.0], [0.6758235301917067, 0.0], [0.6708908622576475, 0.0], [0.667511017815996, 0.0], [0.6663896945319807, 0.0], [0.6548084598418629, 0.0]]
0.7691, [[0.7607180901874723, 0.701223850694444], [0.7210615890053261, 0.797997147324531], [0.6709529174715637, 0.3344802348148143], [0.7033370802686032, 0.0], [0.6909130491848368, 0.0], [0.6882417886974341, 0.0], [0.6872214855290959, 0.0], [0.6806768251777334, 0.0], [0.6777515712566281, 0.0], [0.6749273374512003, 0.0]]
0.7680, [[0.7210615890053261, 0.797997147324531], [0.7546224795817348, 0.7446875892857138], [0.6583196304338947, 0.4440938088888888], [0.6436659410826854, 0.2671633881481484], [0.7027453910196377, 0.0], [0.7546691892415516, 0.0], [0.7784677609168189, 0.0], [0.673045477010588, 0.0], [0.7011839086601724, 0.0], [0.6640806633165055, 0.0]]
0.0827, [[0.6886776183393548, 0.0], [0.7268769416521799, 0.0], [0.6518817627762483, 0.0], [0.6836092948213871, 0.0], [0.6858995651582362, 0.0], [0.668970036915274, 0.0], [0.6716239796685611, 0.0], [0.0, 0.0], [0.665922115710847, 0.0], [0.6603270444468485, 0.0]]
0.6142, [[0.6823321119303274, 0.5284714163701062], [0.6699528183263608, 0.5939711984126984], [0.8337019336469567, 0.37627796148148207], [0.6610457304126655, 0.5852001964412864], [0.7824847916608282, 0.36107892740740877], [0.6529670074475213, 0.41216082518518427], [0.7544940280172487, 0.0], [0.7149192687397753, 0.0], [0.6716167639460128, 0.3573829518518512], [0.6530622549851598, 0.372029370370371]]
0.7510, [[0.6969684835474205, 0.8092745601111886], [0.9603201439879454, 0.0], [0.7116846247976529, 0.0], [0.7016125225795452, 0.0], [0.6982413370049514, 0.0], [0.6960766202404434, 0.0], [0.6941962029443405, 0.0], [0.6892476604206753, 0.0], [0.6840003869835078, 0.0], [0.6790633896159203, 0.0]]
0.6944, [[0.6909318100634627, 0.7430651359126978], [0.8922641696388469, 0.0], [0.8134883283624171, 0.0], [0.6795742627723441, 0.7208198606150792], [0.8008767202126182, 0.0], [0.6767601309784838, 0.6895339107142874], [0.7008462128449093, 0.6765925327380959], [0.7021334977475364, 0.5892380575396844], [0.6880455210441188, 0.4183154229629634], [0.7522052546863587, 0.0]]
0.4877, [[0.688641539726613, 0.0], [0.7033933629044804, 0.0], [0.656260263218593, 0.5386970676156568], [0.6736227348144569, 0.0], [0.6782393541008975, 0.0], [0.7033572842917386, 0.0], [0.663919031131422, 0.0], [0.6738622968030621, 0.0], [0.6966206857205894, 0.0], [0.6905955573927088, 0.0]]
0.6743, [[0.7790516316644948, 0.6671033015873021], [0.6785871519277286, 0.3001276911111125], [0.7005417093533685, 0.0], [0.6619606840317974, 0.19535936444444377], [0.6493187381270707, 0.23598445851851893], [0.6479780568775855, 0.24840930888888854], [0.6903559954041036, 0.0], [0.6313862244498865, 0.14787425481481573], [0.6863931205805442, 0.0], [0.6859587340831329, 0.0]]
0.5659, [[0.6988200379533299, 0.0], [0.6665065892372641, 0.6169699791666687], [0.6891293225708824, 0.5789964327402185], [0.6892390015536172, 0.43092294666666775], [0.6769347514641542, 0.2970659022222231], [0.6564117933921085, 0.11187535333333486], [0.6840263635846822, 0.0], [0.0, 0.0], [0.6939032446088773, 0.0], [0.684584860509925, 0.0]]
0.7366, [[0.7746258913971122, 0.7417385907738103], [0.6892390015536172, 0.43092294666666775], [0.6445303846439788, 0.41923529999999914], [0.7005734585325814, 0.0], [0.6752419429543086, 0.0], [0.6946219305746937, 0.0], [0.6916952335090791, 0.0], [0.7784677609168189, 0.0], [0.777697051529886, 0.0], [0.0, 0.0]]
0.7318, [[0.7790516316644948, 0.6671033015873021], [0.7063947558237075, 0.7383886731150784], [0.7716598279989195, 0.0], [0.7013022465099658, 0.6790714161706353], [0.695848603407915, 0.7108931999007932], [0.6949783872685829, 0.4486732799999998], [0.6845747584983576, 0.6778923035714288], [0.6643649627849111, 0.6960536279761911], [0.6931239465736544, 0.33766801851851874], [0.6895117558659456, 0.3660988059259255]]
0.6828, [[0.6888883174377671, 0.7502055302579367], [0.6746185045261306, 0.7127767896825398], [0.6702212432051599, 0.6460659995039683], [0.6985184207508082, 0.5604362049822109], [0.6934645286779371, 0.5464586960854105], [0.7555683501929703, 0.0], [0.7463198375497865, 0.0], [0.6531603888118174, 0.430019154074074], [0.6727424166635569, 0.0], [0.0, 0.0]]
0.8121, [[0.6953637068526655, 0.7279918973214283], [0.8233207117532803, 0.7195513844246035], [0.8776557235319957, 0.644198752480159], [0.8922641696388469, 0.0], [0.9603201439879454, 0.0], [0.692145494596097, 0.6787814191468267], [0.8008767202126182, 0.0], [0.8869392684200422, 0.0], [0.6931037425505191, 0.451583032592593], [0.6965384264835384, 0.0]]
0.6256, [[0.6687117140480429, 0.6526486537698419], [0.6940807513835667, 0.4789927658363015], [0.6773619222390167, 0.6261445252976203], [0.7511075776807287, 0.44492675333333365], [0.6786896151879149, 0.47690176512455446], [0.6915393739020347, 0.0], [0.6785871519277286, 0.3001276911111125], [0.6903559954041036, 0.0], [0.6646160699295939, 0.30453329703703647], [0.6754843912319337, 0.0]]
0.5432, [[0.8793723035301643, 0.0], [0.6963695785759066, 0.5591198092526701], [0.7958787866125141, 0.0], [0.6905450473348703, 0.0], [0.6501730796767963, 0.4688320256227753], [0.7946293032124864, 0.0], [0.6873196193557535, 0.0], [0.6352495223022785, 0.35861800740740696], [0.7066633363676404, 0.0], [0.6551172927669326, 0.31291827111111076]]
0.8146, [[0.8408018019386939, 0.7614378730158727], [0.8827003667919167, 0.0], [0.6845747584983576, 0.6778923035714288], [0.8793723035301643, 0.0], [0.6635380409808687, 0.5111185338078301], [0.670739332084132, 0.4488345074074083], [0.6709529174715637, 0.3344802348148143], [0.7324821008298683, 0.0], [0.6522641960713114, 0.3451101377777777], [0.6793144967606032, 0.0]]
0.7597, [[0.8882471388948375, 0.0], [0.6895622659237841, 0.7468754325396827], [0.7392550015029085, 0.6740868749999995], [0.7987981403508935, 0.6323523392857162], [0.0, 0.0], [0.6562977849758446, 0.2699050200000008], [0.0, 0.0], [0.6648166670164382, 0.4919585281138809], [0.6931239465736544, 0.33766801851851874], [0.0, 0.0]]
0.6489, [[0.8646354058588238, 0.0], [0.6714839946511229, 0.7071684419642861], [0.6764484117643945, 0.6472551959325415], [0.6848475128106855, 0.43413562296296176], [0.6622377677776542, 0.37370751407407454], [0.7300531985195347, 0.0], [0.7132610758163778, 0.0], [0.0, 0.0], [0.6897383295539639, 0.0], [0.6937300672677167, 0.0]]
0.6084, [[0.6855763007880699, 0.6645795625000005], [0.7633805407968729, 0.0], [0.6436226467473952, 0.5949569796627], [0.6809264891779065, 0.4919386220640599], [0.6968501456976277, 0.0], [0.6354313585104968, 0.494997229893237], [0.6892693075883204, 0.0], [0.688641539726613, 0.0], [0.6856412422910051, 0.0], [0.6851346985681102, 0.0]]
0.5510, [[0.6970045621601623, 0.33530552000000025], [0.8507626368940464, 0.0], [0.6841086228217332, 0.5576865736654841], [0.6965384264835384, 0.0], [0.6548849465008754, 0.5766414604982246], [0.6501730796767963, 0.4688320256227753], [0.6681416719667224, 0.0], [0.6997551955955972, 0.0], [0.6956047119857804, 0.0], [0.7015158318973971, 0.0]]
0.6327, [[0.6714839946511229, 0.7071684419642861], [0.6629174888417098, 0.47089965836298964], [0.6333503441275501, 0.044514082962963095], [0.6903559954041036, 0.0], [0.6624239334194022, 0.0], [0.0, 0.0], [0.69771891869245, 0.0], [0.7716598279989195, 0.0], [0.6879098654602096, 0.0], [0.0, 0.0]]
0.7494, [[0.7746258913971122, 0.7417385907738103], [0.687691950639249, 0.7585187782738092], [0.7016947818165963, 0.4653536597864767], [0.7057758528311724, 0.0], [0.6773749105396041, 0.6954785019841269], [0.6940619905049412, 0.36108007629629746], [0.6995358376301268, 0.0], [0.6712530915295752, 0.6030230000000002], [0.6606214459268216, 0.5958238412698433], [0.676191532041673, 0.4377864088888894]]
0.7492, [[0.6909318100634627, 0.7430651359126978], [0.8337019336469567, 0.37627796148148207], [0.7392550015029085, 0.6740868749999995], [0.7376084859944618, 0.6373570481150808], [0.6737627198318948, 0.673536784722222], [0.6665065892372641, 0.6169699791666687], [0.6825341521616815, 0.0], [0.6769347514641542, 0.2970659022222231], [0.6582373711968437, 0.3607442177777779], [0.6455304837891818, 0.2901097629629644]]
0.5738, [[0.6806075542412693, 0.6195406602182537], [0.7065465622181053, 0.3671799103703697], [0.6515296355158879, 0.4506968562962973], [0.6974389486575736, 0.0], [0.6995358376301268, 0.0], [0.6182002130650133, 0.2872827303703719], [0.6880007835643188, 0.0], [0.6939003583198577, 0.0], [0.6948831397309445, 0.0], [0.6873037447661474, 0.0]]
0.6543, [[0.6923432053939218, 0.7042615173611104], [0.7048393937031715, 0.5266045750889701], [0.7784677609168189, 0.0], [0.7035679833901508, 0.6908597604166662], [0.7116846247976529, 0.0], [0.6609678006091428, 0.6891959285714286], [0.6820622439070185, 0.6152991929563497], [0.6949783872685829, 0.4486732799999998], [0.6802886193046318, 0.6711535238095246], [0.6893111587791008, 0.0]]
0.6941, [[0.7296094567513023, 0.6463389583333334], [0.8427402528209784, 0.0], [0.6839195708909666, 0.726481061507936], [0.7517498355031722, 0.0], [0.6746185045261306, 0.7127767896825398], [0.7483283529217895, 0.0], [0.695848603407915, 0.7108931999007932], [0.6898840871494407, 0.6815016190476184], [0.6875332047431851, 0.6539783283730171], [0.6875332047431851, 0.6539783283730171]]
0.8129, [[0.6839195708909666, 0.726481061507936], [0.7033587274362483, 0.7099296726190488], [0.8958491360295782, 0.67532231795635], [0.6855763007880699, 0.6645795625000005], [0.6734914086640766, 0.6059431378968255], [0.6793981991421639, 0.49476355017793416], [0.6585577492779906, 0.4262190125925923], [0.6734726477854507, 0.0], [0.7268769416521799, 0.0], [0.6670203486827075, 0.0]]
0.8012, [[0.7746258913971122, 0.7417385907738103], [0.7592233810734234, 0.8118865552466993], [0.8214523253607174, 0.0], [0.7028839328925659, 0.6765083849206356], [0.7063947558237075, 0.7383886731150784], [0.7652956368492525, 0.5047209024911015], [0.7008462128449093, 0.6765925327380959], [0.7018982651924601, 0.6594423730158726], [0.6785063358351868, 0.7484001770833332], [0.6907773936009276, 0.765739147817459]]
0.7721, [[0.8958491360295782, 0.67532231795635], [0.6891293225708824, 0.5789964327402185], [0.6935554467820462, 0.0], [0.6737627198318948, 0.673536784722222], [0.6769347514641542, 0.2970659022222231], [0.6923403191049027, 0.0], [0.6651572491207208, 0.5788657451957324], [0.6721507274145915, 0.5233304626334553], [0.6825341521616815, 0.0], [0.6644818574901941, 0.5664971644128138]]
0.7757, [[0.8000242689210129, 0.7338040079365069], [0.6907773936009276, 0.765739147817459], [0.7021334977475364, 0.5892380575396844], [0.6902578615774457, 0.6781864732142868], [0.6795742627723441, 0.7208198606150792], [0.692386499729212, 0.0], [0.6873124036332051, 0.6111432643849208], [0.675390586838805, 0.3064967481481482], [0.6867192712397302, 0.0], [0.6696714051469747, 0.27251452962962985]]
0.6705, [[0.8427402528209784, 0.0], [0.6898840871494407, 0.6815016190476184], [0.7021334977475364, 0.5892380575396844], [0.6795742627723441, 0.7208198606150792], [0.6875332047431851, 0.6539783283730171], [0.6971950572354392, 0.0], [0.6786939446214442, 0.7071962594246025], [0.6860972759560615, 0.6518308204365079], [0.6947994373493837, 0.0], [0.6648166670164382, 0.4919585281138809]]
0.6924, [[0.6907773936009276, 0.765739147817459], [0.6795742627723441, 0.7208198606150792], [0.6963695785759066, 0.5591198092526701], [0.668213829192206, 0.5003164725978645], [0.7037974433671885, 0.0], [0.694072092516509, 0.0], [0.7379354536131589, 0.0], [0.6666812097229345, 0.0], [0.6736227348144569, 0.0], [0.6553077878422096, 0.0]]
0.2536, [[0.6614974346441926, 0.2276825874074073], [0.70216236063773, 0.0], [0.6912464155665711, 0.0], [0.7011839086601724, 0.0], [0.6807374372471398, 0.0], [0.7005417093533685, 0.0], [0.6919838624110135, 0.0], [0.6904743332538965, 0.0], [0.6876558720265072, 0.0], [0.6893111587791008, 0.0]]
0.0794, [[0.6938469619730001, 0.0], [0.6788959848527982, 0.0], [0.6548084598418629, 0.0], [0.0, 0.0], [0.6423685541684903, 0.0], [0.6521126658977958, 0.0], [0.0, 0.0], [0.6406771888031546, 0.0], [0.0, 0.0], [0.6002258481970485, 0.0]]
0.6877, [[0.6845747584983576, 0.6778923035714288], [0.9158175156000931, 0.0], [0.731874875252284, 0.6691263263888887], [0.6714839946511229, 0.7071684419642861], [0.8124957480913682, 0.0], [0.7048393937031715, 0.5266045750889701], [0.682701556924803, 0.6388769246031756], [0.7784677609168189, 0.0], [0.6819597806468317, 0.6318697063492064], [0.6998244665320613, 0.0]]
0.9256, [[0.7668837652829281, 0.7689809250992057], [0.9764466540387539, 0.7222528075396816], [0.7033587274362483, 0.7099296726190488], [0.7027511635976763, 0.7004786904761913], [0.6903256893694005, 0.0], [0.6901669434733365, 0.0], [0.6886227788479875, 0.0], [0.6820622439070185, 0.6152991929563497], [0.6805252950042179, 0.45290770148148163], [0.669951375181851, 0.5139633679715315]]
0.1016, [[0.9158175156000931, 0.0], [0.786828790023538, 0.0], [0.7784677609168189, 0.0], [0.7670706039221851, 0.0], [0.7441828706132908, 0.0], [0.7015158318973971, 0.0], [0.7003035905092725, 0.0], [0.6953709225752138, 0.0], [0.68751155757554, 0.0], [0.6854723943833733, 0.0]]
0.2188, [[0.7463198375497865, 0.0], [0.6692254734934862, 0.1744093755555555], [0.6281593533262597, 0.12963028222222175], [0.6945180241699976, 0.0], [0.6548647424777401, 0.0], [0.6604641431752674, 0.0], [0.6670203486827075, 0.0], [0.6399281968026349, 0.0], [0.663203231454625, 0.0], [0.6596040290475028, 0.0]]
0.7710, [[0.7210615890053261, 0.797997147324531], [0.7546224795817348, 0.7446875892857138], [0.8083852980277321, 0.0], [0.7964743347751442, 0.0], [0.6953637068526655, 0.7279918973214283], [0.7001318563126216, 0.7185308313492065], [0.786828790023538, 0.0], [0.6714839946511229, 0.7071684419642861], [0.7016125225795452, 0.0], [0.6609678006091428, 0.6891959285714286]]
0.5542, [[0.6436226467473952, 0.5949569796627], [0.7065465622181053, 0.3671799103703697], [0.786828790023538, 0.0], [0.6915942133934021, 0.0], [0.0, 0.0], [0.7034005786270288, 0.0], [0.6807374372471398, 0.0], [0.0, 0.0], [0.6962887624833649, 0.0], [0.0, 0.0]]
0.7032, [[0.7607180901874723, 0.701223850694444], [0.8966548776613701, 0.0], [0.7393017111627218, 0.6656536641865094], [0.731874875252284, 0.6691263263888887], [0.7021248388804788, 0.6463702529761907], [0.702497170163974, 0.44141766370370367], [0.6990336233407612, 0.48319294234875465], [0.6832066575031883, 0.5052228811387877], [0.6979267315018426, 0.0], [0.6584047759599657, 0.43096239185185137]]
0.5354, [[0.6963695785759066, 0.5591198092526701], [0.8008767202126182, 0.0], [0.7546691892415516, 0.0], [0.7306487466821647, 0.0], [0.7293642310372778, 0.0], [0.7077026262985028, 0.0], [0.7066633363676404, 0.0], [0.7019545478283372, 0.0], [0.7007524084517807, 0.0], [0.7005734585325814, 0.0]]
0.8698, [[0.68390369630136, 0.8000066719944404], [0.8958491360295782, 0.67532231795635], [0.6965081204488353, 0.0], [0.6915494759136022, 0.0], [0.6916952335090791, 0.0], [0.6702212432051599, 0.6460659995039683], [0.763976088959503, 0.0], [0.6445303846439788, 0.41923529999999914], [0.7222760401604913, 0.0], [0.6979267315018426, 0.0]]
0.6767, [[0.7033587274362483, 0.7099296726190488], [0.7511075776807287, 0.44492675333333365], [0.7028839328925659, 0.6765083849206356], [0.7013022465099658, 0.6790714161706353], [0.7441828706132908, 0.0], [0.6786896151879149, 0.47690176512455446], [0.6841692348911397, 0.0], [0.6445303846439788, 0.41923529999999914], [0.6535457083958999, 0.4178662074074073], [0.6622377677776542, 0.37370751407407454]]
0.0787, [[0.6872214855290959, 0.0], [0.6659682963351563, 0.0], [0.685452190360238, 0.0], [0.0, 0.0], [0.6618567776271008, 0.0], [0.672362869657513, 0.0], [0.6381848782349513, 0.0], [0.6676524459779437, 0.0], [0.0, 0.0], [0.0, 0.0]]
0.2965, [[0.777697051529886, 0.0], [0.6904743332538965, 0.0], [0.6882692084431179, 0.0], [0.7033370802686032, 0.0], [0.6855070298516057, 0.0], [0.6666364722431346, 0.27226445481481515], [0.6888594545475737, 0.0], [0.6384994837380596, 0.0], [0.6792971790264869, 0.0], [0.6791369899859132, 0.0]]
0.8330, [[0.7592233810734234, 0.8118865552466993], [0.9227422226675276, 0.0], [0.8395756733685745, 0.4126835696296286], [0.7041322528934322, 0.65719089732143], [0.7027511635976763, 0.7004786904761913], [0.6867192712397302, 0.0], [0.6860972759560615, 0.6518308204365079], [0.6737627198318948, 0.673536784722222], [0.6719313694491211, 0.5231599629893271], [0.6496578770868436, 0.45982362962963014]]
0.8789, [[0.6969684835474205, 0.8092745601111886], [0.8958491360295782, 0.67532231795635], [0.68390369630136, 0.8000066719944404], [0.731874875252284, 0.6691263263888887], [0.6923432053939218, 0.7042615173611104], [0.7306487466821647, 0.0], [0.6764080037181238, 0.6523763903769852], [0.6985184207508082, 0.5604362049822109], [0.6646896702995873, 0.5680281992882613], [0.6747570463990588, 0.0]]
0.5967, [[0.6931239465736544, 0.33766801851851874], [0.6875332047431851, 0.6539783283730171], [0.6975486276403088, 0.0], [0.6905450473348703, 0.0], [0.6939003583198577, 0.0], [0.6781715263089427, 0.631983410218256], [0.6840003869835078, 0.0], [0.6779319643203371, 0.3139530370370364], [0.6826380585663776, 0.0], [0.6650374681264178, 0.5945414563492071]]
0.4299, [[0.6843828202785709, 0.4329802237037026], [0.7946293032124864, 0.0], [0.7140434626182615, 0.0], [0.686882346569323, 0.33965597925925806], [0.6947503704360549, 0.0], [0.6645511284266586, 0.3290456074074082], [0.6903559954041036, 0.0], [0.669257222672699, 0.31536310666666795], [0.6858995651582362, 0.0], [0.666362274786297, 0.19962978444444576]]
0.7462, [[0.68390369630136, 0.8000066719944404], [0.7210615890053261, 0.797997147324531], [0.7946293032124864, 0.0], [0.6923432053939218, 0.7042615173611104], [0.7041322528934322, 0.65719089732143], [0.7663466041950691, 0.0], [0.702497170163974, 0.44141766370370367], [0.656260263218593, 0.5386970676156568], [0.7452104831292024, 0.0], [0.7293642310372778, 0.0]]
0.6061, [[0.7021248388804788, 0.6463702529761907], [0.7758403425522774, 0.0], [0.7035925168468149, 0.0], [0.6787069329220311, 0.0], [0.6645569010046972, 0.5418249138790073], [0.7716598279989195, 0.0], [0.6887079243740581, 0.0], [0.6531603888118174, 0.430019154074074], [0.7169628163566408, 0.0], [0.6858822474241204, 0.0]]
0.6284, [[0.7511075776807287, 0.44492675333333365], [0.6875332047431851, 0.6539783283730171], [0.7027453910196377, 0.0], [0.6692254734934862, 0.1744093755555555], [0.6854911552619993, 0.0], [0.6717134546281606, 0.0], [0.6627183348993751, 0.0], [0.0, 0.0], [0.0, 0.0], [0.0, 0.0]]
0.6890, [[1.0, 0.0], [0.6953637068526655, 0.7279918973214283], [0.6882692084431179, 0.0], [0.6912464155665711, 0.0], [0.6786896151879149, 0.47690176512455446], [0.770854086367124, 0.0], [0.6627140054658459, 0.16075712888888913], [0.6903559954041036, 0.0], [0.6852299461057485, 0.0], [0.6700812581877215, 0.0]]
0.0876, [[0.6928973728856357, 0.0], [0.7758403425522774, 0.0], [0.6874336277720179, 0.0], [0.7179787514575982, 0.0], [0.7278695219232288, 0.0], [0.6714176100036778, 0.0], [0.6789811303788689, 0.0], [0.7019704224179437, 0.0], [0.692069007937084, 0.0], [0.6858375099443206, 0.0]]
0.4479, [[0.6949783872685829, 0.4486732799999998], [0.805699492588423, 0.0], [0.6972758733279809, 0.27286379185185194], [0.6584047759599657, 0.43096239185185137], [0.7179787514575982, 0.0], [0.6602520009323458, 0.42934284148148005], [0.6939782881233804, 0.0], [0.6904829921209547, 0.0], [0.6562212983168317, 0.3723319111111098], [0.6483951256408806, 0.003866011111111002]]
0.7941, [[0.7592233810734234, 0.8118865552466993], [0.8646354058588238, 0.0], [0.7013022465099658, 0.6790714161706353], [0.6909318100634627, 0.7430651359126978], [0.7007841576309932, 0.0], [0.6974389486575736, 0.0], [0.6805252950042179, 0.45290770148148163], [0.6956177002863675, 0.0], [0.6856412422910051, 0.0], [0.6683985516894443, 0.4127647577777786]]
0.5504, [[0.6891293225708824, 0.5789964327402185], [0.7711576991559163, 0.0], [0.7065465622181053, 0.3671799103703697], [0.6381718899343644, 0.22169036592592534], [0.6197025264995819, 0.19805848740740847], [0.6492393651790388, 0.09459032000000084], [0.0, 0.0], [0.7058809495657534, 0.0], [0.6809409206230033, 0.0], [0.6852299461057485, 0.0]]
0.8104, [[0.8408018019386939, 0.7614378730158727], [0.7436924191852451, 0.6150940391865101], [0.70101939018607, 0.0], [0.6882692084431179, 0.0], [0.6716528425587546, 0.36821352740740665], [0.7057875302461266, 0.0], [0.6882417886974341, 0.0], [0.0, 0.0], [0.6896589566059319, 0.0], [0.6769102180074895, 0.0]]
0.7205, [[0.68390369630136, 0.8000066719944404], [0.7016558169148354, 0.2215685837037031], [0.6654805134908873, 0.43931749481481375], [0.6801991443450319, 0.21339117555555584], [0.6696771777250133, 0.44547553925925903], [0.7946293032124864, 0.0], [0.7046705457955401, 0.0], [0.6867192712397302, 0.0], [0.6882504475644919, 0.0], [0.6903906308723358, 0.0]]
0.7835, [[0.7592233810734234, 0.8118865552466993], [0.7003252376769176, 0.7320626349206352], [0.7008462128449093, 0.6765925327380959], [0.7328324232784739, 0.0], [0.6715503792985678, 0.6642846974206362], [0.7226964270988185, 0.0], [0.6813911817100211, 0.625871566468255], [0.7033933629044804, 0.0], [0.683226861526324, 0.6106501999007935], [0.6720280601312694, 0.589127135416667]]
0.7373, [[0.7210615890053261, 0.797997147324531], [0.7034005786270288, 0.0], [0.7021334977475364, 0.5892380575396844], [0.7001318563126216, 0.7185308313492065], [0.6972758733279809, 0.27286379185185194], [0.6795742627723441, 0.7208198606150792], [0.6947994373493837, 0.0], [0.6529670074475213, 0.41216082518518427], [0.6851534594467361, 0.0], [0.6775350995801773, 0.0]]
0.8414, [[0.8958491360295782, 0.67532231795635], [0.6975442982067795, 0.762258835813492], [0.8395756733685745, 0.4126835696296286], [0.6953637068526655, 0.7279918973214283], [0.687691950639249, 0.7585187782738092], [0.6909318100634627, 0.7430651359126978], [0.6839195708909666, 0.726481061507936], [0.6855763007880699, 0.6645795625000005], [0.8337019336469567, 0.37627796148148207], [0.6893472373918426, 0.6034906810515878]]
0.7579, [[0.8882471388948375, 0.0], [0.8337019336469567, 0.37627796148148207], [0.8286806452169441, 0.6400365649801597], [0.7001318563126216, 0.7185308313492065], [0.763976088959503, 0.0], [0.6920156115902265, 0.703785491071429], [0.6940619905049412, 0.36108007629629746], [0.6915494759136022, 0.0], [0.6905955573927088, 0.0], [0.6689729232042936, 0.0]]
0.6208, [[0.6773749105396041, 0.6954785019841269], [0.7011839086601724, 0.0], [0.6791138996737588, 0.0], [0.6764080037181238, 0.6523763903769852], [0.6952886633381623, 0.0], [0.678416860875587, 0.0], [0.6720280601312694, 0.589127135416667], [0.6783317153495164, 0.0], [0.6654805134908873, 0.43931749481481375], [0.6666812097229345, 0.0]]
0.7041, [[0.8337019336469567, 0.37627796148148207], [0.6920156115902265, 0.703785491071429], [0.6645569010046972, 0.5418249138790073], [0.6907528601442634, 0.0], [0.6629174888417098, 0.47089965836298964], [0.6872792113094828, 0.0], [0.6601711848398041, 0.4342562562962953], [0.6853237504988773, 0.0], [0.664627615085671, 0.08826568666666817], [0.6619606840317974, 0.19535936444444377]]
0.7265, [[0.7002458647288856, 0.8010984343293955], [0.7546691892415516, 0.0], [0.7034323278062413, 0.0], [0.6907773936009276, 0.765739147817459], [0.6965384264835384, 0.0], [0.6965384264835384, 0.0], [0.6802886193046318, 0.6711535238095246], [0.6773619222390167, 0.6261445252976203], [0.6787069329220311, 0.0], [0.6887079243740581, 0.0]]
0.7562, [[0.6839195708909666, 0.726481061507936], [0.8286806452169441, 0.6400365649801597], [0.7027511635976763, 0.7004786904761913], [0.7566893820285087, 0.0], [0.7008462128449093, 0.6765925327380959], [0.7034005786270288, 0.0], [0.7019704224179437, 0.0], [0.6802886193046318, 0.6711535238095246], [0.6875332047431851, 0.6539783283730171], [0.6860972759560615, 0.6518308204365079]]
0.7356, [[0.7048393937031715, 0.5266045750889701], [0.7946293032124864, 0.0], [0.7002458647288856, 0.8010984343293955], [0.8214523253607174, 0.0], [0.68390369630136, 0.8000066719944404], [0.6861333545688033, 0.5471701209964421], [0.6988200379533299, 0.0], [0.6714839946511229, 0.7071684419642861], [0.6832066575031883, 0.5052228811387877], [0.6830132761388923, 0.0]]
0.7634, [[0.7210615890053261, 0.797997147324531], [0.6582373711968437, 0.3607442177777779], [0.6488208532712338, 0.09773789259259222], [0.8134883283624171, 0.0], [0.8922641696388469, 0.0], [0.7964743347751442, 0.0], [0.6590224418101052, 0.0], [0.6790460718818041, 0.0], [0.0, 0.0], [0.9816431036930692, 0.0]]
0.1082, [[0.9816431036930692, 0.0], [0.8134883283624171, 0.0], [0.8793723035301643, 0.0], [0.7784677609168189, 0.0], [0.6965384264835384, 0.0], [0.7379354536131589, 0.0], [0.7517498355031722, 0.0], [0.6892693075883204, 0.0], [0.6975948082646181, 0.0], [0.6911757014855973, 0.0]]
0.8125, [[0.7592233810734234, 0.8118865552466993], [0.7063947558237075, 0.7383886731150784], [0.695848603407915, 0.7108931999007932], [0.6887468892758194, 0.7028254409722228], [0.7033587274362483, 0.7099296726190488], [0.7028839328925659, 0.6765083849206356], [0.6702212432051599, 0.6460659995039683], [0.7987981403508935, 0.6323523392857162], [0.7652956368492525, 0.5047209024911015], [0.7169628163566408, 0.0]]
0.5877, [[0.6817086735021489, 0.6302542073412695], [0.7517498355031722, 0.0], [0.7014422315274037, 0.4979528455516035], [0.7179787514575982, 0.0], [0.6843828202785709, 0.4329802237037026], [0.686882346569323, 0.33965597925925806], [0.6645511284266586, 0.3290456074074082], [0.666362274786297, 0.19962978444444576], [0.6988820931672457, 0.0], [0.6973653482875803, 0.0]]
0.4840, [[0.669951375181851, 0.5139633679715315], [0.7356116480374096, 0.0], [0.6793981991421639, 0.49476355017793416], [0.6968501456976277, 0.0], [0.7268769416521799, 0.0], [0.6892693075883204, 0.0], [0.6551634733912423, 0.4195539251851853], [0.7116846247976529, 0.0], [0.6883341499460531, 0.0], [0.7029950550198109, 0.0]]
0.5929, [[0.6687117140480429, 0.6526486537698419], [0.6860972759560615, 0.6518308204365079], [0.699157733768593, 0.0], [0.6984736832710087, 0.0], [0.692809341070546, 0.0], [0.6909130491848368, 0.0], [0.6820622439070185, 0.6152991929563497], [0.6896589566059319, 0.0], [0.6647127606117417, 0.0], [0.6766894168975098, 0.0]]
0.6969, [[0.6902044652305881, 0.7197033373015871], [0.8793723035301643, 0.0], [0.7376084859944618, 0.6373570481150808], [0.7964743347751442, 0.0], [0.7711576991559163, 0.0], [0.6891293225708824, 0.5789964327402185], [0.7324821008298683, 0.0], [0.6683985516894443, 0.4127647577777786], [0.6671949691683775, 0.39463375925925914], [0.653232546037301, 0.3678209903703702]]
0.6194, [[0.6945180241699976, 0.5968183154761919], [0.8201911645457355, 0.0], [0.6876861780612105, 0.6643563273809532], [0.6928742825734813, 0.0], [0.691180030919126, 0.0], [0.6556628013915888, 0.4656548469750909], [0.689822031935525, 0.0], [0.6590181123765763, 0.4484193755555542], [0.6529727800255599, 0.37059287629629645], [0.6697190289157942, 0.22296218592592523]]
0.0800, [[0.6778655796728925, 0.0], [0.6774470677650877, 0.0], [0.6791773980321842, 0.0], [0.663919031131422, 0.0], [0.6812858321608152, 0.0], [0.6625451575582145, 0.0], [0.6733600825136964, 0.0], [0.6953709225752138, 0.0], [0.6953709225752138, 0.0], [0.7003035905092725, 0.0]]
0.7552, [[0.6907773936009276, 0.765739147817459], [0.7746258913971122, 0.7417385907738103], [0.6785063358351868, 0.7484001770833332], [0.7063947558237075, 0.7383886731150784], [0.7511075776807287, 0.44492675333333365], [0.7008462128449093, 0.6765925327380959], [0.6898840871494407, 0.6815016190476184], [0.7016558169148354, 0.2215685837037031], [0.7566893820285087, 0.0], [0.7045839571249598, 0.0]]
1.1610, [[0.9555907909317709, 0.9998745177665023], [0.7002458647288856, 0.8010984343293955], [0.7597138325014691, 0.3979839192592581], [0.7001924683820276, 0.8033115837387075], [0.7633922182118271, 0.0], [0.7048393937031715, 0.5266045750889701], [0.7544940280172487, 0.0], [0.6967274784143055, 0.5366683814946659], [0.6923980448852896, 0.0], [0.7034005786270288, 0.0]]
0.6874, [[0.7021580312042011, 0.6957924915674606], [0.7376084859944618, 0.6373570481150808], [0.9668711737768695, 0.0], [0.6845747584983576, 0.6778923035714288], [0.7008462128449093, 0.6765925327380959], [0.7018982651924601, 0.6594423730158726], [0.8427402528209784, 0.0], [0.6892390015536172, 0.43092294666666775], [0.841887801529373, 0.0], [0.6522641960713114, 0.3451101377777777]]
0.6312, [[1.0, 0.0], [0.6737627198318948, 0.673536784722222], [0.7058809495657534, 0.0], [0.978046459887387, 0.0], [0.6912464155665711, 0.0], [0.0, 0.0], [0.70101939018607, 0.0], [0.7014855258626939, 0.0], [0.6860626404878295, 0.0], [0.7003035905092725, 0.0]]
0.0851, [[0.6799249468881943, 0.0], [0.6183084489032387, 0.009875465925926325], [0.675742714099165, 0.0], [0.0, 0.0], [0.0, 0.0], [0.41294994997600265, 0.0], [0.0, 0.0], [0.0, 0.0], [0.0, 0.0], [0.0, 0.0]]
0.6975, [[0.8337019336469567, 0.37627796148148207], [0.6985184207508082, 0.5604362049822109], [0.7035679833901508, 0.6908597604166662], [0.6966149131425509, 0.3666671229629617], [0.6848475128106855, 0.43413562296296176], [0.6817086735021489, 0.6302542073412695], [0.656260263218593, 0.5386970676156568], [0.6719313694491211, 0.5231599629893271], [0.6843828202785709, 0.4329802237037026], [0.6755666504689848, 0.3615296748148155]]
