mean:1.078542,,,,,,,,,,,,,,,,,,,,,,,,,,,,,,
1.0997, [[0.8843951612903145,1.0, 0.9141580310880835], [0.8843951612903145,0.0, 0.9297656617993406], [0.7687903225806392,1.0, 0.8907465850211973], [0.2410716862037872,1.0, 0.8985504003768261], [0.7687903225806392,1.0, 0.8829427696655674], [0.8843951612903145,0.5226159999999929, 0.9141580310880835], [0.3186371864776445,1.0, 0.8907465850211973], [0.8843951612903145,0.0, 0.9141580310880835], [0.8843951612903145,0.5226159999999929, 0.8985504003768261], [0.8843951612903145,0.0, 0.921961846443712]]
1.0422, [[0.8843951612903145,0.0, 0.9297656617993406], [0.7687903225806392,1.0, 0.8829427696655674], [0.8843951612903145,0.5226159999999929, 0.8829427696655674], [0.7687903225806392,1.0, 0.8751389543099386], [0.8843951612903145,0.5226159999999929, 0.8751389543099386], [0.7687903225806392,1.0, 0.9063542157324547], [0.7687903225806392,0.5226159999999929, 0.921961846443712], [0.8843951612903145,0.0, 0.8907465850211973], [0.38199664667393674,1.0, 0.8907465850211973], [0.8843951612903145,0.0, 0.9063542157324547]]
1.0959, [[0.8843951612903145,1.0, 0.8985504003768261], [0.8843951612903145,0.5226159999999929, 0.8907465850211973], [0.8843951612903145,0.5226159999999929, 0.8907465850211973], [0.8843951612903145,0.5226159999999929, 0.9141580310880835], [0.7687903225806392,0.5226159999999929, 0.921961846443712], [0.8843951612903145,0.0, 0.9297656617993406], [0.8843951612903145,0.0, 0.8829427696655674], [0.7687903225806392,1.0, 0.8829427696655674], [0.8843951612903145,0.0, 0.8985504003768261], [0.8843951612903145,0.0, 0.9297656617993406]]
1.1012, [[0.30413064340239915,0.5226159999999929, 0.9375694771549694], [0.8843951612903145,0.0, 0.921961846443712], [0.7687903225806392,0.5226159999999929, 0.921961846443712], [0.7687903225806392,0.0, 0.9531771078662281], [0.8843951612903145,1.0, 0.8985504003768261], [0.8843951612903145,0.5226159999999929, 0.9141580310880835], [0.8843951612903145,0.5226159999999929, 0.9141580310880835], [0.8843951612903145,0.0, 0.921961846443712], [0.8843951612903145,0.0, 0.921961846443712], [0.7687903225806392,1.0, 0.8985504003768261]]
1.0372, [[0.8843951612903145,0.0, 0.945373292510598], [0.7687903225806392,1.0, 0.8907465850211973], [0.7687903225806392,0.5226159999999929, 0.921961846443712], [0.7687903225806392,1.0, 0.8517275082430527], [0.8843951612903145,0.0, 0.9297656617993406], [0.7687903225806392,0.5226159999999929, 0.9063542157324547], [0.8265927419354768,0.0, 0.9141580310880835], [0.8843951612903145,0.5226159999999929, 0.8829427696655674], [0.8843951612903145,0.0, 0.9063542157324547], [0.7687903225806392,0.5226159999999929, 0.8595313235986812]]
1.1168, [[0.7687903225806392,0.5226159999999929, 0.9375694771549694], [0.8843951612903145,1.0, 0.921961846443712], [0.8843951612903145,0.0, 0.9531771078662281], [0.7687903225806392,0.5226159999999929, 0.9297656617993406], [0.7687903225806392,1.0, 0.8907465850211973], [0.7687903225806392,1.0, 0.8907465850211973], [0.7687903225806392,1.0, 0.8517275082430527], [0.7687903225806392,1.0, 0.8595313235986812], [0.8843951612903145,1.0, 0.8595313235986812], [0.8843951612903145,0.5226159999999929, 0.921961846443712]]
1.091, [[0.7687903225806392,1.0, 0.8985504003768261], [0.7687903225806392,0.5226159999999929, 0.921961846443712], [0.8843951612903145,1.0, 0.8751389543099386], [0.7687903225806392,1.0, 0.8829427696655674], [0.7687903225806392,1.0, 0.8517275082430527], [0.7687903225806392,0.5226159999999929, 0.9141580310880835], [0.7687903225806392,0.5226159999999929, 0.9063542157324547], [0.7687903225806392,0.5226159999999929, 0.9063542157324547], [0.7687903225806392,0.5226159999999929, 0.9063542157324547], [0.7687903225806392,0.5226159999999929, 0.9063542157324547]]
1.1157, [[0.8843951612903145,1.0, 0.9297656617993406], [0.8843951612903145,1.0, 0.8907465850211973], [0.8843951612903145,0.5226159999999929, 0.9141580310880835], [0.8843951612903145,0.5226159999999929, 0.8985504003768261], [0.8843951612903145,0.5226159999999929, 0.921961846443712], [0.7687903225806392,0.5226159999999929, 0.9141580310880835], [0.7687903225806392,0.0, 0.9375694771549694], [0.7687903225806392,0.5226159999999929, 0.8985504003768261], [0.7687903225806392,0.5226159999999929, 0.9297656617993406], [0.7687903225806392,0.5226159999999929, 0.9063542157324547]]
1.0991, [[0.8843951612903145,0.0, 0.9609809232218567], [0.8843951612903145,0.5226159999999929, 0.9141580310880835], [0.8843951612903145,0.0, 0.9141580310880835], [0.8843951612903145,1.0, 0.9063542157324547], [0.7687903225806392,0.5226159999999929, 0.9063542157324547], [0.8843951612903145,0.0, 0.9063542157324547], [0.0,0.0, 0.00040173653858614663], [0.8843951612903145,0.0, 0.8907465850211973], [0.7687903225806392,1.0, 0.8985504003768261], [0.7687903225806392,1.0, 0.8907465850211973]]
1.05, [[0.8843951612903145,0.0, 0.9297656617993406], [0.8843951612903145,0.5226159999999929, 0.9063542157324547], [0.7687903225806392,1.0, 0.921961846443712], [0.8843951612903145,0.0, 0.921961846443712], [0.8843951612903145,0.5226159999999929, 0.8985504003768261], [0.8843951612903145,0.0, 0.9063542157324547], [0.8843951612903145,0.5226159999999929, 0.8985504003768261], [0.7687903225806392,1.0, 0.9141580310880835], [0.7687903225806392,0.5226159999999929, 0.921961846443712], [0.7687903225806392,0.0, 0.921961846443712]]
1.0636, [[0.8843951612903145,0.5226159999999929, 0.8829427696655674], [0.7687903225806392,1.0, 0.9297656617993406], [0.7687903225806392,1.0, 0.8751389543099386], [0.7687903225806392,1.0, 0.8751389543099386], [0.8843951612903145,0.0, 0.9063542157324547], [0.8843951612903145,0.0, 0.86733513895431], [0.7687903225806392,0.5226159999999929, 0.945373292510598], [0.7687903225806392,0.5226159999999929, 0.9063542157324547], [0.7687903225806392,0.5226159999999929, 0.8985504003768261], [0.7687903225806392,0.5226159999999929, 0.86733513895431]]
1.0902, [[0.8843951612903145,1.0, 0.8907465850211973], [0.7687903225806392,1.0, 0.9063542157324547], [0.7687903225806392,1.0, 0.86733513895431], [0.8843951612903145,0.0, 0.9297656617993406], [0.7687903225806392,1.0, 0.8829427696655674], [0.8843951612903145,0.0, 0.8595313235986812], [0.8843951612903145,0.0, 0.86733513895431], [0.6531854838709639,1.0, 0.8829427696655674], [0.7687903225806392,0.5226159999999929, 0.8985504003768261], [0.8265927419354768,0.0, 0.9297656617993406]]
1.0357, [[0.7687903225806392,1.0, 0.8517275082430527], [0.8843951612903145,0.0, 0.945373292510598], [0.7687903225806392,1.0, 0.9063542157324547], [0.8265927419354768,0.0, 0.945373292510598], [0.8843951612903145,0.5226159999999929, 0.86733513895431], [0.7687903225806392,0.5226159999999929, 0.8907465850211973], [0.7687903225806392,0.5226159999999929, 0.8751389543099386], [0.7109879032258015,0.5226159999999929, 0.8829427696655674], [0.7109879032258015,0.5226159999999929, 0.8751389543099386], [0.8843951612903145,0.0, 0.9375694771549694]]
0.9681, [[0.7687903225806392,1.0, 0.8751389543099386], [0.7687903225806392,1.0, 0.86733513895431], [0.7687903225806392,0.0, 0.9531771078662281], [0.7687903225806392,0.5226159999999929, 0.9141580310880835], [0.7687903225806392,0.5226159999999929, 0.8829427696655674], [0.8843951612903145,0.0, 0.9141580310880835], [0.8843951612903145,0.0, 0.9141580310880835], [0.0,0.0, 0.002112356638372319], [0.8843951612903145,0.0, 0.8517275082430527], [0.8843951612903145,0.0, 0.8751389543099386]]
1.0978, [[0.7687903225806392,0.0, 0.9375694771549694], [0.9421975806451623,0.0, 0.8985504003768261], [0.8843951612903145,1.0, 0.8829427696655674], [0.8843951612903145,0.5226159999999929, 0.9141580310880835], [0.8843951612903145,0.5226159999999929, 0.8985504003768261], [0.7687903225806392,1.0, 0.8751389543099386], [0.7687903225806392,1.0, 0.8985504003768261], [0.8843951612903145,0.0, 0.8829427696655674], [0.7687903225806392,0.5226159999999929, 0.9063542157324547], [0.8843951612903145,0.0, 0.86733513895431]]
1.1066, [[0.7687903225806392,1.0, 0.8985504003768261], [0.8843951612903145,1.0, 0.86733513895431], [0.7687903225806392,1.0, 0.86733513895431], [0.8843951612903145,1.0, 0.921961846443712], [0.8843951612903145,0.5226159999999929, 0.8907465850211973], [0.3032773173391494,0.5226159999999929, 0.86733513895431], [0.7687903225806392,0.5226159999999929, 0.921961846443712], [0.7687903225806392,0.5226159999999929, 0.921961846443712], [0.3194905125408942,0.5226159999999929, 0.8751389543099386], [0.8843951612903145,0.5226159999999929, 0.8985504003768261]]
1.0781, [[0.7687903225806392,0.0, 0.945373292510598], [0.8843951612903145,1.0, 0.8907465850211973], [0.8843951612903145,0.0, 0.9375694771549694], [0.8843951612903145,0.0, 0.9375694771549694], [0.7687903225806392,0.0, 0.945373292510598], [0.7687903225806392,1.0, 0.8907465850211973], [0.7687903225806392,1.0, 0.8829427696655674], [0.7687903225806392,0.0, 0.8829427696655674], [0.7687903225806392,0.5226159999999929, 0.8751389543099386], [0.7687903225806392,0.0, 0.9375694771549694]]
1.0982, [[0.8843951612903145,1.0, 0.9141580310880835], [0.8843951612903145,0.5226159999999929, 0.9141580310880835], [0.8843951612903145,0.5226159999999929, 0.9141580310880835], [0.8843951612903145,0.5226159999999929, 0.8985504003768261], [0.7687903225806392,1.0, 0.8829427696655674], [0.7687903225806392,1.0, 0.8829427696655674], [0.8843951612903145,0.0, 0.9063542157324547], [0.8843951612903145,0.0, 0.8907465850211973], [0.8843951612903145,0.0, 0.86733513895431], [0.8843951612903145,0.0, 0.8595313235986812]]
1.034, [[0.8843951612903145,0.0, 0.9375694771549694], [0.7687903225806392,1.0, 0.8985504003768261], [0.7687903225806392,0.5226159999999929, 0.9063542157324547], [0.8843951612903145,0.5226159999999929, 0.9063542157324547], [0.7687903225806392,0.0, 0.9297656617993406], [0.8843951612903145,0.5226159999999929, 0.8985504003768261], [0.8843951612903145,0.0, 0.921961846443712], [0.7109879032258015,0.0, 0.921961846443712], [0.8843951612903145,0.5226159999999929, 0.8907465850211973], [0.8843951612903145,0.5226159999999929, 0.8907465850211973]]
1.0992, [[0.7687903225806392,1.0, 0.9141580310880835], [0.8843951612903145,1.0, 0.8985504003768261], [0.8843951612903145,0.0, 0.921961846443712], [0.7687903225806392,0.0, 0.945373292510598], [0.7687903225806392,0.5226159999999929, 0.9141580310880835], [0.7687903225806392,1.0, 0.8907465850211973], [0.8843951612903145,0.5226159999999929, 0.8985504003768261], [0.8843951612903145,0.5226159999999929, 0.8985504003768261], [0.8843951612903145,0.0, 0.921961846443712], [0.7687903225806392,0.0, 0.9141580310880835]]
1.1074, [[0.8843951612903145,1.0, 0.921961846443712], [0.8843951612903145,0.0, 0.9297656617993406], [0.8843951612903145,1.0, 0.9141580310880835], [0.8843951612903145,0.5226159999999929, 0.9141580310880835], [0.8843951612903145,1.0, 0.8751389543099386], [0.8843951612903145,0.0, 0.9141580310880835], [0.3214104961832061,1.0, 0.9063542157324547], [0.8843951612903145,0.5226159999999929, 0.8985504003768261], [0.8843951612903145,0.5226159999999929, 0.8907465850211973], [0.8843951612903145,0.5226159999999929, 0.8829427696655674]]
1.0313, [[0.7687903225806392,1.0, 0.8907465850211973], [0.8843951612903145,0.5226159999999929, 0.8907465850211973], [0.8843951612903145,0.0, 0.921961846443712], [0.3058372955288986,1.0, 0.9063542157324547], [0.7687903225806392,0.5226159999999929, 0.9063542157324547], [0.8843951612903145,0.0, 0.9063542157324547], [0.7687903225806392,0.0, 0.9141580310880835], [0.7687903225806392,0.5226159999999929, 0.8985504003768261], [0.7687903225806392,0.5226159999999929, 0.8985504003768261], [0.8843951612903145,0.0, 0.9063542157324547]]
1.132, [[0.8843951612903145,1.0, 0.945373292510598], [0.8843951612903145,1.0, 0.921961846443712], [0.8843951612903145,1.0, 0.86733513895431], [0.8843951612903145,0.5226159999999929, 0.921961846443712], [0.8843951612903145,0.5226159999999929, 0.8985504003768261], [0.8843951612903145,0.0, 0.8985504003768261], [0.8843951612903145,0.5226159999999929, 0.8907465850211973], [0.8843951612903145,0.5226159999999929, 0.8907465850211973], [0.8843951612903145,0.0, 0.8907465850211973], [0.8843951612903145,0.5226159999999929, 0.8595313235986812]]
0.9776, [[0.7687903225806392,1.0, 0.9063542157324547], [0.7687903225806392,0.0, 0.9531771078662281], [0.7687903225806392,1.0, 0.86733513895431], [0.7687903225806392,0.0, 0.9297656617993406], [0.8843951612903145,0.0, 0.921961846443712], [0.8843951612903145,0.0, 0.921961846443712], [0.8843951612903145,0.0, 0.9141580310880835], [0.8843951612903145,0.0, 0.9141580310880835], [0.8843951612903145,0.0, 0.9141580310880835], [0.8843951612903145,0.0, 0.9141580310880835]]
1.1257, [[0.8843951612903145,1.0, 0.921961846443712], [0.8843951612903145,0.5226159999999929, 0.9531771078662281], [0.8843951612903145,0.5226159999999929, 0.9297656617993406], [0.7687903225806392,1.0, 0.9063542157324547], [0.8843951612903145,0.5226159999999929, 0.9063542157324547], [0.8843951612903145,0.5226159999999929, 0.8985504003768261], [0.7687903225806392,1.0, 0.8985504003768261], [0.8843951612903145,0.5226159999999929, 0.8985504003768261], [0.7687903225806392,0.5226159999999929, 0.9297656617993406], [0.7687903225806392,0.5226159999999929, 0.8751389543099386]]
1.0377, [[0.8265927419354768,0.0, 0.9375694771549694], [0.7687903225806392,1.0, 0.8907465850211973], [0.7687903225806392,0.5226159999999929, 0.921961846443712], [0.8843951612903145,0.5226159999999929, 0.9063542157324547], [0.7687903225806392,1.0, 0.8829427696655674], [0.7687903225806392,0.0, 0.9141580310880835], [0.8843951612903145,0.5226159999999929, 0.8985504003768261], [0.8843951612903145,0.5226159999999929, 0.8985504003768261], [0.7687903225806392,0.0, 0.921961846443712], [0.8843951612903145,0.0, 0.9141580310880835]]
1.0545, [[0.8843951612903145,0.5226159999999929, 0.9297656617993406], [0.7687903225806392,1.0, 0.8907465850211973], [1.0,0.0, 0.8985504003768261], [0.7687903225806392,1.0, 0.8907465850211973], [0.7687903225806392,1.0, 0.8829427696655674], [0.9421975806451623,0.0, 0.921961846443712], [0.8843951612903145,0.0, 0.9375694771549694], [0.8843951612903145,0.0, 0.921961846443712], [0.7687903225806392,0.5226159999999929, 0.9063542157324547], [0.7687903225806392,0.5226159999999929, 0.8829427696655674]]
1.0444, [[0.8843951612903145,0.0, 0.9375694771549694], [0.8843951612903145,0.0, 0.9375694771549694], [0.7687903225806392,0.0, 0.945373292510598], [0.323330479825518,0.5226159999999929, 0.9297656617993406], [0.7687903225806392,1.0, 0.8907465850211973], [0.7687903225806392,1.0, 0.8985504003768261], [0.8843951612903145,0.5226159999999929, 0.921961846443712], [0.6531854838709639,1.0, 0.8907465850211973], [0.8843951612903145,0.5226159999999929, 0.9141580310880835], [0.8843951612903145,0.5226159999999929, 0.9063542157324547]]
1.0817, [[0.8843951612903145,1.0, 0.8517275082430527], [0.8843951612903145,0.0, 0.945373292510598], [0.8843951612903145,0.0, 0.9141580310880835], [0.7687903225806392,1.0, 0.86733513895431], [0.8843951612903145,0.0, 0.8595313235986812], [0.8843951612903145,0.0, 0.8829427696655674], [0.7687903225806392,0.5226159999999929, 0.9063542157324547], [0.7687903225806392,0.5226159999999929, 0.9063542157324547], [0.4082364231188658,1.0, 0.8595313235986812], [0.7687903225806392,0.5226159999999929, 0.9297656617993406]]
1.107, [[0.8843951612903145,1.0, 0.9141580310880835], [0.9421975806451623,0.0, 0.8985504003768261], [0.8843951612903145,0.5226159999999929, 0.8829427696655674], [0.8843951612903145,0.0, 0.945373292510598], [0.7687903225806392,0.5226159999999929, 0.9063542157324547], [0.8843951612903145,0.0, 0.9297656617993406], [0.8843951612903145,0.0, 0.9063542157324547], [0.8843951612903145,0.0, 0.9063542157324547], [0.8843951612903145,0.0, 0.8829427696655674], [0.7687903225806392,0.0, 0.945373292510598]]
1.0976, [[0.8843951612903145,0.0, 0.9375694771549694], [0.7687903225806392,1.0, 0.9141580310880835], [0.8843951612903145,0.0, 0.9297656617993406], [0.8843951612903145,1.0, 0.8751389543099386], [0.8265927419354768,1.0, 0.8829427696655674], [0.7687903225806392,0.5226159999999929, 0.9141580310880835], [0.7687903225806392,1.0, 0.86733513895431], [0.8843951612903145,0.0, 0.921961846443712], [0.8843951612903145,0.0, 0.921961846443712], [0.8843951612903145,0.5226159999999929, 0.8985504003768261]]
0.8696, [[0.3246104689203926,1.0, 0.945373292510598], [0.8843951612903145,0.5226159999999929, 0.9141580310880835], [0.8843951612903145,0.5226159999999929, 0.9141580310880835], [0.3824233097055616,1.0, 0.86733513895431], [0.8843951612903145,0.5226159999999929, 0.9141580310880835], [0.7687903225806392,0.0, 0.9375694771549694], [0.8843951612903145,0.0, 0.9297656617993406], [0.8843951612903145,0.0, 0.9297656617993406], [0.8843951612903145,0.5226159999999929, 0.9063542157324547], [0.8843951612903145,0.5226159999999929, 0.9063542157324547]]
1.1073, [[0.8265927419354768,0.0, 0.9297656617993406], [0.8843951612903145,1.0, 0.921961846443712], [0.8843951612903145,1.0, 0.8985504003768261], [0.7687903225806392,1.0, 0.8829427696655674], [0.7687903225806392,1.0, 0.8595313235986812], [0.8843951612903145,1.0, 0.8751389543099386], [0.7687903225806392,1.0, 0.9063542157324547], [0.8843951612903145,0.5226159999999929, 0.86733513895431], [0.6531854838709639,0.5226159999999929, 0.921961846443712], [0.7687903225806392,0.5226159999999929, 0.9063542157324547]]
1.0443, [[0.8843951612903145,0.0, 0.945373292510598], [0.8843951612903145,0.5226159999999929, 0.8985504003768261], [0.8843951612903145,0.5226159999999929, 0.8829427696655674], [0.7687903225806392,1.0, 0.9141580310880835], [0.8843951612903145,0.0, 0.9297656617993406], [0.38220997818974917,0.5226159999999929, 0.9141580310880835], [0.7687903225806392,1.0, 0.8751389543099386], [0.8843951612903145,0.0, 0.9141580310880835], [0.8843951612903145,0.0, 0.9141580310880835], [0.8843951612903145,0.0, 0.9141580310880835]]
1.1107, [[0.7687903225806392,1.0, 0.921961846443712], [0.9421975806451623,0.0, 0.8985504003768261], [0.8843951612903145,1.0, 0.8907465850211973], [0.8843951612903145,1.0, 0.8907465850211973], [0.8843951612903145,0.5226159999999929, 0.921961846443712], [0.8843951612903145,1.0, 0.8751389543099386], [0.8843951612903145,0.5226159999999929, 0.9141580310880835], [0.7687903225806392,1.0, 0.8751389543099386], [0.8843951612903145,0.5226159999999929, 0.9063542157324547], [0.8843951612903145,0.5226159999999929, 0.8829427696655674]]
1.0895, [[0.8843951612903145,1.0, 0.8907465850211973], [0.8843951612903145,0.5226159999999929, 0.9141580310880835], [0.8843951612903145,0.0, 0.9297656617993406], [0.7687903225806392,1.0, 0.86733513895431], [0.7687903225806392,1.0, 0.8751389543099386], [0.6531854838709639,1.0, 0.8907465850211973], [0.7687903225806392,1.0, 0.8829427696655674], [0.8843951612903145,0.0, 0.9375694771549694], [0.8843951612903145,0.0, 0.9297656617993406], [0.8843951612903145,0.0, 0.9297656617993406]]
1.1345, [[0.7687903225806392,1.0, 0.921961846443712], [0.8843951612903145,1.0, 0.9063542157324547], [0.8843951612903145,0.5226159999999929, 0.9687847385774855], [0.8843951612903145,0.5226159999999929, 0.9297656617993406], [0.8843951612903145,0.5226159999999929, 0.9141580310880835], [0.8843951612903145,0.5226159999999929, 0.9141580310880835], [0.8843951612903145,0.5226159999999929, 0.9063542157324547], [0.8843951612903145,0.5226159999999929, 0.8985504003768261], [0.8843951612903145,0.5226159999999929, 0.8907465850211973], [0.8843951612903145,0.5226159999999929, 0.8985504003768261]]
1.0962, [[0.8843951612903145,1.0, 0.8907465850211973], [0.8265927419354768,1.0, 0.8829427696655674], [0.8843951612903145,1.0, 0.86733513895431], [0.7687903225806392,0.5226159999999929, 0.9297656617993406], [0.7687903225806392,1.0, 0.86733513895431], [0.8843951612903145,0.5226159999999929, 0.921961846443712], [0.8843951612903145,0.0, 0.921961846443712], [0.8843951612903145,0.5226159999999929, 0.9141580310880835], [0.8843951612903145,0.0, 0.921961846443712], [0.8843951612903145,0.0, 0.9141580310880835]]
1.0856, [[0.9421975806451623,0.5226159999999929, 0.8751389543099386], [0.7687903225806392,1.0, 0.921961846443712], [0.8843951612903145,0.0, 0.9297656617993406], [0.9421975806451623,0.5226159999999929, 0.8751389543099386], [0.8843951612903145,0.5226159999999929, 0.9141580310880835], [0.7687903225806392,1.0, 0.8751389543099386], [0.8843951612903145,0.5226159999999929, 0.9063542157324547], [0.8843951612903145,0.0, 0.9141580310880835], [0.8843951612903145,0.0, 0.9141580310880835], [0.8843951612903145,0.5226159999999929, 0.9063542157324547]]
1.087, [[0.8843951612903145,1.0, 0.8751389543099386], [0.8843951612903145,0.5226159999999929, 0.8907465850211973], [0.8843951612903145,0.5226159999999929, 0.8829427696655674], [0.8843951612903145,0.5226159999999929, 0.8595313235986812], [0.7687903225806392,1.0, 0.8829427696655674], [0.8843951612903145,0.5226159999999929, 0.8751389543099386], [0.6531854838709639,0.5226159999999929, 0.9141580310880835], [0.6531854838709639,0.5226159999999929, 0.9297656617993406], [0.7687903225806392,0.5226159999999929, 0.8751389543099386], [0.7687903225806392,0.5226159999999929, 0.8907465850211973]]
1.0795, [[0.8843951612903145,0.0, 0.9609809232218567], [0.8843951612903145,0.0, 0.9375694771549694], [0.7687903225806392,1.0, 0.9141580310880835], [0.9421975806451623,0.5226159999999929, 0.8751389543099386], [0.8843951612903145,0.0, 0.9375694771549694], [0.7687903225806392,1.0, 0.8985504003768261], [0.8843951612903145,0.0, 0.9141580310880835], [0.8843951612903145,0.0, 0.9141580310880835], [0.7687903225806392,0.5226159999999929, 0.8907465850211973], [0.7687903225806392,0.5226159999999929, 0.8907465850211973]]
1.0914, [[0.8843951612903145,1.0, 0.8829427696655674], [0.8843951612903145,0.5226159999999929, 0.9063542157324547], [0.7687903225806392,1.0, 0.8985504003768261], [0.8265927419354768,1.0, 0.8829427696655674], [0.7687903225806392,1.0, 0.8829427696655674], [0.8843951612903145,0.5226159999999929, 0.9141580310880835], [0.7687903225806392,0.5226159999999929, 0.8985504003768261], [0.8843951612903145,0.0, 0.8985504003768261], [0.8843951612903145,0.0, 0.921961846443712], [0.7687903225806392,0.0, 0.9297656617993406]]
1.0355, [[0.7687903225806392,0.0, 0.9141580310880835], [0.7687903225806392,1.0, 0.9063542157324547], [0.8843951612903145,0.0, 0.9297656617993406], [0.7687903225806392,1.0, 0.8829427696655674], [0.8843951612903145,0.0, 0.9297656617993406], [0.8843951612903145,0.0, 0.9297656617993406], [0.8843951612903145,0.5226159999999929, 0.8595313235986812], [0.8843951612903145,0.0, 0.921961846443712], [0.8843951612903145,0.5226159999999929, 0.8751389543099386], [0.8843951612903145,0.5226159999999929, 0.8907465850211973]]
1.1176, [[0.8843951612903145,1.0, 0.8907465850211973], [0.8843951612903145,0.5226159999999929, 0.9531771078662281], [0.7687903225806392,1.0, 0.9063542157324547], [0.8843951612903145,0.5226159999999929, 0.8985504003768261], [0.7687903225806392,1.0, 0.8985504003768261], [0.7687903225806392,1.0, 0.8907465850211973], [0.7687903225806392,1.0, 0.8517275082430527], [0.3186371864776445,1.0, 0.9063542157324547], [0.8843951612903145,0.0, 0.8595313235986812], [0.7687903225806392,0.5226159999999929, 0.9297656617993406]]
1.1077, [[0.8843951612903145,0.5226159999999929, 0.9297656617993406], [0.8843951612903145,1.0, 0.9141580310880835], [0.8843951612903145,1.0, 0.9063542157324547], [0.7687903225806392,1.0, 0.8751389543099386], [0.8843951612903145,0.5226159999999929, 0.9063542157324547], [0.8843951612903145,0.5226159999999929, 0.9063542157324547], [0.7687903225806392,0.5226159999999929, 0.9063542157324547], [0.7687903225806392,0.5226159999999929, 0.9063542157324547], [0.8843951612903145,0.5226159999999929, 0.8985504003768261], [0.6531854838709639,0.5226159999999929, 0.8751389543099386]]
1.1267, [[0.8843951612903145,0.5226159999999929, 0.9687847385774855], [0.8843951612903145,1.0, 0.8829427696655674], [0.7687903225806392,1.0, 0.9063542157324547], [0.7687903225806392,1.0, 0.8751389543099386], [0.7687903225806392,1.0, 0.8829427696655674], [0.8843951612903145,0.5226159999999929, 0.8829427696655674], [0.8843951612903145,0.5226159999999929, 0.9141580310880835], [0.7687903225806392,0.5226159999999929, 0.8907465850211973], [0.7687903225806392,0.5226159999999929, 0.8907465850211973], [0.8843951612903145,0.0, 0.8907465850211973]]
1.0566, [[0.7687903225806392,0.0, 0.945373292510598], [0.7687903225806392,1.0, 0.8985504003768261], [0.8843951612903145,0.5226159999999929, 0.9375694771549694], [0.9421975806451623,0.0, 0.9063542157324547], [0.30349064885496185,1.0, 0.8595313235986812], [0.8843951612903145,0.0, 0.9375694771549694], [0.8843951612903145,0.0, 0.9375694771549694], [0.8843951612903145,0.5226159999999929, 0.9063542157324547], [0.8843951612903145,0.0, 0.921961846443712], [0.8843951612903145,0.0, 0.8985504003768261]]
1.1068, [[0.7687903225806392,0.5226159999999929, 0.9297656617993406], [0.8843951612903145,1.0, 0.9141580310880835], [0.7687903225806392,1.0, 0.9141580310880835], [0.7687903225806392,0.0, 0.9297656617993406], [0.7687903225806392,0.5226159999999929, 0.9141580310880835], [0.8843951612903145,0.5226159999999929, 0.9141580310880835], [0.8843951612903145,0.5226159999999929, 0.9141580310880835], [0.8843951612903145,0.0, 0.9297656617993406], [0.8843951612903145,0.5226159999999929, 0.9063542157324547], [0.381143320610687,0.5226159999999929, 0.9063542157324547]]
1.0418, [[0.8843951612903145,0.5226159999999929, 0.8829427696655674], [0.8843951612903145,0.0, 0.9297656617993406], [0.8843951612903145,0.5226159999999929, 0.8595313235986812], [0.7687903225806392,1.0, 0.8595313235986812], [0.7687903225806392,1.0, 0.8829427696655674], [0.7687903225806392,1.0, 0.9141580310880835], [0.3817833151581243,1.0, 0.8829427696655674], [0.8843951612903145,0.0, 0.921961846443712], [0.8843951612903145,0.0, 0.8829427696655674], [0.7687903225806392,0.5226159999999929, 0.8751389543099386]]
1.1052, [[0.8843951612903145,1.0, 0.8985504003768261], [0.7687903225806392,1.0, 0.8907465850211973], [0.8843951612903145,0.5226159999999929, 0.9375694771549694], [0.7687903225806392,0.5226159999999929, 0.9297656617993406], [0.7687903225806392,0.0, 0.9375694771549694], [0.38348996728462376,0.5226159999999929, 0.8751389543099386], [0.7687903225806392,0.5226159999999929, 0.8985504003768261], [0.7687903225806392,0.5226159999999929, 0.8517275082430527], [0.8843951612903145,0.5226159999999929, 0.8907465850211973], [0.7687903225806392,0.5226159999999929, 0.9063542157324547]]
1.1, [[0.8843951612903145,0.0, 0.9297656617993406], [0.8843951612903145,0.5226159999999929, 0.921961846443712], [0.8843951612903145,1.0, 0.9063542157324547], [0.7687903225806392,0.5226159999999929, 0.921961846443712], [0.8843951612903145,0.0, 0.9141580310880835], [0.7687903225806392,1.0, 0.8907465850211973], [0.8843951612903145,0.5226159999999929, 0.9063542157324547], [0.7109879032258015,1.0, 0.86733513895431], [0.8843951612903145,0.0, 0.9141580310880835], [0.8843951612903145,0.5226159999999929, 0.8829427696655674]]
1.1012, [[0.8843951612903145,0.0, 0.945373292510598], [0.8843951612903145,1.0, 0.9141580310880835], [0.8843951612903145,1.0, 0.8985504003768261], [0.8843951612903145,1.0, 0.8985504003768261], [0.7687903225806392,1.0, 0.8985504003768261], [0.8843951612903145,0.0, 0.9375694771549694], [0.8843951612903145,0.0, 0.9375694771549694], [0.8843951612903145,0.5226159999999929, 0.9063542157324547], [0.8843951612903145,0.5226159999999929, 0.9063542157324547], [0.7109879032258015,0.0, 0.8751389543099386]]
1.1046, [[0.8843951612903145,0.0, 0.9375694771549694], [0.8843951612903145,1.0, 0.8829427696655674], [0.8843951612903145,0.5226159999999929, 0.8985504003768261], [0.8843951612903145,0.0, 0.8907465850211973], [0.7687903225806392,1.0, 0.921961846443712], [0.7687903225806392,0.0, 0.9063542157324547], [0.8843951612903145,0.0, 0.8907465850211973], [0.7687903225806392,0.5226159999999929, 0.8985504003768261], [0.7687903225806392,0.5226159999999929, 0.9063542157324547], [0.7687903225806392,0.5226159999999929, 0.8751389543099386]]
1.0993, [[0.9421975806451623,0.0, 0.8985504003768261], [0.8843951612903145,0.0, 0.945373292510598], [0.8843951612903145,1.0, 0.9063542157324547], [0.8843951612903145,0.0, 0.921961846443712], [0.8265927419354768,0.0, 0.945373292510598], [0.7687903225806392,1.0, 0.9063542157324547], [0.8843951612903145,0.0, 0.9141580310880835], [0.8843951612903145,0.0, 0.9141580310880835], [0.8843951612903145,0.0, 0.9141580310880835], [0.7687903225806392,1.0, 0.8985504003768261]]
1.0769, [[0.7687903225806392,0.5226159999999929, 0.9297656617993406], [0.8843951612903145,1.0, 0.8517275082430527], [0.8843951612903145,0.5226159999999929, 0.9063542157324547], [0.8843951612903145,0.5226159999999929, 0.9063542157324547], [0.7687903225806392,0.0, 0.9141580310880835], [0.8843951612903145,0.0, 0.921961846443712], [0.8843951612903145,0.5226159999999929, 0.8985504003768261], [0.7687903225806392,0.5226159999999929, 0.8985504003768261], [0.8843951612903145,0.0, 0.9063542157324547], [0.8843951612903145,0.0, 0.9141580310880835]]
1.1001, [[0.8843951612903145,0.0, 0.9609809232218567], [0.8843951612903145,1.0, 0.8829427696655674], [0.7687903225806392,0.5226159999999929, 0.9297656617993406], [0.32311714830970556,0.5226159999999929, 0.9375694771549694], [0.8843951612903145,1.0, 0.8907465850211973], [0.8843951612903145,0.0, 0.9375694771549694], [0.8843951612903145,0.5226159999999929, 0.9063542157324547], [0.8843951612903145,0.5226159999999929, 0.9063542157324547], [0.7687903225806392,1.0, 0.8751389543099386], [0.7687903225806392,0.5226159999999929, 0.8751389543099386]]
1.1151, [[0.8843951612903145,1.0, 0.9297656617993406], [0.7687903225806392,1.0, 0.9141580310880835], [0.7687903225806392,0.0, 0.921961846443712], [0.7109879032258015,1.0, 0.9063542157324547], [0.7687903225806392,0.0, 0.9141580310880835], [0.8843951612903145,0.0, 0.9141580310880835], [0.7687903225806392,0.0, 0.9141580310880835], [0.7687903225806392,1.0, 0.8907465850211973], [0.7687903225806392,0.0, 0.9063542157324547], [0.7687903225806392,0.0, 0.9063542157324547]]
1.1003, [[0.8843951612903145,0.5226159999999929, 0.9141580310880835], [0.9421975806451623,0.0, 0.8985504003768261], [0.8843951612903145,0.5226159999999929, 0.9141580310880835], [0.8843951612903145,1.0, 0.9063542157324547], [0.8843951612903145,0.0, 0.9141580310880835], [0.8843951612903145,1.0, 0.86733513895431], [0.8843951612903145,0.5226159999999929, 0.9063542157324547], [0.8843951612903145,0.0, 0.9141580310880835], [0.7687903225806392,0.5226159999999929, 0.8985504003768261], [0.7687903225806392,1.0, 0.8907465850211973]]
1.1166, [[0.8843951612903145,1.0, 0.9297656617993406], [0.8843951612903145,1.0, 0.9141580310880835], [0.8843951612903145,0.5226159999999929, 0.921961846443712], [0.8843951612903145,0.0, 0.945373292510598], [0.7687903225806392,0.0, 0.9063542157324547], [0.8843951612903145,0.0, 0.8985504003768261], [0.8843951612903145,0.0, 0.8595313235986812], [0.8843951612903145,0.0, 0.8907465850211973], [0.7687903225806392,0.0, 0.8829427696655674], [0.8843951612903145,0.0, 0.8595313235986812]]
0.569, [[0.9421975806451623,0.0, 0.8985504003768261], [0.7687903225806392,0.5226159999999929, 0.9141580310880835], [0.8843951612903145,0.0, 0.921961846443712], [0.8265927419354768,0.0, 0.945373292510598], [0.7687903225806392,0.5226159999999929, 0.8907465850211973], [0.8843951612903145,0.0, 0.9141580310880835], [0.8843951612903145,0.0, 0.9063542157324547], [0.8843951612903145,0.0, 0.9063542157324547], [0.8843951612903145,0.0, 0.9063542157324547], [0.8843951612903145,0.0, 0.8985504003768261]]
1.0972, [[0.8843951612903145,0.5226159999999929, 0.921961846443712], [0.8843951612903145,0.0, 0.9375694771549694], [0.8843951612903145,1.0, 0.8985504003768261], [0.7687903225806392,0.0, 0.9141580310880835], [0.8843951612903145,0.0, 0.9063542157324547], [0.7687903225806392,1.0, 0.8907465850211973], [0.8843951612903145,0.0, 0.8907465850211973], [0.7687903225806392,0.0, 0.8985504003768261], [0.8843951612903145,0.0, 0.8907465850211973], [0.7687903225806392,1.0, 0.8829427696655674]]
1.099, [[0.8843951612903145,0.0, 0.9531771078662281], [0.8843951612903145,1.0, 0.86733513895431], [0.7687903225806392,1.0, 0.9141580310880835], [0.8843951612903145,0.5226159999999929, 0.9063542157324547], [0.7687903225806392,1.0, 0.9141580310880835], [0.8843951612903145,0.5226159999999929, 0.8985504003768261], [0.8843951612903145,0.0, 0.9063542157324547], [0.7687903225806392,1.0, 0.8829427696655674], [0.6531854838709639,0.5226159999999929, 0.9063542157324547], [0.8843951612903145,0.0, 0.9063542157324547]]
1.0365, [[0.7687903225806392,1.0, 0.8985504003768261], [0.8843951612903145,0.5226159999999929, 0.9141580310880835], [0.7687903225806392,1.0, 0.8907465850211973], [0.7687903225806392,1.0, 0.8829427696655674], [0.7687903225806392,1.0, 0.8985504003768261], [0.8843951612903145,0.0, 0.921961846443712], [0.8843951612903145,0.0, 0.921961846443712], [0.7687903225806392,1.0, 0.86733513895431], [0.3817833151581243,1.0, 0.8985504003768261], [0.8843951612903145,0.5226159999999929, 0.9063542157324547]]
1.1019, [[0.7687903225806392,0.0, 0.9531771078662281], [0.8843951612903145,1.0, 0.9141580310880835], [0.8843951612903145,0.0, 0.945373292510598], [0.8843951612903145,1.0, 0.9063542157324547], [0.8843951612903145,1.0, 0.9063542157324547], [0.7687903225806392,0.5226159999999929, 0.9141580310880835], [0.7687903225806392,1.0, 0.8985504003768261], [0.8843951612903145,0.0, 0.9375694771549694], [0.8843951612903145,0.5226159999999929, 0.9063542157324547], [0.30562396401308617,0.5226159999999929, 0.9063542157324547]]
1.0985, [[0.8843951612903145,1.0, 0.8907465850211973], [0.8843951612903145,1.0, 0.8907465850211973], [0.8843951612903145,0.5226159999999929, 0.9297656617993406], [0.8843951612903145,0.5226159999999929, 0.9063542157324547], [0.38220997818974917,1.0, 0.8985504003768261], [0.8843951612903145,0.5226159999999929, 0.9297656617993406], [0.8843951612903145,0.5226159999999929, 0.9063542157324547], [0.8843951612903145,0.5226159999999929, 0.8907465850211973], [0.8843951612903145,0.5226159999999929, 0.8829427696655674], [0.8843951612903145,0.5226159999999929, 0.8907465850211973]]
1.0924, [[0.8843951612903145,0.5226159999999929, 0.9141580310880835], [0.8843951612903145,0.0, 0.9297656617993406], [0.8843951612903145,0.5226159999999929, 0.9141580310880835], [0.8843951612903145,1.0, 0.8985504003768261], [0.8843951612903145,0.5226159999999929, 0.9063542157324547], [0.8843951612903145,0.5226159999999929, 0.8985504003768261], [0.8843951612903145,0.0, 0.8985504003768261], [0.8843951612903145,0.5226159999999929, 0.8907465850211973], [0.8843951612903145,0.0, 0.8907465850211973], [0.8843951612903145,0.5226159999999929, 0.8829427696655674]]
1.0355, [[0.7687903225806392,1.0, 0.9063542157324547], [0.7687903225806392,1.0, 0.9063542157324547], [0.8843951612903145,0.0, 0.9297656617993406], [0.8843951612903145,0.0, 0.9297656617993406], [0.7687903225806392,1.0, 0.8985504003768261], [0.7687903225806392,0.5226159999999929, 0.9063542157324547], [0.7687903225806392,0.5226159999999929, 0.9063542157324547], [0.7687903225806392,0.0, 0.9141580310880835], [0.8843951612903145,0.5226159999999929, 0.8907465850211973], [0.8843951612903145,0.0, 0.9063542157324547]]
1.1036, [[0.9421975806451623,0.0, 0.8829427696655674], [0.8843951612903145,1.0, 0.86733513895431], [0.8843951612903145,0.5226159999999929, 0.9141580310880835], [0.7687903225806392,1.0, 0.9141580310880835], [0.8843951612903145,0.0, 0.9375694771549694], [0.8843951612903145,0.0, 0.9375694771549694], [0.8843951612903145,0.0, 0.8829427696655674], [0.8843951612903145,0.5226159999999929, 0.8751389543099386], [0.7687903225806392,0.5226159999999929, 0.8985504003768261], [0.8843951612903145,0.0, 0.921961846443712]]
1.1199, [[0.7687903225806392,1.0, 0.9375694771549694], [0.8843951612903145,0.0, 0.9375694771549694], [0.8843951612903145,0.0, 0.9375694771549694], [0.8265927419354768,0.0, 0.9375694771549694], [0.8843951612903145,1.0, 0.8985504003768261], [0.7687903225806392,1.0, 0.8595313235986812], [0.8843951612903145,0.5226159999999929, 0.9141580310880835], [0.8843951612903145,0.5226159999999929, 0.9141580310880835], [0.7687903225806392,0.5226159999999929, 0.8751389543099386], [0.7687903225806392,0.5226159999999929, 0.921961846443712]]
1.1025, [[0.8843951612903145,1.0, 0.9141580310880835], [0.7687903225806392,0.5226159999999929, 0.921961846443712], [0.8843951612903145,0.0, 0.921961846443712], [0.8843951612903145,0.0, 0.921961846443712], [0.8843951612903145,0.5226159999999929, 0.9141580310880835], [0.8843951612903145,1.0, 0.8829427696655674], [0.8843951612903145,0.5226159999999929, 0.9063542157324547], [0.8843951612903145,0.0, 0.9141580310880835], [0.8843951612903145,0.0, 0.9141580310880835], [0.8843951612903145,0.5226159999999929, 0.8907465850211973]]
1.0987, [[0.8843951612903145,0.0, 0.9297656617993406], [0.8843951612903145,0.0, 0.9375694771549694], [0.7687903225806392,1.0, 0.9141580310880835], [0.8843951612903145,1.0, 0.8829427696655674], [0.7687903225806392,1.0, 0.8751389543099386], [0.8843951612903145,0.5226159999999929, 0.9141580310880835], [0.8843951612903145,0.5226159999999929, 0.9141580310880835], [0.8843951612903145,0.0, 0.9141580310880835], [0.8843951612903145,0.0, 0.9141580310880835], [0.8843951612903145,0.5226159999999929, 0.8985504003768261]]
1.0533, [[0.7687903225806392,1.0, 0.921961846443712], [0.8843951612903145,0.0, 0.9531771078662281], [0.8843951612903145,0.5226159999999929, 0.921961846443712], [0.7687903225806392,1.0, 0.9141580310880835], [0.7687903225806392,0.0, 0.9375694771549694], [0.8843951612903145,0.5226159999999929, 0.8829427696655674], [0.7687903225806392,1.0, 0.8829427696655674], [0.8843951612903145,0.0, 0.8751389543099386], [0.7687903225806392,0.5226159999999929, 0.8985504003768261], [0.7687903225806392,0.5226159999999929, 0.8751389543099386]]
1.1168, [[0.8843951612903145,1.0, 0.9141580310880835], [0.7687903225806392,0.5226159999999929, 0.9375694771549694], [0.8265927419354768,0.0, 1.0], [0.8843951612903145,1.0, 0.8985504003768261], [0.8843951612903145,1.0, 0.8985504003768261], [0.7687903225806392,0.5226159999999929, 0.9297656617993406], [0.7687903225806392,1.0, 0.8517275082430527], [0.8843951612903145,0.5226159999999929, 0.9141580310880835], [0.8843951612903145,0.0, 0.921961846443712], [0.8843951612903145,0.5226159999999929, 0.9063542157324547]]
1.1085, [[0.8843951612903145,1.0, 0.9141580310880835], [0.8843951612903145,0.5226159999999929, 0.9297656617993406], [0.7687903225806392,1.0, 0.8985504003768261], [0.8843951612903145,0.0, 0.9375694771549694], [0.8843951612903145,1.0, 0.9063542157324547], [0.8843951612903145,0.5226159999999929, 0.921961846443712], [0.8843951612903145,0.0, 0.9297656617993406], [0.8843951612903145,0.5226159999999929, 0.921961846443712], [0.8843951612903145,0.0, 0.9297656617993406], [0.8843951612903145,0.5226159999999929, 0.86733513895431]]
1.0967, [[0.7687903225806392,1.0, 0.8829427696655674], [0.7687903225806392,1.0, 0.8829427696655674], [0.8843951612903145,0.5226159999999929, 0.9297656617993406], [0.8843951612903145,1.0, 0.8595313235986812], [0.8265927419354768,1.0, 0.86733513895431], [0.8843951612903145,1.0, 0.8907465850211973], [0.8843951612903145,0.5226159999999929, 0.921961846443712], [0.6531854838709639,0.0, 0.9297656617993406], [0.8843951612903145,0.0, 0.9297656617993406], [0.7687903225806392,0.5226159999999929, 0.9063542157324547]]
1.1116, [[0.7687903225806392,0.0, 0.9375694771549694], [0.7687903225806392,0.5226159999999929, 0.9297656617993406], [0.8843951612903145,1.0, 0.921961846443712], [0.8843951612903145,0.0, 0.9297656617993406], [0.8843951612903145,0.5226159999999929, 0.921961846443712], [0.7687903225806392,1.0, 0.8985504003768261], [0.8843951612903145,1.0, 0.86733513895431], [0.8843951612903145,1.0, 0.8985504003768261], [0.8843951612903145,1.0, 0.8595313235986812], [0.7687903225806392,0.5226159999999929, 0.9063542157324547]]
1.0386, [[0.8843951612903145,0.0, 0.921961846443712], [0.8843951612903145,0.5226159999999929, 0.8907465850211973], [0.7687903225806392,0.5226159999999929, 0.921961846443712], [0.7687903225806392,1.0, 0.8985504003768261], [0.8843951612903145,0.0, 0.8907465850211973], [0.8843951612903145,0.5226159999999929, 0.8829427696655674], [0.6531854838709639,0.0, 0.9063542157324547], [0.31906384950926936,0.5226159999999929, 0.8985504003768261], [0.8843951612903145,0.5226159999999929, 0.8751389543099386], [0.7687903225806392,0.0, 0.8907465850211973]]
1.0874, [[0.8843951612903145,1.0, 0.8751389543099386], [0.7687903225806392,1.0, 0.8751389543099386], [0.8843951612903145,0.0, 0.921961846443712], [0.7687903225806392,0.5226159999999929, 0.9141580310880835], [0.7687903225806392,0.5226159999999929, 0.9141580310880835], [0.7109879032258015,1.0, 0.8907465850211973], [0.7687903225806392,0.5226159999999929, 0.8907465850211973], [0.8843951612903145,0.0, 0.9531771078662281], [0.8843951612903145,0.0, 0.9531771078662281], [0.8843951612903145,0.0, 0.9063542157324547]]
1.1082, [[0.8843951612903145,0.0, 0.9375694771549694], [0.8843951612903145,1.0, 0.921961846443712], [0.7687903225806392,0.5226159999999929, 0.921961846443712], [0.8843951612903145,1.0, 0.9141580310880835], [0.7687903225806392,0.5226159999999929, 0.9141580310880835], [0.7687903225806392,0.0, 0.921961846443712], [0.7687903225806392,0.5226159999999929, 0.9141580310880835], [0.8843951612903145,0.0, 0.921961846443712], [0.7687903225806392,1.0, 0.8829427696655674], [0.7687903225806392,1.0, 0.86733513895431]]
0.9768, [[0.7687903225806392,1.0, 0.8907465850211973], [0.7687903225806392,1.0, 0.8907465850211973], [0.7687903225806392,0.5226159999999929, 0.9141580310880835], [0.7687903225806392,1.0, 0.8829427696655674], [0.7687903225806392,0.0, 0.9141580310880835], [0.7687903225806392,0.5226159999999929, 0.8907465850211973], [0.7687903225806392,1.0, 0.8751389543099386], [0.8843951612903145,0.0, 0.8985504003768261], [0.8843951612903145,0.0, 0.8985504003768261], [0.9421975806451623,0.0, 0.8907465850211973]]
1.085, [[0.8843951612903145,1.0, 0.8829427696655674], [0.8843951612903145,0.5226159999999929, 0.9141580310880835], [0.8843951612903145,0.0, 0.9297656617993406], [0.7109879032258015,1.0, 0.86733513895431], [0.8843951612903145,0.5226159999999929, 0.8829427696655674], [0.8843951612903145,0.0, 0.921961846443712], [0.8843951612903145,0.0, 0.921961846443712], [0.8843951612903145,0.0, 0.921961846443712], [0.8843951612903145,0.0, 0.921961846443712], [0.7687903225806392,0.5226159999999929, 0.8751389543099386]]
1.0373, [[0.7687903225806392,1.0, 0.8751389543099386], [0.7109879032258015,1.0, 0.8829427696655674], [0.7687903225806392,1.0, 0.8907465850211973], [0.7687903225806392,0.5226159999999929, 0.8595313235986812], [0.8843951612903145,0.5226159999999929, 0.921961846443712], [0.7687903225806392,0.5226159999999929, 0.8751389543099386], [0.8843951612903145,0.5226159999999929, 0.9141580310880835], [0.7687903225806392,0.5226159999999929, 0.8595313235986812], [0.7687903225806392,0.5226159999999929, 0.9141580310880835], [0.7687903225806392,0.5226159999999929, 0.921961846443712]]
1.1088, [[0.8843951612903145,0.5226159999999929, 0.9375694771549694], [0.8843951612903145,1.0, 0.9063542157324547], [0.8843951612903145,0.5226159999999929, 0.9141580310880835], [0.7687903225806392,0.5226159999999929, 0.9297656617993406], [0.8843951612903145,0.5226159999999929, 0.9063542157324547], [0.7109879032258015,0.5226159999999929, 0.921961846443712], [0.8843951612903145,0.5226159999999929, 0.8985504003768261], [0.6531854838709639,0.0, 0.921961846443712], [0.7687903225806392,0.0, 0.8985504003768261], [0.8843951612903145,0.5226159999999929, 0.8751389543099386]]
1.1084, [[0.7687903225806392,0.0, 0.9375694771549694], [0.8843951612903145,0.5226159999999929, 0.9297656617993406], [0.7687903225806392,0.5226159999999929, 0.9297656617993406], [0.8843951612903145,1.0, 0.9141580310880835], [0.8843951612903145,0.5226159999999929, 0.9141580310880835], [0.8843951612903145,1.0, 0.9063542157324547], [0.8843951612903145,0.0, 0.9063542157324547], [0.7687903225806392,1.0, 0.8595313235986812], [0.8843951612903145,0.5226159999999929, 0.8751389543099386], [0.8843951612903145,1.0, 0.8907465850211973]]
1.0373, [[0.7687903225806392,1.0, 0.8751389543099386], [0.8843951612903145,0.5226159999999929, 0.921961846443712], [0.8843951612903145,0.5226159999999929, 0.9063542157324547], [0.9421975806451623,0.0, 0.8985504003768261], [0.7687903225806392,0.5226159999999929, 0.9063542157324547], [0.8843951612903145,0.0, 0.921961846443712], [0.7109879032258015,0.5226159999999929, 0.8985504003768261], [0.8843951612903145,0.0, 0.9297656617993406], [0.8843951612903145,0.0, 0.9141580310880835], [0.8843951612903145,0.0, 0.921961846443712]]
1.0903, [[0.7687903225806392,0.0, 0.9531771078662281], [0.8843951612903145,0.0, 0.9297656617993406], [0.8843951612903145,0.5226159999999929, 0.9141580310880835], [0.7687903225806392,1.0, 0.8907465850211973], [0.8843951612903145,1.0, 0.8829427696655674], [0.7687903225806392,1.0, 0.8751389543099386], [0.8265927419354768,0.0, 0.9297656617993406], [0.8265927419354768,0.0, 0.9297656617993406], [0.7687903225806392,0.5226159999999929, 0.8985504003768261], [0.8843951612903145,0.5226159999999929, 0.9063542157324547]]
1.128, [[0.8843951612903145,0.5226159999999929, 0.9687847385774855], [0.8843951612903145,0.0, 0.8829427696655674], [0.8843951612903145,0.0, 0.9063542157324547], [0.8843951612903145,0.5226159999999929, 0.8829427696655674], [0.8843951612903145,1.0, 0.8985504003768261], [0.8843951612903145,0.0, 0.8985504003768261], [0.8843951612903145,0.5226159999999929, 0.9141580310880835], [0.8843951612903145,0.5226159999999929, 0.8985504003768261], [0.8843951612903145,0.0, 0.9141580310880835], [0.8843951612903145,1.0, 0.9063542157324547]]
1.0386, [[0.7687903225806392,1.0, 0.8985504003768261], [0.8843951612903145,0.5226159999999929, 0.9141580310880835], [0.8843951612903145,0.0, 0.9297656617993406], [0.7687903225806392,0.5226159999999929, 0.9141580310880835], [0.8843951612903145,0.5226159999999929, 0.9063542157324547], [0.7687903225806392,0.0, 0.945373292510598], [0.8843951612903145,0.0, 0.9141580310880835], [0.8843951612903145,0.5226159999999929, 0.8985504003768261], [0.8843951612903145,0.5226159999999929, 0.8907465850211973], [0.7687903225806392,0.0, 0.9063542157324547]]
1.051, [[0.7687903225806392,1.0, 0.921961846443712], [0.8843951612903145,0.5226159999999929, 0.921961846443712], [0.8843951612903145,0.5226159999999929, 0.921961846443712], [0.7687903225806392,1.0, 0.8907465850211973], [0.7687903225806392,1.0, 0.8751389543099386], [0.8843951612903145,0.5226159999999929, 0.9141580310880835], [0.7687903225806392,1.0, 0.86733513895431], [0.8843951612903145,0.0, 0.8985504003768261], [0.8843951612903145,0.0, 0.9297656617993406], [0.8843951612903145,0.0, 0.8829427696655674]]
1.1163, [[0.8843951612903145,0.0, 0.9531771078662281], [0.8265927419354768,1.0, 0.9297656617993406], [0.8843951612903145,0.0, 0.9375694771549694], [0.8843951612903145,1.0, 0.9063542157324547], [0.8843951612903145,0.5226159999999929, 0.9141580310880835], [0.8843951612903145,0.0, 0.9297656617993406], [0.7687903225806392,0.0, 0.9297656617993406], [0.8843951612903145,1.0, 0.8751389543099386], [0.8843951612903145,0.5226159999999929, 0.9063542157324547], [0.8843951612903145,0.0, 0.921961846443712]]
1.1039, [[0.8843951612903145,1.0, 0.8829427696655674], [0.7687903225806392,1.0, 0.921961846443712], [0.7687903225806392,1.0, 0.8985504003768261], [0.7687903225806392,1.0, 0.8907465850211973], [0.8843951612903145,0.5226159999999929, 0.9063542157324547], [0.8843951612903145,0.5226159999999929, 0.8985504003768261], [0.8843951612903145,0.5226159999999929, 0.8985504003768261], [0.8843951612903145,0.5226159999999929, 0.9141580310880835], [0.7687903225806392,1.0, 0.8595313235986812], [0.8843951612903145,0.0, 0.8907465850211973]]
1.1114, [[0.8843951612903145,1.0, 0.8751389543099386], [0.8843951612903145,1.0, 0.921961846443712], [0.8843951612903145,0.5226159999999929, 0.8985504003768261], [0.8843951612903145,0.5226159999999929, 0.86733513895431], [0.8843951612903145,0.5226159999999929, 0.86733513895431], [0.8843951612903145,0.5226159999999929, 0.9297656617993406], [0.8843951612903145,0.5226159999999929, 0.8751389543099386], [0.7687903225806392,0.5226159999999929, 0.8595313235986812], [0.8843951612903145,0.5226159999999929, 0.9063542157324547], [0.8843951612903145,0.5226159999999929, 0.9063542157324547]]
1.038, [[0.8843951612903145,0.0, 0.945373292510598], [0.7687903225806392,0.0, 0.9297656617993406], [0.7687903225806392,1.0, 0.9063542157324547], [0.8843951612903145,0.5226159999999929, 0.9063542157324547], [0.8843951612903145,0.0, 0.921961846443712], [0.8843951612903145,0.5226159999999929, 0.8595313235986812], [0.7687903225806392,0.0, 0.921961846443712], [0.7687903225806392,0.0, 0.9297656617993406], [0.7687903225806392,0.5226159999999929, 0.9063542157324547], [0.7687903225806392,1.0, 0.8829427696655674]]
1.1388, [[0.8843951612903145,1.0, 0.9141580310880835], [0.8843951612903145,0.5226159999999929, 0.921961846443712], [0.8843951612903145,1.0, 0.8829427696655674], [0.9421975806451623,0.5226159999999929, 0.8751389543099386], [0.8843951612903145,0.0, 0.9297656617993406], [0.8843951612903145,0.0, 0.921961846443712], [0.8843951612903145,0.0, 0.921961846443712], [0.8843951612903145,0.5226159999999929, 0.9141580310880835], [0.8843951612903145,0.0, 0.921961846443712], [0.8265927419354768,0.0, 0.9297656617993406]]
1.1072, [[0.8843951612903145,0.0, 0.945373292510598], [0.7687903225806392,1.0, 0.921961846443712], [0.7687903225806392,1.0, 0.921961846443712], [0.7687903225806392,0.5226159999999929, 0.921961846443712], [0.7687903225806392,1.0, 0.9141580310880835], [0.8843951612903145,0.5226159999999929, 0.9141580310880835], [0.7687903225806392,0.5226159999999929, 0.9063542157324547], [0.8843951612903145,1.0, 0.8985504003768261], [0.7687903225806392,1.0, 0.8985504003768261], [0.8843951612903145,0.0, 0.8985504003768261]]
1.129, [[0.7687903225806392,1.0, 0.9375694771549694], [0.7687903225806392,0.0, 0.945373292510598], [0.8843951612903145,1.0, 0.9297656617993406], [0.7687903225806392,1.0, 0.8751389543099386], [0.7687903225806392,0.5226159999999929, 0.921961846443712], [0.7687903225806392,0.0, 0.921961846443712], [0.7687903225806392,0.5226159999999929, 0.8751389543099386], [0.7687903225806392,0.0, 0.8985504003768261], [0.8265927419354768,0.0, 0.9141580310880835], [0.9421975806451623,0.0, 0.8985504003768261]]
1.0874, [[0.7687903225806392,0.0, 0.9141580310880835], [0.3214104961832061,1.0, 0.9063542157324547], [0.7687903225806392,1.0, 0.8985504003768261], [0.8843951612903145,0.5226159999999929, 0.9063542157324547], [0.8843951612903145,0.5226159999999929, 0.9063542157324547], [0.8843951612903145,1.0, 0.8829427696655674], [0.8843951612903145,0.0, 0.9063542157324547], [0.8843951612903145,0.5226159999999929, 0.8985504003768261], [0.8843951612903145,1.0, 0.86733513895431], [0.7687903225806392,1.0, 0.86733513895431]]
1.1563, [[0.7687903225806392,1.0, 0.9375694771549694], [0.8843951612903145,0.5226159999999929, 0.9297656617993406], [0.8843951612903145,0.0, 0.9297656617993406], [0.9421975806451623,0.5226159999999929, 0.8751389543099386], [0.8843951612903145,0.5226159999999929, 0.921961846443712], [0.8843951612903145,0.5226159999999929, 0.9141580310880835], [0.8843951612903145,1.0, 0.9063542157324547], [0.8843951612903145,0.5226159999999929, 0.9063542157324547], [0.8843951612903145,0.5226159999999929, 0.9063542157324547], [0.7687903225806392,0.5226159999999929, 0.9063542157324547]]
1.1014, [[0.8843951612903145,1.0, 0.8985504003768261], [0.7687903225806392,1.0, 0.8985504003768261], [0.7687903225806392,1.0, 0.86733513895431], [0.3199171755725191,1.0, 0.8907465850211973], [0.8843951612903145,0.5226159999999929, 0.9141580310880835], [0.8843951612903145,0.5226159999999929, 0.8985504003768261], [0.8843951612903145,0.5226159999999929, 0.921961846443712], [0.7687903225806392,0.5226159999999929, 0.8829427696655674], [0.8843951612903145,0.5226159999999929, 0.9141580310880835], [0.9421975806451623,0.0, 0.9063542157324547]]
1.1024, [[0.8843951612903145,1.0, 0.9141580310880835], [0.7687903225806392,0.5226159999999929, 0.921961846443712], [0.7687903225806392,1.0, 0.9063542157324547], [0.7687903225806392,1.0, 0.8985504003768261], [0.8843951612903145,0.5226159999999929, 0.9063542157324547], [0.7687903225806392,1.0, 0.8907465850211973], [0.8843951612903145,0.5226159999999929, 0.9063542157324547], [0.7687903225806392,1.0, 0.8829427696655674], [0.7687903225806392,0.0, 0.9141580310880835], [0.7687903225806392,0.5226159999999929, 0.8985504003768261]]
