0.7202, [[0.9999996404532605, 0.5358258686068906], [0.36326123123123155, 0.5806873263428205], [0.9741888586679192, 0.5281279114151963], [0.25583468087443695, 0.5764770194735716], [0.9405895754124782, 0.0], [0.0, 0.5664758989942221], [0.9366762687002372, 0.43472342638623324], [0.1471171279529583, 0.5557657753049433], [0.820384471290529, 0.4303216214149139], [0.0, 0.5445365914829874]]
1.0097, [[0.595243853524595, 1.0], [0.9870940697872199, 0.4354869216061185], [0.9741888586679192, 0.5281279114151963], [0.007163666688445499, 0.5839153785576717], [0.9405895754124782, 0.0], [0.9366762687002372, 0.43472342638623324], [0.25577173019883565, 0.49454676269355424], [0.158014606287803, 0.5838354025251444], [0.7426677244635956, 0.44027509751434035], [0.27185639239811044, 0.0]]
1.0097, [[0.595243853524595, 1.0], [0.9741888586679192, 0.5281279114151963], [0.9870940697872199, 0.4354869216061185], [0.16374607951836515, 0.6224838202439547], [0.47256510510510497, 0.5458220885940509], [0.7707440102542505, 0.46251428159884767], [0.9405895754124782, 0.0], [0.16818682104161015, 0.6089890408731008], [0.9366762687002372, 0.43472342638623324], [0.8996843024112879, 0.0]]
1.0097, [[0.595243853524595, 1.0], [0.9870940697872199, 0.4354869216061185], [0.9741888586679192, 0.5281279114151963], [0.16907825650422081, 0.6932948396094833], [0.9405895754124782, 0.0], [0.10925614288514417, 0.589884178044083], [0.158014606287803, 0.5838354025251444], [0.9366762687002372, 0.43472342638623324], [0.8996843024112879, 0.0], [0.7707440102542505, 0.46251428159884767]]
0.6972, [[0.16818682104161015, 0.6089890408731008], [0.9741888586679192, 0.5281279114151963], [0.17879906421486597, 0.5902907228760967], [0.1535093309276519, 0.6047814782794778], [0.9405895754124782, 0.0], [0.6449411229457078, 0.523714054735326], [0.18122018248277538, 0.5742149522790498], [0.9366762687002372, 0.43472342638623324], [0.0, 0.5536420980098438], [0.820384471290529, 0.4303216214149139]]
0.7569, [[0.3199777177177177, 0.6680981952580188], [0.9999996404532605, 0.5358258686068906], [0.36326123123123155, 0.5806873263428205], [0.16818682104161015, 0.6089890408731008], [0.17879906421486597, 0.5902907228760967], [0.905803787916832, 0.4743066312567518], [0.18379812786882183, 0.5447359435052429], [0.1741630171358057, 0.5839851615664455], [0.7707440102542505, 0.46251428159884767], [0.6726736820534422, 0.47075762693554196]]
1.0231, [[0.9999996404532605, 0.5358258686068906], [0.595243853524595, 1.0], [0.9870940697872199, 0.4354869216061185], [0.3199777177177177, 0.6680981952580188], [0.9741888586679192, 0.5281279114151963], [0.9366762687002372, 0.43472342638623324], [0.7707440102542505, 0.46251428159884767], [0.6802558036950939, 0.547724655681575], [0.25583468087443695, 0.5764770194735716], [0.0, 0.43480058126195026]]
1.0114, [[0.595243853524595, 1.0], [0.6802558036950939, 0.547724655681575], [0.9870940697872199, 0.4354869216061185], [0.9741888586679192, 0.5281279114151963], [0.30549876876876847, 0.5658999931521507], [0.007163666688445499, 0.5839153785576717], [0.47256510510510497, 0.5458220885940509], [0.9405895754124782, 0.0], [0.6449411229457078, 0.523714054735326], [0.9366762687002372, 0.43472342638623324]]
1.0231, [[0.595243853524595, 1.0], [0.9999996404532605, 0.5358258686068906], [0.3199777177177177, 0.6680981952580188], [0.9741888586679192, 0.5281279114151963], [0.9870940697872199, 0.4354869216061185], [0.36788126126126164, 0.5671899987160283], [0.9405895754124782, 0.0], [0.6802558036950939, 0.547724655681575], [0.905803787916832, 0.4743066312567518], [0.7707440102542505, 0.46251428159884767]]
0.7483, [[0.16907825650422081, 0.6932948396094833], [0.9999996404532605, 0.5358258686068906], [0.6802558036950939, 0.547724655681575], [0.17879906421486597, 0.5902907228760967], [0.18222545915171684, 0.564655268136101], [0.16818682104161015, 0.6089890408731008], [0.9870940697872199, 0.4354869216061185], [0.10925614288514417, 0.589884178044083], [0.905803787916832, 0.4743066312567518], [0.0, 0.5509123278407876]]
1.0231, [[0.595243853524595, 1.0], [0.9999996404532605, 0.5358258686068906], [0.6802558036950939, 0.547724655681575], [0.3199777177177177, 0.6680981952580188], [0.9741888586679192, 0.5281279114151963], [0.16374607951836515, 0.6224838202439547], [0.30549876876876847, 0.5658999931521507], [0.905803787916832, 0.4743066312567518], [0.6691213602676148, 0.43899130401529635], [0.28946576576576555, 0.4397167189292543]]
0.6520, [[0.16907825650422081, 0.6932948396094833], [0.9366762687002372, 0.43472342638623324], [0.16818682104161015, 0.6089890408731008], [0.1535093309276519, 0.6047814782794778], [0.17138872177920705, 0.60073543590841], [0.36788126126126164, 0.5671899987160283], [0.6692098087655209, 0.4398043135755258], [0.17879906421486597, 0.5902907228760967], [0.6460862793108754, 0.4327327112810707], [0.0, 0.5230964350018006]]
0.2079, [[0.16818682104161015, 0.6089890408731008], [0.17879906421486597, 0.5902907228760967], [0.18379812786882183, 0.5447359435052429], [0.19605933700417877, 0.48042340655383503], [0.18122018248277538, 0.5742149522790498], [0.1535093309276519, 0.6047814782794778], [0.17138872177920705, 0.60073543590841], [0.1741630171358057, 0.5839851615664455], [0.10925614288514417, 0.589884178044083], [0.150911871476783, 0.5764293866894928]]
1.0221, [[0.9999996404532605, 0.5358258686068906], [0.595243853524595, 1.0], [0.9870940697872199, 0.4354869216061185], [0.9741888586679192, 0.5281279114151963], [0.16907825650422081, 0.6932948396094833], [0.905803787916832, 0.4743066312567518], [0.16818682104161015, 0.6089890408731008], [0.10925614288514417, 0.589884178044083], [0.18222545915171684, 0.564655268136101], [0.0, 0.5050182805185451]]
0.2044, [[0.16374607951836515, 0.6224838202439547], [0.18379812786882183, 0.5447359435052429], [0.17879906421486597, 0.5902907228760967], [0.18222545915171684, 0.564655268136101], [0.16818682104161015, 0.6089890408731008], [0.16818682104161015, 0.6089890408731008], [0.18122018248277538, 0.5742149522790498], [0.17138872177920705, 0.60073543590841], [0.17138872177920705, 0.60073543590841], [0.1741630171358057, 0.5839851615664455]]
1.0097, [[0.595243853524595, 1.0], [0.9870940697872199, 0.4354869216061185], [0.9741888586679192, 0.5281279114151963], [0.16907825650422081, 0.6932948396094833], [0.6449411229457078, 0.523714054735326], [0.7707440102542505, 0.46251428159884767], [0.9366762687002372, 0.43472342638623324], [0.10925614288514417, 0.589884178044083], [0.6692098087655209, 0.4398043135755258], [0.8996843024112879, 0.0]]
0.7608, [[0.3199777177177177, 0.6680981952580188], [0.9999996404532605, 0.5358258686068906], [0.36326123123123155, 0.5806873263428205], [0.9741888586679192, 0.5281279114151963], [0.25583468087443695, 0.5764770194735716], [0.9366762687002372, 0.43472342638623324], [0.9870940697872199, 0.4354869216061185], [0.36788126126126164, 0.5671899987160283], [0.820384471290529, 0.4303216214149139], [0.6802558036950939, 0.547724655681575]]
0.2042, [[0.16374607951836515, 0.6224838202439547], [0.1741630171358057, 0.5839851615664455], [0.18379812786882183, 0.5447359435052429], [0.17138872177920705, 0.60073543590841], [0.18122018248277538, 0.5742149522790498], [0.1535093309276519, 0.6047814782794778], [0.17356555693705655, 0.5642395103787716], [0.1698000020566706, 0.5630610400171197], [0.17361854724265907, 0.4408715564053537], [0.16995424562256356, 0.4332105544933078]]
1.0231, [[0.9999996404532605, 0.5358258686068906], [0.595243853524595, 1.0], [0.6802558036950939, 0.547724655681575], [0.9741888586679192, 0.5281279114151963], [0.9870940697872199, 0.4354869216061185], [0.905803787916832, 0.4743066312567518], [0.3199777177177177, 0.6680981952580188], [0.36788126126126164, 0.5671899987160283], [0.36326123123123155, 0.5806873263428205], [0.0, 0.4602984245588765]]
0.7124, [[0.9999996404532605, 0.5358258686068906], [0.6802558036950939, 0.547724655681575], [0.9870940697872199, 0.4354869216061185], [0.905803787916832, 0.4743066312567518], [0.15874789537155623, 0.5621001515086669], [0.10405047345256269, 0.5615022914615879], [0.12039646612298727, 0.5557759683286968], [0.1496146534042573, 0.5503460269634068], [0.11863328066809617, 0.5480304463941793], [0.16118539446007724, 0.5414520256794351]]
0.7202, [[0.16907825650422081, 0.6932948396094833], [0.9870940697872199, 0.4354869216061185], [0.30549876876876847, 0.5658999931521507], [0.905803787916832, 0.4743066312567518], [0.16818682104161015, 0.6089890408731008], [0.9366762687002372, 0.43472342638623324], [0.6802558036950939, 0.547724655681575], [0.7426677244635956, 0.44027509751434035], [0.17138872177920705, 0.60073543590841], [0.3759892792792797, 0.5432499182537984]]
0.7290, [[0.16374607951836515, 0.6224838202439547], [0.9999996404532605, 0.5358258686068906], [0.9999996404532605, 0.5358258686068906], [0.1535093309276519, 0.6047814782794778], [0.905803787916832, 0.4743066312567518], [0.1741630171358057, 0.5839851615664455], [0.6802558036950939, 0.547724655681575], [0.18122018248277538, 0.5742149522790498], [0.6691213602676148, 0.43899130401529635], [0.0, 0.44256707456978966]]
0.4845, [[0.6691213602676148, 0.43899130401529635], [0.16907825650422081, 0.6932948396094833], [0.16374607951836515, 0.6224838202439547], [0.16818682104161015, 0.6089890408731008], [0.17138872177920705, 0.60073543590841], [0.17879906421486597, 0.5902907228760967], [0.17498200319718796, 0.5566833434624439], [0.150911871476783, 0.5764293866894928], [0.15874789537155623, 0.5621001515086669], [0.15357556880965512, 0.5466263573721378]]
0.7272, [[0.16818682104161015, 0.6089890408731008], [0.9999996404532605, 0.5358258686068906], [0.47256510510510497, 0.5458220885940509], [0.36788126126126164, 0.5671899987160283], [0.25583468087443695, 0.5764770194735716], [0.9741888586679192, 0.5281279114151963], [0.9870940697872199, 0.4354869216061185], [0.6726736820534422, 0.47075762693554196], [0.9405895754124782, 0.0], [0.3152989789789789, 0.5261592870003602]]
0.7241, [[0.9999996404532605, 0.5358258686068906], [0.36326123123123155, 0.5806873263428205], [0.36788126126126164, 0.5671899987160283], [0.6802558036950939, 0.547724655681575], [0.9741888586679192, 0.5281279114151963], [0.25583468087443695, 0.5764770194735716], [0.9405895754124782, 0.0], [0.905803787916832, 0.4743066312567518], [0.0, 0.5664758989942221], [0.7426677244635956, 0.44027509751434035]]
0.7261, [[0.9999996404532605, 0.5358258686068906], [0.6802558036950939, 0.547724655681575], [0.36788126126126164, 0.5671899987160283], [0.36326123123123155, 0.5806873263428205], [0.10925614288514417, 0.589884178044083], [0.158014606287803, 0.5838354025251444], [0.905803787916832, 0.4743066312567518], [0.17498200319718796, 0.5566833434624439], [0.8996843024112879, 0.0], [0.07076538670341358, 0.522220190853439]]
1.0097, [[0.9870940697872199, 0.4354869216061185], [0.595243853524595, 1.0], [0.9741888586679192, 0.5281279114151963], [0.3199777177177177, 0.6680981952580188], [0.36326123123123155, 0.5806873263428205], [0.9405895754124782, 0.0], [0.9366762687002372, 0.43472342638623324], [0.905803787916832, 0.4743066312567518], [0.8996843024112879, 0.0], [0.6449411229457078, 0.523714054735326]]
1.0097, [[0.9870940697872199, 0.4354869216061185], [0.595243853524595, 1.0], [0.9741888586679192, 0.5281279114151963], [0.0, 0.5841339405093088], [0.9405895754124782, 0.0], [0.6449411229457078, 0.523714054735326], [0.905803787916832, 0.4743066312567518], [0.007163666688445499, 0.5839153785576717], [0.6726736820534422, 0.47075762693554196], [0.36326123123123155, 0.5806873263428205]]
0.2233, [[0.16907825650422081, 0.6932948396094833], [0.18379812786882183, 0.5447359435052429], [0.18122018248277538, 0.5742149522790498], [0.16374607951836515, 0.6224838202439547], [0.17356555693705655, 0.5642395103787716], [0.1535093309276519, 0.6047814782794778], [0.158014606287803, 0.5838354025251444], [0.16781044695192066, 0.488249566078502], [0.171372945619759, 0.5314256186603895], [0.0, 0.3003146272401425]]
0.2304, [[0.16907825650422081, 0.6932948396094833], [0.19605933700417877, 0.48042340655383503], [0.18122018248277538, 0.5742149522790498], [0.18122018248277538, 0.5742149522790498], [0.18222545915171684, 0.564655268136101], [0.16818682104161015, 0.6089890408731008], [0.17138872177920705, 0.60073543590841], [0.10925614288514417, 0.589884178044083], [0.158014606287803, 0.5838354025251444], [0.17498200319718796, 0.5566833434624439]]
1.0221, [[0.595243853524595, 1.0], [0.9999996404532605, 0.5358258686068906], [0.17356555693705655, 0.5642395103787716], [0.32270801801801796, 0.2780927939068094], [0.15874789537155623, 0.5621001515086669], [0.16118539446007724, 0.5414520256794351], [0.26019777436010116, 0.0], [0.12039646612298727, 0.5557759683286968], [0.1471171279529583, 0.5557657753049433], [0.0, 0.5535634941151295]]
1.0221, [[0.595243853524595, 1.0], [0.9999996404532605, 0.5358258686068906], [0.3199777177177177, 0.6680981952580188], [0.9870940697872199, 0.4354869216061185], [0.007163666688445499, 0.5839153785576717], [0.9741888586679192, 0.5281279114151963], [0.11863328066809617, 0.5480304463941793], [0.9405895754124782, 0.0], [0.9405895754124782, 0.0], [0.905803787916832, 0.4743066312567518]]
0.2235, [[0.16907825650422081, 0.6932948396094833], [0.17879906421486597, 0.5902907228760967], [0.18379812786882183, 0.5447359435052429], [0.18222545915171684, 0.564655268136101], [0.18122018248277538, 0.5742149522790498], [0.17138872177920705, 0.60073543590841], [0.16374607951836515, 0.6224838202439547], [0.16818682104161015, 0.6089890408731008], [0.1741630171358057, 0.5839851615664455], [0.16995424562256356, 0.4332105544933078]]
0.7202, [[0.36326123123123155, 0.5806873263428205], [0.9999996404532605, 0.5358258686068906], [0.9999996404532605, 0.5358258686068906], [0.0, 0.5664758989942221], [0.1698000020566706, 0.5630610400171197], [0.9741888586679192, 0.5281279114151963], [0.0, 0.5595581682002996], [0.6449411229457078, 0.523714054735326], [0.9870940697872199, 0.4354869216061185], [0.0, 0.48056996038890887]]
0.9929, [[0.595243853524595, 1.0], [0.9870940697872199, 0.4354869216061185], [0.905803787916832, 0.4743066312567518], [0.9405895754124782, 0.0], [0.9366762687002372, 0.43472342638623324], [0.6802558036950939, 0.547724655681575], [0.16818682104161015, 0.6089890408731008], [0.820384471290529, 0.4303216214149139], [0.17879906421486597, 0.5902907228760967], [0.18222545915171684, 0.564655268136101]]
0.7071, [[0.1741630171358057, 0.5839851615664455], [0.9870940697872199, 0.4354869216061185], [0.9741888586679192, 0.5281279114151963], [0.6802558036950939, 0.547724655681575], [0.0, 0.5742608208859405], [0.9366762687002372, 0.43472342638623324], [0.905803787916832, 0.4743066312567518], [0.18122018248277538, 0.5742149522790498], [0.10405047345256269, 0.5615022914615879], [0.0, 0.56120806591055]]
0.2235, [[0.18379812786882183, 0.5447359435052429], [0.18222545915171684, 0.564655268136101], [0.18122018248277538, 0.5742149522790498], [0.17879906421486597, 0.5902907228760967], [0.16907825650422081, 0.6932948396094833], [0.16374607951836515, 0.6224838202439547], [0.16818682104161015, 0.6089890408731008], [0.17138872177920705, 0.60073543590841], [0.1741630171358057, 0.5839851615664455], [0.150911871476783, 0.5764293866894928]]
1.0221, [[0.9999996404532605, 0.5358258686068906], [0.595243853524595, 1.0], [0.9741888586679192, 0.5281279114151963], [0.9870940697872199, 0.4354869216061185], [0.0, 0.5841339405093088], [0.47256510510510497, 0.5458220885940509], [0.9405895754124782, 0.0], [0.0, 0.5664758989942221], [0.9366762687002372, 0.43472342638623324], [0.015825512387220294, 0.5257824342815989]]
1.0231, [[0.9999996404532605, 0.5358258686068906], [0.6802558036950939, 0.547724655681575], [0.595243853524595, 1.0], [0.2633444161265517, 0.5288782301044292], [0.8996843024112879, 0.0], [0.35331666666666706, 0.4400368718929254], [0.16374607951836515, 0.6224838202439547], [0.820384471290529, 0.4303216214149139], [0.3473649849849847, 0.5016811019085344], [0.1698000020566706, 0.5630610400171197]]
0.7319, [[0.9741888586679192, 0.5281279114151963], [0.16907825650422081, 0.6932948396094833], [0.9870940697872199, 0.4354869216061185], [0.47256510510510497, 0.5458220885940509], [0.7707440102542505, 0.46251428159884767], [0.7707440102542505, 0.46251428159884767], [0.17879906421486597, 0.5902907228760967], [0.9405895754124782, 0.0], [0.9366762687002372, 0.43472342638623324], [0.3759892792792797, 0.5432499182537984]]
0.7214, [[0.36326123123123155, 0.5806873263428205], [0.9999996404532605, 0.5358258686068906], [0.36788126126126164, 0.5671899987160283], [0.9870940697872199, 0.4354869216061185], [0.47256510510510497, 0.5458220885940509], [0.0, 0.5627430960838862], [0.15874789537155623, 0.5621001515086669], [0.9366762687002372, 0.43472342638623324], [0.10405047345256269, 0.5615022914615879], [0.6726736820534422, 0.47075762693554196]]
0.7127, [[0.0, 0.5841339405093088], [0.9999996404532605, 0.5358258686068906], [0.6802558036950939, 0.547724655681575], [0.04615618458175684, 0.556188589771025], [0.11863328066809617, 0.5480304463941793], [0.0, 0.5595581682002996], [0.9870940697872199, 0.4354869216061185], [0.9741888586679192, 0.5281279114151963], [0.47256510510510497, 0.5458220885940509], [0.8996843024112879, 0.0]]
1.0231, [[0.595243853524595, 1.0], [0.6802558036950939, 0.547724655681575], [0.9999996404532605, 0.5358258686068906], [0.36326123123123155, 0.5806873263428205], [0.9741888586679192, 0.5281279114151963], [0.0, 0.5841339405093088], [0.12039646612298727, 0.5557759683286968], [0.6449411229457078, 0.523714054735326], [0.9405895754124782, 0.0], [0.905803787916832, 0.4743066312567518]]
0.2042, [[0.16374607951836515, 0.6224838202439547], [0.18379812786882183, 0.5447359435052429], [0.17879906421486597, 0.5902907228760967], [0.18122018248277538, 0.5742149522790498], [0.1741630171358057, 0.5839851615664455], [0.17356555693705655, 0.5642395103787716], [0.1698000020566706, 0.5630610400171197], [0.15996254971066387, 0.5483056580355232], [0.171372945619759, 0.5314256186603895], [0.16404967439164617, 0.5297717158804466]]
0.7314, [[0.16374607951836515, 0.6224838202439547], [0.36326123123123155, 0.5806873263428205], [0.9999996404532605, 0.5358258686068906], [0.17879906421486597, 0.5902907228760967], [0.150911871476783, 0.5764293866894928], [0.9870940697872199, 0.4354869216061185], [0.10405047345256269, 0.5615022914615879], [0.905803787916832, 0.4743066312567518], [0.820384471290529, 0.4303216214149139], [0.7426677244635956, 0.44027509751434035]]
0.7365, [[0.9870940697872199, 0.4354869216061185], [0.6802558036950939, 0.547724655681575], [0.17879906421486597, 0.5902907228760967], [0.9741888586679192, 0.5281279114151963], [0.16907825650422081, 0.6932948396094833], [0.18379812786882183, 0.5447359435052429], [0.9405895754124782, 0.0], [0.905803787916832, 0.4743066312567518], [0.16818682104161015, 0.6089890408731008], [0.7707440102542505, 0.46251428159884767]]
1.0097, [[0.595243853524595, 1.0], [0.9870940697872199, 0.4354869216061185], [0.3199777177177177, 0.6680981952580188], [0.9741888586679192, 0.5281279114151963], [0.007163666688445499, 0.5839153785576717], [0.9405895754124782, 0.0], [0.36788126126126164, 0.5671899987160283], [0.9366762687002372, 0.43472342638623324], [0.47256510510510497, 0.5458220885940509], [0.820384471290529, 0.4303216214149139]]
1.0097, [[0.9741888586679192, 0.5281279114151963], [0.595243853524595, 1.0], [0.9870940697872199, 0.4354869216061185], [0.6449411229457078, 0.523714054735326], [0.7707440102542505, 0.46251428159884767], [0.6726736820534422, 0.47075762693554196], [0.16818682104161015, 0.6089890408731008], [0.36788126126126164, 0.5671899987160283], [0.9405895754124782, 0.0], [0.7426677244635956, 0.44027509751434035]]
1.0231, [[0.9999996404532605, 0.5358258686068906], [0.595243853524595, 1.0], [0.6802558036950939, 0.547724655681575], [0.9741888586679192, 0.5281279114151963], [0.3199777177177177, 0.6680981952580188], [0.47256510510510497, 0.5458220885940509], [0.905803787916832, 0.4743066312567518], [0.007163666688445499, 0.5839153785576717], [0.8996843024112879, 0.0], [0.6449411229457078, 0.523714054735326]]
1.0221, [[0.595243853524595, 1.0], [0.9999996404532605, 0.5358258686068906], [0.16907825650422081, 0.6932948396094833], [0.9741888586679192, 0.5281279114151963], [0.9870940697872199, 0.4354869216061185], [0.16818682104161015, 0.6089890408731008], [0.905803787916832, 0.4743066312567518], [0.9405895754124782, 0.0], [0.17879906421486597, 0.5902907228760967], [0.1741630171358057, 0.5839851615664455]]
0.7454, [[0.16907825650422081, 0.6932948396094833], [0.9999996404532605, 0.5358258686068906], [0.16818682104161015, 0.6089890408731008], [0.9870940697872199, 0.4354869216061185], [0.9741888586679192, 0.5281279114151963], [0.17879906421486597, 0.5902907228760967], [0.9405895754124782, 0.0], [0.1741630171358057, 0.5839851615664455], [0.9366762687002372, 0.43472342638623324], [0.25583468087443695, 0.5764770194735716]]
1.0114, [[0.9870940697872199, 0.4354869216061185], [0.595243853524595, 1.0], [0.9741888586679192, 0.5281279114151963], [0.6802558036950939, 0.547724655681575], [0.3199777177177177, 0.6680981952580188], [0.905803787916832, 0.4743066312567518], [0.47256510510510497, 0.5458220885940509], [0.7707440102542505, 0.46251428159884767], [0.3152989789789789, 0.5261592870003602], [0.6692098087655209, 0.4398043135755258]]
0.7136, [[0.16818682104161015, 0.6089890408731008], [0.36326123123123155, 0.5806873263428205], [0.9870940697872199, 0.4354869216061185], [0.9741888586679192, 0.5281279114151963], [0.1535093309276519, 0.6047814782794778], [0.9366762687002372, 0.43472342638623324], [0.1741630171358057, 0.5839851615664455], [0.7707440102542505, 0.46251428159884767], [0.25583468087443695, 0.5764770194735716], [0.7426677244635956, 0.44027509751434035]]
1.0114, [[0.595243853524595, 1.0], [0.9870940697872199, 0.4354869216061185], [0.6802558036950939, 0.547724655681575], [0.9741888586679192, 0.5281279114151963], [0.3199777177177177, 0.6680981952580188], [0.905803787916832, 0.4743066312567518], [0.9366762687002372, 0.43472342638623324], [0.36788126126126164, 0.5671899987160283], [0.6691213602676148, 0.43899130401529635], [0.8996843024112879, 0.0]]
1.0114, [[0.9870940697872199, 0.4354869216061185], [0.595243853524595, 1.0], [0.9741888586679192, 0.5281279114151963], [0.1535093309276519, 0.6047814782794778], [0.9405895754124782, 0.0], [0.0, 0.5841339405093088], [0.905803787916832, 0.4743066312567518], [0.7426677244635956, 0.44027509751434035], [0.6802558036950939, 0.547724655681575], [0.6251768386778013, 0.4339474034416826]]
0.7083, [[0.9741888586679192, 0.5281279114151963], [0.007163666688445499, 0.5839153785576717], [0.9870940697872199, 0.4354869216061185], [0.9870940697872199, 0.4354869216061185], [0.6726736820534422, 0.47075762693554196], [0.36326123123123155, 0.5806873263428205], [0.9366762687002372, 0.43472342638623324], [0.30549876876876847, 0.5658999931521507], [0.0, 0.56120806591055], [0.47256510510510497, 0.5458220885940509]]
1.0114, [[0.595243853524595, 1.0], [0.9870940697872199, 0.4354869216061185], [0.9741888586679192, 0.5281279114151963], [0.6802558036950939, 0.547724655681575], [0.16818682104161015, 0.6089890408731008], [0.9405895754124782, 0.0], [0.905803787916832, 0.4743066312567518], [0.150911871476783, 0.5764293866894928], [0.9366762687002372, 0.43472342638623324], [0.7707440102542505, 0.46251428159884767]]
0.9491, [[0.595243853524595, 1.0], [0.9405895754124782, 0.0], [0.6449411229457078, 0.523714054735326], [0.3199777177177177, 0.6680981952580188], [0.36326123123123155, 0.5806873263428205], [0.905803787916832, 0.4743066312567518], [0.25583468087443695, 0.5764770194735716], [0.7707440102542505, 0.46251428159884767], [0.11863328066809617, 0.5480304463941793], [0.7426677244635956, 0.44027509751434035]]
0.9569, [[0.595243853524595, 1.0], [0.9366762687002372, 0.43472342638623324], [0.6802558036950939, 0.547724655681575], [0.3199777177177177, 0.6680981952580188], [0.820384471290529, 0.4303216214149139], [0.6692098087655209, 0.4398043135755258], [0.16374607951836515, 0.6224838202439547], [0.16818682104161015, 0.6089890408731008], [0.2502664769856091, 0.5332478176760111], [0.6449411229457078, 0.523714054735326]]
0.7240, [[0.9999996404532605, 0.5358258686068906], [0.36326123123123155, 0.5806873263428205], [0.6802558036950939, 0.547724655681575], [0.9870940697872199, 0.4354869216061185], [0.9741888586679192, 0.5281279114151963], [0.25583468087443695, 0.5764770194735716], [0.3759892792792797, 0.5432499182537984], [0.9366762687002372, 0.43472342638623324], [0.905803787916832, 0.4743066312567518], [0.04615618458175684, 0.556188589771025]]
0.4870, [[0.6449411229457078, 0.523714054735326], [0.17879906421486597, 0.5902907228760967], [0.1535093309276519, 0.6047814782794778], [0.18122018248277538, 0.5742149522790498], [0.18379812786882183, 0.5447359435052429], [0.1741630171358057, 0.5839851615664455], [0.10925614288514417, 0.589884178044083], [0.171372945619759, 0.5314256186603895], [0.17361854724265907, 0.4408715564053537], [0.16404967439164617, 0.5297717158804466]]
0.6709, [[0.36326123123123155, 0.5806873263428205], [0.9870940697872199, 0.4354869216061185], [0.36788126126126164, 0.5671899987160283], [0.18122018248277538, 0.5742149522790498], [0.9366762687002372, 0.43472342638623324], [0.0, 0.5687934397603253], [0.905803787916832, 0.4743066312567518], [0.15313422112948613, 0.5579709967900707], [0.7707440102542505, 0.46251428159884767], [0.7426677244635956, 0.44027509751434035]]
0.7053, [[0.9741888586679192, 0.5281279114151963], [0.36326123123123155, 0.5806873263428205], [0.6802558036950939, 0.547724655681575], [0.9366762687002372, 0.43472342638623324], [0.25583468087443695, 0.5764770194735716], [0.47256510510510497, 0.5458220885940509], [0.905803787916832, 0.4743066312567518], [0.820384471290529, 0.4303216214149139], [0.7707440102542505, 0.46251428159884767], [0.3759892792792797, 0.5432499182537984]]
1.0097, [[0.595243853524595, 1.0], [0.9870940697872199, 0.4354869216061185], [0.9741888586679192, 0.5281279114151963], [0.3199777177177177, 0.6680981952580188], [0.36788126126126164, 0.5671899987160283], [0.9405895754124782, 0.0], [0.7426677244635956, 0.44027509751434035], [0.0, 0.5841339405093088], [0.25583468087443695, 0.5764770194735716], [0.9366762687002372, 0.43472342638623324]]
0.6413, [[0.9405895754124782, 0.0], [0.16907825650422081, 0.6932948396094833], [0.905803787916832, 0.4743066312567518], [0.18222545915171684, 0.564655268136101], [0.16818682104161015, 0.6089890408731008], [0.18122018248277538, 0.5742149522790498], [0.17498200319718796, 0.5566833434624439], [0.150911871476783, 0.5764293866894928], [0.10925614288514417, 0.589884178044083], [0.158014606287803, 0.5838354025251444]]
1.0231, [[0.595243853524595, 1.0], [0.9999996404532605, 0.5358258686068906], [0.6802558036950939, 0.547724655681575], [0.16907825650422081, 0.6932948396094833], [0.3199777177177177, 0.6680981952580188], [0.9870940697872199, 0.4354869216061185], [0.905803787916832, 0.4743066312567518], [0.0, 0.505173763053655], [0.9405895754124782, 0.0], [0.9366762687002372, 0.43472342638623324]]
0.2235, [[0.16907825650422081, 0.6932948396094833], [0.18379812786882183, 0.5447359435052429], [0.17879906421486597, 0.5902907228760967], [0.18122018248277538, 0.5742149522790498], [0.16818682104161015, 0.6089890408731008], [0.1741630171358057, 0.5839851615664455], [0.10925614288514417, 0.589884178044083], [0.17356555693705655, 0.5642395103787716], [0.1698000020566706, 0.5630610400171197], [0.16370160943824844, 0.505456402592726]]
0.7126, [[0.9870940697872199, 0.4354869216061185], [0.007163666688445499, 0.5839153785576717], [0.6802558036950939, 0.547724655681575], [0.36326123123123155, 0.5806873263428205], [0.36788126126126164, 0.5671899987160283], [0.9741888586679192, 0.5281279114151963], [0.10405047345256269, 0.5615022914615879], [0.12039646612298727, 0.5557759683286968], [0.9405895754124782, 0.0], [0.8996843024112879, 0.0]]
0.7431, [[0.9870940697872199, 0.4354869216061185], [0.3199777177177177, 0.6680981952580188], [0.9741888586679192, 0.5281279114151963], [0.25583468087443695, 0.5764770194735716], [0.9366762687002372, 0.43472342638623324], [0.30549876876876847, 0.5658999931521507], [0.47256510510510497, 0.5458220885940509], [0.3759892792792797, 0.5432499182537984], [0.3152989789789789, 0.5261592870003602], [0.6449411229457078, 0.523714054735326]]
0.7123, [[0.9870940697872199, 0.4354869216061185], [0.6802558036950939, 0.547724655681575], [0.9741888586679192, 0.5281279114151963], [0.36326123123123155, 0.5806873263428205], [0.47256510510510497, 0.5458220885940509], [0.9366762687002372, 0.43472342638623324], [0.0, 0.5687934397603253], [0.905803787916832, 0.4743066312567518], [0.36788126126126164, 0.5671899987160283], [0.6555017297770146, 0.2614668853046592]]
0.6560, [[0.9870940697872199, 0.4354869216061185], [0.30549876876876847, 0.5658999931521507], [0.0, 0.5841339405093088], [0.47256510510510497, 0.5458220885940509], [0.9366762687002372, 0.43472342638623324], [0.0, 0.5742608208859405], [0.04615618458175684, 0.556188589771025], [0.31993075075075056, 0.5363492411726942], [0.6691213602676148, 0.43899130401529635], [0.12039646612298727, 0.5557759683286968]]
0.2043, [[0.16374607951836515, 0.6224838202439547], [0.1535093309276519, 0.6047814782794778], [0.17138872177920705, 0.60073543590841], [0.17879906421486597, 0.5902907228760967], [0.18122018248277538, 0.5742149522790498], [0.18222545915171684, 0.564655268136101], [0.17356555693705655, 0.5642395103787716], [0.17498200319718796, 0.5566833434624439], [0.18379812786882183, 0.5447359435052429], [0.16370160943824844, 0.505456402592726]]
1.0028, [[0.9741888586679192, 0.5281279114151963], [0.595243853524595, 1.0], [0.9366762687002372, 0.43472342638623324], [0.9405895754124782, 0.0], [0.10925614288514417, 0.589884178044083], [0.25583468087443695, 0.5764770194735716], [0.8996843024112879, 0.0], [0.007163666688445499, 0.5839153785576717], [0.47256510510510497, 0.5458220885940509], [0.27185639239811044, 0.0]]
0.3294, [[0.3199777177177177, 0.6680981952580188], [0.16907825650422081, 0.6932948396094833], [0.17879906421486597, 0.5902907228760967], [0.18222545915171684, 0.564655268136101], [0.16818682104161015, 0.6089890408731008], [0.1535093309276519, 0.6047814782794778], [0.17138872177920705, 0.60073543590841], [0.17498200319718796, 0.5566833434624439], [0.171372945619759, 0.5314256186603895], [0.0, 0.5080100108030249]]
1.0221, [[0.595243853524595, 1.0], [0.9999996404532605, 0.5358258686068906], [0.3199777177177177, 0.6680981952580188], [0.9741888586679192, 0.5281279114151963], [0.9870940697872199, 0.4354869216061185], [0.36326123123123155, 0.5806873263428205], [0.9405895754124782, 0.0], [0.9366762687002372, 0.43472342638623324], [0.15657941553160265, 0.4621676017284839], [0.820384471290529, 0.4303216214149139]]
0.7280, [[0.16818682104161015, 0.6089890408731008], [0.9999996404532605, 0.5358258686068906], [0.36326123123123155, 0.5806873263428205], [0.36788126126126164, 0.5671899987160283], [0.17879906421486597, 0.5902907228760967], [0.9870940697872199, 0.4354869216061185], [0.0, 0.56120806591055], [0.905803787916832, 0.4743066312567518], [0.905803787916832, 0.4743066312567518], [0.6691213602676148, 0.43899130401529635]]
0.6985, [[0.16374607951836515, 0.6224838202439547], [0.9870940697872199, 0.4354869216061185], [0.1741630171358057, 0.5839851615664455], [0.6802558036950939, 0.547724655681575], [0.1535093309276519, 0.6047814782794778], [0.905803787916832, 0.4743066312567518], [0.1698000020566706, 0.5630610400171197], [0.820384471290529, 0.4303216214149139], [0.0, 0.56120806591055], [0.35331666666666706, 0.4400368718929254]]
0.3063, [[0.16374607951836515, 0.6224838202439547], [0.3484321021021019, 0.5214353889088945], [0.1741630171358057, 0.5839851615664455], [0.18122018248277538, 0.5742149522790498], [0.158014606287803, 0.5838354025251444], [0.17356555693705655, 0.5642395103787716], [0.0, 0.5652388187459876], [0.1698000020566706, 0.5630610400171197], [0.17498200319718796, 0.5566833434624439], [0.19605933700417877, 0.48042340655383503]]
0.7423, [[0.9999996404532605, 0.5358258686068906], [0.16907825650422081, 0.6932948396094833], [0.1741630171358057, 0.5839851615664455], [0.18222545915171684, 0.564655268136101], [0.9405895754124782, 0.0], [0.905803787916832, 0.4743066312567518], [0.16374607951836515, 0.6224838202439547], [0.17498200319718796, 0.5566833434624439], [0.8996843024112879, 0.0], [0.16818682104161015, 0.6089890408731008]]
0.9929, [[0.9870940697872199, 0.4354869216061185], [0.595243853524595, 1.0], [0.905803787916832, 0.4743066312567518], [0.6802558036950939, 0.547724655681575], [0.36326123123123155, 0.5806873263428205], [0.0, 0.5841339405093088], [0.0, 0.5841339405093088], [0.8996843024112879, 0.0], [0.7707440102542505, 0.46251428159884767], [0.04615618458175684, 0.556188589771025]]
0.7446, [[0.3199777177177177, 0.6680981952580188], [0.9870940697872199, 0.4354869216061185], [0.36326123123123155, 0.5806873263428205], [0.25583468087443695, 0.5764770194735716], [0.9741888586679192, 0.5281279114151963], [0.007163666688445499, 0.5839153785576717], [0.47256510510510497, 0.5458220885940509], [0.9366762687002372, 0.43472342638623324], [0.8996843024112879, 0.0], [0.6726736820534422, 0.47075762693554196]]
0.7023, [[0.0, 0.5642240248234539], [0.9999996404532605, 0.5358258686068906], [0.0, 0.5573180552107854], [0.9405895754124782, 0.0], [0.6449411229457078, 0.523714054735326], [0.2502664769856091, 0.5332478176760111], [0.0, 0.5536420980098438], [0.6251768386778013, 0.4339474034416826], [0.009020445001455163, 0.544481117911406], [0.0, 0.5331290297453456]]
0.7479, [[0.16907825650422081, 0.6932948396094833], [0.9999996404532605, 0.5358258686068906], [0.6802558036950939, 0.547724655681575], [0.16374607951836515, 0.6224838202439547], [0.905803787916832, 0.4743066312567518], [0.1535093309276519, 0.6047814782794778], [0.7707440102542505, 0.46251428159884767], [0.7426677244635956, 0.44027509751434035], [0.6449411229457078, 0.523714054735326], [0.3759892792792797, 0.5432499182537984]]
0.7188, [[0.9999996404532605, 0.5358258686068906], [0.0, 0.5841339405093088], [0.36788126126126164, 0.5671899987160283], [0.6449411229457078, 0.523714054735326], [0.9870940697872199, 0.4354869216061185], [0.1741630171358057, 0.5839851615664455], [0.7707440102542505, 0.46251428159884767], [0.18122018248277538, 0.5742149522790498], [0.0, 0.5652388187459876], [0.1496146534042573, 0.5503460269634068]]
0.2894, [[0.16907825650422081, 0.6932948396094833], [0.4286040240240244, 0.0], [0.16818682104161015, 0.6089890408731008], [0.25583468087443695, 0.5764770194735716], [0.1535093309276519, 0.6047814782794778], [0.18122018248277538, 0.5742149522790498], [0.10925614288514417, 0.589884178044083], [0.150911871476783, 0.5764293866894928], [0.17498200319718796, 0.5566833434624439], [0.16781044695192066, 0.488249566078502]]
0.7126, [[0.9870940697872199, 0.4354869216061185], [0.0, 0.5841339405093088], [0.36788126126126164, 0.5671899987160283], [0.36326123123123155, 0.5806873263428205], [0.9741888586679192, 0.5281279114151963], [0.6802558036950939, 0.547724655681575], [0.9366762687002372, 0.43472342638623324], [0.7707440102542505, 0.46251428159884767], [0.6449411229457078, 0.523714054735326], [0.47256510510510497, 0.5458220885940509]]
0.7101, [[0.007163666688445499, 0.5839153785576717], [0.6802558036950939, 0.547724655681575], [0.36788126126126164, 0.5671899987160283], [0.36788126126126164, 0.5671899987160283], [0.9741888586679192, 0.5281279114151963], [0.25583468087443695, 0.5764770194735716], [0.9870940697872199, 0.4354869216061185], [0.905803787916832, 0.4743066312567518], [0.9366762687002372, 0.43472342638623324], [0.7426677244635956, 0.44027509751434035]]
0.5975, [[0.1741630171358057, 0.5839851615664455], [0.9366762687002372, 0.43472342638623324], [0.18222545915171684, 0.564655268136101], [0.10925614288514417, 0.589884178044083], [0.158014606287803, 0.5838354025251444], [0.17087047219287832, 0.4399983938814531], [0.0, 0.5742608208859405], [0.15968583477456086, 0.5141948289521066], [0.15657941553160265, 0.4621676017284839], [0.11272618475994738, 0.5092560262873604]]
1.0097, [[0.595243853524595, 1.0], [0.9741888586679192, 0.5281279114151963], [0.10925614288514417, 0.589884178044083], [0.9870940697872199, 0.4354869216061185], [0.9366762687002372, 0.43472342638623324], [0.17498200319718796, 0.5566833434624439], [0.6726736820534422, 0.47075762693554196], [0.47256510510510497, 0.5458220885940509], [0.3759892792792797, 0.5432499182537984], [0.15968583477456086, 0.5141948289521066]]
0.9929, [[0.595243853524595, 1.0], [0.9870940697872199, 0.4354869216061185], [0.6802558036950939, 0.547724655681575], [0.0, 0.5841339405093088], [0.36326123123123155, 0.5806873263428205], [0.1741630171358057, 0.5839851615664455], [0.905803787916832, 0.4743066312567518], [0.7426677244635956, 0.44027509751434035], [0.31993075075075056, 0.5363492411726942], [0.0, 0.5412501254012412]]
1.0231, [[0.9999996404532605, 0.5358258686068906], [0.595243853524595, 1.0], [0.9870940697872199, 0.4354869216061185], [0.9741888586679192, 0.5281279114151963], [0.9366762687002372, 0.43472342638623324], [0.3199777177177177, 0.6680981952580188], [0.36326123123123155, 0.5806873263428205], [0.25583468087443695, 0.5764770194735716], [0.11863328066809617, 0.5480304463941793], [0.6802558036950939, 0.547724655681575]]
1.0221, [[0.9999996404532605, 0.5358258686068906], [0.595243853524595, 1.0], [0.9870940697872199, 0.4354869216061185], [0.905803787916832, 0.4743066312567518], [0.17138872177920705, 0.60073543590841], [0.9405895754124782, 0.0], [0.6449411229457078, 0.523714054735326], [0.7707440102542505, 0.46251428159884767], [0.10925614288514417, 0.589884178044083], [0.36326123123123155, 0.5806873263428205]]
1.0231, [[0.595243853524595, 1.0], [0.9999996404532605, 0.5358258686068906], [0.6802558036950939, 0.547724655681575], [0.3199777177177177, 0.6680981952580188], [0.905803787916832, 0.4743066312567518], [0.17879906421486597, 0.5902907228760967], [0.31993075075075056, 0.5363492411726942], [0.8996843024112879, 0.0], [0.6691213602676148, 0.43899130401529635], [0.007163666688445499, 0.5839153785576717]]
1.0231, [[0.9999996404532605, 0.5358258686068906], [0.595243853524595, 1.0], [0.6802558036950939, 0.547724655681575], [0.9741888586679192, 0.5281279114151963], [0.36326123123123155, 0.5806873263428205], [0.9366762687002372, 0.43472342638623324], [0.25583468087443695, 0.5764770194735716], [0.3152989789789789, 0.5261592870003602], [0.905803787916832, 0.4743066312567518], [0.0, 0.5666121326770811]]
0.7011, [[0.36326123123123155, 0.5806873263428205], [0.9741888586679192, 0.5281279114151963], [0.9741888586679192, 0.5281279114151963], [0.25583468087443695, 0.5764770194735716], [0.9405895754124782, 0.0], [0.9366762687002372, 0.43472342638623324], [0.6726736820534422, 0.47075762693554196], [0.36788126126126164, 0.5671899987160283], [0.47256510510510497, 0.5458220885940509], [0.3759892792792797, 0.5432499182537984]]
0.7378, [[0.3199777177177177, 0.6680981952580188], [0.36326123123123155, 0.5806873263428205], [0.36788126126126164, 0.5671899987160283], [0.47256510510510497, 0.5458220885940509], [0.9741888586679192, 0.5281279114151963], [0.17879906421486597, 0.5902907228760967], [0.25583468087443695, 0.5764770194735716], [0.2587843150609689, 0.5423790027819388], [0.6692098087655209, 0.4398043135755258], [0.6449411229457078, 0.523714054735326]]
1.0231, [[0.9999996404532605, 0.5358258686068906], [0.595243853524595, 1.0], [0.9741888586679192, 0.5281279114151963], [0.36326123123123155, 0.5806873263428205], [0.36788126126126164, 0.5671899987160283], [0.15874789537155623, 0.5621001515086669], [0.014060073770930069, 0.553991797132463], [0.6802558036950939, 0.547724655681575], [0.2587843150609689, 0.5423790027819388], [0.014404634144892861, 0.4876424144760533]]
1.0231, [[0.595243853524595, 1.0], [0.9999996404532605, 0.5358258686068906], [0.16907825650422081, 0.6932948396094833], [0.9870940697872199, 0.4354869216061185], [0.16374607951836515, 0.6224838202439547], [0.9366762687002372, 0.43472342638623324], [0.6802558036950939, 0.547724655681575], [0.2587843150609689, 0.5423790027819388], [0.15357556880965512, 0.5466263573721378], [0.905803787916832, 0.4743066312567518]]
0.7198, [[0.9741888586679192, 0.5281279114151963], [0.16907825650422081, 0.6932948396094833], [0.19605933700417877, 0.48042340655383503], [0.16374607951836515, 0.6224838202439547], [0.16818682104161015, 0.6089890408731008], [0.17138872177920705, 0.60073543590841], [0.1741630171358057, 0.5839851615664455], [0.18222545915171684, 0.564655268136101], [0.17498200319718796, 0.5566833434624439], [0.0, 0.5401124271346031]]
0.7424, [[0.9999996404532605, 0.5358258686068906], [0.9999996404532605, 0.5358258686068906], [0.16907825650422081, 0.6932948396094833], [0.9741888586679192, 0.5281279114151963], [0.16818682104161015, 0.6089890408731008], [0.9405895754124782, 0.0], [0.17879906421486597, 0.5902907228760967], [0.905803787916832, 0.4743066312567518], [0.18122018248277538, 0.5742149522790498], [0.18222545915171684, 0.564655268136101]]
0.5450, [[0.9405895754124782, 0.0], [0.16907825650422081, 0.6932948396094833], [0.3199777177177177, 0.6680981952580188], [0.6692098087655209, 0.4398043135755258], [0.1535093309276519, 0.6047814782794778], [0.3152989789789789, 0.5261592870003602], [0.2530134966494562, 0.4362696061185468], [0.15874789537155623, 0.5621001515086669], [0.0, 0.5535634941151295], [0.0, 0.5573180552107854]]
0.2304, [[0.16907825650422081, 0.6932948396094833], [0.19605933700417877, 0.48042340655383503], [0.18122018248277538, 0.5742149522790498], [0.10925614288514417, 0.589884178044083], [0.18379812786882183, 0.5447359435052429], [0.17356555693705655, 0.5642395103787716], [0.17356555693705655, 0.5642395103787716], [0.158014606287803, 0.5838354025251444], [0.158014606287803, 0.5838354025251444], [0.1698000020566706, 0.5630610400171197]]
1.0231, [[0.9999996404532605, 0.5358258686068906], [0.595243853524595, 1.0], [0.6802558036950939, 0.547724655681575], [0.9741888586679192, 0.5281279114151963], [0.16374607951836515, 0.6224838202439547], [0.31993075075075056, 0.5363492411726942], [0.9366762687002372, 0.43472342638623324], [0.3484321021021019, 0.5214353889088945], [0.10423921904976871, 0.5574407635352022], [0.0, 0.56120806591055]]
1.0231, [[0.595243853524595, 1.0], [0.9999996404532605, 0.5358258686068906], [0.16374607951836515, 0.6224838202439547], [0.9870940697872199, 0.4354869216061185], [0.9741888586679192, 0.5281279114151963], [0.17879906421486597, 0.5902907228760967], [0.9366762687002372, 0.43472342638623324], [0.007163666688445499, 0.5839153785576717], [0.905803787916832, 0.4743066312567518], [0.6802558036950939, 0.547724655681575]]
1.0221, [[0.595243853524595, 1.0], [0.9999996404532605, 0.5358258686068906], [0.3199777177177177, 0.6680981952580188], [0.9741888586679192, 0.5281279114151963], [0.9870940697872199, 0.4354869216061185], [0.0, 0.5369227947785149], [0.2683769021201801, 0.4602808750450126], [0.9366762687002372, 0.43472342638623324], [0.8996843024112879, 0.0], [0.11732246069411194, 0.43362337284894836]]
1.0231, [[0.595243853524595, 1.0], [0.9999996404532605, 0.5358258686068906], [0.6802558036950939, 0.547724655681575], [0.17879906421486597, 0.5902907228760967], [0.9741888586679192, 0.5281279114151963], [0.04615618458175684, 0.556188589771025], [0.9405895754124782, 0.0], [0.0, 0.5536420980098438], [0.905803787916832, 0.4743066312567518], [0.11863328066809617, 0.5480304463941793]]
0.1785, [[0.16856363488487316, 0.5005169841555636], [0.15874789537155623, 0.5621001515086669], [0.0, 0.5742608208859405], [0.16118539446007724, 0.5414520256794351], [0.12039646612298727, 0.5557759683286968], [0.0, 0.5687934397603253], [0.15968583477456086, 0.5141948289521066], [0.0, 0.5421647532634283], [0.0, 0.5362947476995507], [0.14721172994045004, 0.0]]
0.7057, [[0.9741888586679192, 0.5281279114151963], [0.0, 0.5841339405093088], [0.36326123123123155, 0.5806873263428205], [0.6802558036950939, 0.547724655681575], [0.9405895754124782, 0.0], [0.36788126126126164, 0.5671899987160283], [0.25583468087443695, 0.5764770194735716], [0.9366762687002372, 0.43472342638623324], [0.3484321021021019, 0.5214353889088945], [0.905803787916832, 0.4743066312567518]]
1.0231, [[0.595243853524595, 1.0], [0.9999996404532605, 0.5358258686068906], [0.3199777177177177, 0.6680981952580188], [0.9870940697872199, 0.4354869216061185], [0.905803787916832, 0.4743066312567518], [0.30549876876876847, 0.5658999931521507], [0.9405895754124782, 0.0], [0.7707440102542505, 0.46251428159884767], [0.6802558036950939, 0.547724655681575], [0.9366762687002372, 0.43472342638623324]]
1.0221, [[0.595243853524595, 1.0], [0.9999996404532605, 0.5358258686068906], [0.16907825650422081, 0.6932948396094833], [0.16907825650422081, 0.6932948396094833], [0.9405895754124782, 0.0], [0.905803787916832, 0.4743066312567518], [0.17138872177920705, 0.60073543590841], [0.8996843024112879, 0.0], [0.7426677244635956, 0.44027509751434035], [0.0, 0.5841339405093088]]
0.9844, [[0.595243853524595, 1.0], [0.6802558036950939, 0.547724655681575], [0.9870940697872199, 0.4354869216061185], [0.007163666688445499, 0.5839153785576717], [0.04615618458175684, 0.556188589771025], [0.47256510510510497, 0.5458220885940509], [0.6449411229457078, 0.523714054735326], [0.9366762687002372, 0.43472342638623324], [0.7426677244635956, 0.44027509751434035], [0.2587843150609689, 0.5423790027819388]]
1.0221, [[0.595243853524595, 1.0], [0.9999996404532605, 0.5358258686068906], [0.16907825650422081, 0.6932948396094833], [0.36788126126126164, 0.5671899987160283], [0.905803787916832, 0.4743066312567518], [0.9870940697872199, 0.4354869216061185], [0.3484321021021019, 0.5214353889088945], [0.9405895754124782, 0.0], [0.16818682104161015, 0.6089890408731008], [0.8996843024112879, 0.0]]
0.7084, [[0.36326123123123155, 0.5806873263428205], [0.9870940697872199, 0.4354869216061185], [0.36788126126126164, 0.5671899987160283], [0.47256510510510497, 0.5458220885940509], [0.007163666688445499, 0.5839153785576717], [0.9741888586679192, 0.5281279114151963], [0.30549876876876847, 0.5658999931521507], [0.3759892792792797, 0.5432499182537984], [0.7707440102542505, 0.46251428159884767], [0.6726736820534422, 0.47075762693554196]]
0.9746, [[0.595243853524595, 1.0], [0.9870940697872199, 0.4354869216061185], [0.3199777177177177, 0.6680981952580188], [0.9366762687002372, 0.43472342638623324], [0.47256510510510497, 0.5458220885940509], [0.820384471290529, 0.4303216214149139], [0.6460862793108754, 0.4327327112810707], [0.3484321021021019, 0.5214353889088945], [0.10478257758717989, 0.1106081541218643], [0.3152989789789789, 0.5261592870003602]]
0.8240, [[0.595243853524595, 1.0], [0.8996843024112879, 0.0], [0.16907825650422081, 0.6932948396094833], [0.6555017297770146, 0.2614668853046592], [0.16818682104161015, 0.6089890408731008], [0.6449411229457078, 0.523714054735326], [0.17138872177920705, 0.60073543590841], [0.17879906421486597, 0.5902907228760967], [0.18222545915171684, 0.564655268136101], [0.17498200319718796, 0.5566833434624439]]
0.7479, [[0.16907825650422081, 0.6932948396094833], [0.9999996404532605, 0.5358258686068906], [0.9741888586679192, 0.5281279114151963], [0.9405895754124782, 0.0], [0.9366762687002372, 0.43472342638623324], [0.16818682104161015, 0.6089890408731008], [0.6802558036950939, 0.547724655681575], [0.1535093309276519, 0.6047814782794778], [0.6691213602676148, 0.43899130401529635], [0.1698000020566706, 0.5630610400171197]]
0.7569, [[0.3199777177177177, 0.6680981952580188], [0.9999996404532605, 0.5358258686068906], [0.007163666688445499, 0.5839153785576717], [0.36326123123123155, 0.5806873263428205], [0.9741888586679192, 0.5281279114151963], [0.9741888586679192, 0.5281279114151963], [0.25583468087443695, 0.5764770194735716], [0.905803787916832, 0.4743066312567518], [0.07076538670341358, 0.522220190853439], [0.820384471290529, 0.4303216214149139]]
0.3294, [[0.3199777177177177, 0.6680981952580188], [0.16907825650422081, 0.6932948396094833], [0.18122018248277538, 0.5742149522790498], [0.17879906421486597, 0.5902907228760967], [0.16818682104161015, 0.6089890408731008], [0.17498200319718796, 0.5566833434624439], [0.1741630171358057, 0.5839851615664455], [0.17356555693705655, 0.5642395103787716], [0.15874789537155623, 0.5621001515086669], [0.16995424562256356, 0.4332105544933078]]
0.7184, [[0.9999996404532605, 0.5358258686068906], [0.9999996404532605, 0.5358258686068906], [0.36788126126126164, 0.5671899987160283], [0.47256510510510497, 0.5458220885940509], [0.25583468087443695, 0.5764770194735716], [0.9741888586679192, 0.5281279114151963], [0.3759892792792797, 0.5432499182537984], [0.0, 0.5627430960838862], [0.0, 0.5379070096297881], [0.3473649849849847, 0.5016811019085344]]
0.7483, [[0.16907825650422081, 0.6932948396094833], [0.9999996404532605, 0.5358258686068906], [0.17879906421486597, 0.5902907228760967], [0.6802558036950939, 0.547724655681575], [0.16374607951836515, 0.6224838202439547], [0.16818682104161015, 0.6089890408731008], [0.9870940697872199, 0.4354869216061185], [0.1698000020566706, 0.5630610400171197], [0.17498200319718796, 0.5566833434624439], [0.13341609928783132, 0.5332709479991441]]
0.6900, [[0.9741888586679192, 0.5281279114151963], [0.19605933700417877, 0.48042340655383503], [0.17356555693705655, 0.5642395103787716], [0.15996254971066387, 0.5483056580355232], [0.15874789537155623, 0.5621001515086669], [0.14716181790986174, 0.4923229006121714], [0.10925614288514417, 0.589884178044083], [0.04615618458175684, 0.556188589771025], [0.007163666688445499, 0.5839153785576717], [0.0, 0.5412501254012412]]
0.5413, [[0.16818682104161015, 0.6089890408731008], [0.36326123123123155, 0.5806873263428205], [0.9405895754124782, 0.0], [0.1535093309276519, 0.6047814782794778], [0.25583468087443695, 0.5764770194735716], [0.6726736820534422, 0.47075762693554196], [0.6726736820534422, 0.47075762693554196], [0.17138872177920705, 0.60073543590841], [0.6449411229457078, 0.523714054735326], [0.4809528528528532, 0.0]]
1.0221, [[0.9999996404532605, 0.5358258686068906], [0.595243853524595, 1.0], [0.9741888586679192, 0.5281279114151963], [0.007163666688445499, 0.5839153785576717], [0.36326123123123155, 0.5806873263428205], [0.47256510510510497, 0.5458220885940509], [0.9405895754124782, 0.0], [0.25583468087443695, 0.5764770194735716], [0.7426677244635956, 0.44027509751434035], [0.3152989789789789, 0.5261592870003602]]
1.0221, [[0.595243853524595, 1.0], [0.9999996404532605, 0.5358258686068906], [0.30549876876876847, 0.5658999931521507], [0.9870940697872199, 0.4354869216061185], [0.0, 0.5595581682002996], [0.9741888586679192, 0.5281279114151963], [0.9366762687002372, 0.43472342638623324], [0.6449411229457078, 0.523714054735326], [0.47256510510510497, 0.5458220885940509], [0.3152989789789789, 0.5261592870003602]]
1.0114, [[0.595243853524595, 1.0], [0.9870940697872199, 0.4354869216061185], [0.9741888586679192, 0.5281279114151963], [0.17138872177920705, 0.60073543590841], [0.36326123123123155, 0.5806873263428205], [0.0, 0.5841339405093088], [0.6802558036950939, 0.547724655681575], [0.25583468087443695, 0.5764770194735716], [0.2587843150609689, 0.5423790027819388], [0.3152989789789789, 0.5261592870003602]]
0.7475, [[0.3199777177177177, 0.6680981952580188], [0.9741888586679192, 0.5281279114151963], [0.9870940697872199, 0.4354869216061185], [0.6802558036950939, 0.547724655681575], [0.007163666688445499, 0.5839153785576717], [0.7707440102542505, 0.46251428159884767], [0.9366762687002372, 0.43472342638623324], [0.07076538670341358, 0.522220190853439], [0.6692098087655209, 0.4398043135755258], [0.6555017297770146, 0.2614668853046592]]
0.7675, [[0.16907825650422081, 0.6932948396094833], [0.6802558036950939, 0.547724655681575], [0.9999996404532605, 0.5358258686068906], [0.3199777177177177, 0.6680981952580188], [0.9870940697872199, 0.4354869216061185], [0.9741888586679192, 0.5281279114151963], [0.36326123123123155, 0.5806873263428205], [0.9405895754124782, 0.0], [0.014060073770930069, 0.553991797132463], [0.7707440102542505, 0.46251428159884767]]
1.0221, [[0.595243853524595, 1.0], [0.9999996404532605, 0.5358258686068906], [0.3199777177177177, 0.6680981952580188], [0.9741888586679192, 0.5281279114151963], [0.36326123123123155, 0.5806873263428205], [0.9870940697872199, 0.4354869216061185], [0.36788126126126164, 0.5671899987160283], [0.9366762687002372, 0.43472342638623324], [0.3759892792792797, 0.5432499182537984], [0.905803787916832, 0.4743066312567518]]
0.7089, [[0.9741888586679192, 0.5281279114151963], [0.0, 0.5841339405093088], [0.36326123123123155, 0.5806873263428205], [0.36788126126126164, 0.5671899987160283], [0.47256510510510497, 0.5458220885940509], [0.9870940697872199, 0.4354869216061185], [0.1741630171358057, 0.5839851615664455], [0.3759892792792797, 0.5432499182537984], [0.905803787916832, 0.4743066312567518], [0.7707440102542505, 0.46251428159884767]]
0.7441, [[0.9741888586679192, 0.5281279114151963], [0.3199777177177177, 0.6680981952580188], [0.9870940697872199, 0.4354869216061185], [0.47256510510510497, 0.5458220885940509], [0.36788126126126164, 0.5671899987160283], [0.16374607951836515, 0.6224838202439547], [0.9366762687002372, 0.43472342638623324], [0.9366762687002372, 0.43472342638623324], [0.3759892792792797, 0.5432499182537984], [0.30549876876876847, 0.5658999931521507]]
1.0221, [[0.9999996404532605, 0.5358258686068906], [0.595243853524595, 1.0], [0.9870940697872199, 0.4354869216061185], [0.9741888586679192, 0.5281279114151963], [0.3199777177177177, 0.6680981952580188], [0.3759892792792797, 0.5432499182537984], [0.36326123123123155, 0.5806873263428205], [0.6449411229457078, 0.523714054735326], [0.6555017297770146, 0.2614668853046592], [0.25583468087443695, 0.5764770194735716]]
0.7570, [[0.3199777177177177, 0.6680981952580188], [0.9999996404532605, 0.5358258686068906], [0.36326123123123155, 0.5806873263428205], [0.36788126126126164, 0.5671899987160283], [0.9870940697872199, 0.4354869216061185], [0.9741888586679192, 0.5281279114151963], [0.25583468087443695, 0.5764770194735716], [0.30549876876876847, 0.5658999931521507], [0.9405895754124782, 0.0], [0.7707440102542505, 0.46251428159884767]]
1.0221, [[0.9999996404532605, 0.5358258686068906], [0.595243853524595, 1.0], [0.9870940697872199, 0.4354869216061185], [0.9741888586679192, 0.5281279114151963], [0.1535093309276519, 0.6047814782794778], [0.9405895754124782, 0.0], [0.905803787916832, 0.4743066312567518], [0.30549876876876847, 0.5658999931521507], [0.007163666688445499, 0.5839153785576717], [0.05106859639223319, 0.5351948812326129]]
0.5729, [[0.9405895754124782, 0.0], [0.16907825650422081, 0.6932948396094833], [0.17879906421486597, 0.5902907228760967], [0.18222545915171684, 0.564655268136101], [0.820384471290529, 0.4303216214149139], [0.16374607951836515, 0.6224838202439547], [0.18122018248277538, 0.5742149522790498], [0.16818682104161015, 0.6089890408731008], [0.1535093309276519, 0.6047814782794778], [0.17138872177920705, 0.60073543590841]]
1.0231, [[0.6802558036950939, 0.547724655681575], [0.9999996404532605, 0.5358258686068906], [0.595243853524595, 1.0], [0.9741888586679192, 0.5281279114151963], [0.9741888586679192, 0.5281279114151963], [0.0, 0.5841339405093088], [0.36326123123123155, 0.5806873263428205], [0.905803787916832, 0.4743066312567518], [0.25583468087443695, 0.5764770194735716], [0.36788126126126164, 0.5671899987160283]]
0.7122, [[0.9870940697872199, 0.4354869216061185], [0.36326123123123155, 0.5806873263428205], [0.9741888586679192, 0.5281279114151963], [0.15874789537155623, 0.5621001515086669], [0.6802558036950939, 0.547724655681575], [0.47256510510510497, 0.5458220885940509], [0.3759892792792797, 0.5432499182537984], [0.9366762687002372, 0.43472342638623324], [0.11783288841107387, 0.5075210875045012], [0.905803787916832, 0.4743066312567518]]
0.9929, [[0.595243853524595, 1.0], [0.9870940697872199, 0.4354869216061185], [0.905803787916832, 0.4743066312567518], [0.6802558036950939, 0.547724655681575], [0.0, 0.5841339405093088], [0.0, 0.5841339405093088], [0.9405895754124782, 0.0], [0.7707440102542505, 0.46251428159884767], [0.6449411229457078, 0.523714054735326], [0.8996843024112879, 0.0]]
1.0221, [[0.595243853524595, 1.0], [0.9999996404532605, 0.5358258686068906], [0.36326123123123155, 0.5806873263428205], [0.9741888586679192, 0.5281279114151963], [0.9366762687002372, 0.43472342638623324], [0.905803787916832, 0.4743066312567518], [0.820384471290529, 0.4303216214149139], [0.47256510510510497, 0.5458220885940509], [0.36788126126126164, 0.5671899987160283], [0.7707440102542505, 0.46251428159884767]]
0.2306, [[0.16907825650422081, 0.6932948396094833], [0.19605933700417877, 0.48042340655383503], [0.16374607951836515, 0.6224838202439547], [0.18379812786882183, 0.5447359435052429], [0.16818682104161015, 0.6089890408731008], [0.18122018248277538, 0.5742149522790498], [0.17138872177920705, 0.60073543590841], [0.17879906421486597, 0.5902907228760967], [0.17498200319718796, 0.5566833434624439], [0.1741630171358057, 0.5839851615664455]]
1.0231, [[0.595243853524595, 1.0], [0.9999996404532605, 0.5358258686068906], [0.6802558036950939, 0.547724655681575], [0.16907825650422081, 0.6932948396094833], [0.3199777177177177, 0.6680981952580188], [0.9741888586679192, 0.5281279114151963], [0.3759892792792797, 0.5432499182537984], [0.014060073770930069, 0.553991797132463], [0.9405895754124782, 0.0], [0.31993075075075056, 0.5363492411726942]]
0.6887, [[0.16907825650422081, 0.6932948396094833], [0.7707440102542505, 0.46251428159884767], [0.9870940697872199, 0.4354869216061185], [0.36788126126126164, 0.5671899987160283], [0.16374607951836515, 0.6224838202439547], [0.7426677244635956, 0.44027509751434035], [0.16818682104161015, 0.6089890408731008], [0.6692098087655209, 0.4398043135755258], [0.17138872177920705, 0.60073543590841], [0.1741630171358057, 0.5839851615664455]]
0.7351, [[0.36326123123123155, 0.5806873263428205], [0.9999996404532605, 0.5358258686068906], [0.36788126126126164, 0.5671899987160283], [0.6802558036950939, 0.547724655681575], [0.16374607951836515, 0.6224838202439547], [0.0, 0.5841339405093088], [0.18122018248277538, 0.5742149522790498], [0.1741630171358057, 0.5839851615664455], [0.9741888586679192, 0.5281279114151963], [0.905803787916832, 0.4743066312567518]]
1.0221, [[0.9999996404532605, 0.5358258686068906], [0.595243853524595, 1.0], [0.9741888586679192, 0.5281279114151963], [0.16818682104161015, 0.6089890408731008], [0.9405895754124782, 0.0], [0.6449411229457078, 0.523714054735326], [0.17879906421486597, 0.5902907228760967], [0.3152989789789789, 0.5261592870003602], [0.2502664769856091, 0.5332478176760111], [0.9366762687002372, 0.43472342638623324]]
0.9867, [[0.595243853524595, 1.0], [0.9870940697872199, 0.4354869216061185], [0.9870940697872199, 0.4354869216061185], [0.9405895754124782, 0.0], [0.9366762687002372, 0.43472342638623324], [0.905803787916832, 0.4743066312567518], [0.8996843024112879, 0.0], [0.3199777177177177, 0.6680981952580188], [0.820384471290529, 0.4303216214149139], [0.25583468087443695, 0.5764770194735716]]
1.0221, [[0.595243853524595, 1.0], [0.9999996404532605, 0.5358258686068906], [0.9999996404532605, 0.5358258686068906], [0.3199777177177177, 0.6680981952580188], [0.36326123123123155, 0.5806873263428205], [0.9870940697872199, 0.4354869216061185], [0.25583468087443695, 0.5764770194735716], [0.007163666688445499, 0.5839153785576717], [0.9741888586679192, 0.5281279114151963], [0.820384471290529, 0.4303216214149139]]
0.7084, [[0.36326123123123155, 0.5806873263428205], [0.36788126126126164, 0.5671899987160283], [0.47256510510510497, 0.5458220885940509], [0.9870940697872199, 0.4354869216061185], [0.0, 0.5841339405093088], [0.3759892792792797, 0.5432499182537984], [0.9741888586679192, 0.5281279114151963], [0.2587843150609689, 0.5423790027819388], [0.9405895754124782, 0.0], [0.7426677244635956, 0.44027509751434035]]
0.7240, [[0.36326123123123155, 0.5806873263428205], [0.9999996404532605, 0.5358258686068906], [0.6802558036950939, 0.547724655681575], [0.25583468087443695, 0.5764770194735716], [0.9741888586679192, 0.5281279114151963], [0.47256510510510497, 0.5458220885940509], [0.0, 0.5604426090306014], [0.905803787916832, 0.4743066312567518], [0.0, 0.5536420980098438], [0.820384471290529, 0.4303216214149139]]
0.7608, [[0.3199777177177177, 0.6680981952580188], [0.9999996404532605, 0.5358258686068906], [0.6802558036950939, 0.547724655681575], [0.36326123123123155, 0.5806873263428205], [0.25583468087443695, 0.5764770194735716], [0.9741888586679192, 0.5281279114151963], [0.36788126126126164, 0.5671899987160283], [0.9405895754124782, 0.0], [0.9366762687002372, 0.43472342638623324], [0.6555017297770146, 0.2614668853046592]]
0.2202, [[0.16907825650422081, 0.6932948396094833], [0.17138872177920705, 0.60073543590841], [0.17879906421486597, 0.5902907228760967], [0.16818682104161015, 0.6089890408731008], [0.17498200319718796, 0.5566833434624439], [0.1741630171358057, 0.5839851615664455], [0.0, 0.5652388187459876], [0.16370160943824844, 0.505456402592726], [0.15313422112948613, 0.5579709967900707], [0.0, 0.5604426090306014]]
0.6706, [[0.9870940697872199, 0.4354869216061185], [0.16907825650422081, 0.6932948396094833], [0.30549876876876847, 0.5658999931521507], [0.6691213602676148, 0.43899130401529635], [0.16374607951836515, 0.6224838202439547], [0.1698000020566706, 0.5630610400171197], [0.10925614288514417, 0.589884178044083], [0.2893787387387384, 0.4405269445506692], [0.2748886015599254, 0.0], [0.3838451951951951, 0.0]]
0.7194, [[0.9999996404532605, 0.5358258686068906], [0.10925614288514417, 0.589884178044083], [0.6802558036950939, 0.547724655681575], [0.9366762687002372, 0.43472342638623324], [0.007163666688445499, 0.5839153785576717], [0.820384471290529, 0.4303216214149139], [0.6691213602676148, 0.43899130401529635], [0.6460862793108754, 0.4327327112810707], [0.18122018248277538, 0.5742149522790498], [0.17356555693705655, 0.5642395103787716]]
0.7335, [[0.3199777177177177, 0.6680981952580188], [0.9741888586679192, 0.5281279114151963], [0.1535093309276519, 0.6047814782794778], [0.25583468087443695, 0.5764770194735716], [0.6555017297770146, 0.2614668853046592], [0.10925614288514417, 0.589884178044083], [0.18122018248277538, 0.5742149522790498], [0.20004103076592283, 0.44119349904397703], [0.158014606287803, 0.5838354025251444], [0.17356555693705655, 0.5642395103787716]]
0.2005, [[0.16818682104161015, 0.6089890408731008], [0.0, 0.5742608208859405], [0.18222545915171684, 0.564655268136101], [0.18379812786882183, 0.5447359435052429], [0.15874789537155623, 0.5621001515086669], [0.16856363488487316, 0.5005169841555636], [0.16118539446007724, 0.5414520256794351], [0.15968583477456086, 0.5141948289521066], [0.12039646612298727, 0.5557759683286968], [0.143738871577997, 0.4301087495219885]]
1.0221, [[0.9999996404532605, 0.5358258686068906], [0.595243853524595, 1.0], [0.6726736820534422, 0.47075762693554196], [0.8996843024112879, 0.0], [0.36326123123123155, 0.5806873263428205], [0.36788126126126164, 0.5671899987160283], [0.3152989789789789, 0.5261592870003602], [0.3759892792792797, 0.5432499182537984], [0.2633444161265517, 0.5288782301044292], [0.27185639239811044, 0.0]]
0.5372, [[0.820384471290529, 0.4303216214149139], [0.1535093309276519, 0.6047814782794778], [0.6692098087655209, 0.4398043135755258], [0.007163666688445499, 0.5839153785576717], [0.10405047345256269, 0.5615022914615879], [0.6555017297770146, 0.2614668853046592], [0.0, 0.5742608208859405], [0.2530134966494562, 0.4362696061185468], [0.17087047219287832, 0.4399983938814531], [0.1496146534042573, 0.5503460269634068]]
0.7213, [[0.9870940697872199, 0.4354869216061185], [0.3199777177177177, 0.6680981952580188], [0.905803787916832, 0.4743066312567518], [0.6449411229457078, 0.523714054735326], [0.36326123123123155, 0.5806873263428205], [0.820384471290529, 0.4303216214149139], [0.6726736820534422, 0.47075762693554196], [0.11863328066809617, 0.5480304463941793], [0.7707440102542505, 0.46251428159884767], [0.3759892792792797, 0.5432499182537984]]
1.0221, [[0.595243853524595, 1.0], [0.9999996404532605, 0.5358258686068906], [0.30549876876876847, 0.5658999931521507], [0.31993075075075056, 0.5363492411726942], [0.9405895754124782, 0.0], [0.8996843024112879, 0.0], [0.6449411229457078, 0.523714054735326], [0.4809528528528532, 0.0], [0.3152989789789789, 0.5261592870003602], [0.0, 0.47433649621894125]]
0.4809, [[0.30549876876876847, 0.5658999931521507], [0.6691213602676148, 0.43899130401529635], [0.16374607951836515, 0.6224838202439547], [0.171372945619759, 0.5314256186603895], [0.007163666688445499, 0.5839153785576717], [0.150911871476783, 0.5764293866894928], [0.15996254971066387, 0.5483056580355232], [0.15313422112948613, 0.5579709967900707], [0.1679698576223018, 0.49663299963989915], [0.12039646612298727, 0.5557759683286968]]
0.7159, [[0.9999996404532605, 0.5358258686068906], [0.0, 0.5841339405093088], [0.007163666688445499, 0.5839153785576717], [0.36788126126126164, 0.5671899987160283], [0.9741888586679192, 0.5281279114151963], [0.0, 0.5742608208859405], [0.0, 0.5687934397603253], [0.04615618458175684, 0.556188589771025], [0.11863328066809617, 0.5480304463941793], [0.9405895754124782, 0.0]]
0.7592, [[0.3199777177177177, 0.6680981952580188], [0.9999996404532605, 0.5358258686068906], [0.10423921904976871, 0.5574407635352022], [0.9741888586679192, 0.5281279114151963], [0.6802558036950939, 0.547724655681575], [0.6555017297770146, 0.2614668853046592], [0.6460862793108754, 0.4327327112810707], [0.6460862793108754, 0.4327327112810707], [0.6449411229457078, 0.523714054735326], [0.11783288841107387, 0.5075210875045012]]
0.7278, [[0.9999996404532605, 0.5358258686068906], [0.1535093309276519, 0.6047814782794778], [0.9870940697872199, 0.4354869216061185], [0.9741888586679192, 0.5281279114151963], [0.17138872177920705, 0.60073543590841], [0.9405895754124782, 0.0], [0.17879906421486597, 0.5902907228760967], [0.7426677244635956, 0.44027509751434035], [0.36326123123123155, 0.5806873263428205], [0.47256510510510497, 0.5458220885940509]]
0.5233, [[0.36326123123123155, 0.5806873263428205], [0.6726736820534422, 0.47075762693554196], [0.16907825650422081, 0.6932948396094833], [0.3759892792792797, 0.5432499182537984], [0.17879906421486597, 0.5902907228760967], [0.4809528528528532, 0.0], [0.16374607951836515, 0.6224838202439547], [0.2587843150609689, 0.5423790027819388], [0.3152989789789789, 0.5261592870003602], [0.10925614288514417, 0.589884178044083]]
1.0231, [[0.9999996404532605, 0.5358258686068906], [0.595243853524595, 1.0], [0.9870940697872199, 0.4354869216061185], [0.16907825650422081, 0.6932948396094833], [0.9366762687002372, 0.43472342638623324], [0.16374607951836515, 0.6224838202439547], [0.905803787916832, 0.4743066312567518], [0.7707440102542505, 0.46251428159884767], [0.6802558036950939, 0.547724655681575], [0.0, 0.0]]
1.0231, [[0.595243853524595, 1.0], [0.9999996404532605, 0.5358258686068906], [0.6802558036950939, 0.547724655681575], [0.36326123123123155, 0.5806873263428205], [0.17879906421486597, 0.5902907228760967], [0.905803787916832, 0.4743066312567518], [0.30549876876876847, 0.5658999931521507], [0.0, 0.5841339405093088], [0.7426677244635956, 0.44027509751434035], [0.6726736820534422, 0.47075762693554196]]
1.0231, [[0.595243853524595, 1.0], [0.6802558036950939, 0.547724655681575], [0.3199777177177177, 0.6680981952580188], [0.3199777177177177, 0.6680981952580188], [0.9999996404532605, 0.5358258686068906], [0.9870940697872199, 0.4354869216061185], [0.905803787916832, 0.4743066312567518], [0.9366762687002372, 0.43472342638623324], [0.6726736820534422, 0.47075762693554196], [0.8996843024112879, 0.0]]
0.3226, [[0.3199777177177177, 0.6680981952580188], [0.16374607951836515, 0.6224838202439547], [0.16818682104161015, 0.6089890408731008], [0.17879906421486597, 0.5902907228760967], [0.17138872177920705, 0.60073543590841], [0.18222545915171684, 0.564655268136101], [0.150911871476783, 0.5764293866894928], [0.17356555693705655, 0.5642395103787716], [0.171372945619759, 0.5314256186603895], [0.1698000020566706, 0.5630610400171197]]
0.9473, [[0.595243853524595, 1.0], [0.9366762687002372, 0.43472342638623324], [0.16374607951836515, 0.6224838202439547], [0.6555017297770146, 0.2614668853046592], [0.10925614288514417, 0.589884178044083], [0.17356555693705655, 0.5642395103787716], [0.1698000020566706, 0.5630610400171197], [0.15874789537155623, 0.5621001515086669], [0.0, 0.5369227947785149], [0.0, 0.5197192311847317]]
0.7260, [[0.9999996404532605, 0.5358258686068906], [0.10925614288514417, 0.589884178044083], [0.36326123123123155, 0.5806873263428205], [0.36788126126126164, 0.5671899987160283], [0.9870940697872199, 0.4354869216061185], [0.9741888586679192, 0.5281279114151963], [0.0, 0.5724948795206505], [0.6802558036950939, 0.547724655681575], [0.905803787916832, 0.4743066312567518], [0.014060073770930069, 0.553991797132463]]
1.0231, [[0.595243853524595, 1.0], [0.6802558036950939, 0.547724655681575], [0.9999996404532605, 0.5358258686068906], [0.16374607951836515, 0.6224838202439547], [0.36788126126126164, 0.5671899987160283], [0.47256510510510497, 0.5458220885940509], [0.9741888586679192, 0.5281279114151963], [0.17138872177920705, 0.60073543590841], [0.6449411229457078, 0.523714054735326], [0.8996843024112879, 0.0]]
0.1971, [[0.16374607951836515, 0.6224838202439547], [0.17356555693705655, 0.5642395103787716], [0.17361854724265907, 0.4408715564053537], [0.16118539446007724, 0.5414520256794351], [0.15996254971066387, 0.5483056580355232], [0.15874789537155623, 0.5621001515086669], [0.15968583477456086, 0.5141948289521066], [0.12039646612298727, 0.5557759683286968], [0.15366852172124637, 0.44263140344168256], [0.10405047345256269, 0.5615022914615879]]
0.7197, [[0.16818682104161015, 0.6089890408731008], [0.9999996404532605, 0.5358258686068906], [0.9999996404532605, 0.5358258686068906], [0.18122018248277538, 0.5742149522790498], [0.17879906421486597, 0.5902907228760967], [0.17138872177920705, 0.60073543590841], [0.1535093309276519, 0.6047814782794778], [0.9741888586679192, 0.5281279114151963], [0.1741630171358057, 0.5839851615664455], [0.08076457035263936, 0.4914087864602088]]
1.0221, [[0.595243853524595, 1.0], [0.9999996404532605, 0.5358258686068906], [0.16907825650422081, 0.6932948396094833], [0.3199777177177177, 0.6680981952580188], [0.9870940697872199, 0.4354869216061185], [0.17138872177920705, 0.60073543590841], [0.9366762687002372, 0.43472342638623324], [0.905803787916832, 0.4743066312567518], [0.8996843024112879, 0.0], [0.6555017297770146, 0.2614668853046592]]
0.7107, [[0.9999996404532605, 0.5358258686068906], [0.6802558036950939, 0.547724655681575], [0.0, 0.5664758989942221], [0.9870940697872199, 0.4354869216061185], [0.9741888586679192, 0.5281279114151963], [0.014060073770930069, 0.553991797132463], [0.014060073770930069, 0.553991797132463], [0.905803787916832, 0.4743066312567518], [0.9405895754124782, 0.0], [0.11863328066809617, 0.5480304463941793]]
0.6713, [[0.16374607951836515, 0.6224838202439547], [0.9366762687002372, 0.43472342638623324], [0.6802558036950939, 0.547724655681575], [0.1698000020566706, 0.5630610400171197], [0.10925614288514417, 0.589884178044083], [0.905803787916832, 0.4743066312567518], [0.158014606287803, 0.5838354025251444], [0.0, 0.5408872929595548], [0.17356555693705655, 0.5642395103787716], [0.16369506810384316, 0.5318472570083459]]
0.4656, [[0.16907825650422081, 0.6932948396094833], [0.6251768386778013, 0.4339474034416826], [0.1698000020566706, 0.5630610400171197], [0.2502664769856091, 0.5332478176760111], [0.16374607951836515, 0.6224838202439547], [0.2754207514006372, 0.0], [0.15874789537155623, 0.5621001515086669], [0.15996254971066387, 0.5483056580355232], [0.0, 0.5642240248234539], [0.2683769021201801, 0.4602808750450126]]
0.7446, [[0.9870940697872199, 0.4354869216061185], [0.36326123123123155, 0.5806873263428205], [0.47256510510510497, 0.5458220885940509], [0.9741888586679192, 0.5281279114151963], [0.3199777177177177, 0.6680981952580188], [0.9366762687002372, 0.43472342638623324], [0.1535093309276519, 0.6047814782794778], [0.25583468087443695, 0.5764770194735716], [0.1741630171358057, 0.5839851615664455], [0.6692098087655209, 0.4398043135755258]]
1.0221, [[0.9999996404532605, 0.5358258686068906], [0.595243853524595, 1.0], [0.9741888586679192, 0.5281279114151963], [0.16907825650422081, 0.6932948396094833], [0.16374607951836515, 0.6224838202439547], [0.16818682104161015, 0.6089890408731008], [0.905803787916832, 0.4743066312567518], [0.9405895754124782, 0.0], [0.0, 0.45066343356139715], [0.9366762687002372, 0.43472342638623324]]
0.7491, [[0.9999996404532605, 0.5358258686068906], [0.16907825650422081, 0.6932948396094833], [0.9366762687002372, 0.43472342638623324], [0.905803787916832, 0.4743066312567518], [0.16374607951836515, 0.6224838202439547], [0.36788126126126164, 0.5671899987160283], [0.18222545915171684, 0.564655268136101], [0.15874789537155623, 0.5621001515086669], [0.17498200319718796, 0.5566833434624439], [0.47256510510510497, 0.5458220885940509]]
0.7325, [[0.16907825650422081, 0.6932948396094833], [0.9870940697872199, 0.4354869216061185], [0.9741888586679192, 0.5281279114151963], [0.30549876876876847, 0.5658999931521507], [0.10925614288514417, 0.589884178044083], [0.9366762687002372, 0.43472342638623324], [0.3759892792792797, 0.5432499182537984], [0.1741630171358057, 0.5839851615664455], [0.6555017297770146, 0.2614668853046592], [0.18122018248277538, 0.5742149522790498]]
1.0231, [[0.595243853524595, 1.0], [0.9999996404532605, 0.5358258686068906], [0.16818682104161015, 0.6089890408731008], [0.9741888586679192, 0.5281279114151963], [0.9405895754124782, 0.0], [0.905803787916832, 0.4743066312567518], [0.6802558036950939, 0.547724655681575], [0.7707440102542505, 0.46251428159884767], [0.17138872177920705, 0.60073543590841], [0.150911871476783, 0.5764293866894928]]
0.7118, [[0.158014606287803, 0.5838354025251444], [0.15874789537155623, 0.5621001515086669], [0.16118539446007724, 0.5414520256794351], [0.9999996404532605, 0.5358258686068906], [0.0, 0.5687934397603253], [0.10405047345256269, 0.5615022914615879], [0.12039646612298727, 0.5557759683286968], [0.1649966837121035, 0.5338331324630858], [0.9741888586679192, 0.5281279114151963], [0.7707440102542505, 0.46251428159884767]]
0.7865, [[0.595243853524595, 1.0], [0.6555017297770146, 0.2614668853046592], [0.16374607951836515, 0.6224838202439547], [0.16818682104161015, 0.6089890408731008], [0.17138872177920705, 0.60073543590841], [0.15874789537155623, 0.5621001515086669], [0.16118539446007724, 0.5414520256794351], [0.007163666688445499, 0.5839153785576717], [0.10405047345256269, 0.5615022914615879], [0.15968583477456086, 0.5141948289521066]]
0.2061, [[0.19605933700417877, 0.48042340655383503], [0.1535093309276519, 0.6047814782794778], [0.17879906421486597, 0.5902907228760967], [0.10925614288514417, 0.589884178044083], [0.17356555693705655, 0.5642395103787716], [0.17498200319718796, 0.5566833434624439], [0.158014606287803, 0.5838354025251444], [0.17087047219287832, 0.4399983938814531], [0.150911871476783, 0.5764293866894928], [0.1698000020566706, 0.5630610400171197]]
1.0097, [[0.9870940697872199, 0.4354869216061185], [0.595243853524595, 1.0], [0.9741888586679192, 0.5281279114151963], [0.3199777177177177, 0.6680981952580188], [0.36326123123123155, 0.5806873263428205], [0.47256510510510497, 0.5458220885940509], [0.9366762687002372, 0.43472342638623324], [0.820384471290529, 0.4303216214149139], [0.7707440102542505, 0.46251428159884767], [0.007163666688445499, 0.5839153785576717]]
1.0097, [[0.595243853524595, 1.0], [0.9870940697872199, 0.4354869216061185], [0.9741888586679192, 0.5281279114151963], [0.0, 0.5841339405093088], [0.7707440102542505, 0.46251428159884767], [0.36326123123123155, 0.5806873263428205], [0.7426677244635956, 0.44027509751434035], [0.9366762687002372, 0.43472342638623324], [0.9405895754124782, 0.0], [0.8996843024112879, 0.0]]
0.8486, [[0.595243853524595, 1.0], [0.7426677244635956, 0.44027509751434035], [0.6449411229457078, 0.523714054735326], [0.16907825650422081, 0.6932948396094833], [0.6692098087655209, 0.4398043135755258], [0.3199777177177177, 0.6680981952580188], [0.6691213602676148, 0.43899130401529635], [0.17138872177920705, 0.60073543590841], [0.158014606287803, 0.5838354025251444], [0.13825450341235102, 0.5277498271516025]]
1.0221, [[0.595243853524595, 1.0], [0.9999996404532605, 0.5358258686068906], [0.3199777177177177, 0.6680981952580188], [0.9741888586679192, 0.5281279114151963], [0.1535093309276519, 0.6047814782794778], [0.9405895754124782, 0.0], [0.6449411229457078, 0.523714054735326], [0.007163666688445499, 0.5839153785576717], [0.9366762687002372, 0.43472342638623324], [0.820384471290529, 0.4303216214149139]]
0.7165, [[0.1535093309276519, 0.6047814782794778], [0.6802558036950939, 0.547724655681575], [0.36788126126126164, 0.5671899987160283], [0.25583468087443695, 0.5764770194735716], [0.9741888586679192, 0.5281279114151963], [0.9870940697872199, 0.4354869216061185], [0.47256510510510497, 0.5458220885940509], [0.18122018248277538, 0.5742149522790498], [0.9366762687002372, 0.43472342638623324], [0.6692098087655209, 0.4398043135755258]]
0.2234, [[0.16907825650422081, 0.6932948396094833], [0.18222545915171684, 0.564655268136101], [0.18122018248277538, 0.5742149522790498], [0.18379812786882183, 0.5447359435052429], [0.16374607951836515, 0.6224838202439547], [0.16818682104161015, 0.6089890408731008], [0.1741630171358057, 0.5839851615664455], [0.1535093309276519, 0.6047814782794778], [0.17356555693705655, 0.5642395103787716], [0.1679698576223018, 0.49663299963989915]]
1.0221, [[0.9999996404532605, 0.5358258686068906], [0.595243853524595, 1.0], [0.9870940697872199, 0.4354869216061185], [0.16818682104161015, 0.6089890408731008], [0.36326123123123155, 0.5806873263428205], [0.9405895754124782, 0.0], [0.17138872177920705, 0.60073543590841], [0.905803787916832, 0.4743066312567518], [0.17879906421486597, 0.5902907228760967], [0.0, 0.45066343356139715]]
0.7027, [[0.9741888586679192, 0.5281279114151963], [0.25583468087443695, 0.5764770194735716], [0.9870940697872199, 0.4354869216061185], [0.9366762687002372, 0.43472342638623324], [0.905803787916832, 0.4743066312567518], [0.820384471290529, 0.4303216214149139], [0.014060073770930069, 0.553991797132463], [0.7707440102542505, 0.46251428159884767], [0.11863328066809617, 0.5480304463941793], [0.47256510510510497, 0.5458220885940509]]
1.0114, [[0.595243853524595, 1.0], [0.9870940697872199, 0.4354869216061185], [0.9741888586679192, 0.5281279114151963], [0.36326123123123155, 0.5806873263428205], [0.9366762687002372, 0.43472342638623324], [0.25583468087443695, 0.5764770194735716], [0.7707440102542505, 0.46251428159884767], [0.30549876876876847, 0.5658999931521507], [0.6802558036950939, 0.547724655681575], [0.6802558036950939, 0.547724655681575]]
0.2079, [[0.19605933700417877, 0.48042340655383503], [0.16818682104161015, 0.6089890408731008], [0.17879906421486597, 0.5902907228760967], [0.17138872177920705, 0.60073543590841], [0.18379812786882183, 0.5447359435052429], [0.1741630171358057, 0.5839851615664455], [0.10925614288514417, 0.589884178044083], [0.18222545915171684, 0.564655268136101], [0.18122018248277538, 0.5742149522790498], [0.15313422112948613, 0.5579709967900707]]
1.0231, [[0.595243853524595, 1.0], [0.6802558036950939, 0.547724655681575], [0.007163666688445499, 0.5839153785576717], [0.36326123123123155, 0.5806873263428205], [0.36788126126126164, 0.5671899987160283], [0.9999996404532605, 0.5358258686068906], [0.9741888586679192, 0.5281279114151963], [0.6692098087655209, 0.4398043135755258], [0.015825512387220294, 0.5257824342815989], [0.9870940697872199, 0.4354869216061185]]
0.7569, [[0.3199777177177177, 0.6680981952580188], [0.9999996404532605, 0.5358258686068906], [0.36326123123123155, 0.5806873263428205], [0.0, 0.5841339405093088], [0.9741888586679192, 0.5281279114151963], [0.11863328066809617, 0.5480304463941793], [0.007163666688445499, 0.5839153785576717], [0.9405895754124782, 0.0], [0.9405895754124782, 0.0], [0.6449411229457078, 0.523714054735326]]
0.7353, [[0.9999996404532605, 0.5358258686068906], [0.16374607951836515, 0.6224838202439547], [0.36326123123123155, 0.5806873263428205], [0.36788126126126164, 0.5671899987160283], [0.6802558036950939, 0.547724655681575], [0.9870940697872199, 0.4354869216061185], [0.9741888586679192, 0.5281279114151963], [0.16818682104161015, 0.6089890408731008], [0.9405895754124782, 0.0], [0.17879906421486597, 0.5902907228760967]]
0.7565, [[0.3199777177177177, 0.6680981952580188], [0.9999996404532605, 0.5358258686068906], [0.36788126126126164, 0.5671899987160283], [0.16374607951836515, 0.6224838202439547], [0.18122018248277538, 0.5742149522790498], [0.9741888586679192, 0.5281279114151963], [0.16818682104161015, 0.6089890408731008], [0.18379812786882183, 0.5447359435052429], [0.1535093309276519, 0.6047814782794778], [0.1741630171358057, 0.5839851615664455]]
0.6421, [[0.25583468087443695, 0.5764770194735716], [0.1535093309276519, 0.6047814782794778], [0.9366762687002372, 0.43472342638623324], [0.2633444161265517, 0.5288782301044292], [0.905803787916832, 0.4743066312567518], [0.820384471290529, 0.4303216214149139], [0.3484321021021019, 0.5214353889088945], [0.6460862793108754, 0.4327327112810707], [0.6555017297770146, 0.2614668853046592], [0.158014606287803, 0.5838354025251444]]
1.0028, [[0.9741888586679192, 0.5281279114151963], [0.595243853524595, 1.0], [0.6449411229457078, 0.523714054735326], [0.16818682104161015, 0.6089890408731008], [0.1741630171358057, 0.5839851615664455], [0.18122018248277538, 0.5742149522790498], [0.18379812786882183, 0.5447359435052429], [0.6692098087655209, 0.4398043135755258], [0.1535093309276519, 0.6047814782794778], [0.1535093309276519, 0.6047814782794778]]
0.6958, [[0.25583468087443695, 0.5764770194735716], [0.9741888586679192, 0.5281279114151963], [0.0, 0.5573180552107854], [0.9405895754124782, 0.0], [0.9366762687002372, 0.43472342638623324], [0.6449411229457078, 0.523714054735326], [0.1471171279529583, 0.5557657753049433], [0.11863328066809617, 0.5480304463941793], [0.47256510510510497, 0.5458220885940509], [0.2502664769856091, 0.5332478176760111]]
