mean:0.571041,,,,,,,,,,,,,,,,,,,,
mean:0.567933,,,,,,,,,,,,,,,,,,,,
0.5803, [[1.0, 0.0], [0.3731689821135019, 0.985457923950108], [0.0, 0.9356477303293202], [0.0, 0.9314752900858934], [0.37555675576733866, 0.9141105187966707], [0.3773186805078619, 0.9091635669213187], [0.37753833471200543, 0.9072173652725619], [0.3769260072258314, 0.9149539371574087], [0.9949899464787095, 0.0], [0.9919833334714563, 0.0]]
0.5623, [[0.9979420199487734, 0.0], [0.3769260072258314, 0.9149539371574087], [0.4006682535453114, 0.27682932510573566], [0.0, 0.9871169223531451], [0.9986011738227942, 0.0], [0.38160359317361675, 0.7506243433898729], [0.9949899464787095, 0.0], [0.9971084363714926, 0.0], [0.9963290696122464, 0.0], [0.9995504522171306, 0.0]]
0.1434, [[0.9990829935211605, 0.0], [0.0, 0.3344448766578191], [0.9963290696122464, 0.0], [0.9958453135989505, 0.0], [0.9958453135989505, 0.0], [0.9951995525698607, 0.0], [0.9951656670585891, 0.0], [0.9981054772007643, 0.0], [0.9919833334714563, 0.0], [0.0, 0.2772008731423127]]
0.5582, [[0.0, 0.9985375235875551], [0.9995504522171306, 0.0], [0.3769260072258314, 0.9149539371574087], [0.37684625840045766, 0.8794057826405961], [0.0, 0.8763744378264084], [0.38160359317361675, 0.7506243433898729], [0.9990829935211605, 0.0], [0.10020061860143314, 0.0], [0.9979420199487734, 0.0], [0.9971084363714926, 0.0]]
0.5866, [[0.9984193215789701, 0.0], [0.37941174223955626, 0.7907525903578048], [0.3769260072258314, 0.9149539371574087], [0.37365133833064124, 0.9357403409728537], [0.3731689821135019, 0.985457923950108], [0.37753833471200543, 0.9072173652725619], [0.3974173161344885, 0.27687754478510174], [0.9966043490514338, 0.0], [0.9963290696122464, 0.0], [0.3759301127248841, 0.8584876291596534]]
0.5523, [[0.3769260072258314, 0.9149539371574087], [0.997821484344393, 0.0], [0.37684625840045766, 0.8794057826405961], [0.9962737232771697, 0.0], [0.0, 0.27688358449656464], [0.9956960559897781, 0.0], [0.3992780300773777, 0.27678761607516006], [0.9949699378911017, 0.0], [0.3976088236943824, 0.276742683394908], [0.0, 0.1644702469402877]]
0.5887, [[0.0, 0.9985375235875551], [0.9995504522171306, 0.0], [0.3731689821135019, 0.985457923950108], [0.3769260072258314, 0.9149539371574087], [0.3974173161344885, 0.27687754478510174], [0.37885543209438877, 0.8461806117657212], [0.4006682535453114, 0.27682932510573566], [0.4674198184812248, 0.0], [0.9919833334714563, 0.0], [0.9942159045855203, 0.0]]
0.5717, [[0.40244507945043734, 0.2766940381985657], [0.37365133833064124, 0.9357403409728537], [0.37934496294633674, 0.8414723527989979], [0.37885543209438877, 0.8461806117657212], [0.0, 0.9985375235875551], [0.37941174223955626, 0.7907525903578048], [0.3987316540419453, 0.27684046145873387], [0.37753833471200543, 0.9072173652725619], [0.9966043490514338, 0.0], [0.38160359317361675, 0.7506243433898729]]
0.5889, [[0.9986407069192778, 0.0], [0.3731689821135019, 0.985457923950108], [0.3769260072258314, 0.9149539371574087], [0.37753833471200543, 0.9072173652725619], [0.38160359317361675, 0.7506243433898729], [0.0, 0.9871169223531451], [0.5299418646712826, 0.0], [0.3770173458458961, 0.8555524781388927], [0.4014312483624683, 0.276895178638894], [0.0, 0.8814652669515306]]
0.5691, [[0.0, 0.9985375235875551], [0.37365133833064124, 0.9357403409728537], [0.37555675576733866, 0.9141105187966707], [0.37934496294633674, 0.8414723527989979], [0.37941174223955626, 0.7907525903578048], [0.37696739934972784, 0.841978128188527], [0.0, 0.9426503077387909], [1.0, 0.0], [0.39623212165358834, 0.27669238035573984], [0.9979304020591945, 0.0]]
0.5642, [[1.0, 0.0], [0.37365133833064124, 0.9357403409728537], [0.3974173161344885, 0.27687754478510174], [0.40244507945043734, 0.2766940381985657], [0.4006682535453114, 0.27682932510573566], [0.9995504522171306, 0.0], [0.3770173458458961, 0.8555524781388927], [0.40017154805855465, 0.27681040513883554], [0.9986011738227942, 0.0], [0.37885543209438877, 0.8461806117657212]]
0.5195, [[0.9976044557126774, 0.0], [0.37934496294633674, 0.8414723527989979], [0.37941174223955626, 0.7907525903578048], [0.40244507945043734, 0.2766940381985657], [0.9975950968571835, 0.0], [0.0, 0.26433923168224144], [0.9974337372796998, 0.0], [0.9971156975524793, 0.0], [0.996769258539622, 0.0], [0.9965436778502997, 0.0]]
0.5865, [[1.0, 0.0], [0.3731689821135019, 0.985457923950108], [0.37365133833064124, 0.9357403409728537], [0.3773186805078619, 0.9091635669213187], [0.37753833471200543, 0.9072173652725619], [0.37885543209438877, 0.8461806117657212], [0.37941174223955626, 0.7907525903578048], [0.39623212165358834, 0.27669238035573984], [0.9974337372796998, 0.0], [0.9965436778502997, 0.0]]
0.5506, [[1.0, 0.0], [0.4014312483624683, 0.276895178638894], [0.4685911826732643, 0.0], [0.9997415019568712, 0.0], [0.3987316540419453, 0.27684046145873387], [0.9978645673515812, 0.0], [0.3773186805078619, 0.9091635669213187], [0.0, 0.2825952957559664], [0.9976412456963437, 0.0], [0.0, 0.28430753978779627]]
0.248, [[0.3949409633355135, 0.27678279195573313], [0.9990829935211605, 0.0], [0.007581878118350575, 0.2764345720506862], [0.0, 0.27420453200488143], [0.0, 0.272979258262425], [0.3987316540419453, 0.27684046145873387], [0.9975950968571835, 0.0], [0.0, 0.0], [0.9973937201044838, 0.0], [0.9972375240334795, 0.0]]
0.5627, [[1.0, 0.0], [0.0, 1.0], [0.9951605035521098, 0.0], [0.37555675576733866, 0.9141105187966707], [0.9944159904616001, 0.0], [0.3773186805078619, 0.9091635669213187], [0.9940864942043786, 0.0], [0.37941174223955626, 0.7907525903578048], [0.9933760279847178, 0.0], [0.4014312483624683, 0.276895178638894]]
0.5883, [[0.9986011738227942, 0.0], [0.3773186805078619, 0.9091635669213187], [0.3769260072258314, 0.9149539371574087], [0.3731689821135019, 0.985457923950108], [0.3767074568116584, 0.8755177893737314], [0.0, 0.9426503077387909], [0.38160359317361675, 0.7506243433898729], [0.3974173161344885, 0.27687754478510174], [0.40017154805855465, 0.27681040513883554], [0.008746928432287828, 0.2764511158160451]]
0.249, [[0.39782516652861427, 0.27676852996539564], [0.9997415019568712, 0.0], [0.40244507945043734, 0.2766940381985657], [0.9995504522171306, 0.0], [0.39627351377748476, 0.27667182645146193], [0.9986407069192778, 0.0], [0.9984193215789701, 0.0], [0.9979420199487734, 0.0], [0.997821484344393, 0.0], [0.9971156975524793, 0.0]]
0.5833, [[1.0, 0.0], [0.3731689821135019, 0.985457923950108], [0.9946649682896574, 0.0], [0.37365133833064124, 0.9357403409728537], [0.3769260072258314, 0.9149539371574087], [0.3773186805078619, 0.9091635669213187], [0.37753833471200543, 0.9072173652725619], [0.3759301127248841, 0.8584876291596534], [0.3770173458458961, 0.8555524781388927], [0.38160359317361675, 0.7506243433898729]]
0.5543, [[0.40244507945043734, 0.2766940381985657], [1.0, 0.0], [0.37934496294633674, 0.8414723527989979], [0.37696739934972784, 0.841978128188527], [0.37555675576733866, 0.9141105187966707], [0.39627351377748476, 0.27667182645146193], [0.0, 0.7454601975052886], [0.0011710659692768025, 0.6242019949069878], [0.010225455097867054, 0.276418121516575], [0.3990754846177781, 0.2767293764272221]]
0.5833, [[1.0, 0.0], [0.3731689821135019, 0.985457923950108], [0.9997415019568712, 0.0], [0.3769260072258314, 0.9149539371574087], [0.9986011738227942, 0.0], [0.3773186805078619, 0.9091635669213187], [0.9976412456963437, 0.0], [0.38160359317361675, 0.7506243433898729], [0.9971084363714926, 0.0], [0.004936645453878265, 0.7322336887219989]]
0.5599, [[0.9986407069192778, 0.0], [0.9997415019568712, 0.0], [0.37365133833064124, 0.9357403409728537], [0.9971084363714926, 0.0], [0.3773186805078619, 0.9091635669213187], [0.960604220516939, 0.0], [0.37885543209438877, 0.8461806117657212], [0.5113491115423651, 0.0], [0.37934496294633674, 0.8414723527989979], [0.38160359317361675, 0.7506243433898729]]
0.5884, [[0.3974173161344885, 0.27687754478510174], [0.9986407069192778, 0.0], [0.3976088236943824, 0.276742683394908], [0.9946649682896574, 0.0], [0.3731689821135019, 0.985457923950108], [0.37885543209438877, 0.8461806117657212], [0.37684625840045766, 0.8794057826405961], [0.3992780300773777, 0.27678761607516006], [0.38160359317361675, 0.7506243433898729], [0.4006682535453114, 0.27682932510573566]]
0.5813, [[0.9990829935211605, 0.0], [0.0, 0.9985375235875551], [0.996447346182542, 0.0], [0.3731689821135019, 0.985457923950108], [0.9962737232771697, 0.0], [0.37365133833064124, 0.9357403409728537], [0.9940864942043786, 0.0], [0.3769260072258314, 0.9149539371574087], [0.9919833334714563, 0.0], [0.3773186805078619, 0.9091635669213187]]
0.5848, [[0.9981054772007643, 0.0], [0.38160359317361675, 0.7506243433898729], [0.37885543209438877, 0.8461806117657212], [0.0, 1.0], [0.37365133833064124, 0.9357403409728537], [0.37934496294633674, 0.8414723527989979], [0.3731689821135019, 0.985457923950108], [0.37753833471200543, 0.9072173652725619], [0.37941174223955626, 0.7907525903578048], [0.3769260072258314, 0.9149539371574087]]
0.5644, [[0.37365133833064124, 0.9357403409728537], [0.9976044557126774, 0.0], [0.37555675576733866, 0.9141105187966707], [0.37753833471200543, 0.9072173652725619], [0.37885543209438877, 0.8461806117657212], [0.37941174223955626, 0.7907525903578048], [0.9974337372796998, 0.0], [0.4016837403182363, 0.2766934620772664], [0.40244507945043734, 0.2766940381985657], [0.9626478395657697, 0.0]]
0.5705, [[0.0, 0.9985375235875551], [0.9978645673515812, 0.0], [0.0, 0.9902659598601595], [0.37365133833064124, 0.9357403409728537], [0.37941174223955626, 0.7907525903578048], [0.40244507945043734, 0.2766940381985657], [0.008020082736667093, 0.2764678950500677], [0.37934496294633674, 0.8414723527989979], [0.9971294131165654, 0.0], [0.9959008212936049, 0.0]]
0.5711, [[0.0, 1.0], [0.0, 1.0], [0.37365133833064124, 0.9357403409728537], [0.3773186805078619, 0.9091635669213187], [0.4014312483624683, 0.276895178638894], [0.37934496294633674, 0.8414723527989979], [0.37753833471200543, 0.9072173652725619], [0.40244507945043734, 0.2766940381985657], [0.37941174223955626, 0.7907525903578048], [1.0, 0.0]]
0.5889, [[0.3773186805078619, 0.9091635669213187], [1.0, 0.0], [0.37885543209438877, 0.8461806117657212], [0.3731689821135019, 0.985457923950108], [0.3769260072258314, 0.9149539371574087], [0.3754554830375388, 0.8757757761664313], [0.4014312483624683, 0.276895178638894], [0.37365133833064124, 0.9357403409728537], [0.40017154805855465, 0.27681040513883554], [0.38160359317361675, 0.7506243433898729]]
0.5711, [[0.0, 1.0], [0.37941174223955626, 0.7907525903578048], [0.9997415019568712, 0.0], [0.37753833471200543, 0.9072173652725619], [0.37365133833064124, 0.9357403409728537], [0.37555675576733866, 0.9141105187966707], [0.3773186805078619, 0.9091635669213187], [0.40244507945043734, 0.2766940381985657], [0.37934496294633674, 0.8414723527989979], [0.39782516652861427, 0.27676852996539564]]
0.59, [[0.3731689821135019, 0.985457923950108], [0.9986407069192778, 0.0], [0.3769260072258314, 0.9149539371574087], [0.37885543209438877, 0.8461806117657212], [0.38160359317361675, 0.7506243433898729], [0.0, 1.0], [0.3770173458458961, 0.8555524781388927], [0.3974173161344885, 0.27687754478510174], [0.4006682535453114, 0.27682932510573566], [0.008077203867644111, 0.27686223454086495]]
0.5648, [[0.9981054772007643, 0.0], [0.0, 0.9871169223531451], [0.37365133833064124, 0.9357403409728537], [0.37684625840045766, 0.8794057826405961], [0.37885543209438877, 0.8461806117657212], [0.37934496294633674, 0.8414723527989979], [0.38160359317361675, 0.7506243433898729], [0.3759301127248841, 0.8584876291596534], [0.9979420199487734, 0.0], [0.9955384076825764, 0.0]]
0.59, [[0.9986407069192778, 0.0], [0.0, 1.0], [0.3731689821135019, 0.985457923950108], [0.3769260072258314, 0.9149539371574087], [0.3767074568116584, 0.8755177893737314], [0.3759301127248841, 0.8584876291596534], [0.3770173458458961, 0.8555524781388927], [0.37885543209438877, 0.8461806117657212], [0.38160359317361675, 0.7506243433898729], [0.4006682535453114, 0.27682932510573566]]
0.5845, [[0.38160359317361675, 0.7506243433898729], [0.3769260072258314, 0.9149539371574087], [0.9981054772007643, 0.0], [0.0, 0.9902659598601595], [0.9966043490514338, 0.0], [0.0, 0.9985375235875551], [0.3731689821135019, 0.985457923950108], [0.0, 0.8735839909361658], [0.37753833471200543, 0.9072173652725619], [0.3754554830375388, 0.8757757761664313]]
0.5895, [[0.3731689821135019, 0.985457923950108], [0.3769260072258314, 0.9149539371574087], [0.0, 1.0], [0.3773186805078619, 0.9091635669213187], [0.37941174223955626, 0.7907525903578048], [0.4016837403182363, 0.2766934620772664], [0.37934496294633674, 0.8414723527989979], [0.37753833471200543, 0.9072173652725619], [0.9997415019568712, 0.0], [0.4014312483624683, 0.276895178638894]]
0.589, [[0.9986407069192778, 0.0], [0.3731689821135019, 0.985457923950108], [0.3769260072258314, 0.9149539371574087], [0.37885543209438877, 0.8461806117657212], [0.37934496294633674, 0.8414723527989979], [0.37941174223955626, 0.7907525903578048], [0.38160359317361675, 0.7506243433898729], [0.4014312483624683, 0.276895178638894], [0.37365133833064124, 0.9357403409728537], [0.0, 0.9871169223531451]]
0.5272, [[0.9984193215789701, 0.0], [0.3767074568116584, 0.8755177893737314], [0.0011710659692768025, 0.6242019949069878], [0.0031769282932961667, 0.47358539142819955], [0.010154260644765285, 0.27673348218793364], [0.011016872506766149, 0.2760638212608034], [0.0013054523981937593, 0.8015577166904053], [0.010561835091398453, 0.2761747915461643], [0.9981054772007643, 0.0], [0.9969406224109096, 0.0]]
0.5707, [[1.0, 0.0], [0.0, 0.9985375235875551], [0.37365133833064124, 0.9357403409728537], [0.9978645673515812, 0.0], [0.37555675576733866, 0.9141105187966707], [0.3773186805078619, 0.9091635669213187], [0.37696739934972784, 0.841978128188527], [0.37934496294633674, 0.8414723527989979], [0.37941174223955626, 0.7907525903578048], [0.4014312483624683, 0.276895178638894]]
0.5894, [[0.9995504522171306, 0.0], [0.37885543209438877, 0.8461806117657212], [0.0, 0.9985375235875551], [0.3731689821135019, 0.985457923950108], [0.37684625840045766, 0.8794057826405961], [0.3767074568116584, 0.8755177893737314], [0.3759301127248841, 0.8584876291596534], [0.3770173458458961, 0.8555524781388927], [0.38160359317361675, 0.7506243433898729], [0.3992780300773777, 0.27678761607516006]]
0.5882, [[0.3731689821135019, 0.985457923950108], [1.0, 0.0], [0.37555675576733866, 0.9141105187966707], [0.37753833471200543, 0.9072173652725619], [0.3767074568116584, 0.8755177893737314], [0.37934496294633674, 0.8414723527989979], [0.37941174223955626, 0.7907525903578048], [0.40244507945043734, 0.2766940381985657], [0.3987316540419453, 0.27684046145873387], [0.37684625840045766, 0.8794057826405961]]
0.59, [[0.9995504522171306, 0.0], [0.0, 1.0], [0.3731689821135019, 0.985457923950108], [0.3769260072258314, 0.9149539371574087], [0.37934496294633674, 0.8414723527989979], [0.38160359317361675, 0.7506243433898729], [0.3974173161344885, 0.27687754478510174], [0.40017154805855465, 0.27681040513883554], [0.3773186805078619, 0.9091635669213187], [0.9976412456963437, 0.0]]
0.5904, [[0.38160359317361675, 0.7506243433898729], [0.9997415019568712, 0.0], [0.0, 1.0], [0.3731689821135019, 0.985457923950108], [0.37941174223955626, 0.7907525903578048], [0.3773186805078619, 0.9091635669213187], [0.3769260072258314, 0.9149539371574087], [0.37934496294633674, 0.8414723527989979], [0.001177412761607591, 0.6992144111528316], [0.4014312483624683, 0.276895178638894]]
0.5646, [[0.37941174223955626, 0.7907525903578048], [1.0, 0.0], [0.3773186805078619, 0.9091635669213187], [0.37365133833064124, 0.9357403409728537], [0.0, 0.9985375235875551], [0.37555675576733866, 0.9141105187966707], [0.37934496294633674, 0.8414723527989979], [0.9997415019568712, 0.0], [0.0, 0.9202873179679754], [0.37885543209438877, 0.8461806117657212]]
0.5698, [[1.0, 0.0], [0.0, 0.9871169223531451], [0.3773186805078619, 0.9091635669213187], [0.37753833471200543, 0.9072173652725619], [0.37941174223955626, 0.7907525903578048], [0.37934496294633674, 0.8414723527989979], [0.37365133833064124, 0.9357403409728537], [0.37555675576733866, 0.9141105187966707], [0.40244507945043734, 0.2766940381985657], [0.0, 0.8814652669515306]]
0.5867, [[0.9969052846634407, 0.0], [0.0, 0.9871169223531451], [0.37941174223955626, 0.7907525903578048], [0.37934496294633674, 0.8414723527989979], [0.3974173161344885, 0.27687754478510174], [0.3731689821135019, 0.985457923950108], [0.3769260072258314, 0.9149539371574087], [0.37365133833064124, 0.9357403409728537], [0.3773186805078619, 0.9091635669213187], [0.9939290072567544, 0.0]]
0.5709, [[0.9975950968571835, 0.0], [0.0, 1.0], [0.37365133833064124, 0.9357403409728537], [0.3773186805078619, 0.9091635669213187], [0.37753833471200543, 0.9072173652725619], [0.37934496294633674, 0.8414723527989979], [0.37941174223955626, 0.7907525903578048], [0.39782516652861427, 0.27676852996539564], [0.9974337372796998, 0.0], [0.40244507945043734, 0.2766940381985657]]
0.5884, [[0.9974337372796998, 0.0], [0.37753833471200543, 0.9072173652725619], [0.3773186805078619, 0.9091635669213187], [0.37555675576733866, 0.9141105187966707], [0.3731689821135019, 0.985457923950108], [0.0, 1.0], [0.3987316540419453, 0.27684046145873387], [0.37934496294633674, 0.8414723527989979], [0.37365133833064124, 0.9357403409728537], [0.3976088236943824, 0.276742683394908]]
0.589, [[0.4016837403182363, 0.2766934620772664], [0.38160359317361675, 0.7506243433898729], [0.9997415019568712, 0.0], [0.3731689821135019, 0.985457923950108], [0.37934496294633674, 0.8414723527989979], [0.3773186805078619, 0.9091635669213187], [0.9995504522171306, 0.0], [0.4014312483624683, 0.276895178638894], [0.37365133833064124, 0.9357403409728537], [0.3769260072258314, 0.9149539371574087]]
0.5831, [[0.9995504522171306, 0.0], [0.0, 0.9985375235875551], [0.3731689821135019, 0.985457923950108], [0.37941174223955626, 0.7907525903578048], [0.3769260072258314, 0.9149539371574087], [0.37753833471200543, 0.9072173652725619], [0.9990829935211605, 0.0], [0.37885543209438877, 0.8461806117657212], [0.37684625840045766, 0.8794057826405961], [0.9946649682896574, 0.0]]
0.5862, [[0.997821484344393, 0.0], [0.0, 0.9871169223531451], [0.3974173161344885, 0.27687754478510174], [0.4006682535453114, 0.27682932510573566], [0.9963290696122464, 0.0], [0.3731689821135019, 0.985457923950108], [0.3992780300773777, 0.27678761607516006], [0.9956960559897781, 0.0], [0.0, 0.953613092666926], [0.3769260072258314, 0.9149539371574087]]
0.5584, [[0.9997415019568712, 0.0], [0.0, 0.9902659598601595], [0.3769260072258314, 0.9149539371574087], [0.37555675576733866, 0.9141105187966707], [0.37684625840045766, 0.8794057826405961], [0.3754554830375388, 0.8757757761664313], [0.37885543209438877, 0.8461806117657212], [0.3773186805078619, 0.9091635669213187], [0.38160359317361675, 0.7506243433898729], [0.0, 0.9985375235875551]]
0.5903, [[1.0, 0.0], [0.0, 0.9985375235875551], [0.3731689821135019, 0.985457923950108], [0.3773186805078619, 0.9091635669213187], [0.37885543209438877, 0.8461806117657212], [0.37934496294633674, 0.8414723527989979], [0.38160359317361675, 0.7506243433898729], [0.37941174223955626, 0.7907525903578048], [0.9986011738227942, 0.0], [0.4014312483624683, 0.276895178638894]]
0.5696, [[0.0, 0.9871169223531451], [0.37941174223955626, 0.7907525903578048], [0.37555675576733866, 0.9141105187966707], [0.3773186805078619, 0.9091635669213187], [0.37934496294633674, 0.8414723527989979], [0.37365133833064124, 0.9357403409728537], [0.9976044557126774, 0.0], [0.40244507945043734, 0.2766940381985657], [0.9969564356495031, 0.0], [0.9933760279847178, 0.0]]
0.5868, [[0.3731689821135019, 0.985457923950108], [1.0, 0.0], [0.3769260072258314, 0.9149539371574087], [0.9997415019568712, 0.0], [0.37555675576733866, 0.9141105187966707], [0.9995504522171306, 0.0], [0.37753833471200543, 0.9072173652725619], [0.37941174223955626, 0.7907525903578048], [0.3976088236943824, 0.276742683394908], [0.0, 0.26822370205118773]]
0.5892, [[0.0, 1.0], [0.3731689821135019, 0.985457923950108], [0.37365133833064124, 0.9357403409728537], [0.3773186805078619, 0.9091635669213187], [0.37753833471200543, 0.9072173652725619], [0.3769260072258314, 0.9149539371574087], [0.37941174223955626, 0.7907525903578048], [0.37934496294633674, 0.8414723527989979], [0.9978645673515812, 0.0], [0.4014312483624683, 0.276895178638894]]
0.5892, [[0.40017154805855465, 0.27681040513883554], [1.0, 0.0], [0.3770173458458961, 0.8555524781388927], [0.37753833471200543, 0.9072173652725619], [0.39623212165358834, 0.27669238035573984], [0.37365133833064124, 0.9357403409728537], [0.37885543209438877, 0.8461806117657212], [0.40244507945043734, 0.2766940381985657], [0.3731689821135019, 0.985457923950108], [0.38160359317361675, 0.7506243433898729]]
0.572, [[0.0, 0.9985375235875551], [0.9997415019568712, 0.0], [0.37365133833064124, 0.9357403409728537], [0.3773186805078619, 0.9091635669213187], [0.38160359317361675, 0.7506243433898729], [0.37555675576733866, 0.9141105187966707], [0.37934496294633674, 0.8414723527989979], [1.0, 0.0], [0.9978645673515812, 0.0], [0.40244507945043734, 0.2766940381985657]]
0.5645, [[0.37941174223955626, 0.7907525903578048], [0.37365133833064124, 0.9357403409728537], [0.37555675576733866, 0.9141105187966707], [0.3773186805078619, 0.9091635669213187], [0.37753833471200543, 0.9072173652725619], [0.37934496294633674, 0.8414723527989979], [0.9978645673515812, 0.0], [0.39782516652861427, 0.27676852996539564], [0.9975950968571835, 0.0], [0.40244507945043734, 0.2766940381985657]]
0.5888, [[0.3731689821135019, 0.985457923950108], [0.9995504522171306, 0.0], [0.3769260072258314, 0.9149539371574087], [0.37555675576733866, 0.9141105187966707], [0.37753833471200543, 0.9072173652725619], [0.37684625840045766, 0.8794057826405961], [0.3770173458458961, 0.8555524781388927], [0.38160359317361675, 0.7506243433898729], [0.9990829935211605, 0.0], [0.4016837403182363, 0.2766934620772664]]
0.5903, [[0.9990829935211605, 0.0], [0.3731689821135019, 0.985457923950108], [0.3769260072258314, 0.9149539371574087], [0.3770173458458961, 0.8555524781388927], [0.37885543209438877, 0.8461806117657212], [0.38160359317361675, 0.7506243433898729], [0.4014312483624683, 0.276895178638894], [0.0, 1.0], [0.3987316540419453, 0.27684046145873387], [0.4006682535453114, 0.27682932510573566]]
0.5896, [[0.9997415019568712, 0.0], [0.0, 1.0], [0.37365133833064124, 0.9357403409728537], [0.3976088236943824, 0.276742683394908], [0.37885543209438877, 0.8461806117657212], [0.37753833471200543, 0.9072173652725619], [0.37941174223955626, 0.7907525903578048], [0.3731689821135019, 0.985457923950108], [0.37934496294633674, 0.8414723527989979], [0.40244507945043734, 0.2766940381985657]]
0.5829, [[0.9973937201044838, 0.0], [0.3769260072258314, 0.9149539371574087], [0.3773186805078619, 0.9091635669213187], [0.37885543209438877, 0.8461806117657212], [0.0, 0.9985375235875551], [0.3731689821135019, 0.985457923950108], [0.37941174223955626, 0.7907525903578048], [0.46874797565613613, 0.0], [0.9978645673515812, 0.0], [0.0, 0.9871169223531451]]
0.5889, [[0.9986407069192778, 0.0], [0.0, 0.9902659598601595], [0.3731689821135019, 0.985457923950108], [0.3769260072258314, 0.9149539371574087], [0.37885543209438877, 0.8461806117657212], [0.38160359317361675, 0.7506243433898729], [0.3974173161344885, 0.27687754478510174], [0.40017154805855465, 0.27681040513883554], [0.3770173458458961, 0.8555524781388927], [0.3767074568116584, 0.8755177893737314]]
0.5907, [[0.38160359317361675, 0.7506243433898729], [1.0, 0.0], [0.40244507945043734, 0.2766940381985657], [0.3731689821135019, 0.985457923950108], [0.0, 1.0], [0.37885543209438877, 0.8461806117657212], [0.3769260072258314, 0.9149539371574087], [0.37753833471200543, 0.9072173652725619], [0.9997415019568712, 0.0], [0.3770173458458961, 0.8555524781388927]]
0.5711, [[0.0, 1.0], [1.0, 0.0], [0.4014312483624683, 0.276895178638894], [0.37365133833064124, 0.9357403409728537], [0.40244507945043734, 0.2766940381985657], [0.9976412456963437, 0.0], [0.3769260072258314, 0.9149539371574087], [0.3773186805078619, 0.9091635669213187], [0.37934496294633674, 0.8414723527989979], [0.37941174223955626, 0.7907525903578048]]
0.5657, [[0.37365133833064124, 0.9357403409728537], [1.0, 0.0], [0.37555675576733866, 0.9141105187966707], [0.40244507945043734, 0.2766940381985657], [0.37941174223955626, 0.7907525903578048], [0.37934496294633674, 0.8414723527989979], [0.38160359317361675, 0.7506243433898729], [0.4014312483624683, 0.276895178638894], [0.37753833471200543, 0.9072173652725619], [0.9962737232771697, 0.0]]
0.5892, [[0.3731689821135019, 0.985457923950108], [1.0, 0.0], [0.37365133833064124, 0.9357403409728537], [0.3773186805078619, 0.9091635669213187], [0.37885543209438877, 0.8461806117657212], [0.37941174223955626, 0.7907525903578048], [0.38160359317361675, 0.7506243433898729], [0.39533832772491884, 0.2768074324963641], [0.40244507945043734, 0.2766940381985657], [0.3974173161344885, 0.27687754478510174]]
0.5901, [[0.3769260072258314, 0.9149539371574087], [0.0, 1.0], [0.37885543209438877, 0.8461806117657212], [0.3773186805078619, 0.9091635669213187], [0.38160359317361675, 0.7506243433898729], [0.9995504522171306, 0.0], [0.3731689821135019, 0.985457923950108], [0.4006682535453114, 0.27682932510573566], [0.3767074568116584, 0.8755177893737314], [0.9979304020591945, 0.0]]
0.5905, [[0.0, 0.9985375235875551], [0.9997415019568712, 0.0], [0.3731689821135019, 0.985457923950108], [0.3773186805078619, 0.9091635669213187], [0.38160359317361675, 0.7506243433898729], [0.37365133833064124, 0.9357403409728537], [0.37934496294633674, 0.8414723527989979], [0.37885543209438877, 0.8461806117657212], [0.40244507945043734, 0.2766940381985657], [0.37941174223955626, 0.7907525903578048]]
0.5901, [[0.9990829935211605, 0.0], [0.3731689821135019, 0.985457923950108], [0.38160359317361675, 0.7506243433898729], [0.37885543209438877, 0.8461806117657212], [0.37365133833064124, 0.9357403409728537], [0.4014312483624683, 0.276895178638894], [0.37934496294633674, 0.8414723527989979], [0.37684625840045766, 0.8794057826405961], [0.0, 0.9985375235875551], [0.37941174223955626, 0.7907525903578048]]
0.59, [[0.0, 0.9985375235875551], [0.4006682535453114, 0.27682932510573566], [0.37885543209438877, 0.8461806117657212], [0.3769260072258314, 0.9149539371574087], [0.3770173458458961, 0.8555524781388927], [0.3769260072258314, 0.9149539371574087], [0.9995504522171306, 0.0], [0.3731689821135019, 0.985457923950108], [0.38160359317361675, 0.7506243433898729], [0.38160359317361675, 0.7506243433898729]]
0.5887, [[0.9997415019568712, 0.0], [0.37753833471200543, 0.9072173652725619], [0.4006682535453114, 0.27682932510573566], [0.3773186805078619, 0.9091635669213187], [0.38160359317361675, 0.7506243433898729], [0.3731689821135019, 0.985457923950108], [0.3770173458458961, 0.8555524781388927], [0.3949409633355135, 0.27678279195573313], [0.37885543209438877, 0.8461806117657212], [0.3769260072258314, 0.9149539371574087]]
0.5895, [[0.9995504522171306, 0.0], [0.0, 0.9985375235875551], [0.3731689821135019, 0.985457923950108], [0.3769260072258314, 0.9149539371574087], [0.3770173458458961, 0.8555524781388927], [0.37885543209438877, 0.8461806117657212], [0.38160359317361675, 0.7506243433898729], [0.3990754846177781, 0.2767293764272221], [0.9586190136351573, 0.0], [0.9586688737445999, 0.0]]
0.5893, [[1.0, 0.0], [0.3773186805078619, 0.9091635669213187], [0.37934496294633674, 0.8414723527989979], [0.38160359317361675, 0.7506243433898729], [0.3731689821135019, 0.985457923950108], [0.37365133833064124, 0.9357403409728537], [0.40244507945043734, 0.2766940381985657], [0.37885543209438877, 0.8461806117657212], [0.4014312483624683, 0.276895178638894], [0.37941174223955626, 0.7907525903578048]]
0.5711, [[0.0, 1.0], [1.0, 0.0], [0.37934496294633674, 0.8414723527989979], [0.37365133833064124, 0.9357403409728537], [0.3773186805078619, 0.9091635669213187], [0.37941174223955626, 0.7907525903578048], [0.4014312483624683, 0.276895178638894], [0.37753833471200543, 0.9072173652725619], [0.40244507945043734, 0.2766940381985657], [0.4685911826732643, 0.0]]
0.5711, [[1.0, 0.0], [0.0, 1.0], [0.37365133833064124, 0.9357403409728537], [0.37555675576733866, 0.9141105187966707], [0.3773186805078619, 0.9091635669213187], [0.37934496294633674, 0.8414723527989979], [0.37941174223955626, 0.7907525903578048], [0.40244507945043734, 0.2766940381985657], [0.37753833471200543, 0.9072173652725619], [0.9966043490514338, 0.0]]
0.5905, [[0.38160359317361675, 0.7506243433898729], [0.40244507945043734, 0.2766940381985657], [0.3731689821135019, 0.985457923950108], [1.0, 0.0], [0.37941174223955626, 0.7907525903578048], [0.3773186805078619, 0.9091635669213187], [0.4014312483624683, 0.276895178638894], [0.37934496294633674, 0.8414723527989979], [0.0, 0.9985375235875551], [0.468980994150681, 0.0]]
0.5636, [[0.9995504522171306, 0.0], [0.37753833471200543, 0.9072173652725619], [0.3773186805078619, 0.9091635669213187], [0.37555675576733866, 0.9141105187966707], [0.37365133833064124, 0.9357403409728537], [0.3987316540419453, 0.27684046145873387], [0.40244507945043734, 0.2766940381985657], [0.39623212165358834, 0.27669238035573984], [0.002947615926910118, 0.6399416699037488], [0.47093752935694816, 0.0]]
0.5665, [[1.0, 0.0], [0.3773186805078619, 0.9091635669213187], [0.0, 0.953613092666926], [0.37753833471200543, 0.9072173652725619], [0.37934496294633674, 0.8414723527989979], [0.37941174223955626, 0.7907525903578048], [0.4014312483624683, 0.276895178638894], [0.40244507945043734, 0.2766940381985657], [0.37365133833064124, 0.9357403409728537], [0.9958020692321848, 0.0]]
0.5891, [[0.4016837403182363, 0.2766934620772664], [1.0, 0.0], [0.38160359317361675, 0.7506243433898729], [0.996447346182542, 0.0], [0.37934496294633674, 0.8414723527989979], [0.4014312483624683, 0.276895178638894], [0.37753833471200543, 0.9072173652725619], [0.3769260072258314, 0.9149539371574087], [0.3731689821135019, 0.985457923950108], [0.3773186805078619, 0.9091635669213187]]
0.5665, [[0.0, 0.953613092666926], [0.37365133833064124, 0.9357403409728537], [1.0, 0.0], [0.37555675576733866, 0.9141105187966707], [0.3773186805078619, 0.9091635669213187], [0.37753833471200543, 0.9072173652725619], [0.37885543209438877, 0.8461806117657212], [0.37934496294633674, 0.8414723527989979], [0.37941174223955626, 0.7907525903578048], [0.40244507945043734, 0.2766940381985657]]
0.5887, [[0.3731689821135019, 0.985457923950108], [0.3769260072258314, 0.9149539371574087], [0.3770173458458961, 0.8555524781388927], [0.37885543209438877, 0.8461806117657212], [0.38160359317361675, 0.7506243433898729], [0.3974173161344885, 0.27687754478510174], [0.4006682535453114, 0.27682932510573566], [0.9995504522171306, 0.0], [0.47241041851604887, 0.0], [0.3759301127248841, 0.8584876291596534]]
0.5865, [[0.9995504522171306, 0.0], [0.3769260072258314, 0.9149539371574087], [0.3731689821135019, 0.985457923950108], [0.37885543209438877, 0.8461806117657212], [0.3770173458458961, 0.8555524781388927], [0.3976088236943824, 0.276742683394908], [0.9969406224109096, 0.0], [0.9958453135989505, 0.0], [0.9939286845375994, 0.0], [0.9919833334714563, 0.0]]
0.5892, [[1.0, 0.0], [0.40244507945043734, 0.2766940381985657], [0.3731689821135019, 0.985457923950108], [0.37934496294633674, 0.8414723527989979], [0.37885543209438877, 0.8461806117657212], [0.38160359317361675, 0.7506243433898729], [0.4014312483624683, 0.276895178638894], [0.37941174223955626, 0.7907525903578048], [0.3769260072258314, 0.9149539371574087], [0.4016837403182363, 0.2766934620772664]]
0.5709, [[0.37365133833064124, 0.9357403409728537], [1.0, 0.0], [0.3773186805078619, 0.9091635669213187], [0.37934496294633674, 0.8414723527989979], [0.4016837403182363, 0.2766934620772664], [0.37941174223955626, 0.7907525903578048], [0.4014312483624683, 0.276895178638894], [0.37753833471200543, 0.9072173652725619], [0.0, 1.0], [0.9958020692321848, 0.0]]
0.5904, [[0.0, 1.0], [0.3731689821135019, 0.985457923950108], [1.0, 0.0], [0.3769260072258314, 0.9149539371574087], [0.3773186805078619, 0.9091635669213187], [0.37934496294633674, 0.8414723527989979], [0.37753833471200543, 0.9072173652725619], [0.38160359317361675, 0.7506243433898729], [0.4014312483624683, 0.276895178638894], [0.37941174223955626, 0.7907525903578048]]
0.5903, [[1.0, 0.0], [0.3731689821135019, 0.985457923950108], [0.38160359317361675, 0.7506243433898729], [0.0, 0.9985375235875551], [0.4014312483624683, 0.276895178638894], [0.3773186805078619, 0.9091635669213187], [0.37934496294633674, 0.8414723527989979], [0.9949139461177147, 0.0], [0.5331199378241082, 0.0], [0.4006682535453114, 0.27682932510573566]]
0.5888, [[0.9990829935211605, 0.0], [0.0, 0.9871169223531451], [0.3731689821135019, 0.985457923950108], [0.3769260072258314, 0.9149539371574087], [0.3770173458458961, 0.8555524781388927], [0.37885543209438877, 0.8461806117657212], [0.38160359317361675, 0.7506243433898729], [0.9946649682896574, 0.0], [0.3974173161344885, 0.27687754478510174], [0.4006682535453114, 0.27682932510573566]]
0.5902, [[0.0, 1.0], [0.3731689821135019, 0.985457923950108], [0.3769260072258314, 0.9149539371574087], [0.38160359317361675, 0.7506243433898729], [0.4006682535453114, 0.27682932510573566], [0.4006682535453114, 0.27682932510573566], [1.0, 0.0], [0.37684625840045766, 0.8794057826405961], [0.37934496294633674, 0.8414723527989979], [0.9995504522171306, 0.0]]
0.5891, [[0.9986011738227942, 0.0], [0.3731689821135019, 0.985457923950108], [0.38160359317361675, 0.7506243433898729], [0.37885543209438877, 0.8461806117657212], [0.37941174223955626, 0.7907525903578048], [0.3769260072258314, 0.9149539371574087], [0.3770173458458961, 0.8555524781388927], [0.40244507945043734, 0.2766940381985657], [0.4014312483624683, 0.276895178638894], [0.46859817805250015, 0.0]]
0.5893, [[1.0, 0.0], [0.37934496294633674, 0.8414723527989979], [0.37941174223955626, 0.7907525903578048], [0.3769260072258314, 0.9149539371574087], [0.37365133833064124, 0.9357403409728537], [0.38160359317361675, 0.7506243433898729], [0.37753833471200543, 0.9072173652725619], [0.3731689821135019, 0.985457923950108], [0.37885543209438877, 0.8461806117657212], [0.40244507945043734, 0.2766940381985657]]
0.5711, [[1.0, 0.0], [0.40244507945043734, 0.2766940381985657], [0.37934496294633674, 0.8414723527989979], [0.0, 1.0], [0.37365133833064124, 0.9357403409728537], [0.37941174223955626, 0.7907525903578048], [0.37555675576733866, 0.9141105187966707], [0.3773186805078619, 0.9091635669213187], [0.37753833471200543, 0.9072173652725619], [0.4014312483624683, 0.276895178638894]]
0.5654, [[0.9997415019568712, 0.0], [0.37365133833064124, 0.9357403409728537], [0.37555675576733866, 0.9141105187966707], [0.3773186805078619, 0.9091635669213187], [0.37753833471200543, 0.9072173652725619], [0.37885543209438877, 0.8461806117657212], [0.37934496294633674, 0.8414723527989979], [0.38160359317361675, 0.7506243433898729], [0.4014312483624683, 0.276895178638894], [0.37941174223955626, 0.7907525903578048]]
0.5886, [[0.9986407069192778, 0.0], [0.3731689821135019, 0.985457923950108], [0.38160359317361675, 0.7506243433898729], [0.37885543209438877, 0.8461806117657212], [0.3769260072258314, 0.9149539371574087], [0.3770173458458961, 0.8555524781388927], [0.46490341171611843, 0.0], [0.3974173161344885, 0.27687754478510174], [0.4006682535453114, 0.27682932510573566], [0.46859817805250015, 0.0]]
0.5887, [[0.9995504522171306, 0.0], [0.3731689821135019, 0.985457923950108], [0.3769260072258314, 0.9149539371574087], [0.37684625840045766, 0.8794057826405961], [0.3770173458458961, 0.8555524781388927], [0.37885543209438877, 0.8461806117657212], [0.38160359317361675, 0.7506243433898729], [0.3974173161344885, 0.27687754478510174], [0.4006682535453114, 0.27682932510573566], [0.40017154805855465, 0.27681040513883554]]
0.589, [[0.4016837403182363, 0.2766934620772664], [1.0, 0.0], [0.37365133833064124, 0.9357403409728537], [0.38160359317361675, 0.7506243433898729], [0.37696739934972784, 0.841978128188527], [0.37934496294633674, 0.8414723527989979], [0.3731689821135019, 0.985457923950108], [0.4014312483624683, 0.276895178638894], [0.37885543209438877, 0.8461806117657212], [0.3769260072258314, 0.9149539371574087]]
0.5698, [[0.37365133833064124, 0.9357403409728537], [0.0, 0.9871169223531451], [1.0, 0.0], [0.40244507945043734, 0.2766940381985657], [0.37753833471200543, 0.9072173652725619], [0.37941174223955626, 0.7907525903578048], [0.37934496294633674, 0.8414723527989979], [0.37555675576733866, 0.9141105187966707], [0.4014312483624683, 0.276895178638894], [0.3773186805078619, 0.9091635669213187]]
0.59, [[0.9995504522171306, 0.0], [0.0, 1.0], [0.3731689821135019, 0.985457923950108], [0.3769260072258314, 0.9149539371574087], [0.3770173458458961, 0.8555524781388927], [0.37885543209438877, 0.8461806117657212], [0.38160359317361675, 0.7506243433898729], [0.3974173161344885, 0.27687754478510174], [0.40017154805855465, 0.27681040513883554], [0.9986011738227942, 0.0]]
0.571, [[0.37365133833064124, 0.9357403409728537], [1.0, 0.0], [0.0, 0.9985375235875551], [0.37555675576733866, 0.9141105187966707], [0.3773186805078619, 0.9091635669213187], [0.37753833471200543, 0.9072173652725619], [0.37934496294633674, 0.8414723527989979], [0.37941174223955626, 0.7907525903578048], [0.40244507945043734, 0.2766940381985657], [0.3987316540419453, 0.27684046145873387]]
0.5885, [[0.9995504522171306, 0.0], [0.3731689821135019, 0.985457923950108], [0.9979304020591945, 0.0], [0.3769260072258314, 0.9149539371574087], [0.9583232415296297, 0.0], [0.37684625840045766, 0.8794057826405961], [0.9580642594077684, 0.0], [0.3759301127248841, 0.8584876291596534], [0.38160359317361675, 0.7506243433898729], [0.4006682535453114, 0.27682932510573566]]
0.5709, [[0.37365133833064124, 0.9357403409728537], [0.40244507945043734, 0.2766940381985657], [0.9971294131165654, 0.0], [0.9966043490514338, 0.0], [0.3773186805078619, 0.9091635669213187], [0.9975950968571835, 0.0], [0.37753833471200543, 0.9072173652725619], [0.0, 1.0], [0.37934496294633674, 0.8414723527989979], [0.37555675576733866, 0.9141105187966707]]
0.5879, [[0.9990829935211605, 0.0], [0.3731689821135019, 0.985457923950108], [0.3770173458458961, 0.8555524781388927], [0.38160359317361675, 0.7506243433898729], [0.3992780300773777, 0.27678761607516006], [0.3767074568116584, 0.8755177893737314], [0.5225906859743293, 0.0], [0.0012229440978936267, 0.5863567656782782], [0.0011710659692768025, 0.6242019949069878], [5.1822939118284324e-05, 0.7715728158314978]]
0.5543, [[0.9997415019568712, 0.0], [0.37555675576733866, 0.9141105187966707], [0.9978645673515812, 0.0], [0.37934496294633674, 0.8414723527989979], [0.37941174223955626, 0.7907525903578048], [0.4014312483624683, 0.276895178638894], [0.39533832772491884, 0.2768074324963641], [0.3987316540419453, 0.27684046145873387], [0.40244507945043734, 0.2766940381985657], [0.4016837403182363, 0.2766934620772664]]
0.5885, [[0.9995504522171306, 0.0], [0.40017154805855465, 0.27681040513883554], [0.3770173458458961, 0.8555524781388927], [0.38160359317361675, 0.7506243433898729], [0.3767074568116584, 0.8755177893737314], [0.37885543209438877, 0.8461806117657212], [0.3731689821135019, 0.985457923950108], [0.3769260072258314, 0.9149539371574087], [0.3773186805078619, 0.9091635669213187], [0.9958453135989505, 0.0]]
0.4945, [[0.5320769026580499, 0.0], [0.40017154805855465, 0.27681040513883554], [0.38160359317361675, 0.7506243433898729], [0.37941174223955626, 0.7907525903578048], [0.532335972909749, 0.0], [0.5352158981751445, 0.0], [0.3759301127248841, 0.8584876291596534], [0.0, 0.9871169223531451], [0.5291878110336559, 0.0], [0.5323779451851639, 0.0]]
0.5873, [[0.3769260072258314, 0.9149539371574087], [0.9986407069192778, 0.0], [0.37885543209438877, 0.8461806117657212], [0.3731689821135019, 0.985457923950108], [0.9984193215789701, 0.0], [0.4006682535453114, 0.27682932510573566], [0.9981054772007643, 0.0], [0.3770173458458961, 0.8555524781388927], [0.9939290072567544, 0.0], [0.37684625840045766, 0.8794057826405961]]
0.5529, [[0.0, 1.0], [0.996769258539622, 0.0], [0.0, 0.9902659598601595], [0.3773186805078619, 0.9091635669213187], [0.37753833471200543, 0.9072173652725619], [0.9670515037948766, 0.0], [0.4661570319191723, 0.0], [0.9642231931207428, 0.0], [0.4671759450878656, 0.0], [0.47093752935694816, 0.0]]
0.1967, [[0.9626772070088716, 0.0], [0.0, 0.8763744378264084], [0.9626478395657697, 0.0], [0.0002731328282176725, 0.7803879158358136], [0.001169134336828312, 0.6569800989252876], [0.008369708209845308, 0.2766358726575169], [0.5340763750196265, 0.0], [0.5327689627624489, 0.0], [0.0, 0.3004400198939009], [0.13742345183149132, 0.0]]
0.5817, [[0.3731689821135019, 0.985457923950108], [1.0, 0.0], [0.0, 1.0], [0.37555675576733866, 0.9141105187966707], [0.37365133833064124, 0.9357403409728537], [0.3767074568116584, 0.8755177893737314], [0.37753833471200543, 0.9072173652725619], [0.3754554830375388, 0.8757757761664313], [0.3773186805078619, 0.9091635669213187], [0.37696739934972784, 0.841978128188527]]
0.5542, [[0.37753833471200543, 0.9072173652725619], [0.9979304020591945, 0.0], [0.37555675576733866, 0.9141105187966707], [0.37934496294633674, 0.8414723527989979], [0.3754554830375388, 0.8757757761664313], [0.9973937201044838, 0.0], [0.40244507945043734, 0.2766940381985657], [0.9972375240334795, 0.0], [0.4016837403182363, 0.2766934620772664], [0.9971294131165654, 0.0]]
0.5710, [[1.0, 0.0], [0.37941174223955626, 0.7907525903578048], [0.0, 0.9985375235875551], [0.37753833471200543, 0.9072173652725619], [0.37555675576733866, 0.9141105187966707], [0.37934496294633674, 0.8414723527989979], [0.40244507945043734, 0.2766940381985657], [0.37365133833064124, 0.9357403409728537], [0.4014312483624683, 0.276895178638894], [0.3987316540419453, 0.27684046145873387]]
0.5554, [[0.9995504522171306, 0.0], [0.37696739934972784, 0.841978128188527], [0.37555675576733866, 0.9141105187966707], [0.3767074568116584, 0.8755177893737314], [0.38160359317361675, 0.7506243433898729], [0.3773186805078619, 0.9091635669213187], [0.3769260072258314, 0.9149539371574087], [0.9584189277590776, 0.0], [0.4014312483624683, 0.276895178638894], [0.40017154805855465, 0.27681040513883554]]
0.5883, [[0.37934496294633674, 0.8414723527989979], [0.4653402610883967, 0.0], [0.37885543209438877, 0.8461806117657212], [0.9981054772007643, 0.0], [0.4006682535453114, 0.27682932510573566], [0.3992780300773777, 0.27678761607516006], [0.38160359317361675, 0.7506243433898729], [0.3731689821135019, 0.985457923950108], [0.3770173458458961, 0.8555524781388927], [0.3949409633355135, 0.27678279195573313]]
0.5699, [[0.3773186805078619, 0.9091635669213187], [0.4014312483624683, 0.276895178638894], [0.37365133833064124, 0.9357403409728537], [0.3987316540419453, 0.27684046145873387], [0.0, 1.0], [0.0, 0.9314752900858934], [0.0, 0.9902659598601595], [0.0, 0.8735839909361658], [0.9997415019568712, 0.0], [0.40244507945043734, 0.2766940381985657]]
0.5884, [[0.9986407069192778, 0.0], [0.3731689821135019, 0.985457923950108], [0.9962737232771697, 0.0], [0.9948147099775622, 0.0], [0.3769260072258314, 0.9149539371574087], [0.40017154805855465, 0.27681040513883554], [0.3974173161344885, 0.27687754478510174], [0.38160359317361675, 0.7506243433898729], [0.37885543209438877, 0.8461806117657212], [0.3770173458458961, 0.8555524781388927]]
0.5646, [[0.9986407069192778, 0.0], [0.37365133833064124, 0.9357403409728537], [0.3773186805078619, 0.9091635669213187], [0.37753833471200543, 0.9072173652725619], [0.3769260072258314, 0.9149539371574087], [0.37934496294633674, 0.8414723527989979], [0.37941174223955626, 0.7907525903578048], [0.3974173161344885, 0.27687754478510174], [0.40244507945043734, 0.2766940381985657], [0.3976088236943824, 0.276742683394908]]
0.5835, [[0.9997415019568712, 0.0], [0.38160359317361675, 0.7506243433898729], [0.37753833471200543, 0.9072173652725619], [0.37941174223955626, 0.7907525903578048], [0.37934496294633674, 0.8414723527989979], [0.37885543209438877, 0.8461806117657212], [0.3773186805078619, 0.9091635669213187], [0.3769260072258314, 0.9149539371574087], [0.3767074568116584, 0.8755177893737314], [0.3731689821135019, 0.985457923950108]]
0.5891, [[0.9986407069192778, 0.0], [0.0, 0.9985375235875551], [0.3731689821135019, 0.985457923950108], [0.37753833471200543, 0.9072173652725619], [0.4016837403182363, 0.2766934620772664], [0.37934496294633674, 0.8414723527989979], [0.9979420199487734, 0.0], [0.3773186805078619, 0.9091635669213187], [0.4014312483624683, 0.276895178638894], [0.9966043490514338, 0.0]]
0.5875, [[0.3992780300773777, 0.27678761607516006], [0.3773186805078619, 0.9091635669213187], [0.9995504522171306, 0.0], [0.0, 0.9871169223531451], [0.37941174223955626, 0.7907525903578048], [0.37934496294633674, 0.8414723527989979], [0.3731689821135019, 0.985457923950108], [0.3769260072258314, 0.9149539371574087], [0.996447346182542, 0.0], [0.9956883107300588, 0.0]]
0.5272, [[0.9981054772007643, 0.0], [0.3767074568116584, 0.8755177893737314], [0.0, 0.27420453200488143], [0.0, 0.27398208822447717], [0.0, 0.272979258262425], [0.0, 0.27290216319229677], [0.0, 0.2669499910897875], [0.0, 0.2705249683796118], [0.0, 0.22229628764738069], [0.9978645673515812, 0.0]]
0.5882, [[0.9995504522171306, 0.0], [0.3731689821135019, 0.985457923950108], [0.0, 1.0], [0.9971156975524793, 0.0], [0.3769260072258314, 0.9149539371574087], [0.3769260072258314, 0.9149539371574087], [0.3773186805078619, 0.9091635669213187], [0.4014312483624683, 0.276895178638894], [0.3974173161344885, 0.27687754478510174], [0.4006682535453114, 0.27682932510573566]]
0.5642, [[0.9975950968571835, 0.0], [0.3773186805078619, 0.9091635669213187], [0.37934496294633674, 0.8414723527989979], [0.37365133833064124, 0.9357403409728537], [0.0, 0.9314752900858934], [0.3754554830375388, 0.8757757761664313], [0.37753833471200543, 0.9072173652725619], [0.9967681290225797, 0.0], [0.3987316540419453, 0.27684046145873387], [0.4016837403182363, 0.2766934620772664]]
0.5637, [[0.37365133833064124, 0.9357403409728537], [0.0, 0.9902659598601595], [0.9986407069192778, 0.0], [0.37934496294633674, 0.8414723527989979], [0.37753833471200543, 0.9072173652725619], [0.3773186805078619, 0.9091635669213187], [0.3769260072258314, 0.9149539371574087], [0.37941174223955626, 0.7907525903578048], [0.9974337372796998, 0.0], [0.0, 0.2736813839833498]]
0.5907, [[0.0, 1.0], [0.40244507945043734, 0.2766940381985657], [1.0, 0.0], [0.3773186805078619, 0.9091635669213187], [0.37885543209438877, 0.8461806117657212], [0.37934496294633674, 0.8414723527989979], [0.3731689821135019, 0.985457923950108], [0.37365133833064124, 0.9357403409728537], [0.3987316540419453, 0.27684046145873387], [0.38160359317361675, 0.7506243433898729]]
0.5886, [[0.9986407069192778, 0.0], [0.3731689821135019, 0.985457923950108], [0.3769260072258314, 0.9149539371574087], [0.3770173458458961, 0.8555524781388927], [0.37885543209438877, 0.8461806117657212], [0.38160359317361675, 0.7506243433898729], [0.4006682535453114, 0.27682932510573566], [0.3974173161344885, 0.27687754478510174], [0.002145712513290594, 0.6713937328326649], [0.40017154805855465, 0.27681040513883554]]
0.5887, [[0.9995504522171306, 0.0], [0.3731689821135019, 0.985457923950108], [0.3769260072258314, 0.9149539371574087], [0.37885543209438877, 0.8461806117657212], [0.37753833471200543, 0.9072173652725619], [0.38160359317361675, 0.7506243433898729], [0.4006682535453114, 0.27682932510573566], [0.9971084363714926, 0.0], [0.40017154805855465, 0.27681040513883554], [0.0, 0.9426503077387909]]
0.5691, [[0.0, 1.0], [0.9976044557126774, 0.0], [0.37365133833064124, 0.9357403409728537], [0.37934496294633674, 0.8414723527989979], [0.37555675576733866, 0.9141105187966707], [0.3773186805078619, 0.9091635669213187], [0.37753833471200543, 0.9072173652725619], [0.0, 0.9985375235875551], [0.3754554830375388, 0.8757757761664313], [0.39627351377748476, 0.27667182645146193]]
0.5906, [[0.3976088236943824, 0.276742683394908], [1.0, 0.0], [0.37885543209438877, 0.8461806117657212], [0.38160359317361675, 0.7506243433898729], [0.37941174223955626, 0.7907525903578048], [0.40244507945043734, 0.2766940381985657], [0.0, 0.9985375235875551], [0.37934496294633674, 0.8414723527989979], [0.37753833471200543, 0.9072173652725619], [0.3731689821135019, 0.985457923950108]]
0.5886, [[0.3731689821135019, 0.985457923950108], [0.9986011738227942, 0.0], [0.9580642594077684, 0.0], [0.9967629655161001, 0.0], [0.3769260072258314, 0.9149539371574087], [0.3770173458458961, 0.8555524781388927], [0.38160359317361675, 0.7506243433898729], [0.3974173161344885, 0.27687754478510174], [0.4014312483624683, 0.276895178638894], [0.40017154805855465, 0.27681040513883554]]
0.5698, [[0.4014312483624683, 0.276895178638894], [0.37753833471200543, 0.9072173652725619], [0.0, 0.9871169223531451], [0.37934496294633674, 0.8414723527989979], [0.37365133833064124, 0.9357403409728537], [0.40244507945043734, 0.2766940381985657], [0.3773186805078619, 0.9091635669213187], [1.0, 0.0], [0.9997415019568712, 0.0], [0.4016837403182363, 0.2766934620772664]]
0.5890, [[0.9981054772007643, 0.0], [0.3731689821135019, 0.985457923950108], [0.37365133833064124, 0.9357403409728537], [0.3770173458458961, 0.8555524781388927], [0.37941174223955626, 0.7907525903578048], [0.38160359317361675, 0.7506243433898729], [0.3769260072258314, 0.9149539371574087], [0.37885543209438877, 0.8461806117657212], [0.0, 0.9871169223531451], [0.4016837403182363, 0.2766934620772664]]
0.5869, [[0.9990829935211605, 0.0], [0.3731689821135019, 0.985457923950108], [0.37365133833064124, 0.9357403409728537], [0.37934496294633674, 0.8414723527989979], [0.39782516652861427, 0.27676852996539564], [0.37753833471200543, 0.9072173652725619], [0.37885543209438877, 0.8461806117657212], [0.37941174223955626, 0.7907525903578048], [0.3773186805078619, 0.9091635669213187], [0.37696739934972784, 0.841978128188527]]
0.5882, [[1.0, 0.0], [0.37941174223955626, 0.7907525903578048], [0.0, 0.9871169223531451], [0.3731689821135019, 0.985457923950108], [0.37753833471200543, 0.9072173652725619], [0.3773186805078619, 0.9091635669213187], [0.37365133833064124, 0.9357403409728537], [0.37555675576733866, 0.9141105187966707], [0.37934496294633674, 0.8414723527989979], [0.4016837403182363, 0.2766934620772664]]
0.5881, [[0.9986011738227942, 0.0], [0.3731689821135019, 0.985457923950108], [0.3769260072258314, 0.9149539371574087], [0.3773186805078619, 0.9091635669213187], [0.37934496294633674, 0.8414723527989979], [0.3770173458458961, 0.8555524781388927], [0.37941174223955626, 0.7907525903578048], [0.5312709867260886, 0.0], [0.5306360957554445, 0.0], [0.40244507945043734, 0.2766940381985657]]
0.5710, [[0.40244507945043734, 0.2766940381985657], [0.3773186805078619, 0.9091635669213187], [0.0, 0.9985375235875551], [0.37365133833064124, 0.9357403409728537], [0.37934496294633674, 0.8414723527989979], [0.37555675576733866, 0.9141105187966707], [0.37941174223955626, 0.7907525903578048], [1.0, 0.0], [1.0, 0.0], [0.37753833471200543, 0.9072173652725619]]
0.5897, [[0.0, 1.0], [1.0, 0.0], [0.40244507945043734, 0.2766940381985657], [0.37941174223955626, 0.7907525903578048], [0.3731689821135019, 0.985457923950108], [0.37934496294633674, 0.8414723527989979], [0.4006682535453114, 0.27682932510573566], [0.3773186805078619, 0.9091635669213187], [0.37753833471200543, 0.9072173652725619], [0.37365133833064124, 0.9357403409728537]]
0.5887, [[0.9997415019568712, 0.0], [0.37885543209438877, 0.8461806117657212], [0.38160359317361675, 0.7506243433898729], [0.37753833471200543, 0.9072173652725619], [0.3769260072258314, 0.9149539371574087], [0.3731689821135019, 0.985457923950108], [0.37555675576733866, 0.9141105187966707], [0.37941174223955626, 0.7907525903578048], [0.4006682535453114, 0.27682932510573566], [0.3759301127248841, 0.8584876291596534]]
0.5893, [[1.0, 0.0], [0.40244507945043734, 0.2766940381985657], [0.38160359317361675, 0.7506243433898729], [0.37941174223955626, 0.7907525903578048], [0.3731689821135019, 0.985457923950108], [0.37934496294633674, 0.8414723527989979], [0.37555675576733866, 0.9141105187966707], [0.37753833471200543, 0.9072173652725619], [0.37885543209438877, 0.8461806117657212], [0.37696739934972784, 0.841978128188527]]
0.5645, [[0.9986407069192778, 0.0], [0.37365133833064124, 0.9357403409728537], [0.3773186805078619, 0.9091635669213187], [0.37753833471200543, 0.9072173652725619], [0.37934496294633674, 0.8414723527989979], [0.39782516652861427, 0.27676852996539564], [0.40244507945043734, 0.2766940381985657], [0.4014312483624683, 0.276895178638894], [0.40017154805855465, 0.27681040513883554], [0.3976088236943824, 0.276742683394908]]
0.5907, [[1.0, 0.0], [0.0, 1.0], [0.3773186805078619, 0.9091635669213187], [0.37885543209438877, 0.8461806117657212], [0.37934496294633674, 0.8414723527989979], [0.38160359317361675, 0.7506243433898729], [0.4014312483624683, 0.276895178638894], [0.40244507945043734, 0.2766940381985657], [0.3731689821135019, 0.985457923950108], [0.468980994150681, 0.0]]
0.5882, [[0.37934496294633674, 0.8414723527989979], [1.0, 0.0], [0.37885543209438877, 0.8461806117657212], [0.3773186805078619, 0.9091635669213187], [0.37753833471200543, 0.9072173652725619], [0.3731689821135019, 0.985457923950108], [0.3769260072258314, 0.9149539371574087], [0.40017154805855465, 0.27681040513883554], [0.40244507945043734, 0.2766940381985657], [0.9973937201044838, 0.0]]
0.5902, [[0.3987316540419453, 0.27684046145873387], [0.0, 0.9985375235875551], [0.9962737232771697, 0.0], [0.37934496294633674, 0.8414723527989979], [0.37365133833064124, 0.9357403409728537], [0.3773186805078619, 0.9091635669213187], [0.38160359317361675, 0.7506243433898729], [0.3731689821135019, 0.985457923950108], [0.37885543209438877, 0.8461806117657212], [0.40244507945043734, 0.2766940381985657]]
0.5647, [[1.0, 0.0], [0.40244507945043734, 0.2766940381985657], [0.3773186805078619, 0.9091635669213187], [0.37365133833064124, 0.9357403409728537], [0.37934496294633674, 0.8414723527989979], [0.4014312483624683, 0.276895178638894], [0.37941174223955626, 0.7907525903578048], [0.4016837403182363, 0.2766934620772664], [0.3987316540419453, 0.27684046145873387], [0.37753833471200543, 0.9072173652725619]]
0.5698, [[0.37934496294633674, 0.8414723527989979], [1.0, 0.0], [0.37555675576733866, 0.9141105187966707], [0.37941174223955626, 0.7907525903578048], [0.3773186805078619, 0.9091635669213187], [0.0, 0.9871169223531451], [0.40244507945043734, 0.2766940381985657], [0.37753833471200543, 0.9072173652725619], [0.37365133833064124, 0.9357403409728537], [0.4014312483624683, 0.276895178638894]]
0.5710, [[0.0, 0.9985375235875551], [1.0, 0.0], [0.37365133833064124, 0.9357403409728537], [0.37941174223955626, 0.7907525903578048], [0.37753833471200543, 0.9072173652725619], [0.37555675576733866, 0.9141105187966707], [0.37934496294633674, 0.8414723527989979], [0.37934496294633674, 0.8414723527989979], [0.40244507945043734, 0.2766940381985657], [0.008776454814000582, 0.27654093097510823]]
0.5716, [[0.9986011738227942, 0.0], [0.37934496294633674, 0.8414723527989979], [0.0, 0.9985375235875551], [0.37941174223955626, 0.7907525903578048], [0.38160359317361675, 0.7506243433898729], [0.37555675576733866, 0.9141105187966707], [0.4014312483624683, 0.276895178638894], [0.37753833471200543, 0.9072173652725619], [0.37365133833064124, 0.9357403409728537], [0.37885543209438877, 0.8461806117657212]]
0.5890, [[1.0, 0.0], [0.38160359317361675, 0.7506243433898729], [0.40244507945043734, 0.2766940381985657], [0.4006682535453114, 0.27682932510573566], [0.3974173161344885, 0.27687754478510174], [0.37941174223955626, 0.7907525903578048], [0.37684625840045766, 0.8794057826405961], [0.37555675576733866, 0.9141105187966707], [0.3731689821135019, 0.985457923950108], [0.9583232415296297, 0.0]]
0.5480, [[1.0, 0.0], [0.37555675576733866, 0.9141105187966707], [0.9997415019568712, 0.0], [0.9971294131165654, 0.0], [0.9941424859777652, 0.0], [0.3754554830375388, 0.8757757761664313], [0.37941174223955626, 0.7907525903578048], [0.37885543209438877, 0.8461806117657212], [0.37934496294633674, 0.8414723527989979], [0.37696739934972784, 0.841978128188527]]
0.5710, [[0.37365133833064124, 0.9357403409728537], [1.0, 0.0], [0.37555675576733866, 0.9141105187966707], [0.40244507945043734, 0.2766940381985657], [0.3987316540419453, 0.27684046145873387], [0.37753833471200543, 0.9072173652725619], [0.3773186805078619, 0.9091635669213187], [0.37941174223955626, 0.7907525903578048], [0.0, 1.0], [0.9986011738227942, 0.0]]
0.5905, [[0.37365133833064124, 0.9357403409728537], [0.38160359317361675, 0.7506243433898729], [0.37934496294633674, 0.8414723527989979], [1.0, 0.0], [0.3731689821135019, 0.985457923950108], [0.0, 1.0], [0.37753833471200543, 0.9072173652725619], [0.3770173458458961, 0.8555524781388927], [0.37941174223955626, 0.7907525903578048], [0.4016837403182363, 0.2766934620772664]]
0.5695, [[0.9978645673515812, 0.0], [0.37365133833064124, 0.9357403409728537], [0.3773186805078619, 0.9091635669213187], [0.3754554830375388, 0.8757757761664313], [0.4014312483624683, 0.276895178638894], [0.4016837403182363, 0.2766934620772664], [0.9965436778502997, 0.0], [0.0, 1.0], [0.0, 0.9902659598601595], [0.0, 0.8735839909361658]]
0.5900, [[0.9995504522171306, 0.0], [0.37885543209438877, 0.8461806117657212], [0.38160359317361675, 0.7506243433898729], [0.3731689821135019, 0.985457923950108], [0.40017154805855465, 0.27681040513883554], [0.3769260072258314, 0.9149539371574087], [0.3770173458458961, 0.8555524781388927], [0.0, 1.0], [0.9951656670585891, 0.0], [0.9971084363714926, 0.0]]
0.5903, [[0.4016837403182363, 0.2766934620772664], [0.9981054772007643, 0.0], [0.4014312483624683, 0.276895178638894], [0.38160359317361675, 0.7506243433898729], [0.3731689821135019, 0.985457923950108], [0.3769260072258314, 0.9149539371574087], [0.37934496294633674, 0.8414723527989979], [0.37885543209438877, 0.8461806117657212], [0.3773186805078619, 0.9091635669213187], [0.0, 1.0]]
0.5711, [[0.37941174223955626, 0.7907525903578048], [1.0, 0.0], [0.46536462430573533, 0.0], [0.40244507945043734, 0.2766940381985657], [0.37934496294633674, 0.8414723527989979], [0.37753833471200543, 0.9072173652725619], [0.3773186805078619, 0.9091635669213187], [0.37365133833064124, 0.9357403409728537], [0.0, 1.0], [0.4014312483624683, 0.276895178638894]]
0.5709, [[0.0, 0.9985375235875551], [0.37941174223955626, 0.7907525903578048], [0.37365133833064124, 0.9357403409728537], [0.37555675576733866, 0.9141105187966707], [1.0, 0.0], [0.37934496294633674, 0.8414723527989979], [0.37885543209438877, 0.8461806117657212], [0.40244507945043734, 0.2766940381985657], [0.4014312483624683, 0.276895178638894], [0.9997415019568712, 0.0]]
0.5900, [[0.3769260072258314, 0.9149539371574087], [0.0, 1.0], [0.9986407069192778, 0.0], [0.38160359317361675, 0.7506243433898729], [0.37885543209438877, 0.8461806117657212], [0.3770173458458961, 0.8555524781388927], [0.3731689821135019, 0.985457923950108], [0.4006682535453114, 0.27682932510573566], [0.3974173161344885, 0.27687754478510174], [0.9951656670585891, 0.0]]
0.5721, [[0.0, 1.0], [0.9997415019568712, 0.0], [0.40244507945043734, 0.2766940381985657], [0.37885543209438877, 0.8461806117657212], [0.37753833471200543, 0.9072173652725619], [0.37934496294633674, 0.8414723527989979], [0.3773186805078619, 0.9091635669213187], [0.37365133833064124, 0.9357403409728537], [0.38160359317361675, 0.7506243433898729], [0.40017154805855465, 0.27681040513883554]]
0.5647, [[0.9997415019568712, 0.0], [0.4016837403182363, 0.2766934620772664], [0.37365133833064124, 0.9357403409728537], [0.9976412456963437, 0.0], [0.4014312483624683, 0.276895178638894], [0.3773186805078619, 0.9091635669213187], [0.006375435680516967, 0.2768933175997593], [0.37941174223955626, 0.7907525903578048], [0.37934496294633674, 0.8414723527989979], [0.40244507945043734, 0.2766940381985657]]
0.5445, [[0.9975950968571835, 0.0], [0.37555675576733866, 0.9141105187966707], [0.9971156975524793, 0.0], [0.0, 0.31919008753315503], [0.9969052846634407, 0.0], [0.0, 0.3004400198939009], [0.996769258539622, 0.0], [0.0, 0.28430753978779627], [0.9966803494124286, 0.0], [0.0, 0.2779511336782628]]
0.5890, [[1.0, 0.0], [0.3731689821135019, 0.985457923950108], [0.3773186805078619, 0.9091635669213187], [0.37753833471200543, 0.9072173652725619], [0.37885543209438877, 0.8461806117657212], [0.37934496294633674, 0.8414723527989979], [0.37941174223955626, 0.7907525903578048], [0.4016837403182363, 0.2766934620772664], [0.38160359317361675, 0.7506243433898729], [0.468980994150681, 0.0]]
0.5811, [[0.9995504522171306, 0.0], [0.0, 1.0], [0.9986011738227942, 0.0], [0.9981054772007643, 0.0], [0.9942159045855203, 0.0], [0.961636437734102, 0.0], [0.9958453135989505, 0.0], [0.3731689821135019, 0.985457923950108], [0.3769260072258314, 0.9149539371574087], [0.37684625840045766, 0.8794057826405961]]
0.5879, [[0.9995504522171306, 0.0], [0.4014312483624683, 0.276895178638894], [0.3731689821135019, 0.985457923950108], [0.37555675576733866, 0.9141105187966707], [0.37885543209438877, 0.8461806117657212], [0.37753833471200543, 0.9072173652725619], [0.37934496294633674, 0.8414723527989979], [0.37365133833064124, 0.9357403409728537], [0.37941174223955626, 0.7907525903578048], [0.3987316540419453, 0.27684046145873387]]
0.5871, [[0.9995504522171306, 0.0], [0.3974173161344885, 0.27687754478510174], [0.3992780300773777, 0.27678761607516006], [0.40244507945043734, 0.2766940381985657], [0.3731689821135019, 0.985457923950108], [0.9986407069192778, 0.0], [0.4016837403182363, 0.2766934620772664], [0.37753833471200543, 0.9072173652725619], [0.9979304020591945, 0.0], [0.3759301127248841, 0.8584876291596534]]
0.5884, [[0.37684625840045766, 0.8794057826405961], [0.9986407069192778, 0.0], [0.38160359317361675, 0.7506243433898729], [0.3974173161344885, 0.27687754478510174], [0.40017154805855465, 0.27681040513883554], [0.3976088236943824, 0.276742683394908], [0.3731689821135019, 0.985457923950108], [0.4006682535453114, 0.27682932510573566], [0.37885543209438877, 0.8461806117657212], [0.3770173458458961, 0.8555524781388927]]
0.5882, [[1.0, 0.0], [0.3731689821135019, 0.985457923950108], [0.4671759450878656, 0.0], [0.40244507945043734, 0.2766940381985657], [0.4719605432651935, 0.0], [0.37934496294633674, 0.8414723527989979], [0.9944961861716095, 0.0], [0.9966043490514338, 0.0], [0.37753833471200543, 0.9072173652725619], [0.37941174223955626, 0.7907525903578048]]
0.5718, [[0.4014312483624683, 0.276895178638894], [0.9990829935211605, 0.0], [0.0, 1.0], [0.38160359317361675, 0.7506243433898729], [0.37753833471200543, 0.9072173652725619], [0.3773186805078619, 0.9091635669213187], [0.37885543209438877, 0.8461806117657212], [0.3770173458458961, 0.8555524781388927], [0.3769260072258314, 0.9149539371574087], [0.37365133833064124, 0.9357403409728537]]
0.5888, [[0.9979420199487734, 0.0], [0.3731689821135019, 0.985457923950108], [0.3769260072258314, 0.9149539371574087], [0.3773186805078619, 0.9091635669213187], [0.37753833471200543, 0.9072173652725619], [0.37934496294633674, 0.8414723527989979], [0.37941174223955626, 0.7907525903578048], [0.38160359317361675, 0.7506243433898729], [0.4014312483624683, 0.276895178638894], [0.3992780300773777, 0.27678761607516006]]
0.5907, [[0.37365133833064124, 0.9357403409728537], [0.38160359317361675, 0.7506243433898729], [1.0, 0.0], [0.0, 1.0], [0.37753833471200543, 0.9072173652725619], [0.37934496294633674, 0.8414723527989979], [0.3731689821135019, 0.985457923950108], [0.3769260072258314, 0.9149539371574087], [0.37941174223955626, 0.7907525903578048], [0.40244507945043734, 0.2766940381985657]]
0.5647, [[0.37365133833064124, 0.9357403409728537], [1.0, 0.0], [0.3773186805078619, 0.9091635669213187], [0.9976412456963437, 0.0], [0.37753833471200543, 0.9072173652725619], [0.9592536408534007, 0.0], [0.37696739934972784, 0.841978128188527], [0.37934496294633674, 0.8414723527989979], [0.37941174223955626, 0.7907525903578048], [0.40244507945043734, 0.2766940381985657]]
0.5881, [[0.9981054772007643, 0.0], [0.3731689821135019, 0.985457923950108], [0.3949409633355135, 0.27678279195573313], [0.3769260072258314, 0.9149539371574087], [0.3770173458458961, 0.8555524781388927], [0.3976088236943824, 0.276742683394908], [0.38160359317361675, 0.7506243433898729], [0.3990754846177781, 0.2767293764272221], [0.3759301127248841, 0.8584876291596534], [0.37885543209438877, 0.8461806117657212]]
0.5903, [[0.0, 0.9985375235875551], [0.38160359317361675, 0.7506243433898729], [1.0, 0.0], [0.37934496294633674, 0.8414723527989979], [0.4014312483624683, 0.276895178638894], [0.37753833471200543, 0.9072173652725619], [0.37365133833064124, 0.9357403409728537], [0.3731689821135019, 0.985457923950108], [0.9997415019568712, 0.0], [0.3754554830375388, 0.8757757761664313]]
0.5657, [[1.0, 0.0], [0.37934496294633674, 0.8414723527989979], [0.40244507945043734, 0.2766940381985657], [0.38160359317361675, 0.7506243433898729], [0.3949409633355135, 0.27678279195573313], [0.37885543209438877, 0.8461806117657212], [0.3773186805078619, 0.9091635669213187], [0.37365133833064124, 0.9357403409728537], [0.39782516652861427, 0.27676852996539564], [0.3767074568116584, 0.8755177893737314]]
0.5905, [[1.0, 0.0], [0.3731689821135019, 0.985457923950108], [0.996167064596453, 0.0], [0.9997415019568712, 0.0], [0.0, 0.9985375235875551], [0.37365133833064124, 0.9357403409728537], [0.3769260072258314, 0.9149539371574087], [0.37885543209438877, 0.8461806117657212], [0.38160359317361675, 0.7506243433898729], [0.40244507945043734, 0.2766940381985657]]
0.5893, [[1.0, 0.0], [0.3773186805078619, 0.9091635669213187], [0.4014312483624683, 0.276895178638894], [0.37555675576733866, 0.9141105187966707], [0.3992780300773777, 0.27678761607516006], [0.37753833471200543, 0.9072173652725619], [0.3731689821135019, 0.985457923950108], [0.40244507945043734, 0.2766940381985657], [0.37934496294633674, 0.8414723527989979], [0.38160359317361675, 0.7506243433898729]]
0.5722, [[0.4014312483624683, 0.276895178638894], [0.0, 1.0], [1.0, 0.0], [0.3769260072258314, 0.9149539371574087], [0.40244507945043734, 0.2766940381985657], [0.38160359317361675, 0.7506243433898729], [0.37941174223955626, 0.7907525903578048], [0.37934496294633674, 0.8414723527989979], [0.37365133833064124, 0.9357403409728537], [0.37753833471200543, 0.9072173652725619]]
0.5900, [[0.38160359317361675, 0.7506243433898729], [0.40017154805855465, 0.27681040513883554], [0.37885543209438877, 0.8461806117657212], [0.3731689821135019, 0.985457923950108], [0.0, 1.0], [0.3769260072258314, 0.9149539371574087], [0.9995504522171306, 0.0], [0.3770173458458961, 0.8555524781388927], [0.46490341171611843, 0.0], [0.5331199378241082, 0.0]]
0.5695, [[0.37885543209438877, 0.8461806117657212], [0.3990754846177781, 0.2767293764272221], [0.37555675576733866, 0.9141105187966707], [0.37365133833064124, 0.9357403409728537], [0.9974337372796998, 0.0], [0.3773186805078619, 0.9091635669213187], [0.0, 0.9985375235875551], [0.9940534154909944, 0.0], [0.39782516652861427, 0.27676852996539564], [0.9940534154909944, 0.0]]
0.5887, [[0.3731689821135019, 0.985457923950108], [0.9995504522171306, 0.0], [0.3769260072258314, 0.9149539371574087], [0.37753833471200543, 0.9072173652725619], [0.38160359317361675, 0.7506243433898729], [0.37885543209438877, 0.8461806117657212], [0.3974173161344885, 0.27687754478510174], [0.4006682535453114, 0.27682932510573566], [0.37684625840045766, 0.8794057826405961], [0.3767074568116584, 0.8755177893737314]]
0.5207, [[0.37885543209438877, 0.8461806117657212], [0.9995504522171306, 0.0], [0.3990754846177781, 0.2767293764272221], [0.9990829935211605, 0.0], [0.0, 0.27295930199434965], [0.9986407069192778, 0.0], [0.0, 0.27201575276250023], [0.0, 0.2702747381016065], [0.0, 0.2694442401243752], [0.0, 0.26870984324378544]]
0.5711, [[0.0, 1.0], [0.9997415019568712, 0.0], [0.9997415019568712, 0.0], [0.37365133833064124, 0.9357403409728537], [0.37753833471200543, 0.9072173652725619], [0.37934496294633674, 0.8414723527989979], [0.37941174223955626, 0.7907525903578048], [0.40244507945043734, 0.2766940381985657], [0.3754554830375388, 0.8757757761664313], [0.3769260072258314, 0.9149539371574087]]
0.5708, [[0.37941174223955626, 0.7907525903578048], [0.0, 0.9985375235875551], [0.4014312483624683, 0.276895178638894], [0.37365133833064124, 0.9357403409728537], [0.4016837403182363, 0.2766934620772664], [0.37753833471200543, 0.9072173652725619], [0.37934496294633674, 0.8414723527989979], [1.0, 0.0], [0.37555675576733866, 0.9141105187966707], [0.9626772070088716, 0.0]]
0.5889, [[0.9995504522171306, 0.0], [0.4016837403182363, 0.2766934620772664], [0.3731689821135019, 0.985457923950108], [0.38160359317361675, 0.7506243433898729], [0.4006682535453114, 0.27682932510573566], [0.3770173458458961, 0.8555524781388927], [0.3769260072258314, 0.9149539371574087], [0.37885543209438877, 0.8461806117657212], [0.9979304020591945, 0.0], [0.46770831756970893, 0.0]]
0.5889, [[0.37885543209438877, 0.8461806117657212], [0.9995504522171306, 0.0], [0.3769260072258314, 0.9149539371574087], [0.4006682535453114, 0.27682932510573566], [0.4016837403182363, 0.2766934620772664], [0.3770173458458961, 0.8555524781388927], [0.3731689821135019, 0.985457923950108], [0.38160359317361675, 0.7506243433898729], [0.3974173161344885, 0.27687754478510174], [0.2765523143570127, 0.0]]
0.5711, [[0.37934496294633674, 0.8414723527989979], [0.0, 1.0], [1.0, 0.0], [0.37555675576733866, 0.9141105187966707], [0.40244507945043734, 0.2766940381985657], [0.3773186805078619, 0.9091635669213187], [0.37365133833064124, 0.9357403409728537], [0.37753833471200543, 0.9072173652725619], [0.37941174223955626, 0.7907525903578048], [0.3987316540419453, 0.27684046145873387]]
0.5899, [[0.3731689821135019, 0.985457923950108], [0.9995504522171306, 0.0], [0.3769260072258314, 0.9149539371574087], [0.40017154805855465, 0.27681040513883554], [0.38160359317361675, 0.7506243433898729], [0.37885543209438877, 0.8461806117657212], [0.37934496294633674, 0.8414723527989979], [0.0, 0.9985375235875551], [0.3974173161344885, 0.27687754478510174], [0.0, 0.8763744378264084]]
0.5902, [[0.4014312483624683, 0.276895178638894], [0.9990829935211605, 0.0], [0.0, 0.9985375235875551], [0.37885543209438877, 0.8461806117657212], [0.38160359317361675, 0.7506243433898729], [0.37934496294633674, 0.8414723527989979], [0.3769260072258314, 0.9149539371574087], [0.3731689821135019, 0.985457923950108], [0.37753833471200543, 0.9072173652725619], [0.37365133833064124, 0.9357403409728537]]
0.5898, [[0.37885543209438877, 0.8461806117657212], [0.3770173458458961, 0.8555524781388927], [0.3769260072258314, 0.9149539371574087], [0.38160359317361675, 0.7506243433898729], [0.3731689821135019, 0.985457923950108], [0.0, 0.9985375235875551], [0.40017154805855465, 0.27681040513883554], [0.9995504522171306, 0.0], [0.9965806291935435, 0.0], [0.37684625840045766, 0.8794057826405961]]
0.5906, [[0.0, 0.9985375235875551], [0.38160359317361675, 0.7506243433898729], [0.40244507945043734, 0.2766940381985657], [0.37934496294633674, 0.8414723527989979], [1.0, 0.0], [0.3773186805078619, 0.9091635669213187], [0.37941174223955626, 0.7907525903578048], [0.3731689821135019, 0.985457923950108], [0.37365133833064124, 0.9357403409728537], [0.46874797565613613, 0.0]]
0.5698, [[0.40244507945043734, 0.2766940381985657], [1.0, 0.0], [0.37934496294633674, 0.8414723527989979], [0.4014312483624683, 0.276895178638894], [0.0, 0.9871169223531451], [0.37365133833064124, 0.9357403409728537], [0.37941174223955626, 0.7907525903578048], [0.37753833471200543, 0.9072173652725619], [0.37555675576733866, 0.9141105187966707], [0.9978645673515812, 0.0]]
0.5904, [[0.9997415019568712, 0.0], [0.3731689821135019, 0.985457923950108], [0.4014312483624683, 0.276895178638894], [0.38160359317361675, 0.7506243433898729], [0.0, 1.0], [0.3773186805078619, 0.9091635669213187], [0.3769260072258314, 0.9149539371574087], [0.37753833471200543, 0.9072173652725619], [0.37941174223955626, 0.7907525903578048], [0.4016837403182363, 0.2766934620772664]]
0.5895, [[0.0, 0.9902659598601595], [0.38160359317361675, 0.7506243433898729], [0.4016837403182363, 0.2766934620772664], [1.0, 0.0], [0.4014312483624683, 0.276895178638894], [0.3731689821135019, 0.985457923950108], [0.37934496294633674, 0.8414723527989979], [0.37885543209438877, 0.8461806117657212], [0.37753833471200543, 0.9072173652725619], [0.3769260072258314, 0.9149539371574087]]
0.5891, [[0.9981054772007643, 0.0], [0.3731689821135019, 0.985457923950108], [0.40244507945043734, 0.2766940381985657], [0.4006682535453114, 0.27682932510573566], [0.3987316540419453, 0.27684046145873387], [0.3769260072258314, 0.9149539371574087], [0.3773186805078619, 0.9091635669213187], [0.37885543209438877, 0.8461806117657212], [0.37934496294633674, 0.8414723527989979], [0.38160359317361675, 0.7506243433898729]]
0.5540, [[0.37555675576733866, 0.9141105187966707], [0.9986011738227942, 0.0], [0.3773186805078619, 0.9091635669213187], [0.9974337372796998, 0.0], [0.37885543209438877, 0.8461806117657212], [0.9592536408534007, 0.0], [0.40244507945043734, 0.2766940381985657], [0.4014312483624683, 0.276895178638894], [0.3987316540419453, 0.27684046145873387], [0.39627351377748476, 0.27667182645146193]]
0.5711, [[1.0, 0.0], [0.0, 1.0], [0.37365133833064124, 0.9357403409728537], [0.3773186805078619, 0.9091635669213187], [0.37753833471200543, 0.9072173652725619], [0.37934496294633674, 0.8414723527989979], [0.37941174223955626, 0.7907525903578048], [0.4014312483624683, 0.276895178638894], [0.40244507945043734, 0.2766940381985657], [0.9975950968571835, 0.0]]
0.5892, [[0.9997415019568712, 0.0], [0.3987316540419453, 0.27684046145873387], [0.40244507945043734, 0.2766940381985657], [0.38160359317361675, 0.7506243433898729], [0.3769260072258314, 0.9149539371574087], [0.3731689821135019, 0.985457923950108], [0.37885543209438877, 0.8461806117657212], [0.3773186805078619, 0.9091635669213187], [0.37941174223955626, 0.7907525903578048], [0.9971084363714926, 0.0]]
0.5907, [[0.0, 1.0], [1.0, 0.0], [0.3731689821135019, 0.985457923950108], [0.3769260072258314, 0.9149539371574087], [0.37753833471200543, 0.9072173652725619], [0.37934496294633674, 0.8414723527989979], [0.37941174223955626, 0.7907525903578048], [0.38160359317361675, 0.7506243433898729], [0.4014312483624683, 0.276895178638894], [0.40244507945043734, 0.2766940381985657]]
0.5900, [[0.9995504522171306, 0.0], [0.3731689821135019, 0.985457923950108], [0.0, 0.9985375235875551], [0.3769260072258314, 0.9149539371574087], [0.3770173458458961, 0.8555524781388927], [0.37885543209438877, 0.8461806117657212], [0.4006682535453114, 0.27682932510573566], [0.38160359317361675, 0.7506243433898729], [0.38160359317361675, 0.7506243433898729], [1.0, 0.0]]
0.5891, [[1.0, 0.0], [0.3731689821135019, 0.985457923950108], [0.0, 0.9902659598601595], [0.3773186805078619, 0.9091635669213187], [0.3769260072258314, 0.9149539371574087], [0.37753833471200543, 0.9072173652725619], [0.38160359317361675, 0.7506243433898729], [0.4006682535453114, 0.27682932510573566], [0.9963290696122464, 0.0], [0.4661570319191723, 0.0]]
0.5895, [[0.3974173161344885, 0.27687754478510174], [0.9986011738227942, 0.0], [0.37885543209438877, 0.8461806117657212], [0.3992780300773777, 0.27678761607516006], [0.3769260072258314, 0.9149539371574087], [0.0, 0.05053566893015227], [0.38160359317361675, 0.7506243433898729], [0.3770173458458961, 0.8555524781388927], [0.0, 0.9985375235875551], [0.3731689821135019, 0.985457923950108]]
0.5892, [[0.468980994150681, 0.0], [0.9995504522171306, 0.0], [0.37934496294633674, 0.8414723527989979], [0.40017154805855465, 0.27681040513883554], [0.3731689821135019, 0.985457923950108], [0.3987316540419453, 0.27684046145873387], [0.3773186805078619, 0.9091635669213187], [0.38160359317361675, 0.7506243433898729], [0.40244507945043734, 0.2766940381985657], [0.4016837403182363, 0.2766934620772664]]
