0.6013, [[0.09550705644991336, 0.7081274538943605], [0.47496062011760126, 0.5726865699194279], [0.1733250356926771, 0.6656521774395703], [0.37086342465993233, 0.6313670592658918], [0.39288495479982183, 0.5866930583706366], [0.7984240964184335, 0.4184722480620203], [0.338585587432814, 0.6324140709042075], [0.40593941870122807, 0.5825510442256059], [0.057396915870441496, 0.7138065894359884], [0.09459187016889008, 0.679127036705463]]
0.7990, [[0.4564142782990517, 0.5767410322291853], [0.8604500336534745, 0.5388870485228298], [0.4865241742106816, 0.5699544111011652], [0.4074555371295017, 0.8956039136974039], [0.47496062011760126, 0.5726865699194279], [0.7354296618606458, 0.5444046193375112], [0.49237894243046304, 0.5637553801253364], [0.08836588892235314, 0.6610751119068958], [0.7297660579515396, 0.2987], [0.5653741645600919, 0.5425687385854984]]
0.7567, [[0.3337743422542541, 0.6261852542524626], [0.8604500336534745, 0.5388870485228298], [0.14273609762186829, 0.6757829176365283], [1.0, 0.3863342532299798], [0.3126171076554232, 0.6262042087735014], [0.27380303539904904, 0.6684700829006278], [0.38525034418713733, 0.5954590730528213], [0.7301239808751628, 0.5877445829901534], [0.7354296618606458, 0.5444046193375112], [0.7796015614937464, 0.40214592248062336]]
0.6890, [[0.34644707562502625, 0.6219006299015242], [0.3890424408735321, 0.5964708834377821], [0.8604500336534745, 0.5388870485228298], [0.010706903906377272, 0.769451647627573], [0.24306862333587131, 0.6553499439570292], [0.5402353427479262, 0.5534215557743974], [0.4267869473978464, 0.5671148433303497], [0.15256271641895627, 0.6619750003581027], [0.12121176943195647, 0.735634074306177], [0.7104592743654786, 0.4996304302596267]]
0.6487, [[0.4017223767071463, 0.6279823233661602], [0.4865241742106816, 0.5699544111011652], [0.0, 0.8141139147717098], [0.05041474256966916, 0.7546707316025081], [0.07323623097569225, 0.7020159747538051], [0.8145937908503796, 0.2987], [0.44934866225089753, 0.5880938877350056], [0.7233655539055609, 0.5621857652641005], [0.18506540207317582, 0.6755590737690236], [0.11850305071460612, 0.6886530374216662]]
0.4514, [[0.13930802697600186, 0.6865554037600713], [0.05577207243082824, 0.7222178837958823], [0.49237894243046304, 0.5637553801253364], [0.42286880761171386, 0.6107959883616828], [0.31839348285483177, 0.6609920730528205], [0.370751786485879, 0.616682721038496], [0.08721802816310378, 0.7064847287376921], [0.06025105613668324, 0.712181916204118], [0.15425542324805205, 0.6560449430617734], [0.362728242879718, 0.2987]]
0.6419, [[0.04981560578823672, 0.7205751586392138], [0.7227970880856884, 0.5351981376902439], [0.12080071118709018, 0.6833295247985669], [0.33159199601308115, 0.6088608220232784], [0.2659919644467317, 0.6289914259624018], [0.4294734660379702, 0.5954717094001805], [0.4809134556566426, 0.5556762411817378], [0.8313319511021984, 0.32969657881137204], [0.6175466942506671, 0.5515017335720683], [0.7984240964184335, 0.4184722480620203]]
0.6310, [[0.06434224904549452, 0.7217097221128028], [0.3263341981383079, 0.6132979851387644], [0.23045086459049086, 0.6188796402864825], [0.12665053536049467, 0.668131609310653], [0.37681265896755267, 0.5901445863921241], [0.44934866225089753, 0.5880938877350056], [0.7301239808751628, 0.5877445829901534], [0.16377180940750505, 0.6298922170098495], [0.7961081245596912, 0.2987], [0.3755126144245434, 0.6012826239928387]]
0.8155, [[0.4608978114182932, 0.5434821659803053], [0.7227970880856884, 0.5351981376902439], [0.4451316202568157, 0.5836305493285604], [0.4074555371295017, 0.8956039136974039], [0.40977112893325474, 0.5846297233661621], [0.4851881173534617, 0.5405514359892595], [0.45828691863801196, 0.5598056189794093], [0.9928436123834998, 0.2987], [0.04708555857704885, 0.7473624098478087], [0.17667942608710532, 0.6676252528200554]]
0.5589, [[0.31376950171016804, 0.6330170051924806], [0.7788857156464986, 0.2987], [0.38701494758346533, 0.5832306991942715], [0.1423134056530907, 0.6882883885407355], [0.4806865780771146, 0.5605601894359891], [0.04246697018425817, 0.7444750044762758], [0.15561269103770506, 0.6687291280214873], [0.1470037353433344, 0.6823186170098501], [0.4670775245368626, 0.5688920553267709], [0.2776959665652339, 0.6512792349149524]]
0.6230, [[0.39874415832191523, 0.5878456737690267], [0.13668268328001582, 0.6826218893464635], [0.34145937010683375, 0.6214023967770814], [0.7788857156464986, 0.2987], [0.2133404883367844, 0.6519634028648159], [0.05527376125662711, 0.7391153880035808], [0.29789527360605816, 0.6383188555058187], [0.005681135176690539, 0.7488562066248896], [0.7233655539055609, 0.5621857652641005], [0.5746801605743116, 0.557249466427934]]
0.7447, [[0.0, 0.7954373933751115], [0.0822659396848554, 0.7528628313339298], [0.35021396369147334, 0.5947234571172803], [1.0, 0.3863342532299798], [0.17453494297945354, 0.6213590721575651], [0.15006922159396516, 0.658472024350941], [0.8604500336534745, 0.5388870485228298], [0.041193077415969455, 0.6835696153983878], [0.39357639123266885, 0.5345284112802149], [0.6904366449321713, 0.2987]]
0.6030, [[0.059549154794034165, 0.6991448161145948], [0.15229126286102565, 0.6474079996418995], [0.35137356020906046, 0.6246950678603418], [0.4357432099420663, 0.5727181607878258], [0.051872835966553635, 0.7439921154879148], [0.7961081245596912, 0.2987], [0.6175466942506671, 0.5515017335720683], [0.0, 0.8150210239928373], [0.3905873691531745, 0.5896544766338426], [0.2205963858604146, 0.6381121609668774]]
0.6450, [[0.33041079210696783, 0.6453897944494198], [0.07883786903898884, 0.7257885545210377], [0.13463514787162498, 0.6642035104744872], [0.45825450755522246, 0.4036491266149968], [0.42753960476485164, 0.5884585366159363], [0.0, 0.7924082803939119], [0.9764664945688166, 0.2987], [0.8313319511021984, 0.32969657881137204], [0.2704178778632361, 0.6549834898836168], [0.17473465523993112, 0.6614605205013439]]
0.5872, [[0.7818543704836147, 0.2987], [0.11776624820022305, 0.70601086571173], [0.5746801605743116, 0.557249466427934], [0.20003648455449058, 0.6789573486123552], [0.3784224094127743, 0.59080077385855], [0.3192865882472591, 0.6410717740376017], [0.3194918584382604, 0.6266419679498676], [0.3829383536148056, 0.5873068238137871], [0.09458799226091971, 0.7387931611459286], [0.39288495479982183, 0.5866930583706366]]
0.6339, [[0.1358431162044161, 0.6946634257833484], [0.3034231638374123, 0.6383739138764564], [0.04638947409635534, 0.7364807095792312], [0.38902803594784774, 0.6165256692927505], [0.01783062084807035, 0.7599933416293634], [0.16278100392105835, 0.6540763806624894], [0.44934866225089753, 0.5880938877350056], [0.0263271172112984, 0.7488462780662499], [0.14642398810175417, 0.6580261418084166], [0.7821912391176133, 0.5321383364368871]]
0.6201, [[0.09123941872844708, 0.7573523450313342], [0.4060654618009658, 0.6221425256938236], [0.6420117787948342, 0.5693948014324084], [0.16534042318154693, 0.6586200501342907], [0.32304627385086415, 0.6269371169203231], [0.09974754881558641, 0.6605335541629369], [0.28399452032069866, 0.6289426857654437], [0.2454476061305043, 0.6558111706356321], [0.8050351433606615, 0.2987], [0.323744912746553, 0.623727484691138]]
0.7102, [[0.43279740263962496, 0.5971640773500446], [0.7984240964184335, 0.4184722480620203], [0.143230530888099, 0.6635283684870193], [0.11467555554778455, 0.7113722873769036], [0.281369222614733, 0.621918681826322], [0.0, 0.7680977532676804], [0.7233655539055609, 0.5621857652641005], [0.9460518471986907, 0.3688665116279143], [0.2583490128244755, 0.634004445478964], [0.03314447942332702, 0.7502046854073403]]
0.5233, [[0.40646159725728437, 0.585919533393018], [0.4752775284826562, 0.5482388481647273], [0.8080459067770254, 0.0], [0.2523283563672887, 0.6816290334825447], [0.3579854210981589, 0.6163848642793213], [0.567416430653711, 0.2987], [0.055415304897547986, 0.736618806803941], [0.5653741645600919, 0.5425687385854984], [0.3407067127398285, 0.63439797743957], [0.4654425654716933, 0.5725764531781556]]
0.5417, [[0.3905477556075424, 0.6030977450313343], [0.2195624433381322, 0.6565395658012527], [0.5493729044451457, 0.5519394927484347], [0.004824117515223968, 0.7946918488809307], [0.1221482842068171, 0.6949892630259641], [0.4059718297840179, 0.5736388089525531], [0.09735487959782661, 0.7320282023276634], [0.1798883949326421, 0.6706345086839756], [0.679446305747959, 0.2987], [0.6864784384826855, 0.0]]
0.8918, [[0.4209133389500689, 0.5796320479856784], [0.5493729044451457, 0.5519394927484347], [0.9928436123834998, 0.2987], [0.47610581170950406, 0.5613400325872872], [0.3803598719173141, 0.999977435094001], [0.40995839296715064, 0.5817269738585508], [0.8604500336534745, 0.5388870485228298], [0.2193428449263198, 0.648306082900628], [0.02314529372155468, 0.7568983391226517], [0.6904366449321713, 0.2987]]
0.8669, [[1.0, 0.3863342532299798], [0.7354296618606458, 0.5444046193375112], [0.8604500336534745, 0.5388870485228298], [0.4074555371295017, 0.8956039136974039], [0.4709704557030474, 0.5473407649059989], [0.43242647580325383, 0.6428580119964188], [0.7339558615869008, 0.535206261056402], [0.12989828328573585, 0.6822987598925705], [0.3831976422771231, 0.5720610707251591], [0.41653424154203855, 0.5456186112802154]]
0.5273, [[0.6653188774096317, 0.2987], [0.0, 0.8234377339301697], [0.4807766088626416, 0.5543385935541646], [0.017720100470912943, 0.7728941496866616], [0.32304627385086415, 0.6269371169203231], [0.42753960476485164, 0.5884585366159363], [0.38670884291267377, 0.5983708485228316], [0.15006728263997982, 0.6774157142345569], [0.09354483501687204, 0.7315570470904207], [0.31839348285483177, 0.6609920730528205]]
0.6970, [[0.3124010337701586, 0.6446641070725154], [0.4675276784644973, 0.557350557206804], [0.42238624260128965, 0.5940699774395706], [0.32106559656927147, 0.6138088546105663], [0.8604500336534745, 0.5388870485228298], [0.022020700410127884, 0.7502624515666975], [0.14971827092264048, 0.6825415582811107], [0.11593975354614704, 0.7198332245299932], [0.42931141062402167, 0.5787357699194284], [0.0, 0.8637964222023263]]
0.6388, [[0.047801032597594544, 0.7831467403760068], [0.1622982043787389, 0.6958882488809333], [0.20431865358483023, 0.6679131810205903], [0.3782495503045624, 0.5690608408236346], [0.08372984994369546, 0.7196906143240822], [0.7821912391176133, 0.5321383364368871], [0.3552989024580351, 0.58008515129812], [0.07142912586146856, 0.728722894897047], [0.3361835660749551, 0.6253566709042095], [0.0, 0.8273658327663388]]
0.6528, [[0.43242647580325383, 0.6428580119964188], [0.8313319511021984, 0.32969657881137204], [0.6175466942506671, 0.5515017335720683], [0.7354296618606458, 0.5444046193375112], [0.26647452945715616, 0.647995589794091], [0.47287190589337624, 0.5462359871083261], [0.627484318953633, 0.329783204134368], [0.03750518693608371, 0.7377145586392118], [0.14642398810175417, 0.6580261418084166], [0.10079846187557484, 0.7244283419874655]]
0.6806, [[0.7354296618606458, 0.5444046193375112], [0.0, 0.7603209840644576], [0.18030527003946412, 0.6463501568487031], [0.153784257429644, 0.6642450299015217], [0.07895420627810197, 0.7243245434198762], [0.30846848905834195, 0.6174824213070736], [0.6175466942506671, 0.5515017335720683], [0.8604500336534745, 0.5388870485228298], [0.40458175445548195, 0.5728770177260529], [0.2899041410826869, 0.6291475751119063]]
0.6153, [[0.34145937010683375, 0.6214023967770814], [0.04555960179068186, 0.7571149622202327], [0.03961476887200147, 0.7803216141450322], [0.7354296618606458, 0.5444046193375112], [0.010408304992653576, 0.8258936982990159], [0.4455133507874499, 0.5737534386750233], [0.12444400572531583, 0.6761403457475386], [0.26976965620744214, 0.6286312900626689], [0.2535818973013835, 0.667196519606088], [0.08569788823869236, 0.7146225364368854]]
0.6023, [[0.04206560670931783, 0.7514376318710834], [0.10803851605638118, 0.6661016703670549], [0.7227970880856884, 0.5351981376902439], [0.2704178778632361, 0.6549834898836168], [0.4235746489702452, 0.5876128039391231], [0.47610581170950406, 0.5613400325872872], [0.0, 0.8193209924798575], [0.33041079210696783, 0.6453897944494198], [0.5493729044451457, 0.5519394927484347], [0.3163839957218706, 0.6458004757385861]]
0.6395, [[0.42579660875705005, 0.5736171466427951], [0.7821912391176133, 0.5321383364368871], [0.31138188527799376, 0.6406051317815602], [0.17048834601230237, 0.6912543197851395], [0.07310438210469747, 0.7294648290062676], [0.047801032597594544, 0.7831467403760068], [0.17869206032376228, 0.6538714913160266], [0.7354296618606458, 0.5444046193375112], [0.3143925147460146, 0.5781337382273962], [0.10920382740149755, 0.7003299249776205]]
0.7232, [[0.30038732574944377, 0.6624605971351831], [0.0, 0.7758492497761882], [0.7233655539055609, 0.5621857652641005], [0.43242647580325383, 0.6428580119964188], [0.1099929816734816, 0.6782921351835272], [0.026918498176790075, 0.7492046087735011], [0.04935025683178425, 0.7274655783348266], [0.9928436123834998, 0.2987], [0.6399063498323413, 0.5635947179946308], [0.8313319511021984, 0.32969657881137204]]
0.7405, [[0.4625039606320941, 0.557502193375114], [0.7354296618606458, 0.5444046193375112], [0.0, 0.8307641076096703], [0.27343210856267797, 0.6446081461056401], [0.09958855458879853, 0.7258535414503152], [1.0, 0.3863342532299798], [0.13047027471137534, 0.6992079978513873], [0.11819669598494152, 0.7111024111011635], [0.38525034418713733, 0.5954590730528213], [0.16907678751106314, 0.6642856467323185]]
0.6155, [[0.06848191580393626, 0.7408402494180837], [0.7354296618606458, 0.5444046193375112], [0.18598446626216947, 0.6853287754700111], [0.08235319261419025, 0.7389619466427924], [0.7301239808751628, 0.5877445829901534], [0.18530195445937256, 0.6623919998209487], [0.11875899264065493, 0.6791640431512996], [0.09501262318368262, 0.7074748768128917], [0.5137911549790154, 0.5511731885407366], [0.34238488658205085, 0.6062288513876481]]
0.5073, [[0.4882959800698517, 0.4972800696508518], [0.3208423202211645, 0.6161213061772606], [0.14598384554710947, 0.6852159509400195], [0.0746051324892567, 0.7317438845120855], [0.45150940110354404, 0.574508009131603], [0.6583920161230297, 0.2987], [0.35814027404926535, 0.6012763058191591], [0.4602279823739729, 0.5258670977618637], [0.19772155129663593, 0.6437028420769944], [0.16122790177889829, 0.6594233607878253]]
0.8156, [[0.4074555371295017, 0.8956039136974039], [0.5402353427479262, 0.5534215557743974], [1.0, 0.3863342532299798], [0.3339796124452557, 0.637386473589973], [0.39597121012768544, 0.5530857899731421], [0.3607439643667043, 0.6142267566696531], [0.02844445496315707, 0.7658900028648163], [0.45003649745232327, 0.41226070284238714], [0.09625161478023718, 0.7130962461951658], [0.394836822230046, 0.5658412800358099]]
0.6139, [[0.3899895647372754, 0.630776761324978], [0.0, 0.8637964222023263], [0.11850305071460612, 0.6886530374216662], [0.4451316202568157, 0.5836305493285604], [0.1693094619892894, 0.6436234136078792], [0.7233655539055609, 0.5621857652641005], [0.103247360758906, 0.7037634010743069], [0.15300479792758603, 0.6658290863025985], [0.4017223767071463, 0.6279823233661602], [0.42238624260128965, 0.5940699774395706]]
0.7095, [[0.0, 0.8625824302596253], [0.4017223767071463, 0.6279823233661602], [0.7821912391176133, 0.5321383364368871], [0.06848191580393626, 0.7408402494180837], [0.4284579187772264, 0.5698858137869307], [0.13905014609596772, 0.6776828827215777], [0.9409322775961179, 0.2987], [0.7354296618606458, 0.5444046193375112], [0.11119707209830233, 0.6841535951656221], [0.10200643020836608, 0.7040007838854083]]
0.8165, [[0.5402353427479262, 0.5534215557743974], [0.4074555371295017, 0.8956039136974039], [0.7227970880856884, 0.5351981376902439], [0.9928436123834998, 0.2987], [0.9928436123834998, 0.2987], [0.4294734660379702, 0.5954717094001805], [0.17324747753326836, 0.6665818515666966], [0.00454684709533765, 0.7691853817367962], [0.7023323185702564, 0.5205417799462858], [0.8050351433606615, 0.2987]]
0.6039, [[0.5002532467501869, 0.5334859126231002], [0.6486859886059376, 0.4966825509400207], [0.17179520099833973, 0.6342246789615053], [0.29653760936031176, 0.6034344134288273], [0.06020064333306759, 0.7287292130707266], [0.10821689982302138, 0.6733693752909575], [0.40593941870122807, 0.5825510442256059], [0.8335426515128159, 0.2987], [0.1347728136045755, 0.6455549695613265], [0.4933684940428341, 0.5626614334825443]]
0.6514, [[0.47610581170950406, 0.5613400325872872], [0.42753960476485164, 0.5884585366159363], [0.38670884291267377, 0.5983708485228316], [0.4869779293697374, 0.4974975953446737], [0.07432980102335557, 0.6833087650850497], [0.3818291743371136, 0.6331162907788722], [0.10435256453048063, 0.6606075670546101], [0.26311458054129067, 0.6534075568487012], [0.9460518471986907, 0.3688665116279143], [0.7297660579515396, 0.2987]]
0.7755, [[0.7984240964184335, 0.4184722480620203], [0.9679889277000386, 0.2987], [0.4074555371295017, 0.8956039136974039], [0.12196796148619173, 0.7174241951656235], [0.408107360016717, 0.0], [0.36039464491885986, 0.49130885788114226], [0.22037678744860287, 0.6397169770814684], [0.3948980431642043, 0.48373678552972144], [0.0, 0.8315430481647276], [0.3478443534164044, 0.6148666974037595]]
0.6317, [[0.30846848905834195, 0.6174824213070736], [0.8313319511021984, 0.32969657881137204], [0.370751786485879, 0.616682721038496], [0.0, 0.782384046553269], [0.15181234122667658, 0.6596787955237247], [0.6420117787948342, 0.5693948014324084], [0.05527376125662711, 0.7391153880035808], [0.07082805012605078, 0.6960814044762778], [0.2133404883367844, 0.6519634028648159], [0.42753960476485164, 0.5884585366159363]]
0.6145, [[0.7301239808751628, 0.5877445829901534], [0.14235606264076545, 0.6496825421665195], [0.31376950171016804, 0.6330170051924806], [0.13426674661443347, 0.666643228111014], [0.05041474256966916, 0.7546707316025081], [0.1119513251985524, 0.6789952576544327], [0.07371709156402652, 0.7215517677708165], [0.3676547274637523, 0.6218789675917661], [0.7233655539055609, 0.5621857652641005], [0.42931141062402167, 0.5787357699194284]]
0.6626, [[0.21268169310134719, 0.6184870109221141], [0.47496062011760126, 0.5726865699194279], [0.06599811574887124, 0.6912416834377804], [0.6888786274999262, 0.41202120930232455], [0.536298190588065, 0.5216817589973167], [0.016459780380520844, 0.7807954771709944], [0.3607439643667043, 0.6142267566696531], [0.1662323420147475, 0.6710939301701], [0.9679889277000386, 0.2987], [0.17563239093508726, 0.5330463482542553]]
0.6625, [[0.12121176943195647, 0.735634074306177], [0.3782495503045624, 0.5690608408236346], [0.7526941793530878, 0.32034613953488694], [0.34145937010683375, 0.6214023967770814], [0.7233655539055609, 0.5621857652641005], [0.18449728855550684, 0.6318021106535388], [0.8807635724820029, 0.2987], [0.3966986588747431, 0.5638402241718903], [0.16157691349623762, 0.6590650300805742], [0.35244672717254144, 0.6081243034914965]]
0.6736, [[0.9764664945688166, 0.2987], [0.06978295392801792, 0.7630955649059987], [0.35137356020906046, 0.6246950678603418], [0.6486859886059376, 0.4966825509400207], [0.7526941793530878, 0.32034613953488694], [0.38098288495316035, 0.5624610571172795], [0.43647065868912405, 0.5604961051029557], [0.7632844870344263, 0.3076631731266145], [0.20003648455449058, 0.6789573486123552], [0.07148341657305472, 0.7027579088630256]]
0.6110, [[0.4611354926920846, 0.5622967846016135], [0.7233655539055609, 0.5621857652641005], [0.0, 0.8386112793196063], [0.3478443534164044, 0.6148666974037595], [0.09354483501687204, 0.7315570470904207], [0.22752288576632718, 0.6585397190689346], [0.2879270650325153, 0.6281222257833486], [0.15106778289635273, 0.6662099819158455], [0.3784224094127743, 0.59080077385855], [0.14310449887905982, 0.6851320094897064]]
0.4562, [[0.0, 0.8315430481647276], [0.13658185767278436, 0.7181083631154871], [0.2887913605735739, 0.6199167233661617], [0.4670775245368626, 0.5688920553267709], [0.018518949512822954, 0.750738119785138], [0.265448178502149, 0.6807778852282895], [0.09735487959782661, 0.7320282023276634], [0.09958855458879853, 0.7258535414503152], [0.49273686535408623, 0.2987], [0.42753960476485164, 0.5884585366159363]]
0.5021, [[0.3091347168712413, 0.6300582947179971], [0.1662323420147475, 0.6710939301701], [0.4809134556566426, 0.5556762411817378], [0.3607439643667043, 0.6142267566696531], [0.01594207966646753, 0.7782239804834373], [0.11302744466034871, 0.7230708372426159], [0.32756942051573756, 0.6191143153088646], [0.4564142782990517, 0.5767410322291853], [0.5716693971579461, 0.3612231007752006], [0.6103671814885665, 0.2987]]
0.6919, [[0.02493300929592619, 0.8060799056401091], [0.9679889277000386, 0.2987], [0.11078989176140643, 0.7162715797672334], [0.7526941793530878, 0.32034613953488694], [0.7023323185702564, 0.5205417799462858], [0.4017223767071463, 0.6279823233661602], [0.2879270650325153, 0.6281222257833486], [0.45828691863801196, 0.5598056189794093], [0.07282517273082595, 0.7344940952551493], [0.4267869473978464, 0.5671148433303497]]
0.7475, [[0.4284579187772264, 0.5698858137869307], [0.12989828328573585, 0.6822987598925705], [0.8604500336534745, 0.5388870485228298], [1.0, 0.3863342532299798], [0.27017659535802374, 0.6674329998209486], [0.05953170420816716, 0.7149402503133397], [0.7354296618606458, 0.5444046193375112], [0.3616154623706052, 0.5857751179946286], [0.2798062881779853, 0.6329484078782461], [0.6175466942506671, 0.5515017335720683]]
0.5550, [[0.6399063498323413, 0.5635947179946308], [0.0, 0.8020434952551465], [0.03961476887200147, 0.7803216141450322], [0.31806577079551374, 0.6328662716204115], [0.39728565959637885, 0.6133873421665194], [0.05527376125662711, 0.7391153880035808], [0.10042424375642775, 0.7106511129812003], [0.13930802697600186, 0.6865554037600713], [0.28419979051169997, 0.636987526051925], [0.15561269103770506, 0.6687291280214873]]
0.7386, [[0.44568260866424037, 0.5667167983885425], [0.14337207452902004, 0.6835497582811114], [0.33428571711604727, 0.620487164189796], [1.0, 0.3863342532299798], [0.1045096198032833, 0.7161235539838869], [0.7354296618606458, 0.5444046193375112], [0.36329723744424836, 0.6014721692032229], [0.7233655539055609, 0.5621857652641005], [0.4211258116039125, 0.5863428510295435], [0.26461629404388015, 0.6778390318710856]]
0.6291, [[0.1614470035792279, 0.6415230721575649], [0.03024574321542519, 0.7619772481647259], [0.4357432099420663, 0.5727181607878258], [0.0, 0.8315430481647276], [0.09354483501687204, 0.7315570470904207], [0.3597752331144344, 0.5900489111906896], [0.44143315558736884, 0.4296622015504], [0.9679889277000386, 0.2987], [0.05538040372581413, 0.7413998590868405], [0.28419979051169997, 0.636987526051925]]
0.9059, [[0.38525034418713733, 0.5954590730528213], [0.8604500336534745, 0.5388870485228298], [0.3803598719173141, 0.999977435094001], [0.4523808991074447, 0.5782294134288276], [1.0, 0.3863342532299798], [0.7796015614937464, 0.40214592248062336], [0.4869779293697374, 0.4974975953446737], [0.01177914546020308, 0.7381974476275759], [0.13047027471137534, 0.6992079978513873], [0.3192865882472591, 0.6410717740376017]]
0.6175, [[0.45150940110354404, 0.574508009131603], [0.2899041410826869, 0.6291475751119063], [0.34102722233630445, 0.6189094259624018], [0.4209133389500689, 0.5796320479856784], [0.2523283563672887, 0.6816290334825447], [0.41777666638231037, 0.5853328458370644], [0.8145937908503796, 0.2987], [0.27214286771393237, 0.6486815629364362], [0.4933684940428341, 0.5626614334825443], [0.7023323185702564, 0.5205417799462858]]
0.6519, [[0.08176181164869857, 0.7209100218442251], [0.42238624260128965, 0.5940699774395706], [0.4026442919509421, 0.6953647430617722], [0.6420117787948342, 0.5693948014324084], [0.8313319511021984, 0.32969657881137204], [0.09536745176297753, 0.7137136220232765], [0.054635845395490164, 0.7543846085944486], [0.31806577079551374, 0.6328662716204115], [0.4807766088626416, 0.5543385935541646], [0.702353372859881, 0.2987]]
0.6466, [[0.40995839296715064, 0.5817269738585508], [0.01244226772314793, 0.7837316227394822], [0.3401701292580881, 0.6024578042972246], [0.7233655539055609, 0.5621857652641005], [0.26663298363968363, 0.6524932268576566], [0.8335426515128159, 0.2987], [0.051872835966553635, 0.7439921154879148], [0.06743100274394782, 0.6613161051029544], [0.331768456352714, 0.619015029722473], [0.39281653140282125, 0.5899875346463754]]
0.7367, [[1.0, 0.3863342532299798], [0.1056342131147101, 0.7183845575649069], [0.7984240964184335, 0.4184722480620203], [0.7821912391176133, 0.5321383364368871], [0.18030527003946412, 0.6463501568487031], [0.43279740263962496, 0.5971640773500446], [0.45063430186822206, 0.54696438227395], [0.1781006793582706, 0.6676252528200554], [0.7354296618606458, 0.5444046193375112], [0.38902803594784774, 0.6165256692927505]]
0.5321, [[0.6904366449321713, 0.2987], [0.42286880761171386, 0.6107959883616828], [0.8028665515292932, 0.0], [0.10430409068085014, 0.7014094300805749], [0.44568260866424037, 0.5667167983885425], [0.2776959665652339, 0.6512792349149524], [0.01800318775275483, 0.7746695564906012], [0.4737434038972772, 0.3225015813953592], [0.3175327885451942, 0.6316992146821869], [0.07208837021644288, 0.7156162948970453]]
0.6946, [[0.4564142782990517, 0.5767410322291853], [0.10885287673017299, 0.7310290282900617], [0.2776959665652339, 0.6512792349149524], [1.0, 0.3863342532299798], [0.3304792155039681, 0.6130976087735027], [0.1423134056530907, 0.6882883885407355], [0.47807208406541235, 0.5353226959713538], [0.17961888032869686, 0.6704187881826321], [0.3952941786205228, 0.5926465831692058], [0.3175327885451942, 0.6316992146821869]]
0.8328, [[0.4523808991074447, 0.5782294134288276], [0.5493729044451457, 0.5519394927484347], [0.7821912391176133, 0.5321383364368871], [0.9928436123834998, 0.2987], [0.7984240964184335, 0.4184722480620203], [0.4074555371295017, 0.8956039136974039], [0.4451316202568157, 0.5836305493285604], [0.7227970880856884, 0.5351981376902439], [0.26461629404388015, 0.6778390318710856], [0.2993069563231205, 0.5877310440465534]]
0.4489, [[0.14337207452902004, 0.6835497582811114], [0.33271918144787854, 0.5785976726947185], [0.2121601468732933, 0.6085422055505832], [0.4933684940428341, 0.5626614334825443], [0.08013502925510013, 0.7228614349149521], [0.19090485059662987, 0.6326595770814704], [0.01594207966646753, 0.7782239804834373], [0.18613376571903137, 0.6721607989256952], [0.06848191580393626, 0.7408402494180837], [0.5328873956688271, 0.0]]
0.7088, [[0.6420117787948342, 0.5693948014324084], [0.07256147498883625, 0.6738251863921219], [0.07111113740789267, 0.7240239788719789], [0.9764664945688166, 0.2987], [0.3478443534164044, 0.6148666974037595], [0.42238624260128965, 0.5940699774395706], [0.07208837021644288, 0.7156162948970453], [0.27017659535802374, 0.6674329998209486], [0.01800318775275483, 0.7746695564906012], [0.9460518471986907, 0.3688665116279143]]
0.4354, [[0.3674962732812248, 0.5773376483437788], [0.0, 0.8192126809310669], [0.3195566806038399, 0.5985883742166535], [0.2781821328070794, 0.686729604834377], [0.4700989576991465, 0.2987], [0.43647065868912405, 0.5604961051029557], [0.06020064333306759, 0.7287292130707266], [0.11078989176140643, 0.7162715797672334], [0.43454039864742655, 0.5650090863025966], [0.1823450496319142, 0.500240585317817]]
0.7867, [[0.4074555371295017, 0.8956039136974039], [0.8313319511021984, 0.32969657881137204], [0.7984240964184335, 0.4184722480620203], [0.4806865780771146, 0.5605601894359891], [0.4284579187772264, 0.5698858137869307], [0.7821912391176133, 0.5321383364368871], [0.8807635724820029, 0.2987], [0.3175327885451942, 0.6316992146821869], [0.48285812062402456, 0.33792598449613215], [0.564468830106221, 0.2987]]
0.7059, [[0.9928436123834998, 0.2987], [0.027096881943430132, 0.7525902472694734], [0.41217315029111334, 0.5876498103849597], [0.1998077362088528, 0.6640906859444956], [0.7339558615869008, 0.535206261056402], [0.4017223767071463, 0.6279823233661602], [0.45828691863801196, 0.5598056189794093], [0.26929789489128103, 0.6435710630259641], [0.5493729044451457, 0.5519394927484347], [0.4756988725589222, 0.5390513210384988]]
0.6931, [[0.7104592743654786, 0.4996304302596267], [0.536298190588065, 0.5216817589973167], [0.47610581170950406, 0.5613400325872872], [0.4074555371295017, 0.8956039136974039], [0.4654425654716933, 0.5725764531781556], [0.08375117843753285, 0.7089370827215749], [0.3091347168712413, 0.6300582947179971], [0.3641435268282016, 0.6022574279319629], [0.32864258747921854, 0.6124955770814706], [0.4341190545711603, 0.2987]]
0.8193, [[0.5653741645600919, 0.5425687385854984], [0.4074555371295017, 0.8956039136974039], [0.8313319511021984, 0.32969657881137204], [0.7227970880856884, 0.5351981376902439], [0.7227970880856884, 0.5351981376902439], [0.9928436123834998, 0.2987], [0.4670775245368626, 0.5688920553267709], [0.7632844870344263, 0.3076631731266145], [0.35206139541048626, 0.712492409310655], [0.3523855062383832, 0.5897618855863923]]
0.6127, [[0.15006728263997982, 0.6774157142345569], [0.24306862333587131, 0.6553499439570292], [0.0, 0.8433462991942702], [0.7233655539055609, 0.5621857652641005], [0.4564142782990517, 0.5767410322291853], [0.0506454780939102, 0.7483002073410931], [0.35137356020906046, 0.6246950678603418], [0.3784224094127743, 0.59080077385855], [0.07729446166675485, 0.7161109176365278], [0.3337743422542541, 0.6261852542524626]]
0.5168, [[0.0, 0.8192126809310669], [0.44521084734807925, 0.4478586149870796], [0.3407067127398285, 0.63439797743957], [0.4386710110874024, 0.5745991713518365], [0.6770671710203413, 0.2987], [0.08375117843753285, 0.7089370827215749], [0.09668400151894099, 0.6983162327663386], [0.15952743913386147, 0.6936651543419876], [0.3676547274637523, 0.6218789675917661], [0.19579091525945314, 0.6483746802148626]]
0.6096, [[0.3676547274637523, 0.6218789675917661], [0.1259408782019047, 0.6870211434198753], [0.8050351433606615, 0.2987], [0.18708932819139187, 0.6375435253357216], [0.07253820754101355, 0.732185254073412], [0.4235746489702452, 0.5876128039391231], [0.6399063498323413, 0.5635947179946308], [0.38525034418713733, 0.5954590730528213], [0.13421439485683245, 0.649982204118176], [0.4523808991074447, 0.5782294134288276]]
0.7382, [[0.7354296618606458, 0.5444046193375112], [0.0, 0.7667980146821847], [0.05532611301422796, 0.7334931160250691], [0.11875899264065493, 0.6791640431512996], [1.0, 0.3863342532299798], [0.4865241742106816, 0.5699544111011652], [0.38525034418713733, 0.5954590730528213], [0.10987470548038329, 0.7083007523724253], [0.20431865358483023, 0.6679131810205903], [0.37086342465993233, 0.6313670592658918]]
0.5238, [[0.4386710110874024, 0.5745991713518365], [0.6653188774096317, 0.2987], [0.016093318077314497, 0.7850782963294543], [0.24376401830661004, 0.6348203924798579], [0.08960681947289305, 0.6981420316920328], [0.3579854210981589, 0.6163848642793213], [0.7999400052714276, 0.0], [0.46971002470567025, 0.5067383756490613], [0.0822426722370327, 0.7228614349149521], [0.35137356020906046, 0.6246950678603418]]
0.7238, [[0.25404854392648507, 0.6570702923903311], [1.0, 0.3863342532299798], [0.06434224904549452, 0.7217097221128028], [0.0, 0.8273658327663388], [0.4455133507874499, 0.5737534386750233], [0.7104592743654786, 0.4996304302596267], [0.32864258747921854, 0.6124955770814706], [0.03481197985061502, 0.7445869264100266], [0.4709704557030474, 0.5473407649059989], [0.40646159725728437, 0.585919533393018]]
0.5028, [[0.4564142782990517, 0.5767410322291853], [0.45828691863801196, 0.5598056189794093], [0.28936755760094635, 0.6299680350940012], [0.32304627385086415, 0.6269371169203231], [0.12294131638677142, 0.7176588701880057], [0.6754880992984715, 0.0], [0.3433356116772151, 0.5840114449418106], [0.15239984428419787, 0.6860634888093113], [0.5002532467501869, 0.5334859126231002], [0.6245998812750184, 0.2987]]
0.5975, [[0.041656487418436736, 0.7418962870188015], [0.15754776711495327, 0.6410510143240845], [0.5402353427479262, 0.5534215557743974], [0.7023323185702564, 0.5205417799462858], [0.45828691863801196, 0.5598056189794093], [0.09579596059371083, 0.6913481897940923], [0.37786421854250724, 0.5814832728737697], [0.17347045724156848, 0.5901102877350068], [0.7818543704836147, 0.2987], [0.3433356116772151, 0.5840114449418106]]
0.6061, [[0.3022887759397728, 0.6240885231871085], [0.40840626222466625, 0.5991200034019695], [0.26663298363968363, 0.6524932268576566], [0.04555960179068186, 0.7571149622202327], [0.04638947409635534, 0.7364807095792312], [0.7354296618606458, 0.5444046193375112], [0.08006716586561748, 0.6843178676812911], [0.4933684940428341, 0.5626614334825443], [0.3676547274637523, 0.6218789675917661], [0.3746339139578007, 0.613433374574755]]
0.6144, [[0.05431204007995857, 0.7301246268576537], [0.12741836113864122, 0.6599053471799488], [0.35273482568622766, 0.6131183684870201], [0.7301239808751628, 0.5877445829901534], [0.44934866225089753, 0.5880938877350056], [0.7659794361064178, 0.0], [0.3715692660184635, 0.5914000977618628], [0.2735401455053103, 0.6439862572963314], [0.11374291868089444, 0.6945406726947203], [0.06536989465766038, 0.7157715414503154]]
0.7155, [[0.18598446626216947, 0.6853287754700111], [0.3175327885451942, 0.6316992146821869], [0.9460518471986907, 0.3688665116279143], [0.14948753539839957, 0.7144104263205023], [0.6399063498323413, 0.5635947179946308], [0.9928436123834998, 0.2987], [0.7984240964184335, 0.4184722480620203], [0.3478443534164044, 0.6148666974037595], [0.2714514312810853, 0.6518704354521039], [0.1622982043787389, 0.6958882488809333]]
0.7033, [[0.2523283563672887, 0.6816290334825447], [0.8604500336534745, 0.5388870485228298], [0.3818291743371136, 0.6331162907788722], [0.2768136648670699, 0.6340261077887221], [0.0, 0.8042828365264115], [0.12044394365380993, 0.728922368666071], [0.7233655539055609, 0.5621857652641005], [0.42238624260128965, 0.5940699774395706], [0.4809134556566426, 0.5556762411817378], [0.6175466942506671, 0.5515017335720683]]
0.5820, [[0.0, 0.8165599505819161], [0.8145937908503796, 0.2987], [0.4969477232790721, 0.5190813792300812], [0.3263341981383079, 0.6132979851387644], [0.01771428360895723, 0.7821665208594439], [0.4523808991074447, 0.5782294134288276], [0.11664165488879626, 0.6805522361683095], [0.20431865358483023, 0.6679131810205903], [0.48378003586782037, 0.5468587785138788], [0.06837915124271962, 0.729712140376009]]
0.5056, [[0.45150940110354404, 0.574508009131603], [0.1387709367220962, 0.7011503849597154], [0.40995839296715064, 0.5817269738585508], [0.05400180744232359, 0.7484166422560449], [0.4060654618009658, 0.6221425256938236], [0.6247683155920168, 0.2987], [0.1958366649285807, 0.6685513165622214], [0.3124010337701586, 0.6446641070725154], [0.48575351068657097, 0.537862601790513], [0.2704178778632361, 0.6549834898836168]]
0.7962, [[0.4696632086971962, 0.557103245837066], [0.4851881173534617, 0.5405514359892595], [0.8604500336534745, 0.5388870485228298], [0.4074555371295017, 0.8956039136974039], [0.4209133389500689, 0.5796320479856784], [0.41217315029111334, 0.5876498103849597], [0.43647065868912405, 0.5604961051029557], [0.35021396369147334, 0.5947234571172803], [0.14235606264076545, 0.6496825421665195], [0.40593941870122807, 0.5825510442256059]]
0.6187, [[0.09745958311302845, 0.6966500401074303], [0.3361835660749551, 0.6253566709042095], [0.370751786485879, 0.616682721038496], [0.03738497178900007, 0.7690039598925701], [0.08372984994369546, 0.7196906143240822], [0.09347697162738938, 0.6990004007162053], [0.7301239808751628, 0.5877445829901534], [0.2664781306885772, 0.6265444875559546], [0.39728565959637885, 0.6133873421665194], [0.20431865358483023, 0.6679131810205903]]
0.6384, [[0.18612600990309047, 0.6601192624888104], [0.7821912391176133, 0.5321383364368871], [0.14923547138032114, 0.7039366995523717], [0.3175327885451942, 0.6316992146821869], [0.022871901209638744, 0.7815879566696516], [0.4072142546242896, 0.5747508075201433], [0.16907678751106314, 0.6642856467323185], [0.09550705644991336, 0.7081274538943605], [0.4017223767071463, 0.6279823233661602], [0.08235319261419025, 0.7389619466427924]]
0.5189, [[0.2732844580744138, 0.6340261077887221], [0.05573911021307958, 0.7539468494180854], [0.4523808991074447, 0.5782294134288276], [0.6653188774096317, 0.2987], [0.38525034418713733, 0.5954590730528213], [0.1386681721608797, 0.6555692748433328], [0.4869779293697374, 0.4974975953446737], [0.4851881173534617, 0.5405514359892595], [0.627484318953633, 0.329783204134368], [0.11819669598494152, 0.7111024111011635]]
0.5640, [[0.04796196577836761, 0.7282282721575645], [0.5229497709658596, 0.3565096640826823], [0.2811747561179948, 0.6439266859444959], [0.27380303539904904, 0.6684700829006278], [0.4525573594470776, 0.48054693540052], [0.03481197985061502, 0.7445869264100266], [0.36393825663720025, 0.5349544367054629], [0.36329723744424836, 0.6014721692032229], [0.0, 0.8419526905998216], [0.7961081245596912, 0.2987]]
0.6836, [[0.33041079210696783, 0.6453897944494198], [0.8604500336534745, 0.5388870485228298], [0.12057967043277523, 0.678469946642793], [0.18030527003946412, 0.6463501568487031], [0.06536989465766038, 0.7157715414503154], [0.42753960476485164, 0.5884585366159363], [0.6175466942506671, 0.5515017335720683], [0.0706806896231742, 0.70547833393017], [0.16937538642478683, 0.666895052461953], [0.05431204007995857, 0.7301246268576537]]
0.6089, [[0.35137356020906046, 0.6246950678603418], [0.23695646754042937, 0.656649682542525], [0.7796015614937464, 0.40214592248062336], [0.45150940110354404, 0.574508009131603], [0.12116135662834082, 0.6789329785138778], [0.05219082442012952, 0.7427203573858567], [0.016459780380520844, 0.7807954771709944], [0.5746801605743116, 0.557249466427934], [0.24376401830661004, 0.6348203924798579], [0.06511589168559677, 0.7187248363473602]]
0.6121, [[0.7301239808751628, 0.5877445829901534], [0.42238624260128965, 0.5940699774395706], [0.4060654618009658, 0.6221425256938236], [0.3676547274637523, 0.6218789675917661], [0.34145937010683375, 0.6214023967770814], [0.3211772347433248, 0.33997441860464694], [0.2816249100456295, 0.6380444662488806], [0.27973066231814275, 0.6074997068934653], [0.12196796148619173, 0.7174241951656235], [0.26984888329870577, 0.2987]]
0.7641, [[0.04288966215303574, 0.768716031692032], [0.44934866225089753, 0.5880938877350056], [0.4026442919509421, 0.6953647430617722], [0.10246596230286284, 0.7025755844225618], [0.6420117787948342, 0.5693948014324084], [0.9928436123834998, 0.2987], [0.8604500336534745, 0.5388870485228298], [0.7821912391176133, 0.5321383364368871], [0.7119120203495991, 0.5368065641897951], [0.38902803594784774, 0.6165256692927505]]
0.7040, [[0.8604500336534745, 0.5388870485228298], [0.22939862220055704, 0.6538227511190685], [0.43242647580325383, 0.6428580119964188], [0.14502600227841142, 0.6570675846016116], [0.09550705644991336, 0.7081274538943605], [0.7301239808751628, 0.5877445829901534], [0.0506454780939102, 0.7483002073410931], [0.4654425654716933, 0.5725764531781556], [0.6175466942506671, 0.5515017335720683], [0.39281653140282125, 0.5899875346463754]]
0.5527, [[0.2048127500114073, 0.6587816148612371], [0.35814027404926535, 0.6012763058191591], [0.1958366649285807, 0.6685513165622214], [0.42753960476485164, 0.5884585366159363], [0.0, 0.818395831333929], [0.07814760142025105, 0.7471990399283804], [0.1165330734656239, 0.6993858093106532], [0.42931141062402167, 0.5787357699194284], [0.6399063498323413, 0.5635947179946308], [0.1676303278380901, 0.537725407162044]]
0.5821, [[0.43671554242575716, 0.4900808165374778], [0.8494175858900113, 0.0], [0.14140597518800832, 0.651958889883618], [0.8050351433606615, 0.2987], [0.7984240964184335, 0.4184722480620203], [0.17801730433690616, 0.6240000687555975], [0.1045096198032833, 0.7161235539838869], [0.284761582613388, 0.6182424073410921], [0.27876913352871513, 0.5147173264100275], [0.6101776928819418, 0.0]]
0.7238, [[0.4211258116039125, 0.5863428510295435], [0.7354296618606458, 0.5444046193375112], [0.46983966903682906, 0.5486296723366173], [0.3126171076554232, 0.6262042087735014], [0.143230530888099, 0.6635283684870193], [0.2205963858604146, 0.6381121609668774], [1.0, 0.3863342532299798], [0.024554913268808556, 0.7077871751119073], [0.11840804196933037, 0.6918933579230083], [0.42579660875705005, 0.5736171466427951]]
0.5237, [[0.07299967858949563, 0.6962547029543426], [0.4386710110874024, 0.5745991713518365], [0.48369720754513573, 0.5597830540734136], [0.04708555857704885, 0.7473624098478087], [0.0, 0.822926864458371], [0.37681265896755267, 0.5901445863921241], [0.265448178502149, 0.6807778852282895], [0.27826496112976423, 0.6278938689346462], [0.6577814417239064, 0.2987], [0.370751786485879, 0.616682721038496]]
0.6477, [[0.07053332912029761, 0.7059720540734117], [0.019971226047751724, 0.7738888107430623], [0.034406738467704305, 0.7146875233661598], [0.13162589128656563, 0.660133704028648], [0.2816249100456295, 0.6380444662488806], [0.8359638948196828, 0.0], [0.7301239808751628, 0.5877445829901534], [0.8145937908503796, 0.2987], [0.35736240806231234, 0.5947947622202342], [0.14613314500397137, 0.6404200995523738]]
0.6347, [[0.7984240964184335, 0.4184722480620203], [0.33159199601308115, 0.6088608220232784], [0.7233655539055609, 0.5621857652641005], [0.15866460461043919, 0.6260805530886323], [0.13001655947883417, 0.6555638592658908], [0.4564142782990517, 0.5767410322291853], [0.222106124941624, 0.6142592501342886], [0.43279740263962496, 0.5971640773500446], [0.10714465826919543, 0.6764788193375133], [0.04206560670931783, 0.7514376318710834]]
0.5816, [[0.03513772412013181, 0.7279665192479855], [0.4017223767071463, 0.6279823233661602], [0.0, 0.7895425373321403], [0.12308479898167762, 0.6570287729632965], [0.4807766088626416, 0.5543385935541646], [0.7023323185702564, 0.5205417799462858], [0.1439847839883491, 0.6552019181736795], [0.14848703514202666, 0.6397512757385856], [0.4451316202568157, 0.5836305493285604], [0.10430409068085014, 0.7014094300805749]]
