mean:0.173793,,,,,,,,,,,,,,,,,,,,
mean:0.171921,,,,,,,,,,,,,,,,,,,,
0.229, [[0.4552174828876294, 0.0], [0.37949111031727123, 0.3617172627906978], [0.4154743361130236, 0.0], [0.0, 0.3532157058139531], [0.15374148980600505, 0.35011359651162755], [0.3725101121050696, 0.3086443825376877], [0.0, 0.34905135116279074], [0.23774079450613073, 0.2439866739949759], [0.3265272928951207, 0.0], [0.280396987807449, 0.0]]
0.1647, [[0.0, 0.5387684658273387], [0.17120827633350294, 0.08169116771356265], [0.157592205241407, 0.3658345662790699], [0.31526920422896354, 0.006206139447234188], [0.41179913455506123, 0.0], [0.0, 0.4515639244604318], [0.07373157422038126, 0.3001998925879384], [0.37193655591392627, 0.0], [0.0, 0.40131422096317276], [0.054328823858267185, 0.2057233875628138]]
0.3082, [[0.0, 0.3806158197674412], [0.46800020947426435, 0.36154506860465074], [0.6407211685067844, 0.0], [0.6208640714968541, 0.1758528373115573], [0.0, 0.3764181372093026], [0.41767409179005177, 0.35444361046511635], [0.4966730749432265, 0.0], [0.0, 0.3676695616279071], [0.15400951442720295, 0.3530712848837207], [0.4815743115788548, 0.0]]
0.0863, [[0.0, 0.543900237410071], [0.07382140176835435, 0.1969619057788895], [0.0, 0.4377250395683449], [0.0, 0.4372767877697843], [0.0, 0.4137613561151073], [0.0, 0.40922191726619017], [0.0, 0.40431794334277626], [0.0, 0.4018954957507083], [0.0, 0.40138642776203953], [0.0, 0.4004499518413595]]
0.0531, [[0.0, 0.4309283327338152], [0.0, 0.40738444064747953], [0.0, 0.4046954702549576], [0.0, 0.4012160679886684], [0.0, 0.3970216453488376], [0.0, 0.3957649872093018], [0.0, 0.39272103837209305], [0.0, 0.39155848255813896], [0.0, 0.3886432709302326], [0.0, 0.38326016046511635]]
0.0683, [[0.0161072021958632, 0.0], [0.0, 0.5670723651079145], [0.0, 0.42977034892086324], [0.0, 0.42513841366906185], [0.0, 0.42241154856115093], [0.0, 0.39567807325581345], [0.0, 0.39447042674418625], [0.0, 0.3933046034883718], [0.0, 0.39065928255813986], [0.0, 0.3882426825581399]]
0.134, [[0.0, 0.5559336636690664], [0.6838009721893408, 0.0], [0.0, 0.5387684658273387], [0.4552174828876294, 0.0], [0.0, 0.5342628237410083], [0.45271593146222794, 0.0], [0.0, 0.41409576618705224], [0.4102968623853831, 0.0], [0.0, 0.40414154957507104], [0.35779429897230564, 0.0]]
0.4419, [[0.0, 0.4515194550359699], [0.29367071680248064, 0.356171106976744], [0.045413439721972516, 0.36726472558139484], [0.8900567510184696, 0.2515880087939705], [0.7131939632435875, 0.3531108209302323], [0.0, 0.40537087535410754], [0.22504062170224243, 0.35313794069767424], [0.8796233610641007, 0.09707928831658368], [0.38483337655477756, 0.2711703410803992], [0.6208640714968541, 0.1758528373115573]]
0.1661, [[0.4245818611416961, 0.1616205508793989], [0.0, 0.4235108327338116], [0.4512471921534802, 0.0], [0.0, 0.39537158720930254], [0.42817658383342544, 0.0], [0.0, 0.389872482558139], [0.4194781597081027, 0.0], [0.0, 0.3893706034883722], [0.29186811163031584, 0.0], [0.20567080976134486, 0.0]]
0.2605, [[0.15385055301622658, 0.36992442325581376], [0.0, 0.4034824362606233], [0.31703903476163486, 0.361238909302325], [0.46388908072420787, 0.31425966645728926], [0.4813664078410869, 0.0], [0.0, 0.39592215116279034], [0.28772211973433637, 0.35970517209302366], [0.41716439230391117, 0.0], [0.15183252721140925, 0.26250374120602826], [0.2260238608870596, 0.12112753957286351]]
0.2534, [[0.46273555030820535, 0.0], [0.1574068690671744, 0.3653578465116279], [0.0, 0.4054010453257792], [0.43429297766711467, 0.35767739767441825], [0.446908039949098, 0.0], [0.0, 0.40144998583569425], [0.3196446186014006, 0.22932741896985046], [0.15782601395351584, 0.2236970402010025], [0.31884163993379966, 0.13910119221105222], [0.2883939998439612, 0.15671256846733436]]
0.2205, [[0.46303734605657815, 0.0], [0.1584361976656047, 0.2756427292713548], [0.4196793568736846, 0.24835339824120653], [0.0, 0.5566416169064774], [0.437538958605169, 0.0], [0.31266362038919904, 0.17850953077888998], [0.0, 0.39958930311614693], [0.355057616574565, 0.0], [0.15408222323401732, 0.10822359987436761], [0.0, 0.39705137906976706]]
0.2172, [[0.45325245723711294, 0.18743705590452495], [0.0, 0.5325125071942413], [0.15788375330010368, 0.33747770100502333], [0.4429243360705768, 0.006551164572864593], [0.0, 0.4632718345323772], [0.046715939167576395, 0.3114175219849247], [0.40602477590286157, 0.0], [0.0, 0.4222816978417257], [0.3356386426744261, 0.0], [0.0, 0.41614847482014516]]
0.152, [[0.15332234491966362, 0.35379077558139527], [0.2504901292692604, 0.0], [0.0, 0.6270776276978407], [0.1552448513116072, 0.0], [0.0, 0.59897117266187], [0.15374006414312635, 0.0], [0.0, 0.5350454856115077], [0.051791195628038016, 0.0], [0.0, 0.49873886870503414], [0.0, 0.40566774787535403]]
0.2065, [[0.44244146287318054, 0.13190310552763634], [0.40251529456173973, 0.24635872173366388], [0.40676249884332843, 0.18402993278894578], [0.07373157422038126, 0.3001998925879384], [0.0, 0.40479362322946205], [0.4655053646210493, 0.036620104271354384], [0.27500555961070133, 0.23856977952261535], [0.0, 0.39856975930232585], [0.46273555030820535, 0.0], [0.0, 0.34756760581395363]]
0.1111, [[0.0, 0.360498506976744], [0.3136632468937629, 0.0], [0.0962333749875542, 0.34697913953488374], [0.15714597276037007, 0.004582364949747685], [0.0, 0.34903240000000024], [0.25917540873514533, 0.0], [0.0, 0.34872787441860414], [0.25266964279560433, 0.0], [0.0, 0.3346269309045245], [0.20516280284918958, 0.0]]
0.1695, [[0.0, 0.713439028776977], [0.15585859918089284, 0.17975593404522347], [0.134118143345062, 0.36541535348837195], [0.16471889771370993, 0.07331783919597828], [0.3459626541150064, 0.0], [0.0, 0.5039666942446048], [0.15275778241969357, 0.1276528272613024], [0.11321078155440505, 0.27267120037688464], [0.29054073873081293, 0.0], [0.0, 0.44486860791366867]]
0.0708, [[0.20516280284918958, 0.0], [0.0, 0.40323484135977333], [0.1562563591240536, 0.0], [0.0, 0.3998204050991501], [0.14359494965618635, 0.0], [0.0, 0.39908830232558073], [0.05531692688596775, 0.0], [0.0, 0.3984351406976745], [0.0, 0.3880302988372095], [0.0, 0.3747256023255807]]
0.1611, [[0.4245818611416961, 0.1616205508793989], [0.0, 0.3997449801699713], [0.2138644696348212, 0.0], [0.0, 0.38961435465116273], [0.0, 0.3844687872093028], [0.0, 0.3832863000000003], [0.0, 0.3799829162790697], [0.0, 0.3795686046511629], [0.0, 0.3721492244186046], [0.0, 0.3668611965116282]]
0.0845, [[0.0, 0.4240195629496374], [0.3205295338677363, 0.0], [0.0, 0.4045856515580738], [0.1951993124430419, 0.0], [0.0, 0.3962488953488373], [0.0, 0.39085859651162763], [0.0, 0.38962415697674374], [0.0, 0.38955096627906954], [0.0, 0.3758313046511623], [0.0, 0.3737306662790702]]
0.0725, [[0.0, 0.5546227050359713], [0.0705651531543422, 0.0], [0.0, 0.5250167410071954], [0.0, 0.4050400113314446], [0.0, 0.40106883852691216], [0.0, 0.38023614302325603], [0.0, 0.3555522534883718], [0.0, 0.318609139447236], [0.0, 0.2920874893216104], [0.0, 0.274926802135676]]
0.2976, [[0.31518726763022875, 0.3531702883720936], [0.5046944446393296, 0.35066775465116323], [0.0, 0.5908919676258976], [0.051791195628038016, 0.35811196744185986], [0.4188343287782408, 0.14659255025125467], [0.38483337655477756, 0.2711703410803992], [0.0, 0.3718139848837211], [0.15385981982493818, 0.2606988285175847], [0.22051772145208373, 0.0], [0.0, 0.3689386360465115]]
0.0925, [[0.42415934709397446, 0.0], [0.0, 0.40051773371104826], [0.2611582744245263, 0.0], [0.0, 0.3898064802325582], [0.0710367477811988, 0.0], [0.0, 0.38572903953488413], [0.0, 0.3775029279069766], [0.0, 0.37214824418604664], [0.0, 0.3328780847989918], [0.0, 0.32284001005024876]]
0.0649, [[0.005215612004167404, 0.0], [0.0, 0.543900237410071], [0.0, 0.49907683633093325], [0.0, 0.45256537589928014], [0.0, 0.3989105534883721], [0.0, 0.39619269534883755], [0.0, 0.39198128953488365], [0.0, 0.3856084709302321], [0.0, 0.38318958372092976], [0.0, 0.3828749290697674]]
0.1859, [[0.11318832466741054, 0.2359669962311562], [0.0, 0.3788327767441855], [0.4738148075595803, 0.14697854711054958], [0.40676249884332843, 0.18402993278894578], [0.0, 0.3654362651162796], [0.4465257653344926, 0.11703036620603119], [0.0, 0.35639035232558136], [0.15220747654851063, 0.09647333793969691], [0.4182374438536811, 0.0], [0.017521986076433016, 0.11406530653265784]]
0.421, [[0.15447142919990578, 0.36786070697674456], [0.9347632660379985, 0.048359584170853426], [0.0, 0.5559727967625876], [0.8900567510184696, 0.2515880087939705], [0.31182786708210347, 0.3653464104651161], [0.0, 0.5536586079136703], [0.757002982353064, 0.1722581067839165], [0.18718591308678179, 0.32685739635678185], [0.22118960156170855, 0.3024080533919607], [0.0, 0.40098476487252127]]
0.2541, [[0.1983620651542042, 0.34522909767441895], [0.4977949448307931, 0.26567150314070204], [0.0, 0.46294809712230106], [0.3100252619099387, 0.16551502198492316], [0.4475049248736577, 0.0], [0.4245818611416961, 0.1616205508793989], [0.0, 0.45205664568345433], [0.2106361676446708, 0.045010684045222564], [0.15473161267527077, 0.15612818216079852], [0.0, 0.4032813031161471]]
0.2554, [[0.0, 0.38236618837209235], [0.2685161809909083, 0.36530654767441806], [0.43429297766711467, 0.35767739767441825], [0.4966730749432265, 0.0], [0.33891610662381666, 0.3591885895348836], [0.27595602415602505, 0.36397277790697724], [0.0, 0.37910593488372135], [0.41987384746708045, 0.18790283982411912], [0.35836785516344905, 0.35371333720930276], [0.46135399643787656, 0.0]]
0.0758, [[0.0, 0.6582773758992801], [0.0, 0.6046383561151065], [0.0, 0.5726399370503583], [0.0, 0.44486860791366867], [0.0, 0.4165451420863292], [0.0, 0.4015089178470255], [0.0, 0.4001056118980172], [0.0, 0.39906706395348795], [0.0, 0.3952173639534879], [0.0, 0.3885439406976745]]
0.0718, [[0.0, 0.6178351025179882], [0.0, 0.5771580305755377], [0.0, 0.42934344244604034], [0.0, 0.42934344244604034], [0.0, 0.39172512209302335], [0.0, 0.38955096627906954], [0.0, 0.38880696976744183], [0.0, 0.38473410348837245], [0.0, 0.37389240465116236], [0.0, 0.37242368953488375]]
0.14, [[0.0, 0.5058166223021583], [0.3987953729791819, 0.0], [0.10957276586150773, 0.27358767336683415], [0.15213690623601436, 0.22367978894472634], [0.0, 0.4049000226628898], [0.2571761557260164, 0.0], [0.1485130079076947, 0.022396443467330208], [0.0, 0.39388000000000034], [0.24060857546184744, 0.0], [0.20258999364891728, 0.0]]
0.271, [[0.0, 0.5160072356115086], [0.4786837789666619, 0.0], [0.19528124904177663, 0.37092393372093013], [0.4414153573287128, 0.3620551162790701], [0.0, 0.4979668794964037], [0.4571020296719129, 0.0], [0.14177594180973851, 0.36794631395348854], [0.43200603655166747, 0.09238047738693173], [0.15698487285507556, 0.36195415232558126], [0.35158350478821154, 0.3606752755813958]]
0.0855, [[0.15759933355580055, 0.0], [0.15726430277930317, 0.13171981092964952], [0.0, 0.39041585813953456], [0.0, 0.3703024662790693], [0.0, 0.3697113860465118], [0.0, 0.35471252093023276], [0.0, 0.35272591627906974], [0.0, 0.3515192500000005], [0.0, 0.30174603643216297], [0.0, 0.275731141959796]]
0.1539, [[0.44274996519373927, 0.0], [0.1545134862548278, 0.37029004999999954], [0.0, 0.42356597482014235], [0.1556590063778731, 0.03201186243718097], [0.3389324939435634, 0.0], [0.0, 0.3950046534883724], [0.24586890510061904, 0.0], [0.0, 0.37313174418604655], [0.18036878807204973, 0.0], [0.0, 0.3672830232558137]]
0.0604, [[0.0, 0.0], [0.0, 0.5037034352518002], [0.0, 0.25363875188442403], [0.0, 0.4241262895683447], [0.0, 0.09104350502511964], [0.0, 0.36067331511627865], [0.0, 0.0], [0.0, 0.0], [0.0, 0.0], [0.0, 0.0]]
0.1369, [[0.0, 0.35915950930232576], [0.28850871108219056, 0.18619927826633337], [0.07373157422038126, 0.3001998925879384], [0.0, 0.3527647988372098], [0.280396987807449, 0.0], [0.0, 0.34641125813953505], [0.15327672370754486, 0.0], [0.0, 0.34226061180904166], [0.15228731366971848, 0.0], [0.15193374927579786, 0.0]]
0.2829, [[0.6628220052918479, 0.0], [0.3953868104718153, 0.3575584627906981], [0.4325023228934357, 0.3537558139534883], [0.495887766021929, 0.1961489403266352], [0.0, 0.39684454999999946], [0.5519812604002609, 0.0], [0.35836785516344905, 0.35371333720930276], [0.4242934785376957, 0.1720812814070342], [0.0, 0.3921665534883721], [0.0, 0.3727193930232557]]
0.2272, [[0.0, 0.40035240226628915], [0.47417696245762775, 0.0], [0.3984840139039896, 0.28972191080401927], [0.2310875426888682, 0.3515212104651165], [0.0, 0.3878208558139532], [0.44276337833811125, 0.0], [0.31526920422896354, 0.006206139447234188], [0.15544087995743014, 0.27945741331657986], [0.0, 0.38511312674418596], [0.431650588225806, 0.0]]
0.2402, [[0.29262192833867545, 0.1800384233668308], [0.4738148075595803, 0.14697854711054958], [0.4225765960580633, 0.1634556532663277], [0.0, 0.4052017223796037], [0.16539077782333475, 0.2140579007537711], [0.9520400623065264, 0.0], [0.1550089041051803, 0.26160667587939995], [0.1988700720663595, 0.17205971733668324], [0.0, 0.39586366395348827], [0.41063219099468623, 0.12216045854270968]]
0.0838, [[0.10510384534986315, 0.16815662060301706], [0.0, 0.4561247086330929], [0.07036304117140318, 0.0], [0.0, 0.38792998837209347], [0.0, 0.3660822383720935], [0.0, 0.3444913093023255], [0.0, 0.33161874309044925], [0.0, 0.23124877763819068], [0.0, 0.20858278329145452], [0.0, 0.15790074874371957]]
0.0996, [[0.0, 0.4273529910071928], [0.46872451927035924, 0.0], [0.0, 0.39683801511627875], [0.43895404533642807, 0.0], [0.0, 0.3952173639534879], [0.4345746536989291, 0.0], [0.0, 0.39201853837209294], [0.42819670354998385, 0.0], [0.0, 0.383081758139535], [0.41307338327041304, 0.0]]
0.085, [[0.0, 0.36804956511627857], [0.16950399507981964, 0.0], [0.15225523625494747, 0.13976105276382017], [0.0, 0.3571797662790698], [0.15790371258040567, 0.0], [0.0, 0.34526667325581345], [0.1560688844555029, 0.0], [0.0, 0.3389958115577925], [0.12264267409154367, 0.0], [0.10544069865476095, 0.0]]
0.2764, [[0.0, 0.38811394534883753], [0.5046944446393296, 0.35066775465116323], [0.3848497638745254, 0.3511555837209307], [0.0, 0.37636291744186084], [0.4429243360705768, 0.006551164572864593], [0.15477438256163215, 0.21094836180904564], [0.0, 0.36612602209302353], [0.29616158940401693, 0.0], [0.09057423946527168, 0.13227616394472222], [0.0, 0.35375058604651205]]
0.1399, [[0.0, 0.3985057174418599], [0.1983620651542042, 0.34522909767441895], [0.2106361676446708, 0.045010684045222564], [0.0, 0.3829053162790696], [0.09971419247149822, 0.1735670458542731], [0.16965148095754246, 0.0], [0.0, 0.3820551279069767], [0.1529245849765029, 0.0], [0.0, 0.37877494302325615], [0.0, 0.3665860779069763]]
0.1493, [[0.17782875351127206, 0.3657326220930231], [0.0, 0.3855398546511626], [0.15403945334765595, 0.37109384069767487], [0.34910901950642076, 0.0], [0.15711318251415968, 0.13653506783919045], [0.15449495263740448, 0.34894385232558117], [0.0, 0.3792170279069765], [0.1520371098345045, 0.25397083856783775], [0.15331093961663392, 0.0], [0.0, 0.3192366538944737]]
0.2299, [[0.0, 0.42963871942445775], [0.1545134862548278, 0.37029004999999954], [0.17609169761809532, 0.3693081837209304], [0.28867258427966, 0.24947688630653123], [0.4764169575677727, 0.19009806218592476], [0.17859895753937835, 0.3631853244186048], [0.0, 0.42677488848920697], [0.2737765106296799, 0.12578969158291045], [0.4508850372554332, 0.0], [0.15788375330010368, 0.33747770100502333]]
0.1459, [[0.19423246057797144, 0.017850737437179895], [0.4394369185338244, 0.0], [0.0, 0.49907683633093325], [0.1535133837454111, 0.26886945477386864], [0.3542382505872174, 0.0], [0.0, 0.45766335071942565], [0.15564332408620732, 0.0], [0.0, 0.44277142985611384], [0.12623577601045363, 0.0], [0.0, 0.3958937244186041]]
0.0687, [[0.0, 0.3566569755813954], [0.15392682598023766, 0.0], [0.23053037381747157, 0.0], [0.1530956645219484, 0.0], [0.0, 0.34351107674418596], [0.15812326466372734, 0.0], [0.15661633900092847, 0.0], [0.0, 0.18511460552763573], [0.0, 0.0], [0.09360591920935195, 0.0]]
0.2408, [[0.503796948729277, 0.0], [0.0, 0.6334830035971208], [0.43606351272423527, 0.03640661997487468], [0.4196793568736846, 0.24835339824120653], [0.14006921839825662, 0.3355283090452276], [0.47523660086302577, 0.0], [0.0, 0.40138642776203953], [0.2244834528308458, 0.2290686501256238], [0.0, 0.4012160679886684], [0.2221728407465257, 0.0]]
0.1008, [[0.08210799306884074, 0.32864505778894165], [0.0, 0.5559727967625876], [0.03643068492469763, 0.0], [0.0, 0.4268727212230194], [0.0, 0.3989576046511625], [0.0, 0.39758331860465085], [0.0, 0.39683801511627875], [0.0, 0.3841737372093024], [0.0, 0.37939248953488386], [0.0, 0.36859098023255815]]
0.2428, [[0.1458406383555051, 0.37013680697674406], [0.41767409179005177, 0.35444361046511635], [0.0, 0.39951689518413624], [0.046850680489536826, 0.3714888744186049], [0.24891694657355318, 0.3615852581395351], [0.4167955308336777, 0.0], [0.0, 0.3990860151162784], [0.15758721542133153, 0.31097114572864404], [0.0, 0.3961002267441853], [0.020800691577439658, 0.10763058793969753]]
0.1403, [[0.15673609468274027, 0.20971058417085406], [0.47147421386664484, 0.0], [0.0, 0.5028709676258983], [0.4391351227854515, 0.0], [0.0, 0.4693428003597123], [0.4102968623853831, 0.0], [0.0, 0.4123667949640291], [0.3223813009991412, 0.0], [0.0, 0.4009912011331447], [0.280396987807449, 0.0]]
0.3405, [[0.0, 0.38659393139534914], [0.4613070504325738, 0.12125045477386466], [0.442086014547319, 0.3641547744186042], [0.8796233610641007, 0.09707928831658368], [0.0, 0.36802473255813906], [0.4188343287782408, 0.14659255025125467], [0.38227695467425316, 0.3459410732558137], [0.40676249884332843, 0.18402993278894578], [0.37872090628916494, 0.3621132767441858], [0.46135399643787656, 0.0]]
0.0657, [[0.15379637782683547, 0.0], [0.0, 0.4032772804532578], [0.0, 0.400809376770538], [0.0, 0.3831356709302324], [0.0, 0.3725720313953493], [0.0, 0.3693741860465111], [0.0, 0.3619822523255811], [0.0, 0.36197637093023205], [0.0, 0.34998028488372046], [0.0, 0.34772738372092976]]
0.1492, [[0.0, 0.41756793884892146], [0.23057953577671292, 0.32264377701005287], [0.0, 0.39963214447592077], [0.2260238608870596, 0.12112753957286351], [0.19841122711344436, 0.2699519711055289], [0.0, 0.3895653430232553], [0.2158145606847088, 0.0], [0.0, 0.3884436302325584], [0.16540716514308149, 0.0], [0.0, 0.3812559116279073]]
0.2233, [[0.42285827208987825, 0.1863135678391926], [0.3725101121050696, 0.3086443825376877], [0.0, 0.46691476978417307], [0.3802613143453787, 0.0], [0.0683643782290092, 0.26624726381909597], [0.0, 0.3996936912181301], [0.28418245866899483, 0.0], [0.0, 0.3900570930232558], [0.24644246129176234, 0.0], [0.0, 0.38888538837209236]]
0.2562, [[0.0, 0.4525511456834508], [0.4084123156010997, 0.34688242325581436], [0.4217986336844802, 0.1816816055276385], [0.3609406643637213, 0.3527399662790702], [0.4245818611416961, 0.1616205508793989], [0.31182786708210347, 0.3653464104651161], [0.31182786708210347, 0.3653464104651161], [0.503796948729277, 0.0], [0.345979041434753, 0.20287693027638212], [0.0, 0.4138556312949655]]
0.0757, [[0.23416835880129577, 0.0], [0.008696429488111421, 0.30855165703517945], [0.0, 0.3961639418604649], [0.15625279496685682, 0.0], [0.0, 0.3859580872093025], [0.12077875247110849, 0.0], [0.0, 0.3787416151162788], [0.0, 0.37386201744186015], [0.0, 0.3686461999999999], [0.0, 0.36158917906976706]]
0.0671, [[0.0, 0.47379863669064637], [0.0, 0.3889193697674413], [0.0, 0.570862938848919], [0.0, 0.5617911762589932], [0.0, 0.405163104815864], [0.0, 0.3738809686046506], [0.0, 0.40648394617563743], [0.0, 0.5355613309352544], [0.0, 0.3796297058139537], [0.0, 0.3542106418604648]]
0.0522, [[0.0, 0.4021573711048158], [0.0, 0.4223759730215839], [0.0, 0.3879022151162788], [0.0, 0.39348104534883727], [0.0, 0.3840583965116279], [0.0, 0.3624148616279068], [0.0, 0.30108617587939507], [0.0, 0.3817561569767445], [0.0, 0.34170641520100636], [0.0, 0.34087188567839344]]
0.0875, [[0.0, 0.41518259892086384], [0.359498580225989, 0.0], [0.0, 0.39896610000000027], [0.34406172502436005, 0.0], [0.0, 0.39722912790697684], [0.04027081260053232, 0.0], [0.0, 0.37637762093023297], [0.0, 0.36146338255813987], [0.0, 0.34355093953488397], [0.0, 0.3373741934673357]]
0.0523, [[0.0, 0.42330449460431796], [0.0, 0.40101372804532553], [0.0, 0.4005722407932008], [0.0, 0.3909481244186047], [0.0, 0.36850373953488347], [0.0, 0.3664491720930237], [0.0, 0.36206981976744224], [0.0, 0.35053280930232544], [0.0, 0.3489745662790698], [0.0, 0.34543265930232503]]
0.1549, [[0.15403945334765595, 0.37109384069767487], [0.36164531911283954, 0.0], [0.0, 0.5162046798561136], [0.35119020911428445, 0.0], [0.0, 0.4734375449640293], [0.15831002650083867, 0.0], [0.0, 0.40680989568345416], [0.15509800803509985, 0.0], [0.0, 0.40630473654390953], [0.153521224891244, 0.0]]
0.3884, [[0.7131939632435875, 0.3531108209302323], [0.4718430753368783, 0.35510820813953436], [0.1545134862548278, 0.37029004999999954], [0.0, 0.4762693579136673], [0.12203633814272664, 0.40581356940509894], [0.4643518342050463, 0.3523576755813952], [0.08853066274889196, 0.36777509999999947], [0.0, 0.39851551976744215], [0.3100252619099387, 0.16551502198492316], [0.4475049248736577, 0.0]]
0.0595, [[0.0, 0.49540544064748504], [0.0, 0.4561247086330929], [0.0, 0.4540488758992821], [0.0, 0.42344501798561207], [0.0, 0.4077117356115098], [0.0, 0.40623916713881014], [0.0, 0.403456288951841], [0.0, 0.39734348837209343], [0.0, 0.38493341744186027], [0.0, 0.38081023255813906]]
0.0738, [[0.0, 0.6384884820143883], [0.0, 0.457506818345322], [0.0, 0.4066195665467638], [0.0, 0.4052441614730875], [0.0, 0.40490283852691183], [0.0, 0.40160505949008524], [0.0, 0.39798913488372106], [0.0, 0.39358070232558173], [0.0, 0.3902152372093024], [0.0, 0.37470795813953467]]
0.0482, [[0.0, 0.38207930697674464], [0.0, 0.38130753720930227], [0.0, 0.3804805476744182], [0.0, 0.37268410465116236], [0.0, 0.3669644476744182], [0.0, 0.3665860779069763], [0.0, 0.363269297674418], [0.0, 0.35755780930232534], [0.0, 0.3531219302325577], [0.0, 0.3511412069767438]]
0.1592, [[0.0, 0.39873509186046474], [0.1993616916587681, 0.18814220100502452], [0.18620267390196463, 0.3608569453488375], [0.3966814087318248, 0.0], [0.0, 0.3883050906976739], [0.15811328502357638, 0.2503221978643234], [0.3802613143453787, 0.0], [0.0, 0.3829053162790696], [0.35625389091609305, 0.0], [0.0, 0.3727710186046507]]
0.3281, [[0.0, 0.40064283852691224], [0.37949111031727123, 0.3617172627906978], [0.757002982353064, 0.1722581067839165], [0.0, 0.3935212348837205], [0.15776043346109508, 0.21319102512562796], [0.1530186787264979, 0.2545164095477388], [0.05789946889018428, 0.2728825282663346], [0.45952980880326727, 0.0], [0.3100252619099387, 0.16551502198492316], [0.37809818813878027, 0.13637549371859195]]
0.2662, [[0.15053412773708152, 0.36609367441860413], [0.0, 0.4041882124645896], [0.4713736152838539, 0.35177835813953473], [0.47768449971093857, 0.0], [0.014894530298230766, 0.3608719755813949], [0.0, 0.389872482558139], [0.15388975874539115, 0.1962330402010016], [0.42415934709397446, 0.0], [0.0, 0.3860962999999995], [0.15374505396320184, 0.1313144064070334]]
0.0662, [[0.0, 0.5617911762589932], [0.0, 0.49873886870503414], [0.0, 0.40617842492917816], [0.0, 0.4018200708215295], [0.0, 0.4008805779036828], [0.0, 0.388476304651163], [0.0, 0.3856084709302321], [0.0, 0.3818290209302323], [0.0, 0.3802655500000003], [0.0, 0.3783054116279064]]
0.1068, [[0.15459047205027823, 0.2666009145728606], [0.0, 0.4017557082152975], [0.15331093961663392, 0.0], [0.0, 0.3816182709302327], [0.11220022163971162, 0.0], [0.0, 0.35212634069767446], [0.08417402667221333, 0.0], [0.0, 0.3485880279069764], [0.060639209103352465, 0.0], [0.0, 0.3159136306532686]]
0.1416, [[0.07366420355940105, 0.34352610697674446], [0.15819098365046616, 0.2206716011306511], [0.0, 0.3773503383720927], [0.154249738622266, 0.24980250376884042], [0.47567252805511984, 0.0], [0.0, 0.3621930023255818], [0.11318832466741054, 0.2359669962311562], [0.15418344529840589, 0.02190478266331033], [0.4588122055793588, 0.0], [0.0, 0.3617028860465121]]
0.2577, [[0.2581593949108335, 0.3473875697674415], [0.15488700992905038, 0.3631604918604653], [0.0, 0.42103655395683653], [0.4977949448307931, 0.26567150314070204], [0.15544087995743014, 0.27945741331657986], [0.0, 0.4189518273381308], [0.40534741211206937, 0.0], [0.3683477328893434, 0.2254200094221095], [0.0, 0.4025630566572235], [0.15673609468274027, 0.20971058417085406]]
0.3381, [[0.45701484423349387, 0.26985061997487103], [0.1518075781110318, 0.7942630971223018], [0.15467173483436483, 0.26523806532663047], [0.3251015960771351, 0.0], [0.0, 0.38610087441860425], [0.15397244719235648, 0.0904548059045167], [0.29054073873081293, 0.0], [0.0, 0.3802655500000003], [0.215667074806986, 0.0], [0.0, 0.36705593604651127]]
0.23, [[0.37949111031727123, 0.3617172627906978], [0.4338235176140903, 0.0], [0.0, 0.39388000000000034], [0.4134958973181352, 0.0], [0.0, 0.3911814197674414], [0.41050476612315095, 0.0], [0.0, 0.39041585813953456], [0.34511051348816524, 0.0], [0.0, 0.38979439069767485], [0.3010122360491147, 0.0]]
0.0895, [[0.0, 0.40393438243626084], [0.1764686059722745, 0.0], [0.15711318251415968, 0.13653506783919045], [0.0, 0.40373526062322934], [0.15769841712587107, 0.0], [0.1564431209611649, 0.07711958479899426], [0.0, 0.4030286798866858], [0.15558130775098328, 0.0], [0.12670737063731025, 0.051525189698489786], [0.11543401336672927, 0.04048869849246058]]
0.0786, [[0.18936542661312697, 0.0], [0.0, 0.49664880575539394], [0.1570540175046931, 0.0], [0.0, 0.4668009280575511], [0.156851573375916, 0.0], [0.0, 0.4541769478417271], [0.15455483047831042, 0.0], [0.0, 0.42250582374100915], [0.15329098033633198, 0.0], [0.0, 0.39673901162790703]]
0.2243, [[0.35661441195052557, 0.34726994186046456], [0.0, 0.40502774220963184], [0.38227695467425316, 0.3459410732558137], [0.07200239392190651, 0.3598499197674413], [0.30232322162887093, 0.35577117209302284], [0.0, 0.40414154957507104], [0.36957678187036486, 0.0], [0.36651235307768515, 0.3091640766331631], [0.24478734199732038, 0.3483975360465117], [0.1699628400327348, 0.35337515697674404]]
0.1483, [[0.0, 0.40635501983002803], [0.20907937226871032, 0.36735294651162753], [0.0, 0.40101654390934827], [0.19102054590756895, 0.0], [0.15755086101792437, 0.36093340348837205], [0.0, 0.3964596453488368], [0.1581959734705417, 0.0], [0.14781684441090623, 0.35579273720930205], [0.15744037214482418, 0.02038667211054881], [0.0, 0.39404500581395285]]
0.0735, [[0.0, 0.6354556672661849], [0.0, 0.3930317720930235], [0.0, 0.37617242558139496], [0.0, 0.0], [0.0, 0.4538887859712243], [0.0, 0.5566416169064774], [0.0, 0.59897117266187], [0.0, 0.3879022151162788], [0.0, 0.21788767964824254], [0.0, 0.38661909069767386]]
0.0923, [[0.30083197553189844, 0.0], [0.0, 0.5218060485611505], [0.24055941350260732, 0.0], [0.0, 0.4014001048158637], [0.1555798820881046, 0.0], [0.0, 0.39338792325581345], [0.15541735651993138, 0.0], [0.0, 0.3777153116279069], [0.15513008544987086, 0.0], [0.0, 0.37554703720930216]]
0.0635, [[0.0, 0.5350134676259011], [0.0, 0.4657781312949651], [0.0, 0.39850506395348834], [0.0, 0.3880593790697674], [0.0, 0.36884812790697646], [0.0, 0.366143012790698], [0.0, 0.36100169302325635], [0.0, 0.36050308139534876], [0.0, 0.35993487325581364], [0.0, 0.354262267441861]]
0.0696, [[0.0, 0.37525558139534854], [0.0, 0.5963474766187059], [0.0, 0.4020487592067986], [0.0, 0.0], [0.0, 0.35445177906976777], [0.0, 0.3871056127906981], [0.0, 0.0], [0.0, 0.35144998023255825], [0.0, 0.35780613488372054], [0.0, 0.11513057160803424]]
0.1948, [[0.19474046749012675, 0.31574758731155794], [0.402498907241993, 0.0], [0.3501905826097206, 0.24356186180904627], [0.0, 0.4516030575539593], [0.0394623646687779, 0.2512817989949748], [0.3258062508262546, 0.13694909798994848], [0.15278843417158589, 0.20669377072864453], [0.34127588066737813, 0.0], [0.0, 0.3888981313953485], [0.3300505666407155, 0.0]]
0.0563, [[0.0, 0.46344259712230385], [0.0, 0.3875712232558136], [0.0, 0.38116540348837225], [0.0, 0.3560322406976742], [0.0, 0.34952741744186], [0.0, 0.349213089534884], [0.0, 0.3447994290697672], [0.0, 0.34465533488372113], [0.0, 0.34432793720930266], [0.0, 0.33161874309044925]]
0.1975, [[0.0, 0.4062329320113314], [0.495887766021929, 0.1961489403266352], [0.0, 0.37709809186046556], [0.3396207613729361, 0.08762559987436883], [0.03440956509531078, 0.17554231469849454], [0.1569699033948491, 0.16406591645728158], [0.4524744948635298, 0.048141787060298945], [0.15531328312978537, 0.012030594849240604], [0.4211883356155486, 0.0], [0.0, 0.36889942674418624]]
0.2889, [[0.3058628826942137, 0.34916930581395406], [0.5479425288050226, 0.272580631281406], [0.0, 0.4468732895683455], [0.46388908072420787, 0.31425966645728926], [0.0881488956700068, 0.3494375627906977], [0.0, 0.4052001133144477], [0.44627091559142207, 0.0], [0.20773561204946067, 0.25816505025125314], [0.2757757636388076, 0.20292221482412143], [0.1538427118703936, 0.27431869535175946]]
0.2345, [[0.08853066274889196, 0.36777509999999947], [0.14083275255602531, 0.36172118372092976], [0.0, 0.4055874957507085], [0.4805012600290848, 0.028634929020094645], [0.503796948729277, 0.0], [0.28772211973433637, 0.35970517209302366], [0.3609406643637213, 0.3527399662790702], [0.3569749329849581, 0.13332633417085218], [0.4575111305752626, 0.0], [0.13950779622342693, 0.13370370540200519]]
0.1365, [[0.0, 0.3708484558139536], [0.2889183940758644, 0.20908306972361634], [0.0, 0.2750259968592964], [0.29054073873081293, 0.0], [0.0, 0.00934586809045248], [0.24586890510061904, 0.0], [0.0, 0.11341838442210657], [0.0, 0.0], [0.0, 0.10333286871859455], [0.18934903929338026, 0.0]]
0.1581, [[0.33503231184378934, 0.15333563505024803], [0.0, 0.4015859518413597], [0.180090203636352, 0.25562048994974995], [0.1522951548155514, 0.28637732349246314], [0.31884163993379966, 0.13910119221105222], [0.0, 0.3951853430232561], [0.00018526931769314095, 0.0], [0.0, 0.36975288255813943], [0.0, 0.36674618255814], [0.0, 0.3585168034883721]]
0.345, [[0.41257709692864436, 0.35783586860465116], [0.757002982353064, 0.1722581067839165], [0.037216675969459184, 0.3739564465116283], [0.4643518342050463, 0.3523576755813952], [0.1545134862548278, 0.37029004999999954], [0.4713736152838539, 0.35177835813953473], [0.0, 0.39721115697674436], [0.28852509840193724, 0.3566376976744186], [0.46781913202524084, 0.35177541744186075], [0.0, 0.39584046511627835]]
0.1843, [[0.0, 0.48556346762589636], [0.15926192023797422, 0.2773161011306554], [0.15274138729658834, 0.3707631755813949], [0.27144951122561306, 0.18360943341708327], [0.46685338563044776, 0.0], [0.27144951122561306, 0.18360943341708327], [0.0, 0.4667511223021611], [0.04945567938074621, 0.3397548668341732], [0.416205352481304, 0.0], [0.0, 0.402203430594901]]
0.1295, [[0.15195798554473597, 0.1966147242462294], [0.0, 0.45766335071942565], [0.4388199138927068, 0.0], [0.0, 0.41303383633093244], [0.4218254599732245, 0.0], [0.0, 0.40155799433427736], [0.4183246292921001, 0.0], [0.0, 0.39936309418604626], [0.2904751894518249, 0.0], [0.038429347867091616, 0.0]]
0.1368, [[0.0, 0.43759696762589995], [0.14258438974149293, 0.36891739767441867], [0.3047813195909138, 0.0], [0.0, 0.4142149442446023], [0.06205399298392392, 0.038653596105524116], [0.0007691483795156817, 0.36511997674418645], [0.09825449481694104, 0.029441425251252075], [0.27307185588056043, 0.0], [0.0, 0.4052017223796037], [0.27115453947016743, 0.0]]
0.2692, [[0.1519736678364018, 0.36520166279069727], [0.0, 0.4508346258992831], [0.8796233610641007, 0.09707928831658368], [0.0, 0.44847596762589753], [0.23665923140283213, 0.0], [0.15229800614130884, 0.002145624999999234], [0.0, 0.4398613507194272], [0.13620663383542744, 0.0], [0.0, 0.4038273796033997], [0.04866968833598466, 0.0]]
0.1917, [[0.0, 0.572531431654677], [0.1523029959613843, 0.368619080232558], [0.15501318109381645, 0.35031617790697683], [0.4245617414251382, 0.0], [0.28850871108219056, 0.18619927826633337], [0.0, 0.5524348093525188], [0.08498247460396774, 0.12478049309045264], [0.0, 0.533248920863311], [0.06382808705638603, 0.0], [0.0, 0.49567759352517826]]
0.2432, [[0.0, 0.43413013129496514], [0.41767409179005177, 0.35444361046511635], [0.0, 0.40383763739376777], [0.15665554473009305, 0.2395401626884384], [0.26754932912583784, 0.0], [0.1544564597396793, 0.2452632669597946], [0.0, 0.4019081671388105], [0.15615584989110434, 0.08390579773868949], [0.2452297996304888, 0.0], [0.0, 0.40016373937677047]]
0.2459, [[0.9520400623065264, 0.0], [0.0, 0.3730954755813952], [0.4354062686500009, 0.13373605150753543], [0.15464322157679058, 0.2695940075376894], [0.9347632660379985, 0.048359584170853426], [0.0, 0.35936666511627857], [0.05122977345320833, 0.2109871771356804], [0.4523940159972972, 0.0], [0.12230582078664586, 0.042347521356777724], [0.4420323619698308, 0.0]]
0.4005, [[0.7131939632435875, 0.3531108209302323], [0.0, 0.6405660935251795], [0.2685161809909083, 0.36530654767441806], [0.46388908072420787, 0.31425966645728926], [0.0, 0.6085214262589954], [0.15360320050676995, 0.316991834170854], [0.1443360269269622, 0.34449555697674383], [0.22468010066780997, 0.18191665389446915], [0.0, 0.4801577643884906], [0.338293388473432, 0.0]]
0.3311, [[0.9854156914616339, 0.09678601695979708], [0.0, 0.42953199280575677], [0.23580709077599105, 0.26630764321608164], [0.4977949448307931, 0.26567150314070204], [0.0, 0.4241262895683447], [0.41338188559097183, 0.15890347801507285], [0.46393602672951056, 0.000832373115575498], [0.15388975874539115, 0.1962330402010016], [0.1530186787264979, 0.2545164095477388], [0.0, 0.40373526062322934]]
0.4424, [[0.0, 0.4017557082152975], [1.0, 0.2589801721105525], [0.38227695467425316, 0.3459410732558137], [0.0, 0.3968438965116278], [0.42758640548105226, 0.0], [0.2244834528308458, 0.2290686501256238], [0.0, 0.35653117906976706], [0.34992838549376837, 0.0], [0.0, 0.35286935697674415], [0.32928036261260807, 0.0]]
0.2126, [[0.4196793568736846, 0.24835339824120653], [0.15758721542133153, 0.31097114572864404], [0.4813664078410869, 0.0], [0.15759933355580055, 0.30288461934673416], [0.0, 0.3990004081395344], [0.4225765960580633, 0.1634556532663277], [0.3789994907248626, 0.2036467675879422], [0.0, 0.39767088604651196], [0.15806695098001824, 0.0], [0.15450564510899484, 0.02251720226130162]]
0.2621, [[0.442086014547319, 0.3641547744186042], [0.0, 0.39173034999999967], [0.47567252805511984, 0.0], [0.4700390074188274, 0.1554100986180899], [0.0, 0.3720312697674413], [0.17176544520489959, 0.014659255025125467], [0.45274946432315827, 0.0], [0.0, 0.36508860930232506], [0.44089895127038614, 0.0], [0.4090159070978453, 0.0]]
0.2729, [[0.0, 0.39661582906976744], [0.4713736152838539, 0.35177835813953473], [0.15485849667147614, 0.3791422034883715], [0.4701530191459903, 0.3707974837209302], [0.0, 0.38954541162790685], [0.338293388473432, 0.3587043546511629], [0.4183246292921001, 0.0], [0.0, 0.3847001220930235], [0.1443360269269622, 0.34449555697674383], [0.3251015960771351, 0.0]]
0.2930, [[0.24891694657355318, 0.3615852581395351], [0.0, 0.5169855629496389], [0.41257709692864436, 0.35783586860465116], [0.5046944446393296, 0.35066775465116323], [0.0, 0.40335592351274796], [0.40677591198770036, 0.21653345603014662], [0.30637088960636893, 0.22707613002512625], [0.44274996519373927, 0.0], [0.15183252721140925, 0.26250374120602826], [0.0, 0.39026914999999973]]
0.1203, [[0.0, 0.546079239208635], [0.0, 0.39260929186046517], [0.0, 0.39205840116279095], [0.0, 0.3762982220930233], [0.3466017595851377, 0.0], [0.0, 0.373585591860465], [0.10299289797250485, 0.20419449497487296], [0.0, 0.3725707244186049], [0.0, 0.3698659360465117], [0.0, 0.3663246825581397]]
0.3393, [[0.757002982353064, 0.1722581067839165], [0.0, 0.5348782805755414], [0.4442119979303011, 0.30721684108040476], [0.0, 0.5041961564748227], [0.4173857091860514, 0.01916398932160363], [0.0, 0.39508437906976723], [0.0, 0.38658903023255803], [0.04660365473261046, 0.376355402325581], [0.15447142919990578, 0.36786070697674456], [0.0, 0.3539910697674422]]
0.0894, [[0.15398670382114357, 0.0], [0.1517018858607266, 0.0], [0.0, 0.37850799302325566], [0.0, 0.0], [0.1558122651373347, 0.16626113881909488], [0.0, 0.37864457209302305], [0.0, 0.0], [0.0, 0.34550094883720933], [0.0, 0.32233109798995274], [0.0, 0.2599462424623084]]
0.1808, [[0.0, 0.562242985611508], [0.5463158174680502, 0.0], [0.1545134862548278, 0.37029004999999954], [0.28401858547152525, 0.02104006344220459], [0.0, 0.46136142805755226], [0.45364143842390475, 0.0], [0.0881488956700068, 0.3494375627906977], [0.0, 0.4001056118980172], [0.4030396887936429, 0.0], [0.0, 0.3885004837209297]]
0.1784, [[0.0, 0.3141496896984895], [0.47147421386664484, 0.0], [0.21433970190748305, 0.2525562355527638], [0.3902084174317785, 0.15858001695980106], [0.2511456220591385, 0.06294767776381388], [0.0, 0.24192083605527595], [0.0, 0.3773627546511625], [0.3036342072086271, 0.0], [0.0, 0.39216884069767444], [0.0, 0.34701638837209303]]
0.1407, [[0.1667345380425856, 0.22128833354270952], [0.15665554473009305, 0.2395401626884384], [0.006697766545717433, 0.32756469786431885], [0.0, 0.3933428325581391], [0.1546888427889094, 0.27885793216080523], [0.28203571978214426, 0.024846121859295356], [0.4234283307256935, 0.0], [0.0, 0.3808798290697677], [0.12778530121298223, 0.16427077512562704], [0.33006695396046226, 0.0]]
0.2768, [[0.0, 0.40251438243626025], [0.5655558860398197, 0.0], [0.045413439721972516, 0.36726472558139484], [0.15798640102737097, 0.3660387813953488], [0.46800020947426435, 0.36154506860465074], [0.0, 0.36967086976744223], [0.3132699512198358, 0.3564962174418601], [0.46388908072420787, 0.31425966645728926], [0.45494922000018695, 0.0], [0.1983620651542042, 0.34522909767441895]]
0.1482, [[0.0, 0.4240195629496374], [0.2797578823373176, 0.20899681344221255], [0.21433970190748305, 0.2525562355527638], [0.0, 0.3547465023255817], [0.0, 0.3525115720930234], [0.0, 0.3449186906976749], [0.0, 0.27531926821608305], [0.0, 0.24777548115577522], [0.0, 0.24423250439698585], [0.0, 0.22407441143216317]]
0.2193, [[0.0, 0.5723108633093541], [0.42689562854588764, 0.0], [0.3902084174317785, 0.15858001695980106], [0.24134600485046032, 0.3555277476744187], [0.0, 0.4174505395683453], [0.32669116609259025, 0.0], [0.01718513277153521, 0.2450195929648221], [0.0, 0.4107481079136675], [0.2098331889770711, 0.0], [0.15743253099899127, 0.0]]
0.1912, [[0.36103898828220277, 0.0], [0.36103898828220277, 0.0], [0.29367071680248064, 0.356171106976744], [0.0, 0.405194682719547], [0.16070400437570653, 0.3181584503768806], [0.2626659078412455, 0.0], [0.0, 0.3876731674418604], [0.15615014723958953, 0.058397658919596446], [0.2504901292692604, 0.0], [0.0, 0.3866965290697676]]
0.2150, [[0.0, 0.5393928165467604], [0.0804237265443517, 0.35825083372092964], [0.4330388486683207, 0.0], [0.0, 0.46189328237410227], [0.30232322162887093, 0.35577117209302284], [0.3966814087318248, 0.0], [0.0, 0.4588551312949643], [0.15459047205027823, 0.2666009145728606], [0.38291606014438456, 0.0], [0.3112870855304547, 0.0]]
0.0807, [[0.16342429945370043, 0.0], [0.0, 0.543900237410071], [0.1569520826088652, 0.0], [0.0, 0.48787587769783974], [0.15672682787402867, 0.0], [0.0, 0.40106883852691216], [0.021968449701084736, 0.0], [0.0, 0.39586366395348827], [0.0218561652661188, 0.0], [0.0, 0.38311083837209287]]
0.4742, [[0.8796233610641007, 0.09707928831658368], [0.7131939632435875, 0.3531108209302323], [0.36444755078956936, 0.3643573558139535], [0.0, 0.9999555305755381], [0.1567503513115274, 0.3907488104651157], [0.44373583130509026, 0.1700779792713573], [0.64795722928159, 0.0], [0.0, 0.5170745017985627], [0.46393602672951056, 0.000832373115575498], [0.15274138729658834, 0.3707631755813949]]
0.1286, [[0.0, 0.31476210929648074], [0.0, 0.37470795813953467], [0.4328443580749253, 0.0], [0.15514719340441538, 0.24284593467336738], [0.2024588950909424, 0.0], [0.15585859918089284, 0.17975593404522347], [0.0, 0.21535821419597811], [0.36135034735739513, 0.0], [0.0, 0.3583152023255808], [0.011144230170369154, 0.0]]
0.0896, [[0.08853066274889196, 0.36777509999999947], [0.007843067782369654, 0.2107025314070357], [0.0, 0.0], [0.0, 0.038537150125627494], [0.0, 0.38229887906976723], [0.0, 0.23792285741205643], [0.0, 0.0], [0.0, 0.0], [0.0, 0.2835006765075387], [0.0, 0.08753071796482315]]
0.1091, [[0.0, 0.402492257790368], [0.0, 0.38355782441860425], [0.28203571978214426, 0.024846121859295356], [0.0, 0.38882494069767426], [0.0, 0.38086643255813996], [0.10496910402790435, 0.250188500628143], [0.0, 0.3851693267441857], [0.0, 0.379533643023256], [0.0, 0.0], [0.0, 0.3813536081395346]]
0.0797, [[0.0, 0.6663885989208653], [0.0, 0.008030459798991352], [0.0, 0.17721784296482482], [0.0, 0.28513307663316706], [0.030165213453598072, 0.0], [0.0, 0.0], [0.0, 0.543900237410071], [0.0, 0.1843447682160757], [0.0, 0.0], [0.0, 0.42578588848920773]]
0.0702, [[0.010582807995539475, 0.0], [0.0, 0.384591643023256], [0.1565101271164644, 0.0], [0.0, 0.37313174418604655], [0.0, 0.3557992720930227], [0.0, 0.4035246742209631], [0.0, 0.3479391139534885], [0.0, 0.0], [0.0, 0.445010910071943], [0.0, 0.011562654522609059]]
0.0827, [[0.2614040842207306, 0.0], [0.0, 0.34903240000000024], [0.0, 0.2774131394472385], [0.0, 0.13849739824120286], [0.2743336795010765, 0.0], [0.37809818813878027, 0.0], [0.2275806562630201, 0.0], [0.2169944477064889, 0.0], [0.2277117548209962, 0.0], [0.23328344353496008, 0.0]]
0.0720, [[0.0, 0.3566569755813954], [0.0, 0.04344944535175915], [0.0, 0.35476904767441886], [0.0, 0.18511460552763573], [0.0, 0.2624412054020129], [0.26286255567820965, 0.0], [0.0, 0.04574601884421499], [0.0, 0.20639403015075344], [0.0, 0.0], [0.0, 0.0]]
0.1750, [[0.22987488102759346, 0.21258076193467407], [0.0, 0.4174505395683453], [0.5417722444234061, 0.06464908291456992], [0.07382140176835435, 0.1969619057788895], [0.0, 0.40593022662889555], [0.45952980880326727, 0.0], [0.03647559869868335, 0.1219534434673345], [0.0, 0.3992970918604655], [0.43984601943717405, 0.0], [0.0, 0.14069046419597875]]
0.2178, [[0.0, 0.4020745042492916], [0.37100247868835046, 0.2200462430904508], [0.4699518219804084, 0.14302800942210672], [0.1983620651542042, 0.34522909767441895], [0.0, 0.3883050906976739], [0.28850871108219056, 0.18619927826633337], [0.4365933319269338, 0.01121331658291153], [0.1539211233287228, 0.2905844736180876], [0.1539211233287228, 0.2905844736180876], [0.18934903929338026, 0.2276605163316544]]
0.1463, [[0.0, 0.4701254622302179], [0.41050476612315095, 0.0], [0.24506592643301928, 0.0], [0.20762090081123247, 0.2325383090452261], [0.0, 0.4515141187050355], [0.1717818325246463, 0.0], [0.10818043886793077, 0.0], [0.0, 0.40922191726619017], [0.15672397654827122, 0.0], [0.06739873208830313, 0.0]]
0.1323, [[0.23901900544639354, 0.1416737858040185], [0.1800738163166041, 0.2673470314070323], [0.15060149839806175, 0.29302768278894054], [0.06205399298392392, 0.038653596105524116], [0.0, 0.039893530150753115], [0.0, 0.0], [0.0, 0.09453472801507286], [0.0, 0.0], [0.0, 0.3803841581395352], [0.0, 0.3441580302325579]]
0.0540, [[0.035397668123011344, 0.0], [0.0, 0.35993487325581364], [0.0, 0.0311320483668288], [0.0, 0.0], [0.0, 0.4050915014164305], [0.0, 0.0], [0.0, 0.0], [0.0, 0.4033508951841359], [0.0, 0.0], [0.0, 0.3913954372093025]]
0.0920, [[0.1538284552416065, 0.0], [0.0, 0.6663885989208653], [0.0, 0.4654846330935279], [0.034027798016425616, 0.0], [0.0, 0.49873886870503414], [0.0, 0.0], [0.0, 0.45593971582733694], [0.0, 0.39205840116279095], [0.0, 0.37133073023255836], [0.0, 0.40417976487252144]]
0.1375, [[0.0, 0.4064246118980168], [0.15695422110318324, 0.09128717902009985], [0.0, 0.37324937209302345], [0.4391351227854515, 0.0], [0.0, 0.6663885989208653], [0.009684532515811986, 0.364947455813953], [0.3510427232365616, 0.0], [0.0, 0.3537803197674415], [0.29678430755440166, 0.0], [0.0, 0.3776208825581399]]
0.1430, [[0.0, 0.3829053162790696], [0.1522124663685861, 0.3437146383720932], [0.4235959950303451, 0.0], [0.0, 0.37802016395348825], [0.0, 0.3472281186046517], [0.0, 0.1434700728643202], [0.28541150765001627, 0.0], [0.0, 0.09786422047738252], [0.0, 0.36276415116279087], [0.0, 0.3727193930232557]]
0.0506, [[0.0, 0.40115492351274773], [0.0, 0.14957054836682943], [0.0, 0.17090172675879087], [0.0, 0.14904007223618243], [0.0, 0.39371434069767397], [0.0, 0.091256989321607], [0.0, 0.0], [0.0, 0.029745478643210324], [0.0, 0.40623916713881014], [0.0, 0.0064153109296467585]]
0.1572, [[0.15755086101792437, 0.36093340348837205], [0.503796948729277, 0.0], [0.0, 0.3824782616279066], [0.16539077782333475, 0.2140579007537711], [0.1522951548155514, 0.28637732349246314], [0.0, 0.35168719651162805], [0.15514719340441538, 0.24284593467336738], [0.3278382784748769, 0.0], [0.19313451015492608, 0.0], [0.0, 0.37275076046511585]]
0.1644, [[0.4154743361130236, 0.0], [0.3967305706910661, 0.0], [0.0, 0.432726676258992], [0.0, 0.3719038395348834], [0.0, 0.37381137209302306], [0.20834194288009744, 0.21662402512562517], [0.20762090081123247, 0.2325383090452261], [0.15385055301622658, 0.36992442325581376], [0.31453177484035066, 0.0], [0.17900864053305218, 0.0700767594221098]]
0.2348, [[0.15406155112227599, 0.3664851139534886], [0.0, 0.533248920863311], [0.41820391099275084, 0.0], [0.446908039949098, 0.0], [0.15374148980600505, 0.35011359651162755], [0.0, 0.46441025179855905], [0.43252914918218005, 0.0], [0.35661441195052557, 0.34726994186046456], [0.0, 0.42963871942445775], [0.0, 0.3599113476744185]]
0.1919, [[0.4305976563925944, 0.10437010050250783], [0.0, 0.5414899946043152], [0.0, 0.38452335348837174], [0.4182374438536811, 0.0], [0.0, 0.5387684658273387], [0.1625885461466061, 0.348568096511628], [0.0, 0.40124161189801666], [0.15611521849906107, 0.0], [0.0, 0.3988255999999998], [0.15451776324346392, 0.15582844158291506]]
0.2742, [[0.25514412807739517, 0.3598495930232561], [0.0, 0.45589168884892084], [0.0, 0.39869522906976673], [0.4325023228934357, 0.3537558139534883], [0.0, 0.6640921978417252], [0.0, 0.402427895184136], [0.24478734199732038, 0.3483975360465117], [0.0, 0.5404209496402871], [0.15191165150117783, 0.0], [0.0, 0.1698019591708545]]
0.1650, [[0.0, 0.3799623313953485], [0.0, 0.3525703860465119], [0.2889183940758644, 0.20908306972361634], [0.0, 0.4010171473087816], [0.2727932714448627, 0.3030247858040191], [0.0, 0.3451996906976747], [0.2883612252044677, 0.0], [0.0, 0.3831801081395351], [0.0, 0.17916723492462053], [0.0, 0.1382601934673348]]
0.0912, [[0.0, 0.45766335071942565], [0.22077991856803475, 0.0], [0.0, 0.5908919676258976], [0.0, 0.41238991906474703], [0.0, 0.19641633479899612], [0.0, 0.5404209496402871], [0.0, 0.0], [0.0, 0.3621930023255818], [0.0, 0.0], [0.0, 0.37811263255813926]]
0.1391, [[0.23307040837824924, 0.0], [0.1554415927888695, 0.2943064321608043], [0.0, 0.5497915467625909], [0.0962333749875542, 0.34697913953488374], [0.15600615528883954, 0.0], [0.15470238658625718, 0.08793396608040187], [0.0, 0.4017502776203968], [0.15550788611272964, 0.0], [0.0, 0.40132830028328625], [0.15209912616972845, 0.0]]
0.1479, [[0.19474046749012675, 0.31574758731155794], [0.0, 0.5695679892086336], [0.1550160324195739, 0.0], [0.0, 0.5576608561151093], [0.14819861148978974, 0.24734635615577844], [0.0, 0.0], [0.0, 0.0], [0.0, 0.37939935116279094], [0.0, 0.0], [0.0, 0.0]]
0.0733, [[0.23738027347169827, 0.0], [0.0, 0.39537158720930254], [0.1987553608281301, 0.0], [0.1404285285901473, 0.0], [0.0, 0.36131471395348796], [0.0, 0.0], [0.0, 0.3533421558139531], [0.0, 0.0], [0.0, 0.3460243930232553], [0.0, 0.30603081721105696]]
0.0476, [[0.0, 0.0], [0.0, 0.3764181372093026], [0.0, 0.19574784861808625], [0.0, 0.37431161744186026], [0.0, 0.0], [0.0, 0.21850872487436807], [0.0, 0.2821874246231149], [0.0, 0.2872700760050244], [0.0, 0.0], [0.0, 0.0]]
0.0618, [[0.07036304117140318, 0.0], [0.0, 0.07726622047738374], [0.0, 0.39527095000000007], [0.0, 0.0], [0.0, 0.37660797558139575], [0.0, 0.0], [0.0, 0.3877535465116281], [0.0, 0.0], [0.0, 0.4478658471223052], [0.0, 0.3628919081395352]]
0.1096, [[0.0, 0.5543950215827337], [0.0, 0.5325125071942413], [0.0, 0.39511999418604576], [0.05823632219508209, 0.30574401507537485], [0.0, 0.3585174569767437], [0.0, 0.37385254186046546], [0.17900864053305218, 0.0700767594221098], [0.0, 0.3504753023255814], [0.0, 0.36639885348837187], [0.0, 0.0]]
0.0462, [[0.0, 0.18128267022612693], [0.0, 0.06421564510049835], [0.0, 0.36153232558139575], [0.0, 0.3446902965116281], [0.0, 0.26445313316583163], [0.0, 0.2450260621859266], [0.0, 0.2340068222361812], [0.0, 0.32742021859296677], [0.0, 0.3124353461055244], [0.0, 0.10414367776381911]]
0.1883, [[0.0, 0.3885004837209297], [0.41050476612315095, 0.0], [0.1561337521164843, 0.36753625], [0.2685161809909083, 0.36530654767441806], [0.0, 0.3867742941860465], [0.4085732733335653, 0.0], [0.1699628400327348, 0.35337515697674404], [0.15619006580019346, 0.31869970854271457], [0.16173640551976504, 0.02659496796482039], [0.15758721542133153, 0.31097114572864404]]
0.1961, [[0.0, 0.3672758348837214], [0.4196793568736846, 0.24835339824120653], [0.0, 0.38509319534883757], [0.28203571978214426, 0.024846121859295356], [0.0, 0.37709809186046556], [0.0, 0.38204728604651167], [0.0, 0.39927062558139526], [0.032882496779773396, 0.0], [0.0, 0.3632075430232556], [0.0, 0.0]]
0.3172, [[0.1518075781110318, 0.7942630971223018], [0.31182786708210347, 0.3653464104651161], [0.38072015929829267, 0.1546726074120601], [0.0, 0.38529806395348803], [0.18813637763210553, 0.17365330213567687], [0.05374494479644464, 0.2821141067839202], [0.1800738163166041, 0.2673470314070323], [0.359498580225989, 0.0], [0.0, 0.37886545116279], [0.16539077782333475, 0.2140579007537711]]
0.2579, [[0.0, 0.5355613309352544], [0.4699518219804084, 0.14302800942210672], [0.3848497638745254, 0.3511555837209307], [0.0, 0.4029944872521248], [0.40222032280629527, 0.0], [0.15774118701223244, 0.2642504309045236], [0.0, 0.3995217223796036], [0.3068625091987775, 0.0], [0.15725075898195545, 0.1735001972361829], [0.08498247460396774, 0.12478049309045264]]
0.0478, [[0.0, 0.08108737374371326], [0.0, 0.3775953965116276], [0.0, 0.3275819491206027], [0.0, 0.016479262562807847], [0.0, 0.0], [0.0, 0.3763505011627911], [0.0, 0.31587697173367124], [0.0, 0.3626710290697671], [0.0, 0.0035192562814010124], [0.0, 0.0]]
0.0797, [[0.0, 0.4677312284172654], [0.19423246057797144, 0.017850737437179895], [0.0, 0.41492467625899365], [0.0, 0.39173034999999967], [0.0, 0.3851072453488369], [0.0, 0.38244395348837246], [0.0, 0.37850799302325566], [0.0, 0.36283930232558104], [0.0, 0.355856779069768], [0.0, 0.35571399186046515]]
0.1124, [[0.0, 0.5711368705035988], [0.45274946432315827, 0.0], [0.0, 0.49329758992805506], [0.3418494368585214, 0.0], [0.0, 0.4299464478417243], [0.2601258732804678, 0.0], [0.0, 0.3845985046511631], [0.2396253362770303, 0.0], [0.0, 0.37917651162790683], [0.23416835880129577, 0.0]]
0.0546, [[0.0, 0.44568150899280684], [0.0, 0.38184993255813987], [0.0, 0.3746792046511632], [0.0, 0.37160976976744214], [0.0, 0.35806066860465124], [0.0, 0.3573147116279064], [0.0, 0.3552529558139532], [0.0, 0.3313125332914536], [0.0, 0.3213046482412034], [0.0, 0.27556941143216007]]
0.1238, [[0.0, 0.3856607499999999], [0.0, 0.38339641279069736], [0.0, 0.36967086976744223], [0.0, 0.4063238441926344], [0.0, 0.5060852176258973], [0.0, 0.4048947932011331], [0.0, 0.43892393525179824], [0.44627091559142207, 0.0], [0.0, 0.389599977906977], [0.051791195628038016, 0.35811196744185986]]
0.0892, [[0.3278382784748769, 0.0], [0.0, 0.46387839748201537], [0.0, 0.40582805099150177], [0.0, 0.367318311627907], [0.0, 0.4250619262589934], [0.0, 0.0], [0.0, 0.0], [0.0, 0.3525115720930234], [0.0, 0.3789010662790697], [0.0, 0.34363523953488356]]
0.0834, [[0.0, 0.33340209170854196], [0.0, 0.3930814372093025], [0.2221728407465257, 0.0], [0.0, 0.044639782035174096], [0.0, 0.040503793341707006], [0.0, 0.3817179279069772], [0.34093174695269235, 0.0], [0.0, 0.0], [0.0, 0.36436944534883686], [0.1522046252227532, 0.0]]
0.1870, [[0.0, 0.6294576312949639], [0.0, 0.38104712209302366], [0.0, 0.38460994069767485], [0.0, 0.2799318228643236], [0.0, 0.3855594593023258], [0.45030156547524547, 0.0], [0.4225765960580633, 0.1634556532663277], [0.0, 0.38567087906976727], [0.3458479428767781, 0.0], [0.0, 0.3690330651162785]]
0.1661, [[0.0, 0.4435807733812978], [0.20988235093631122, 0.29884998178391725], [0.2244834528308458, 0.2290686501256238], [0.4429243360705768, 0.006551164572864593], [0.0, 0.38882494069767426], [0.20434343686184195, 0.0], [0.0, 0.3816182709302327], [0.15781603431336483, 0.0], [0.0, 0.3581191558139533], [0.1541264187832574, 0.0]]
0.4583, [[1.0, 0.2589801721105525], [0.3848497638745254, 0.3511555837209307], [0.15543802863167272, 0.3656832837209304], [0.0, 0.5160072356115086], [0.38483337655477756, 0.2711703410803992], [0.0, 0.5010032517985614], [0.3147120353575681, 0.0], [0.15514077792146122, 0.010421915201000526], [0.0, 0.41826166187050323], [0.0, 0.4055870934844192]]
0.0858, [[0.0, 0.35631095348837166], [0.0, 0.3879022151162788], [0.15243273128334717, 0.14266357663316276], [0.0, 0.35230572325581383], [0.0, 0.2624023900753781], [0.0, 0.0], [0.0, 0.0], [0.0, 0.35012764651162803], [0.0, 0.0], [0.0, 0.0]]
0.1641, [[0.0, 0.3991631267441857], [0.15476297725860244, 0.3730873069767438], [0.4282235298387282, 0.0], [0.0, 0.39851551976744215], [0.0, 0.3984701023255814], [0.0, 0.4540631061151051], [0.0, 0.3926762744186051], [0.0, 0.3993627674418599], [0.15274138729658834, 0.3707631755813949], [0.24200149764033843, 0.09312012499999893]]
0.0784, [[0.0, 0.45479240467626014], [0.0, 0.35404040813953486], [0.22894080380201765, 0.0], [0.0, 0.36757709302325603], [0.0, 0.39964903966005627], [0.0, 0.2784137123115544], [0.0, 0.3991631267441857], [0.0, 0.0], [0.0, 0.29905052763818796], [0.0, 0.3458087418604646]]
0.2259, [[0.0, 0.372461918604651], [0.35836785516344905, 0.35371333720930276], [0.0007691483795156817, 0.36511997674418645], [0.0, 0.445010910071943], [0.0, 0.2690139340452284], [0.0, 0.3697813093023257], [0.10375643213027191, 0.24055367399497102], [0.44627091559142207, 0.0], [0.0, 0.4395554010791346], [0.24885139729456512, 0.20869922927135884]]
0.3603, [[0.0, 0.5953922733812935], [0.4713736152838539, 0.35177835813953473], [0.757002982353064, 0.1722581067839165], [0.0, 0.39134087093023234], [0.2581593949108335, 0.3473875697674415], [0.4613003438603879, 0.3464697453488371], [0.0, 0.3885704069767436], [0.3725101121050696, 0.3086443825376877], [0.4471763028365405, 0.19207764384422096], [0.22118960156170855, 0.3024080533919607]]
0.3837, [[0.3984840139039896, 0.28972191080401927], [0.0, 0.45534026798561344], [0.0, 0.3682345023255818], [0.8900567510184696, 0.2515880087939705], [0.0, 0.40677076258992667], [0.4773424645294495, 0.2310547010050245], [0.0, 0.40514822096317243], [0.3569749329849581, 0.13332633417085218], [0.0, 0.08869517776382002], [0.22708903667061153, 0.0]]
0.2064, [[0.0, 0.4041308895184136], [0.33891610662381666, 0.3591885895348836], [0.14083275255602531, 0.36172118372092976], [0.0, 0.3821959546511624], [0.0, 0.39796070813953477], [0.15496328289306152, 0.18084923241205536], [0.0, 0.3468605313953488], [0.0, 0.3587340883720935], [0.0, 0.3205434365577853], [0.11732039187415733, 0.0]]
0.1854, [[0.0, 0.39792051860465155], [0.0, 0.362394603488372], [0.2883939998439612, 0.15671256846733436], [0.4699518219804084, 0.14302800942210672], [0.15464322157679058, 0.2695940075376894], [0.0, 0.23589152198492408], [0.3879961292659399, 0.0], [0.0, 0.3437022220930235], [0.0, 0.3553114430232553], [0.3159902462978297, 0.0]]
0.0612, [[0.0, 0.40275272521246486], [0.0, 0.24477376256281214], [0.07061006692832791, 0.0], [0.10925836944360279, 0.0], [0.0, 0.034903604271351925], [0.0, 0.2824116909547739], [0.0, 0.36575353372093067], [0.0, 0.25488946796482465], [0.0, 0.36125099883720957], [0.0, 0.0]]
0.2602, [[0.0, 0.38979439069767485], [0.29367071680248064, 0.356171106976744], [0.4643518342050463, 0.3523576755813952], [0.4084123156010997, 0.34688242325581436], [0.4394369185338244, 0.0], [0.04157331204613783, 0.012703393844217594], [0.04121400185424553, 0.1223394403266294], [0.0, 0.3008252506281387], [0.4338235176140903, 0.0], [0.0, 0.17088231909547733]]
0.2731, [[0.0, 0.4840568435251828], [0.0, 0.3981446651162789], [0.0, 0.39404337209302326], [0.0, 0.4512526384892111], [0.0, 0.3889010720930236], [0.0, 0.445010910071943], [0.0, 0.37653151744186003], [0.4718430753368783, 0.35510820813953436], [0.42758640548105226, 0.0], [0.0, 0.3964720616279066]]
0.1298, [[0.0, 0.6354556672661849], [0.0, 0.3616447255813952], [0.20822723164186924, 0.14590250000000154], [0.0, 0.3853653732558143], [0.0, 0.1386030621859278], [0.0, 0.0], [0.2591590214153986, 0.0], [0.0, 0.0], [0.0, 0.0], [0.0, 0.38146176046511576]]
0.2634, [[0.4713736152838539, 0.35177835813953473], [0.0, 0.4046250736543909], [0.0, 0.37073213488372103], [0.0, 0.3828144813953482], [0.3501905826097206, 0.24356186180904627], [0.0, 0.37910593488372135], [0.0, 0.37735295232558147], [0.15385981982493818, 0.2606988285175847], [0.0, 0.20705820351758847], [0.0, 0.0]]
0.1971, [[0.2874271479788919, 0.3006203919598009], [0.4422335591354127, 0.0], [0.0, 0.4034824362606233], [0.37677081523927736, 0.18037482286431927], [0.0, 0.3440979093023251], [0.41716439230391117, 0.0], [0.0, 0.39093080697674387], [0.04570537925288297, 0.0], [0.15796073909555416, 0.0], [0.0, 0.1288970741205985]]
0.2547, [[0.5735772557359187, 0.0], [0.46685338563044776, 0.0], [0.4311341821674794, 0.0], [0.42063839669629166, 0.35975810465116304], [0.41820391099275084, 0.0], [0.4155481084070702, 0.12449153454773315], [0.4102432098078949, 0.0], [0.40807698699179656, 0.0], [0.37346057665039334, 0.1211296959799009], [0.36164531911283954, 0.0]]
0.2007, [[0.0, 0.3818290209302323], [0.31733400651708055, 0.1954416388190906], [0.44373583130509026, 0.1700779792713573], [0.1581895579875875, 0.3511310779069764], [0.0, 0.37906868604651206], [0.1544564597396793, 0.2452632669597946], [0.3458479428767781, 0.0], [0.0, 0.3514656639534883], [0.034566763304262435, 0.26322398115578194], [0.1805818232287606, 0.12947499120602982]]
0.0760, [[0.0, 0.38207930697674464], [0.0, 0.40275272521246486], [0.0, 0.3167007192211048], [0.024842931236213353, 0.0], [0.0, 0.0], [0.0, 0.0], [0.25729086696424575, 0.0], [0.0, 0.366143012790698], [0.0, 0.36050308139534876], [0.0, 0.2821874246231149]]
0.2122, [[0.0, 0.4346762158273381], [0.3396207613729361, 0.08762559987436883], [0.3132699512198358, 0.3564962174418601], [0.4473037277080758, 0.0], [0.0, 0.40246329461756375], [0.27500555961070133, 0.23856977952261535], [0.15514719340441538, 0.24284593467336738], [0.3791633639223322, 0.0], [0.0, 0.3825246593023253], [0.20819445700237582, 0.12473089572863856]]
0.2336, [[0.0, 0.37264162790697675], [0.15385055301622658, 0.36992442325581376], [0.0, 0.3956712116279064], [0.37949111031727123, 0.3617172627906978], [0.31518726763022875, 0.3531702883720936], [0.0, 0.36137516162790717], [0.0, 0.3995732124645895], [0.0, 0.4005722407932008], [0.0, 0.4064338640226629], [0.0, 0.47133858812949425]]
0.1730, [[0.0018470789551893216, 0.3490670348837208], [0.2648781960070841, 0.35657104186046507], [0.18757920876070888, 0.0], [0.0, 0.0], [0.25135865721584816, 0.1907083253768863], [0.15769414013723496, 0.0], [0.0, 0.0], [0.32939507385083744, 0.0], [0.1443360269269622, 0.34449555697674383], [0.0, 0.0]]
0.1314, [[0.18813637763210553, 0.17365330213567687], [0.1482435252637771, 0.36343266976744204], [0.0, 0.3761237406976739], [0.1545149119177065, 0.0], [0.1523585968136541, 0.04389797801506949], [0.2274987196642853, 0.0], [0.10339712193838126, 0.34504219999999974], [0.0, 0.37242368953488375], [0.0, 0.3787089406976742], [0.0, 0.3476407965116278]]
0.2190, [[0.35661441195052557, 0.34726994186046456], [0.0, 0.3720312697674413], [0.4475049248736577, 0.0], [0.0, 0.3697878441860464], [0.0, 0.40383763739376777], [0.0, 0.37891642325581343], [0.03353374650257615, 0.3325869698492426], [0.0, 0.3440979093023251], [0.20773561204946067, 0.25816505025125314], [0.28401858547152525, 0.02104006344220459]]
0.2527, [[0.0, 0.5169855629496389], [0.15517499383055028, 0.2888313146984955], [0.4977949448307931, 0.26567150314070204], [0.07339472091548346, 0.3617963348837211], [0.0, 0.47566991007194376], [0.4282235298387282, 0.0], [0.1547793723817076, 0.10857725062813992], [0.013457289530666458, 0.3575692453488371], [0.0, 0.4410317859712219], [0.38609520017529364, 0.0]]
0.2018, [[0.0, 0.4567170413669081], [0.44373583130509026, 0.1700779792713573], [0.30902563540537475, 0.23108704711055478], [0.1546888427889094, 0.27885793216080523], [0.0, 0.40407075070821563], [0.4075136349281672, 0.10078830841708371], [0.219305059790809, 0.23037974560301783], [0.0683643782290092, 0.26624726381909597], [0.0, 0.37830312441860403], [0.18626822318095268, 0.2105472701005043]]
0.4226, [[0.1536046261696487, 0.35554767906976714], [1.0, 0.2589801721105525], [0.0, 0.3880593790697674], [0.15637255064866862, 0.16921972927135606], [0.5910223324875832, 0.14756077701004802], [0.03914796825087295, 0.18897673052763744], [0.010358239125607602, 0.2509712763819121], [0.0, 0.38173099767441854], [0.37346057665039334, 0.1211296959799009], [0.0, 0.35307455232558105]]
0.2007, [[0.47567252805511984, 0.0], [0.29262192833867545, 0.1800384233668308], [0.2727932714448627, 0.3030247858040191], [0.0, 0.4043336317280451], [0.4428572703487162, 0.035365075376878954], [0.24478734199732038, 0.3483975360465117], [0.0, 0.3870340558139535], [0.40534741211206937, 0.0], [0.22987488102759346, 0.21258076193467407], [0.15759933355580055, 0.30288461934673416]]
0.0929, [[0.17060194550286617, 0.0], [0.0852070434738996, 0.19467395791456793], [0.08013178701343963, 0.209354777010052], [0.0, 0.40426645325779037], [0.04312283724866644, 0.38637533953488334], [0.15269790457878762, 0.0], [0.0, 0.39969630594900807], [0.10092686436913066, 0.0], [0.0, 0.39487624302325525], [0.0652877847109432, 0.0]]
0.1451, [[0.33370493894428527, 0.019575863065324255], [0.0, 0.44191405935252015], [0.15511083900100822, 0.26120774057788837], [0.18394122377688588, 0.11169325879396988], [0.4420323619698308, 0.0], [0.0, 0.3938156313953492], [0.11318832466741054, 0.2359669962311562], [0.15298660131172687, 0.0009833216080397575], [0.4319456774019928, 0.0], [0.0, 0.375958408139535]]
0.2797, [[0.0, 0.36637794186046546], [0.46800020947426435, 0.36154506860465074], [0.0, 0.3835454081395345], [0.5417722444234061, 0.06464908291456992], [0.0, 0.3707177581395353], [0.4325023228934357, 0.3537558139534883], [0.0, 0.384343644186046], [0.4764169575677727, 0.19009806218592476], [0.0, 0.405194682719547], [0.0, 0.3811484127906977]]
0.1553, [[0.4740696573026508, 0.0], [0.15496328289306152, 0.18084923241205536], [0.0, 0.41981631294963917], [0.15053412773708152, 0.36609367441860413], [0.15790513824328437, 0.0], [0.0, 0.40292610198300266], [0.10703513763127856, 0.35140064186046555], [0.11175108389984786, 0.0], [0.0, 0.3982315790697672], [0.05980830428460519, 0.34242018592964785]]
0.0619, [[0.0, 0.27150027135678323], [0.0, 0.366446558139535], [0.15268008379280373, 0.0], [0.0, 0.0], [0.0, 0.22215305276381525], [0.0, 0.0], [0.0, 0.0], [0.0, 0.15876978077889242], [0.0, 0.14026133919597428], [0.0, 0.1210003115577876]]
0.0500, [[0.0, 0.4004181728045325], [0.0, 0.38926310465116265], [0.0, 0.3802309151162786], [0.0, 0.37879716162790694], [0.0, 0.36708207558139516], [0.0, 0.36100496046511665], [0.0, 0.3590778232558137], [0.0, 0.33273791834170685], [0.0, 0.3192215590452273], [0.0, 0.206946070351759]]
0.2313, [[0.3609406643637213, 0.3527399662790702], [0.0, 0.5792356420863287], [0.0, 0.4444666043165439], [0.31733400651708055, 0.1954416388190906], [0.0, 0.4107481079136675], [0.17176544520489959, 0.014659255025125467], [0.17209319159983863, 0.0], [0.0, 0.3123943743718599], [0.0, 0.4035590679886688], [0.0, 0.2946147983668374]]
0.1328, [[0.4090226136700313, 0.0], [0.15397244719235648, 0.0904548059045167], [0.1522110407057074, 0.2390463454773888], [0.13211948040266802, 0.0], [0.10838255085086979, 0.31442139698492516], [0.020800691577439658, 0.0], [0.0, 0.3719038395348834], [0.0, 0.0], [0.0, 0.34251722424623093], [0.0, 0.01595956846733251]]
0.2250, [[0.2551605153971419, 0.25762810489949395], [0.0, 0.4062407762039662], [0.5910223324875832, 0.14756077701004802], [0.10959522274850059, 0.21577871356784067], [0.0, 0.39201298372093024], [0.4699518219804084, 0.14302800942210672], [0.08552143989180457, 0.209354777010052], [0.0, 0.3909915813953483], [0.20204921209726856, 0.0], [0.16113007468912707, 0.07289518341708602]]
0.1740, [[0.0, 0.5087711708633068], [0.37809818813878027, 0.13637549371859195], [0.1539211233287228, 0.2905844736180876], [0.0, 0.5060852176258973], [0.3396207613729361, 0.08762559987436883], [0.1576185800046632, 0.11195418404522624], [0.01718513277153521, 0.2450195929648221], [0.15231083710721727, 0.21376462939698448], [0.0, 0.43822309712230184], [0.15220747654851063, 0.09647333793969691]]
0.0506, [[0.0, 0.26911528517587857], [0.0, 0.3770621499999995], [0.0, 0.40648394617563743], [0.0, 0.21716097047738434], [0.0, 0.3599982616279068], [0.0, 0.40417212181303136], [0.0, 0.40246329461756375], [0.0, 0.3755068476744189], [0.0, 0.3497518906976748], [0.0, 0.27269492085427294]]
