0.8674, [[0.9827593357414214, 0.7010897835318484], [0.9623693229765917, 0.44503348682926913], [0.8494772919063671, 0.5697097014634143], [0.8998668680063814, 0.4147644351219534], [0.885291037099246, 0.0], [0.8747124562192751, 0.0], [0.8686963930470776, 0.0], [0.8685752642583755, 0.0], [0.8658296783811315, 0.0], [0.8639723702877012, 0.0]]
0.0881, [[0.7809183975010588, 0.0], [0.7271775915802899, 0.0], [0.698155371703514, 0.0], [0.7260066799561712, 0.0], [0.6853890094164383, 0.0], [0.680933392851523, 0.0], [0.696690182428798, 0.0], [0.6932914237013827, 0.0], [0.6792880573545057, 0.0], [0.6362211004763747, 0.0]]
0.6959, [[0.9519118708853229, 0.5078851141463435], [0.8858159285169545, 0.5651685385365859], [0.909557171102538, 0.0], [0.8613479131991588, 0.0], [0.8869464638781726, 0.0], [0.8685752642583755, 0.0], [0.8615094182507613, 0.0], [0.8020755592610007, 0.0], [0.8610652793588544, 0.0], [0.8586023273219144, 0.0]]
0.0953, [[0.8532726606190283, 0.0], [0.7795859808253373, 0.0], [0.7575809175444815, 0.0], [0.7391289653988833, 0.0], [0.7453469098855836, 0.0], [0.7337992986959972, 0.0], [0.731255594133256, 0.0], [0.7207173895161856, 0.0], [0.7262893137964757, 0.0], [0.6918622636711268, 0.0]]
0.5265, [[0.864335756653807, 0.0], [0.8884807618683974, 0.43263206829268425], [0.8047807688753443, 0.0], [0.7992088445950546, 0.0], [0.6586913392714062, 0.0], [0.6139670371481044, 0.0], [0.6281505497172826, 0.0], [0.6166692304826219, 0.0], [0.6064008958114556, 0.0], [0.5896472971374476, 0.0]]
0.0934, [[0.8339324306896159, 0.0], [0.8267454558932996, 0.0], [0.780070495980145, 0.0], [0.6953811198800761, 0.0], [0.6740397974114651, 0.0], [0.7265719476367801, 0.0], [0.6641437649330547, 0.0], [0.669764327068851, 0.0], [0.6539955277434226, 0.0], [0.6592317779383097, 0.0]]
0.0996, [[0.8322770039106889, 0.0], [0.8931644083648732, 0.0], [0.8716438602388252, 0.0], [0.8963541331340247, 0.0], [0.7400172431826976, 0.0], [0.6514854903793597, 0.0], [0.6257125708421403, 0.0], [0.6360769834985337, 0.0], [0.6129221890587577, 0.0], [0.637313987558335, 0.0]]
0.8078, [[0.9543344466593621, 0.6150005903676854], [0.9031777215642351, 0.66878232418436], [0.9334599187397247, 0.0], [0.8601770015750401, 0.0], [0.7924660086906452, 0.0], [0.7820489328622772, 0.0], [0.798562824388644, 0.0], [0.8111602184136475, 0.0], [0.7671904681148369, 0.0], [0.8029638370448149, 0.0]]
0.0900, [[0.800056746115968, 0.0], [0.7494652887014501, 0.0], [0.7365448845732413, 0.0], [0.6648403303259526, 0.0], [0.662078088250668, 0.0], [0.343325590712012, 0.0], [0.5816993537241051, 0.0], [0.5802230666056315, 0.0], [0.47756912237580273, 0.0], [0.58142621803399, 0.0]]
0.0927, [[0.8270280897336041, 0.0], [0.6866019939799329, 0.0], [0.6311649965037887, 0.0], [0.6242593913155775, 0.0], [0.622433909596259, 0.0], [0.6172697178902924, 0.0], [0.6172336886458322, 0.0], [0.6170535424235309, 0.0], [0.6163329575343264, 0.0], [0.6155523239043547, 0.0]]
0.0947, [[0.8472162211839305, 0.0], [0.6895804115219788, 0.0], [0.6314412207113171, 0.0], [0.6341674335421413, 0.0], [0.6218454319367419, 0.0], [0.5799454162760104, 0.0], [0.5851688541844934, 0.0], [0.5874615229735268, 0.0], [0.5806542146784579, 0.0], [0.5793314253031895, 0.0]]
0.0920, [[0.8200833725146919, 0.0], [0.7035978540463089, 0.0], [0.6956933733320648, 0.0], [0.6316573961780786, 0.0], [0.6315493084446978, 0.0], [0.6312610744890159, 0.0], [0.6283547154358906, 0.0], [0.5910043986787831, 0.0], [0.5789431663056704, 0.0], [0.5792749923093641, 0.0]]
0.0904, [[0.8036502335141263, 0.0], [0.732628387071878, 0.0], [0.6256525221013731, 0.0], [0.6222537633739579, 0.0], [0.6253042394049242, 0.0], [0.6231184652410034, 0.0], [0.6222417536258045, 0.0], [0.6198518137432757, 0.0], [0.619683677269128, 0.0], [0.6181704490017982, 0.0]]
0.0758, [[0.657982764130355, 0.0], [0.6368816366248122, 0.0], [0.6309007820444137, 0.0], [0.6223978803517988, 0.0], [0.6199358819803495, 0.0], [0.6187108876687017, 0.0], [0.6186508389279346, 0.0], [0.6133545399922805, 0.0], [0.6110606780949791, 0.0], [0.5950757033027892, 0.0]]
0.0970, [[0.8695846708308919, 0.0], [0.8154804785440173, 0.0], [0.7987243294402464, 0.0], [0.7971092789242203, 0.0], [0.7545526978269326, 0.0], [0.7458718013032922, 0.0], [0.7424398189567367, 0.0], [0.6868541986911545, 0.0], [0.6800927104807842, 0.0], [0.6694881028613225, 0.0]]
0.0985, [[0.8850084032589415, 0.0], [0.8402715039650183, 0.0], [0.8067188294945757, 0.0], [0.7882668773489775, 0.0], [0.7544315690382305, 0.0], [0.7524935084189991, 0.0], [0.73521246789752, 0.0], [0.7240686193369398, 0.0], [0.6980833132145935, 0.0], [0.6851368047052168, 0.0]]
0.0731, [[0.6271537406205495, 0.0], [0.6300480899255215, 0.0], [0.6267454091833335, 0.0], [0.6211368567956906, 0.0], [0.6273819258354643, 0.0], [0.618722897416855, 0.0], [0.6305284798516579, 0.0], [0.6232145432262307, 0.0], [0.6134386082293544, 0.0], [0.5990749494378751, 0.0]]
1.0131, [[0.9821536917979116, 0.8361624742268047], [0.7163971293858158, 0.0], [0.7210807758822916, 0.0], [0.6740518071596187, 0.0], [0.6739797486706981, 0.0], [0.6441475342576257, 0.0], [0.5979820623559147, 0.0], [0.5959644246661416, 0.0], [0.6163449672824798, 0.0], [0.5889987707371634, 0.0]]
0.3666, [[0.9789235907658593, 0.2397805412541192], [0.8902573174360263, 0.0], [0.90039175942409, 0.0], [0.8513749762626978, 0.0], [0.8989785902225671, 0.0], [0.8966367669743291, 0.0], [0.8395447312328064, 0.0], [0.8376874231393763, 0.0], [0.8443091302550836, 0.0], [0.6730910273073457, 0.0]]
0.0962, [[0.8623169435087743, 0.0], [0.7963017536662073, 0.0], [0.800743142585279, 0.0], [0.768119122161552, 0.0], [0.6956933733320648, 0.0], [0.662486419687884, 0.0], [0.6522180850167179, 0.0], [0.6614295618503838, 0.0], [0.6122496431621667, 0.0], [0.6420698478270856, 0.0]]
0.1021, [[0.9214277923953301, 0.0], [0.6953210711393091, 0.0], [0.694060047583201, 0.0], [0.6901808989296493, 0.0], [0.6847765122606144, 0.0], [0.6840198981269496, 0.0], [0.6697162880762373, 0.0], [0.6680829623273735, 0.0], [0.6672542897047881, 0.0], [0.6669420362527995, 0.0]]
0.0925, [[0.8252515341659755, 0.0], [0.6293154952881634, 0.0], [0.6287630468731065, 0.0], [0.6220135684108896, 0.0], [0.5824058948067997, 0.0], [0.600708275186739, 0.0], [0.595039674058329, 0.0], [0.587905883655203, 0.0], [0.5918450810495218, 0.0], [0.5889026927519362, 0.0]]
0.0983, [[0.8832318476913126, 0.0], [0.7819278040735751, 0.0], [0.785682796523336, 0.0], [0.7493845361756489, 0.0], [0.690084820944422, 0.0], [0.6898446259813538, 0.0], [0.6661373831265208, 0.0], [0.6158645773563434, 0.0], [0.6598562848422871, 0.0], [0.6842721028381711, 0.0]]
0.6830, [[0.8251304053772734, 0.5910245427239773], [0.9039044942964467, 0.0], [0.8970809058662365, 0.49744115512195086], [0.8982114412274549, 0.0], [0.8825050749591008, 0.0], [0.8705133248776069, 0.0], [0.8265435745787963, 0.0], [0.8221829381855258, 0.0], [0.8096662966863235, 0.0], [0.809504791634721, 0.0]]
0.0965, [[0.8646183904941118, 0.0], [0.7677557357954459, 0.0], [0.6825306893559265, 0.0], [0.6633751410512364, 0.0], [0.6073616756637286, 0.0], [0.6261209022793561, 0.0], [0.6200799989581905, 0.0], [0.5935624750354596, 0.0], [0.5936105140280732, 0.0], [0.5936105140280732, 0.0]]
0.0998, [[0.8978076785984483, 0.0], [0.8783463198803338, 0.0], [0.8608230217814503, 0.0], [0.8388987110263959, 0.0], [0.8624784485603773, 0.0], [0.8606615167298479, 0.0], [0.833892054426715, 0.0], [0.8510115898965916, 0.0], [0.8465702009775198, 0.0], [0.7790610894076286, 0.0]]
0.1083, [[0.9832438508962291, 0.0], [0.8846046406299349, 0.0], [0.8830703426397101, 0.0], [0.8766101405756057, 0.0], [0.8683330066809718, 0.0], [0.8658296783811315, 0.0], [0.8340535594783175, 0.0], [0.8147133295489051, 0.0], [0.8120888724603625, 0.0], [0.8265435745787963, 0.0]]
0.0798, [[0.6975308647995367, 0.0], [0.6262890387535038, 0.0], [0.6238150306339013, 0.0], [0.6178822150461163, 0.0], [0.6143873783334738, 0.0], [0.6139310079036442, 0.0], [0.6128381208216838, 0.0], [0.6122376334140133, 0.0], [0.6122376334140133, 0.0], [0.6100278397537857, 0.0]]
0.0933, [[0.833084529168702, 0.0], [0.6672422799566348, 0.0], [0.6467176203624556, 0.0], [0.6494318234451265, 0.0], [0.6215211687365998, 0.0], [0.6028099811135859, 0.0], [0.5975136821779317, 0.0], [0.5939107577319084, 0.0], [0.370726576268109, 0.0], [0.5982943158079034, 0.0]]
0.0770, [[0.670436872965442, 0.0], [0.6648163108296457, 0.0], [0.6499842718601834, 0.0], [0.6499122133712629, 0.0], [0.6277061890356064, 0.0], [0.6255444343679925, 0.0], [0.6246797325009469, 0.0], [0.6116971947471098, 0.0], [0.6101479372353198, 0.0], [0.6101479372353198, 0.0]]
0.9147, [[0.98328422715913, 0.7441166545831173], [0.9609157775121685, 0.6775342019678919], [0.898857461433865, 0.5307591200000017], [0.9857471791960699, 0.0], [0.9576049239543147, 0.0], [0.8358704913088468, 0.0], [0.7802320010317478, 0.0], [0.7593574731121101, 0.0], [0.7408651447036114, 0.0], [0.7103003136878171, 0.0]]
0.7828, [[0.9418178051601598, 0.0], [0.8365568877781583, 0.0], [0.8985344513306601, 0.6795854168824444], [0.8778618047255257, 0.0], [0.8956273604018128, 0.1567230627062678], [0.8165302613794344, 0.0], [0.76553504133591, 0.0], [0.6918862831674336, 0.0], [0.7391289653988833, 0.0], [0.6714096625658683, 0.0]]
0.0851, [[0.7514841018464828, 0.0], [0.748940397283742, 0.0], [0.6101479372353198, 0.0], [0.6126219453549224, 0.0], [0.6203442134175655, 0.0], [0.6179662832831903, 0.0], [0.6070013832191262, 0.0], [0.6395838299593297, 0.0], [0.6270216333908619, 0.0], [0.6184827024537869, 0.0]]
0.1056, [[0.7836639833783032, 0.0], [0.8320347463332849, 0.0], [0.9562321310156927, 0.0], [0.7047283894075272, 0.0], [0.658451144308338, 0.0], [0.658451144308338, 0.0], [0.6574783547079117, 0.0], [0.6118533214731041, 0.0], [0.6187709364094688, 0.0], [0.6160567333267979, 0.0]]
0.1056, [[0.9561110022269906, 0.0], [0.8120888724603625, 0.0], [0.8123311300377667, 0.0], [0.7327898921234809, 0.0], [0.7321034956541695, 0.0], [0.6716738770252433, 0.0], [0.6891000215958424, 0.0], [0.6890519826032286, 0.0], [0.6702687364912943, 0.0], [0.6815578997555004, 0.0]]
0.0802, [[0.7022654373705873, 0.0], [0.6915500102191381, 0.0], [0.6893041873144503, 0.0], [0.673799602448397, 0.0], [0.6648403303259526, 0.0], [0.6632910728141626, 0.0], [0.652986708898536, 0.0], [0.6517376950905813, 0.0], [0.6514014221422858, 0.0], [0.6472460492812058, 0.0]]
0.0961, [[0.8613882894620597, 0.0], [0.791456602118129, 0.0], [0.661957990769134, 0.0], [0.6359568860169996, 0.0], [0.6327382735118855, 0.0], [0.6157684993711161, 0.0], [0.6277662377763734, 0.0], [0.6182304977425652, 0.0], [0.6016810647871652, 0.0], [0.6193233848245256, 0.0]]
0.7473, [[0.9586143305268311, 0.6059201719316416], [0.9519118708853229, 0.5078851141463435], [0.9555457345463816, 0.4630764682926851], [0.8321558751219869, 0.42617102048780736], [0.8487908954370558, 0.0], [0.833326786746106, 0.0], [0.852949650515823, 0.0], [0.8322366276477882, 0.0], [0.867363976371356, 0.0], [0.8330037766429008, 0.0]]
0.0911, [[0.8105949507330386, 0.0], [0.7946867031501812, 0.0], [0.6989239955853322, 0.0], [0.6826868160819209, 0.0], [0.6778108583316362, 0.0], [0.6763937080495337, 0.0], [0.6759853766123177, 0.0], [0.6747003335599028, 0.0], [0.674676314063596, 0.0], [0.6738236219447038, 0.0]]
0.0781, [[0.6695721710983964, 0.0], [0.6811976073108981, 0.0], [0.5956281517178462, 0.0], [0.6297598559698396, 0.0], [0.6279944229912883, 0.0], [0.6142792906000931, 0.0], [0.600564158208898, 0.0], [0.6023896399282165, 0.0], [0.605067813766427, 0.0], [0.6246797325009469, 0.0]]
0.6708, [[0.976299133677317, 0.5232424039024406], [0.8966367669743291, 0.0], [0.8751162188482815, 0.0], [0.8161264987504279, 0.0], [0.7954538521452937, 0.0], [0.7959383673001015, 0.0], [0.7516456068980856, 0.0], [0.734404942639507, 0.0], [0.6796243303028012, 0.0], [0.6444237584651542, 0.0]]
0.5193, [[0.8324385089622914, 0.45692138536585375], [0.6676746308901574, 0.0], [0.6566857113297866, 0.0], [0.6486391800670014, 0.0], [0.6503085350603255, 0.0], [0.6507288762456949, 0.0], [0.6434990078573416, 0.0], [0.6141952223630193, 0.0], [0.6201880866915712, 0.0], [0.6201880866915712, 0.0]]
1.0243, [[0.980942403910892, 0.6987817545313305], [0.9608754012492677, 0.7635174850746271], [0.9668107118956636, 0.8494025724104064], [0.978640956925555, 0.7111009984464005], [0.915290600434431, 0.0], [0.9010781558934009, 0.5971410875194197], [0.9112529741443657, 0.0], [0.912948777186193, 0.0], [0.8762063779465992, 0.0], [0.9055599210753735, 0.0]]
0.8399, [[0.9600274997283538, 0.6923581046090107], [0.6717219160178569, 0.0], [0.6538273912692748, 0.0], [0.6533830305875986, 0.0], [0.6435350371018018, 0.0], [0.6241873328266571, 0.0], [0.6155763434006615, 0.0], [0.611469009532195, 0.0], [0.6110126391023654, 0.0], [0.6105562686725358, 0.0]]
0.1085, [[0.9850607827267586, 0.0], [0.8676869864745612, 0.0], [0.7818874278106743, 0.0], [0.695609305094991, 0.0], [0.656433506618565, 0.0], [0.6945644570056443, 0.0], [0.6877309103063535, 0.0], [0.6521460265277973, 0.0], [0.625003995701089, 0.0], [0.6135346862145816, 0.0]]
0.5388, [[0.8779425572513273, 0.0], [0.8605403879411458, 0.0], [0.8542416909286439, 0.0], [0.839383226181204, 0.4695124663414641], [0.8391409686037998, 0.0], [0.8347803322105294, 0.0], [0.8270280897336041, 0.0], [0.8223848195000291, 0.0], [0.8223848195000291, 0.0], [0.7863288167297461, 0.0]]
0.7260, [[0.9037026129819434, 0.0], [0.8728551481258449, 0.582170165853658], [0.8946987063550982, 0.0], [0.8330441529058012, 0.6457127519419988], [0.8969194008146341, 0.0], [0.89421419120029, 0.0], [0.8877943653990863, 0.0], [0.8830299663768093, 0.0], [0.8644165091796085, 0.0], [0.8346592034218273, 0.0]]
0.0959, [[0.7471234654532126, 0.0], [0.8588849611622189, 0.0], [0.826099435686889, 0.0], [0.8246458902224657, 0.0], [0.8195584810969834, 0.0], [0.7565715109719652, 0.0], [0.7408651447036114, 0.0], [0.707877737913778, 0.0], [0.6456727722731089, 0.0], [0.6626305366657249, 0.0]]
0.0796, [[0.6956453343394513, 0.0], [0.6414693604194152, 0.0], [0.6163329575343264, 0.0], [0.5822591690228535, 0.0], [0.5814397619525081, 0.0], [0.3485180149155645, 0.0], [0.5805232901327829, 0.0], [0.33412936953222583, 0.0], [0.57913729580443, 0.0], [0.3155492491893929, 0.0]]
1.0240, [[0.9776719266159393, 0.8502297889052521], [0.9776315503530386, 0.7721470397643581], [0.7572579074412762, 0.0], [0.7553198468220448, 0.0], [0.7508380816400726, 0.0], [0.8558163651817695, 0.0], [0.768119122161552, 0.0], [0.7585095715911966, 0.0], [0.7011457989937133, 0.0], [0.7256432935900651, 0.0]]
0.8151, [[0.9967295227050473, 0.6224638632832725], [0.985706802933169, 0.6433977151734852], [0.9005936407385932, 0.10144047524752871], [0.8451166555130966, 0.0], [0.7491422785982452, 0.0], [0.7426013240083392, 0.0], [0.723584104182132, 0.0], [0.6737755829520902, 0.0], [0.6360529640022269, 0.0], [0.6734633295001015, 0.0]]
0.0968, [[0.7331129022266858, 0.0], [0.8680907491035679, 0.0], [0.8009046476368819, 0.0], [0.6851848436978304, 0.0], [0.753906677620522, 0.0], [0.6618859322802135, 0.0], [0.6770062052053576, 0.0], [0.6814978510147334, 0.0], [0.6929311312567803, 0.0], [0.6587393782640198, 0.0]]
1.0783, [[0.9581701916349241, 0.0558169768976865], [0.9571204087995069, 0.5662295746341475], [0.9806597700705875, 0.4615663258536595], [0.9813057902769982, 0.895745233186058], [0.9703638230309211, 0.61781894976696], [0.9569589037479045, 0.7083189145520455], [0.98328422715913, 0.7137511714137752], [0.901885681151414, 0.6062384070429827], [0.9827593357414214, 0.6865193972035216], [0.9551823481802755, 0.0]]
0.0968, [[0.8678081152632633, 0.0], [0.7883476298747788, 0.0], [0.7491422785982452, 0.0], [0.731941990602567, 0.0], [0.7438126118953587, 0.0], [0.6827708843189948, 0.0], [0.7408247684407107, 0.0], [0.6657530711856117, 0.0], [0.6956573440876046, 0.0], [0.6882233099806434, 0.0]]
0.0935, [[0.8347803322105294, 0.0], [0.7902856904940102, 0.0], [0.7883880061376796, 0.0], [0.7428435815857433, 0.0], [0.719061962737259, 0.0], [0.7151454652358954, 0.0], [0.7136919197714721, 0.0], [0.6991641905484005, 0.0], [0.6984315959110425, 0.0], [0.6971345431104741, 0.0]]
0.0886, [[0.7861673116781437, 0.0], [0.6832873034895914, 0.0], [0.6094153425979617, 0.0], [0.5779002845797763, 0.0], [0.5775639439365766, 0.0], [0.5771869715378226, 0.0], [0.5731276021909054, 0.0], [0.569883873976998, 0.0], [0.569883873976998, 0.0], [0.5615553826169661, 0.0]]
0.8598, [[0.9723422599130529, 0.7018210647332989], [0.8611056556217548, 0.0], [0.8611056556217548, 0.0], [0.7865710743071502, 0.0], [0.7224131925580128, 0.0], [0.6933634821903032, 0.0], [0.6925948583084849, 0.0], [0.6911536885300755, 0.0], [0.6848125415050746, 0.0], [0.6895924212701321, 0.0]]
0.1006, [[0.9063270700704859, 0.0], [0.8837163628461203, 0.0], [0.8497195494837708, 0.0], [0.8362338776749529, 0.0], [0.7942829405211747, 0.0], [0.7805550111349527, 0.0], [0.7722778772403189, 0.0], [0.7589537104831036, 0.0], [0.7478502381854241, 0.0], [0.7422783139051343, 0.0]]
0.0767, [[0.6672062507121744, 0.0], [0.6546320443955534, 0.0], [0.5912926326344649, 0.0], [0.6069173149820524, 0.0], [0.5844803716598229, 0.0], [0.5829837686635722, 0.0], [0.5844735997005639, 0.0], [0.5842162652487198, 0.0], [0.5823765496500104, 0.0], [0.5819950626117505, 0.0]]
0.0985, [[0.8846450168928354, 0.0], [0.7883072536118784, 0.0], [0.8804055092882669, 0.0], [0.8741068122757653, 0.0], [0.7667059529600292, 0.0], [0.8591272187396229, 0.0], [0.8575121682235969, 0.0], [0.8655470445408266, 0.0], [0.7982398142854387, 0.0], [0.7905683243343147, 0.0]]
0.7968, [[0.9694755452471068, 0.6450503117555669], [0.9592199744703408, 0.5481794360975596], [0.9641055022813199, 0.2760388646864773], [0.9470667193372446, 0.0], [0.8864619487233647, 0.0], [0.6847885220087678, 0.0], [0.681461821770273, 0.0], [0.6768861077238235, 0.0], [0.6763816983013803, 0.0], [0.6750486162563517, 0.0]]
0.0857, [[0.7572579074412762, 0.0], [0.6330024879712606, 0.0], [0.6292794660437032, 0.0], [0.6261088925312027, 0.0], [0.6220375879071964, 0.0], [0.6220375879071964, 0.0], [0.6218334221885885, 0.0], [0.6204643108990997, 0.0], [0.6174618738607469, 0.0], [0.6151800217115989, 0.0]]
0.7590, [[0.9640651260184192, 0.61325524391507], [0.900512888212792, 0.0], [0.8826262037478028, 0.0], [0.8639723702877012, 0.0], [0.7769615237367948, 0.0], [0.7598419882669182, 0.0], [0.7337185461701956, 0.0], [0.7219690536661059, 0.0], [0.7202328743613777, 0.0], [0.7106233237910223, 0.0]]
0.8323, [[0.972705646279159, 0.6758531620921799], [0.7533414099399129, 0.0], [0.6849446487347621, 0.0], [0.6744841580931413, 0.0], [0.6748204310414369, 0.0], [0.649503881934047, 0.0], [0.6455526747915749, 0.0], [0.6484109948520866, 0.0], [0.6682991377941347, 0.0], [0.6678667868606121, 0.0]]
0.5927, [[0.9444422622487021, 0.4674458614634141], [0.8855736709395505, 0.0], [0.7846733899508196, 0.0], [0.7981186854967366, 0.0], [0.8015506678432921, 0.0], [0.784592637425018, 0.0], [0.8256552967949821, 0.0], [0.7392500941875854, 0.0], [0.7207173895161856, 0.0], [0.7469619604016098, 0.0]]
0.7787, [[0.8985344513306601, 0.6795854168824444], [0.9016030473111095, 0.0], [0.8767716456272081, 0.24162418481849612], [0.8998668680063814, 0.0], [0.8909033376424366, 0.0], [0.8877943653990863, 0.0], [0.8737838021725599, 0.0], [0.8599751202605368, 0.0], [0.8447936454098912, 0.0], [0.809948930526628, 0.0]]
0.1012, [[0.9115759842475706, 0.0], [0.840069622650515, 0.0], [0.8158438649101234, 0.0], [0.8084953850622046, 0.0], [0.7831390919605947, 0.0], [0.724270500651443, 0.0], [0.6766579225089088, 0.0], [0.7236648567079332, 0.0], [0.6929431410049338, 0.0], [0.6918502539229734, 0.0]]
0.0891, [[0.791456602118129, 0.0], [0.6913938834931438, 0.0], [0.6817980947185686, 0.0], [0.6748924895303574, 0.0], [0.6124898381252349, 0.0], [0.618746916913162, 0.0], [0.6040469851733872, 0.0], [0.6057523694111715, 0.0], [0.5989428422081876, 0.0], [0.6014288600759435, 0.0]]
0.0988, [[0.888198128028093, 0.0], [0.8818590547526906, 0.0], [0.8060728092881655, 0.0], [0.790770205648818, 0.0], [0.6596881483681393, 0.0], [0.6545479761584795, 0.0], [0.6383228064032216, 0.0], [0.6298319144587601, 0.0], [0.6331586146972549, 0.0], [0.6315733279410046, 0.0]]
0.1058, [[0.9580086865833213, 0.0], [0.8946179538292965, 0.0], [0.8837163628461203, 0.0], [0.8728551481258449, 0.0], [0.806476571917172, 0.0], [0.74510465230818, 0.0], [0.6920664293897348, 0.0], [0.6920183903971211, 0.0], [0.6764177275458405, 0.0], [0.6710733896175727, 0.0]]
0.8722, [[0.9589777168929371, 0.7235793599171413], [0.902814335198129, 0.5940135618850337], [0.8960714992937202, 0.5320742321951215], [0.8968386482888324, 0.47029258731707485], [0.8183875694728646, 0.0], [0.7002810971266678, 0.0], [0.7291560284624221, 0.0], [0.673451319751948, 0.0], [0.7121172455183464, 0.0], [0.6350201256610336, 0.0]]
1.0668, [[0.99257076762628, 0.677638906266183], [0.9819921867463091, 0.8783667353951885], [0.9868777145572879, 0.6640182786121177], [0.9620463128733865, 0.45229075902439153], [0.9600678759912546, 0.6112407167270845], [0.8927606457358668, 0.5701534400000012], [0.8502040646385786, 0.4514873775609774], [0.8915089815859463, 0.2273559867986926], [0.9152098479086294, 0.0], [0.8427748322648586, 0.21602693069306425]]
0.0967, [[0.8668794612165482, 0.0], [0.8524247590981144, 0.0], [0.8663141935359392, 0.0], [0.8420884357955476, 0.0], [0.8634071026070923, 0.0], [0.8096662966863235, 0.0], [0.8277952387287164, 0.0], [0.7661003090165194, 0.0], [0.7711877181420014, 0.0], [0.8096662966863235, 0.0]]
0.0900, [[0.7997337360127628, 0.0], [0.7012418769789406, 0.0], [0.6481227608964046, 0.0], [0.6238750793746684, 0.0], [0.6083584847604616, 0.0], [0.5914247398641524, 0.0], [0.6165971719937015, 0.0], [0.5890708292260839, 0.0], [0.6104481809391551, 0.0], [0.5857921679802027, 0.0]]
0.1000, [[0.8995842341660769, 0.0], [0.8676869864745612, 0.0], [0.8304600720801596, 0.0], [0.7940003066808702, 0.0], [0.7519686170012909, 0.0], [0.7444586321017693, 0.0], [0.7431665916889486, 0.0], [0.7444586321017693, 0.0], [0.7153473465503987, 0.0], [0.7072317177073677, 0.0]]
0.6287, [[0.9085477645300217, 0.5233551278048778], [0.7155492278649019, 0.0], [0.7065453212380567, 0.0], [0.6829630402894494, 0.0], [0.6626065171694181, 0.0], [0.62155719798106, 0.0], [0.6619459810209806, 0.0], [0.6389353035590455, 0.0], [0.6341554237939879, 0.0], [0.6232745919669977, 0.0]]
0.8271, [[0.9660839391634517, 0.6758341998964268], [0.8414827918520378, 0.6570105106162609], [0.8345380746331257, 0.6631175743138271], [0.8372432842474693, 0.0], [0.7826142005428861, 0.0], [0.7103406899507179, 0.0], [0.7247550158062508, 0.0], [0.6855091068979725, 0.0], [0.719506101629166, 0.0], [0.7086045106459897, 0.0]]
0.7055, [[0.8905399512763308, 0.6122082009321597], [0.881899431015591, 0.0], [0.8719264940791298, 0.0], [0.8646183904941118, 0.0], [0.8621150621942711, 0.0], [0.8419673070068456, 0.0], [0.8388987110263959, 0.0], [0.8032464708851198, 0.0], [0.7936772965776648, 0.0], [0.7917796122213342, 0.0]]
0.0951, [[0.8514153525255982, 0.0], [0.8453589130905003, 0.0], [0.8200026199888907, 0.0], [0.8089799002170124, 0.0], [0.7765981373706891, 0.0], [0.7648082686036982, 0.0], [0.7551987180333432, 0.0], [0.7505958240626686, 0.0], [0.7475272280822192, 0.0], [0.743206967951849, 0.0]]
0.8545, [[0.969556297772908, 0.6989379865354737], [0.963419105812009, 0.6982264919730709], [0.9070134665397972, 0.23964694389438826], [0.9221949413904423, 0.0], [0.8845238881041333, 0.19388984818481514], [0.8664756985875417, 0.0], [0.7931524051599567, 0.0], [0.7577020463331835, 0.0], [0.7512418442690791, 0.0], [0.8267050796303987, 0.0]]
0.7946, [[0.9821940680608123, 0.6342319668565508], [0.8973635397065409, 0.5906024277576382], [0.955586110809282, 0.5673371317073156], [0.966285820477955, 0.5059276546341481], [0.892155001792357, 0.530530093658538], [0.9546170804996665, 0.0], [0.9546170804996665, 0.0], [0.925990310103104, 0.0], [0.8864619487233647, 0.0], [0.8824646986962003, 0.0]]
0.0898, [[0.7980783092338362, 0.0], [0.7296809198801304, 0.0], [0.7241897481256419, 0.0], [0.6869142474319215, 0.0], [0.6348039501942722, 0.0], [0.5946793816137267, 0.0], [0.5777174416797818, 0.0], [0.5519118663053503, 0.0], [0.5779025418995293, 0.0], [0.34169904819041697, 0.0]]
1.0377, [[0.9901078155893401, 0.8518853804614622], [0.9901078155893401, 0.6558690688762295], [0.9063270700704859, 0.6127770668047643], [0.8953447265615083, 0.5894651082340755], [0.9047120195544597, 0.4184664312195121], [0.8878751179248876, 0.5312100156097572], [0.8166513901681365, 0.45844405268292837], [0.8314291023897751, 0.0], [0.8662738172730384, 0.0], [0.865991183432734, 0.0]]
0.7104, [[0.8955466078760116, 0.6127770668047643], [0.9037429892448442, 0.0], [0.7651312787069035, 0.0], [0.8382526908199857, 0.0], [0.8118062386200581, 0.0], [0.7669885868003337, 0.0], [0.6757812108937097, 0.0], [0.6868662084393079, 0.0], [0.7273794728947932, 0.0], [0.704163121726918, 0.0]]
0.0820, [[0.7202328743613777, 0.0], [0.6651525837779412, 0.0], [0.6617057860579123, 0.0], [0.5900796480709704, 0.0], [0.5853133226486865, 0.0], [0.5852207725388128, 0.0], [0.5847647939487032, 0.0], [0.582708375653704, 0.0], [0.5826767731771618, 0.0], [0.5815007095858395, 0.0]]
0.6530, [[0.9568781512221032, 0.0], [0.951185098153111, 0.0], [0.9214277923953301, 0.0], [0.9054791685495723, 0.544332509268294], [0.896556014448528, 0.5134837346341474], [0.8860581860943582, 0.0], [0.8860581860943582, 0.0], [0.8826665800107035, 0.0], [0.881899431015591, 0.0], [0.8737434259096591, 0.0]]
0.5127, [[0.8304600720801596, 0.4369084195121966], [0.9081036256381148, 0.0], [0.9618040552959828, 0.0], [0.896556014448528, 0.0], [0.8238787412273532, 0.0], [0.8137846755021899, 0.0], [0.8042962537205366, 0.0], [0.7651716549698042, 0.0], [0.7753868494836694, 0.0], [0.7403402532859029, 0.0]]
0.0995, [[0.8953447265615083, 0.0], [0.8863408199346627, 0.0], [0.7912547208036257, 0.0], [0.7959383673001015, 0.0], [0.7833005970121972, 0.0], [0.7468004553500073, 0.0], [0.7545930740898333, 0.0], [0.7447412659420739, 0.0], [0.7341223087992022, 0.0], [0.7263296900593764, 0.0]]
0.0963, [[0.8628014586635825, 0.0], [0.8288450215641334, 0.0], [0.8109583370991442, 0.0], [0.7587114529056999, 0.0], [0.7583884428024945, 0.0], [0.7513629730577811, 0.0], [0.7407036396520086, 0.0], [0.7280658693641042, 0.0], [0.7168412682777231, 0.0], [0.6942522035536556, 0.0]]
0.7712, [[0.9072153478543005, 0.6656552107716206], [0.7912950970665265, 0.0], [0.783340973275098, 0.0], [0.732628387071878, 0.0], [0.7309325840300507, 0.0], [0.7001850191414405, 0.0], [0.6814498120221196, 0.0], [0.6963779289768093, 0.0], [0.6963659192286559, 0.0], [0.655208512306917, 0.0]]
0.0932, [[0.8318732412816824, 0.0], [0.7927890187938506, 0.0], [0.5973095164593237, 0.0], [0.4454825135571536, 0.0], [0.6323299420746695, 0.0], [0.6045273750995236, 0.0], [0.624331449804498, 0.0], [0.3743550172778206, 0.0], [0.6144834563187012, 0.0], [0.5997835245789264, 0.0]]
0.0733, [[0.6329304294823401, 0.0], [0.6216772954625942, 0.0], [0.5972374579704032, 0.0], [0.5917009640716808, 0.0], [0.5863085871507994, 0.0], [0.5858522167209698, 0.0], [0.5857801582320493, 0.0], [0.5853584690437469, 0.0], [0.5853449251252287, 0.0], [0.58524108841659, 0.0]]
0.8169, [[0.9665280780553591, 0.6659656136716722], [0.9512658506789122, 0.6560298353184879], [0.9075787342204061, 0.0], [0.7854809152088327, 0.0], [0.8833529764800145, 0.0], [0.7505150715368673, 0.0], [0.8851295320476431, 0.0], [0.8044173825092386, 0.0], [0.8138250517650908, 0.0], [0.8076878598041917, 0.0]]
0.0957, [[0.8567046429655838, 0.0], [0.8530304030416243, 0.0], [0.798562824388644, 0.0], [0.7827353293315882, 0.0], [0.768119122161552, 0.0], [0.7221709349806091, 0.0], [0.7076758565992747, 0.0], [0.6949607786947067, 0.0], [0.6850887657126031, 0.0], [0.6937838233756726, 0.0]]
0.0926, [[0.7593978493750109, 0.0], [0.826220564475591, 0.0], [0.7387655790327772, 0.0], [0.8054267890817549, 0.0], [0.7869344606732559, 0.0], [0.7386040739811748, 0.0], [0.7829775869089919, 0.0], [0.7399364906568964, 0.0], [0.7106233237910223, 0.0], [0.6710974091138795, 0.0]]
1.0234, [[0.984657020097752, 0.6253321015018125], [0.984212881205845, 0.8436097398134512], [0.9655994240086441, 0.1826810297029779], [0.9677797422052794, 0.0], [0.9562321310156927, 0.0], [0.95421331787066, 0.0], [0.94121216121665, 0.0], [0.93131997680599, 0.0], [0.8907822088537345, 0.0], [0.8775791708852212, 0.0]]
0.0976, [[0.8760044966320959, 0.0], [0.63859903061075, 0.0], [0.6270696723834756, 0.0], [0.6239351281154354, 0.0], [0.5968771655258008, 0.0], [0.5927698316573344, 0.0], [0.5918691005458286, 0.0], [0.5904639600118795, 0.0], [0.5842749555622984, 0.0], [0.5802320958846436, 0.0]]
0.0934, [[0.8339324306896159, 0.0], [0.6882593392251036, 0.0], [0.6683231572904417, 0.0], [0.6497320671489618, 0.0], [0.6115530777692689, 0.0], [0.6461411524510919, 0.0], [0.6106043076651494, 0.0], [0.6098356837833311, 0.0], [0.6098236740351777, 0.0], [0.6066290810263705, 0.0]]
0.0962, [[0.8481448752306455, 0.0], [0.7710665893532993, 0.0], [0.8621150621942711, 0.0], [0.856220127810776, 0.0], [0.7889128975553881, 0.0], [0.7924256324277448, 0.0], [0.7858846778378392, 0.0], [0.7625875741441622, 0.0], [0.6632070045770887, 0.0], [0.6668459582675722, 0.0]]
0.0976, [[0.875519981477288, 0.0], [0.8267050796303987, 0.0], [0.747042712927411, 0.0], [0.6853890094164383, 0.0], [0.6505967690160074, 0.0], [0.6379745237067727, 0.0], [0.6330505269638742, 0.0], [0.6292314270510896, 0.0], [0.6268655066648676, 0.0], [0.6265772727091857, 0.0]]
