mean:0.758153,,,,,,,,,,,,,,,,,,,,
0.7651, [[0.1847571471567728, 0.7282610294117627], [0.5037812997689641, 0.6429328687350825], [0.3915048721318073, 0.6638611273866328], [0.3193598832750726, 0.6750289534606189], [0.6217763909530056, 0.62567043943914], [0.9165441703151519, 0.5379256402147954], [0.6611325267474593, 0.609466307875894], [0.8219589415736759, 0.5490772744630052], [0.8160716507683577, 0.6006281616945088], [0.6462493382856969, 0.6141438025059648]]
0.7032, [[0.10579930115418484, 0.7457911764705871], [0.07732879741258815, 0.7495117647058815], [0.3668, 0.6653358788782815], [0.8370840734931912, 0.5812005614558473], [0.13429942396105432, 0.7436661764705865], [0.051336422132142887, 0.7534727941176455], [0.4176274339491762, 0.6484419755369921], [0.438661851533805, 0.6396413943914083], [0.4554365979379985, 0.632570747911693], [0.4874977719002085, 0.5546958380071582]]
0.6953, [[0.11606066176755872, 0.7271882352941179], [0.3668, 0.6530145471360369], [0.03737596936693047, 0.7439294117647057], [0.12888900803790262, 0.7068066176470581], [0.18670213244301523, 0.6704732213603819], [0.8406912304996871, 0.523368541169451], [0.2693656593135847, 0.6668961232100238], [0.5937842660530015, 0.6205777863961803], [0.7638631852332791, 0.5533473827565628], [0.5459381143774045, 0.5661615936754165]]
0.7409, [[0.22875133210853169, 0.6616175880071595], [0.4523279910868716, 0.6122791518496402], [0.0, 0.7706735294117649], [0.9432166036274139, 0.44323999999999425], [0.1271349011723065, 0.7459338235294111], [0.7376453123567953, 0.5760716387231497], [0.40987058006122346, 0.6383609448090694], [0.7380558830729818, 0.5386814746420046], [0.42819229827104777, 0.6204048576968958], [0.16145352480164088, 0.665311914976132]]
0.7831, [[0.9559296325893333, 0.2221942879612825], [0.31225339792597784, 0.6916301470588224], [0.6148113520176981, 0.6526920059665857], [0.3668, 0.6761371220167048], [0.9530409743361635, 0.41033600000000225], [0.8864478704946914, 0.6069675853221941], [0.8945639737593081, 0.5032330343078749], [0.8619529283022047, 0.5371121628878278], [0.8165335428240679, 0.5971236029236267], [0.4837659773548699, 0.6085725190930771]]
0.7805, [[0.19977072224279355, 0.6978066176470591], [0.0, 0.8159410698560539], [0.3118453224367443, 0.6843529411764704], [0.4160511356638171, 0.6554698755966573], [0.402810230066801, 0.665725130369928], [0.6422242789430822, 0.6236522902744632], [0.9171306999097041, 0.6201347780429587], [0.9185750290362892, 0.13594591167574077], [0.7892819115371859, 0.5983250363961797], [0.23089377782992565, 0.6677685387828156]]
0.7428, [[0.1387751938244888, 0.720017647058822], [0.7566708660800827, 0.6106366530429581], [0.844987559779782, 0.536513065334127], [0.9424614467744277, 0.0], [0.8882514489979394, 0.5136022795346061], [0.3668, 0.6621881879474933], [0.8978045497692088, 0.4769789603221951], [0.36928273211820994, 0.6378518738066817], [0.12227737446757916, 0.731015441176471], [0.19888215028461173, 0.6770989164677804]]
0.8059, [[0.3668, 0.6761371220167048], [0.5504470606355245, 0.6251425859188541], [1.0, 0.5403038955847249], [0.7264792552005073, 0.6102972723747012], [0.7655861159172762, 0.5851299937350823], [0.512535253967656, 0.6352870886038182], [0.12888900803790262, 0.7068066176470581], [0.2628065923037059, 0.6643060787589496], [0.3928612218192093, 0.6343421336515506], [0.8817409704984102, 0.5170537291169448]]
0.7059, [[0.12227737446757916, 0.731015441176471], [0.3002898189489309, 0.6708864367541757], [0.6096938813052304, 0.5773507929594254], [0.0, 0.8041872662997467], [0.8017456654214203, 0.577263357100239], [0.38960598256944445, 0.6467936476730295], [0.3668, 0.6650198144391402], [0.875039869880651, 0.18663617664851714], [0.5065306572434276, 0.6378952678997614], [0.14865808860382226, 0.729116911764706]]
0.6274, [[0.3668, 0.6688624585322183], [0.2305679681119256, 0.6986360294117634], [0.3938289956502202, 0.6533448603818617], [0.28157806480845776, 0.6705664862768489], [0.6983624927616606, 0.636675699582337], [0.1362970653633371, 0.7104786764705875], [0.0, 0.8211865927180357], [0.5135690123780542, 0.6351607923627671], [0.6052362563866334, 0.6206742896778035], [0.13258810018974115, 0.7063051470588219]]
0.771, [[0.22963332205220835, 0.6843448529411759], [0.3915048721318073, 0.6638611273866328], [0.9231646231136601, 0.4262666666666643], [0.38750180764898806, 0.6773165346062034], [0.13373337071361982, 0.7418779411764698], [0.8864478704946914, 0.6069675853221941], [0.14343196908681216, 0.7085441176470574], [0.510269783408698, 0.6383272658114559], [0.8222008850314289, 0.6000705152147974], [0.1335161642349532, 0.7134624999999997]]
0.7457, [[0.5169782156463889, 0.6477185247613354], [0.20035652153374292, 0.6782614895584711], [0.7905576134053365, 0.584401361575179], [0.13601403873961998, 0.7216073529411764], [0.8994834907336146, 0.49116753341288644], [0.4065273613722754, 0.652879831145583], [0.086293501168467, 0.7439992647058808], [0.6300904479557834, 0.6062285903937927], [0.3668, 0.670992655131265], [0.8315633636844683, 0.5552204531622903]]
0.75, [[0.7078716038133387, 0.6206470874105001], [0.3668, 0.6516479570405727], [0.7682914836721484, 0.5819253075775652], [0.11573814305681138, 0.6937470588235284], [0.7114787608198346, 0.6136703535202858], [0.17553574483519688, 0.6888279411764703], [0.3980593403509279, 0.6333939403341291], [0.29216812140710796, 0.6574530504176596], [0.585690157648181, 0.6237902446300709], [0.924990196476704, 0.5319165298329349]]
0.7293, [[0.12235635864163981, 0.7157051470588219], [0.0035575788399798487, 0.7308816176470575], [0.8917193052257296, 0.29879879007864546], [0.0, 0.8203099436917877], [0.5176967143997157, 0.6395338806682579], [0.21219427462107673, 0.6656461142601422], [0.8315633636844683, 0.5552204531622903], [0.10298548995327568, 0.728430147058823], [0.3668, 0.6552483714200463], [0.6720786353057896, 0.6158167419451065]]
0.7641, [[0.5459381143774045, 0.5661615936754165], [0.8920125700230057, 0.5202098397971356], [0.6492699656976406, 0.5514438717183758], [0.984266343626137, 0.4916772520883057], [0.4724752826597398, 0.6205156097852024], [0.2266385054524103, 0.7055610294117636], [0.6921012893398162, 0.5375473991646762], [0.5129531563037748, 0.6086845665274447], [0.1568658606916205, 0.6043600536992826], [0.0838417007653356, 0.6434030793556077]]
0.7204, [[0.8765575152065547, 0.3618374954627952], [0.0, 0.8541342248094845], [0.6170694909567243, 0.6198206566229101], [0.04208869175254667, 0.7256566176470572], [0.28008510570150513, 0.657932976133651], [0.9135235429032081, 0.0], [0.09325069050030561, 0.722003676470588], [0.8487120227051888, 0.5114222121121719], [0.3668, 0.6417618758949867], [0.1770364441423484, 0.704131617647059]]
0.7667, [[0.3668, 0.6544310080548909], [0.9171306999097041, 0.6201347780429587], [0.9414423516038932, 0.012760758620687823], [0.6462786647654246, 0.6385351688544151], [0.9352617960012996, 0.5802335856205252], [0.5706676684077123, 0.6236496995823387], [0.8864478704946914, 0.6069675853221941], [0.7566708660800827, 0.6106366530429581], [0.9155690648642091, 0.14212465456745216], [0.9164708541158328, 0.12186151361161385]]
0.7587, [[0.3668, 0.6356892935560848], [0.6422242789430822, 0.6236522902744632], [0.12793790694192275, 0.7090955882352926], [0.9184650547373107, 0.5824350262529823], [0.9171306999097041, 0.6201347780429587], [0.4520347262895955, 0.6275014110978512], [0.7939888115334672, 0.5920672195704049], [0.151392915630671, 0.6131684069212398], [0.5514294977063996, 0.6100556903341285], [0.8485287322068912, 0.23599451058681]]
0.671, [[0.3668, 0.6774544889618135], [0.4001781785112478, 0.6200052434367537], [0.6825628518084104, 0.5864240444510731], [0.7143380925932766, 0.5752898973747005], [0.19869127186396515, 0.7292749999999981], [0.7945166881685639, 0.48533847613364994], [0.49345837890484556, 0.614856890513126], [0.0, 0.7544345588235291], [0.24229333417417673, 0.7039205882352941], [0.3683002950473354, 0.6533293162291172]]
0.7701, [[0.6553112205215285, 0.6490080417661088], [0.1785634715075202, 0.6750684615155129], [0.17334722501226754, 0.6952132352941165], [0.7496178477055926, 0.5308970924820986], [0.16417189679222677, 0.7068647058823518], [0.062074978797133175, 0.7267647058823515], [0.1369059017050543, 0.7118698529411769], [0.0, 0.8159410698560539], [0.6896305334227646, 0.5849978684367529], [0.9341107316719905, 0.5214326464797139]]
0.6918, [[0.1471310612386507, 0.7053139705882335], [0.32067368728919066, 0.6466356154534599], [0.7744207179352189, 0.575733553400954], [0.37320514878177785, 0.6231723645584718], [0.06947974511531521, 0.7068617647058808], [0.19535089950265191, 0.6627348239856801], [0.8359330091638821, 0.570864347553698], [0.744808305030264, 0.6050459394391403], [0.3668, 0.6432100727923613], [0.5950819627809482, 0.5665929439140793]]
0.7819, [[0.5003940913604253, 0.6391906139618132], [0.3668, 0.6694395352028621], [0.9523737969223605, 0.533105009844868], [0.11073252102572038, 0.7055235294117642], [0.6466892354816111, 0.603670929594271], [0.5572581355522622, 0.6179016014319809], [0.8857147085015012, 0.6028056384248209], [0.512535253967656, 0.6352870886038182], [0.9147772499115635, 0.6017946208233874], [0.5829701266534452, 0.6113743526252983]]
0.7504, [[0.0, 0.7425227941176455], [0.1180056470538014, 0.7009992647058809], [0.022447960469475323, 0.7401272058823523], [0.7962909401920847, 0.591142342482099], [0.4484202376631673, 0.6159721834725538], [0.3668, 0.6725198681384232], [0.5395449417967855, 0.609626930787588], [0.23615229571424512, 0.6906852941176465], [0.9205765612776984, 0.4949609543556088], [0.9393528399233009, 0.0]]
0.7201, [[0.09325069050030561, 0.722003676470588], [0.2232619320113193, 0.6763417866945102], [0.34774906885773016, 0.6470041414081131], [0.45839124077055493, 0.6420559194510734], [0.6116954135466395, 0.6011566628878265], [0.19422208401503566, 0.6775063028042959], [0.8630013499524671, 0.5982524970167062], [0.5973034436203148, 0.6163387664081141], [0.6499004850117841, 0.514650214498807], [0.8083074652604734, 0.0]]
0.722, [[0.9028780307620852, 0.19195259407138396], [0.80478828769316, 0.5161346810859172], [0.7757843992425526, 0.5883735402744619], [0.6073037732074297, 0.6095135880071593], [0.06588925620280986, 0.6820672162887818], [0.880443273770463, 0.4636666666666641], [0.833081009010372, 0.46919911187350866], [0.7905576134053365, 0.584401361575179], [0.5267732598754113, 0.652188116348447], [0.9407018579907711, 0.013352476709012443]]
0.7733, [[0.585690157648181, 0.6237902446300709], [0.844987559779782, 0.536513065334127], [0.31225339792597784, 0.6916301470588224], [0.03354523692499092, 0.696351470588234], [0.0, 0.7839975122777303], [0.8059173571626725, 0.5851941133651555], [0.023066669832950183, 0.7297110294117644], [0.7205039849560066, 0.5963988568019088], [0.9465451590764978, 0.5068392777446292], [0.3668, 0.6192714298926013]]
0.7567, [[0.013295669300202389, 0.7403095588235281], [0.3668, 0.6612458236873502], [0.44939534311411056, 0.6453856065035783], [0.9226880678180865, 0.3142249183303076], [0.595331237858633, 0.6022952720763722], [0.5555791945878564, 0.6383421622911687], [0.1587746448980852, 0.728691176470587], [0.8779285281338208, 0.5941281151551298], [0.7905576134053365, 0.584401361575179], [0.8079115577841505, 0.5313977437350834]]
0.7708, [[0.8152505093359849, 0.5840283019093063], [0.3668, 0.6796138308472542], [0.4411692655505155, 0.6313932783412872], [0.9074529615995925, 0.5719122825178987], [0.7185757689139166, 0.6268938937947477], [0.9409144749687964, 0.5443887693914072], [0.7522718941209411, 0.6203854275059657], [0.7368021760646265, 0.5580779865751772], [0.5139355933746493, 0.617202762231503], [0.6130004418945183, 0.6053348016109782]]
0.749, [[0.5532330762096476, 0.6016385316229107], [0.5668112363235316, 0.5787348702267292], [0.7438478628191849, 0.5481238997613348], [0.7246243553577363, 0.5762944382458217], [0.49301848170893137, 0.6224948985680192], [0.47229199216144224, 0.6323045542959413], [0.9409144749687964, 0.5443887693914072], [0.09466253261163904, 0.7210830882352932], [0.7912834437785949, 0.34052056866303543], [0.5711735501830137, 0.5536466076968962]]
0.7757, [[0.45839124077055493, 0.6420559194510734], [0.8857147085015012, 0.6028056384248209], [0.2266385054524103, 0.7055610294117636], [0.3668, 0.6571007162887826], [0.6294672602615716, 0.6407871279832934], [0.9401079967762871, 0.4819368973747009], [0.7578439252691871, 0.5400590751789962], [0.753650238668139, 0.5694530680190929], [0.5939235668317073, 0.6227578538186146], [0.6362123505989221, 0.3716720762250459]]
0.8093, [[0.19086196561020732, 0.6883551470588232], [0.9856300249334707, 0.5380836724343672], [0.6148113520176981, 0.6526920059665857], [0.8160716507683577, 0.6006281616945088], [0.3668, 0.6587341476730302], [0.7118086837167703, 0.6256795068615746], [0.8165335428240679, 0.5971236029236267], [0.9980937788177053, 0.49158916855608537], [0.9409144749687964, 0.5443887693914072], [0.33243852487506953, 0.5687412753579951]]
0.8162, [[0.02793736056668769, 0.7688029411764705], [0.4831574529005223, 0.6246600695107383], [0.26069654343254645, 0.6645793967780429], [1.0, 0.5403038955847249], [0.1744135113620858, 0.72694705882353], [0.699799490268314, 0.6200402177804283], [0.8496358068166083, 0.572730293556086], [0.18535281946947985, 0.7032522058823529], [0.2206192531875416, 0.6735548496420041], [0.3668, 0.6523824182577567]]
0.799, [[0.8346866337754587, 0.6021359445107394], [0.5225795732743627, 0.6204527855011926], [1.0, 0.5403038955847249], [0.6638965474617864, 0.6164080674224338], [0.9409144749687964, 0.5443887693914072], [0.9189782681325439, 0.5890354621121701], [0.28157806480845776, 0.6705664862768489], [0.8541887427943198, 0.5944422365751783], [0.7790543017321817, 0.5984338454653936], [0.9682394224549974, 0.5142570769689726]]
0.7738, [[0.3668, 0.6805199254176595], [0.5699125115547261, 0.621788287291168], [0.009642651249899258, 0.7427838235294122], [0.7444637188934647, 0.6100951983890204], [0.425398951076993, 0.6432204355608593], [0.924990196476704, 0.5319165298329349], [0.0, 0.802685944961896], [0.06405287415590087, 0.7274286764705875], [0.30118559441310255, 0.6954786764705884], [0.8044143750766326, 0.6093296488663473]]
0.7906, [[0.7245730340182126, 0.6093523174224336], [0.44900676725771954, 0.6737485038782798], [0.825236175683236, 0.5862705459427209], [0.4668152720723112, 0.6504976897374704], [0.6689187071151397, 0.6282974012529816], [0.9074529615995925, 0.5719122825178987], [0.3668, 0.6817757634248195], [0.512535253967656, 0.6352870886038182], [0.9682394224549974, 0.5142570769689726], [0.7260540212444573, 0.600582176909307]]
0.7486, [[0.5504470606355245, 0.6251425859188541], [0.924990196476704, 0.5319165298329349], [0.9284433894646301, 0.4711201100835307], [0.0, 0.7584588235294103], [0.2744019080343715, 0.6698786575178983], [0.18712996338584353, 0.6782116187350837], [0.3668, 0.6479775939737453], [0.7326231527034419, 0.5811519859785188], [0.6767562088223438, 0.5008599603221944], [0.5282982368212468, 0.5648066616945089]]
0.7898, [[0.5252922726491667, 0.6374444874701662], [0.5706676684077123, 0.6236496995823387], [0.9286780013024508, 0.5303044716587102], [0.6638965474617864, 0.6164080674224338], [0.9531436170152102, 0.5100031605011935], [0.8346866337754587, 0.6021359445107394], [0.0, 0.7063713235294102], [0.9937314649582233, 0.39986933333332936], [0.12390313205032671, 0.6999323529411754], [0.866997082815354, 0.5142039677804291]]
0.8077, [[0.4654589223849092, 0.6414736613961806], [0.7655861159172762, 0.5851299937350823], [1.0, 0.5403038955847249], [0.08556947957291142, 0.7475205882352944], [0.09218440415048736, 0.7275242647058806], [0.699799490268314, 0.6200402177804283], [0.1750124746820453, 0.6844477941176451], [0.20642842991465218, 0.6417864874701658], [0.021970764417859147, 0.7505625000000004], [0.9343600067496753, 0.542313624999999]]
0.7543, [[0.8759709856120025, 0.5863547434367533], [0.15486163727483254, 0.749705147058823], [0.0734059167675778, 0.7721977941176468], [0.39488474892041436, 0.6780607109188537], [0.4966989549147463, 0.6465501226133641], [0.5180193056767195, 0.6436297649164675], [0.3668, 0.6805199254176595], [0.0, 0.8041872662997467], [0.21278665592653132, 0.7075220588235275], [0.8160716507683577, 0.6006281616945088]]
0.664, [[0.15729040062719635, 0.7206852941176474], [0.5190823905668454, 0.6177597610381853], [0.7773093761883887, 0.4191306666666617], [0.766150650652033, 0.5218834269093068], [0.2977119762242592, 0.6560139209427194], [0.8910228013321988, 0.0], [0.8295618314430586, 0.23204695946763465], [0.5879629598270708, 0.524386683174224], [0.3668, 0.6349360498210024], [0.5587024646788474, 0.6126347243436755]]
0.6937, [[0.14803608823309516, 0.7082661764705884], [0.4874831086603449, 0.6584005960620517], [0.10217919317640696, 0.7263875000000001], [0.7454681508241352, 0.542816866945106], [0.3668, 0.6781190014916461], [0.6973800556907861, 0.62467367064439], [0.7746186716733806, 0.31429351240169384], [0.12512080473376108, 0.7205404411764709], [0.29601000284233336, 0.7061904411764686], [0.8594235194256984, 0.23305853357531575]]
0.8215, [[0.29601000284233336, 0.7061904411764686], [0.8759709856120025, 0.5863547434367533], [0.4890814018054993, 0.6524044391408113], [0.03928475357339518, 0.7493352941176477], [0.5937842660530015, 0.6205777863961803], [0.8346866337754587, 0.6021359445107394], [0.6253688847196379, 0.6168957652147964], [0.9184650547373107, 0.5824350262529823], [0.9980937788177053, 0.49158916855608537], [0.3668, 0.6736992807279218]]
0.7474, [[0.28918220319320265, 0.6756837508949876], [0.19915859489382368, 0.6820808174224335], [0.8478322283133604, 0.5177927240453462], [0.07650275459220408, 0.6999286764705861], [0.3668, 0.6677322690930776], [0.8222008850314289, 0.6000705152147974], [0.9074602932195244, 0.4989370190930773], [0.20464470398378357, 0.6774311727326956], [0.637180124429933, 0.6217442455250589], [0.5528078422535976, 0.6466492165871117]]
0.7587, [[0.3778753906784002, 0.6873242647058803], [0.5427781861867544, 0.6446440208830548], [0.05541727112527431, 0.6967808823529398], [0.6901657416777938, 0.6115867893794746], [0.8630013499524671, 0.5982524970167062], [0.9107888486686083, 0.5835833505369918], [0.38026549877620036, 0.6420015149164665], [0.27146575512403126, 0.6644297843078739], [0.6217324012334142, 0.604777802804296], [0.8050595576306402, 0.5917867771479699]]
0.6815, [[0.3668, 0.6695787849045333], [0.5310915840153015, 0.6536117016706426], [0.01480295062185909, 0.7501698529411756], [0.6078756395621183, 0.6223277989260129], [0.08858404221622482, 0.7377852941176475], [0.7762682861580588, 0.6018742846062051], [0.7522718941209411, 0.6203854275059657], [0.8547312826692808, 0.0], [0.6145694085599456, 0.5707924558472537], [0.07503167435032536, 0.6986742647058811]]
0.715, [[0.1520906091682063, 0.7014698529411755], [0.0, 0.7628720588235297], [0.4411692655505155, 0.6313932783412872], [0.1999188175691572, 0.6867639705882345], [0.3668, 0.6434937535799502], [0.7962909401920847, 0.591142342482099], [0.8610291441907851, 0.5065484725536986], [0.0016553766480203436, 0.7313272058823526], [0.28157806480845776, 0.6705664862768489], [0.5900084817880717, 0.6164598812649162]]
0.7999, [[0.04568905368680944, 0.7430676470588231], [0.4736923315684361, 0.6066884382458224], [0.9980937788177053, 0.49158916855608537], [0.9682394224549974, 0.5142570769689726], [0.29317338053912334, 0.6788826079952264], [0.9184650547373107, 0.5824350262529823], [0.3668, 0.6587244325775641], [0.9352617960012996, 0.5802335856205252], [0.14368866765250898, 0.6794551509546531], [0.6387270962355649, 0.5819486238066809]]
0.7811, [[0.15971916397956012, 0.6999323529411754], [0.9586716584438644, 0.12942570598911085], [0.7264792552005073, 0.6102972723747012], [0.9145792961734023, 0.5824291971957039], [0.3668, 0.6688151784009531], [0.9409144749687964, 0.5443887693914072], [0.5924865693250545, 0.6514368156324574], [0.6810818645821664, 0.5301859474940325], [0.80478828769316, 0.5161346810859172], [0.8643650312598008, 0.514687779534606]]
0.7707, [[0.16950332854131783, 0.7192066176470568], [0.892371819399669, 0.4180133333333356], [0.7205039849560066, 0.5963988568019088], [0.8759709856120025, 0.5863547434367533], [0.05435098477545605, 0.7247007352941157], [0.6571881152240955, 0.6992073529411746], [0.8263872400125452, 0.5843411279832937], [0.521883069380832, 0.6471239609188542], [0.22952800982012764, 0.6988669117647042], [0.632165296396512, 0.6322967822195703]]
0.7809, [[0.21874008804634945, 0.6871507352941174], [0.0, 0.7942059225232848], [0.4734650513505467, 0.6609783347255352], [0.9937314649582233, 0.39986933333332936], [0.8064818918974295, 0.537351154236276], [0.3668, 0.6763061646778039], [0.7962909401920847, 0.591142342482099], [0.8014597322440761, 0.14774635329703453], [0.4071065593468959, 0.6525715387828153], [0.8387190247380052, 0.13108930066545577]]
0.8126, [[0.664153154159403, 0.6448175972553689], [0.9352617960012996, 0.5802335856205252], [1.0, 0.5403038955847249], [0.6854661733014443, 0.5899065823389008], [0.29317338053912334, 0.6788826079952264], [0.6765875815639097, 0.6200667723747], [0.21129253863388475, 0.6904176470588221], [0.6672397661507339, 0.5413621933174213], [0.7434372921029984, 0.536518246718376], [0.6633246811070983, 0.6021437165871104]]
0.756, [[0.06365795328559783, 0.7337073529411751], [0.3668, 0.6688624585322183], [0.48065737050374363, 0.6178588550119329], [0.5900084817880717, 0.6164598812649162], [0.18389819426386372, 0.6902654411764695], [0.22963332205220835, 0.6843448529411759], [0.24463230344173587, 0.6699369480906908], [0.7638631852332791, 0.5533473827565628], [0.9343600067496753, 0.542313624999999], [0.3668, 0.6484996184367529]]
0.8133, [[0.6983624927616606, 0.636675699582337], [0.5176967143997157, 0.6395338806682579], [0.2651853738141173, 0.6745147010739846], [1.0, 0.5403038955847249], [0.9171306999097041, 0.6201347780429587], [0.9523737969223605, 0.533105009844868], [0.7728810777495193, 0.589867074284009], [0.7436865671806832, 0.6171826843675413], [0.7804033197996514, 0.5737315960620509], [0.8204926175872953, 0.5341510017899761]]
0.7676, [[0.9145792961734023, 0.5824291971957039], [0.29730390073502566, 0.7147227941176466], [0.15486163727483254, 0.749705147058823], [0.3668, 0.6749182013723145], [0.5548680274544621, 0.6215823272673016], [0.6790290110012336, 0.5619543096658709], [0.9027680564631066, 0.5435688153341273], [0.16105202191683288, 0.6999786764705878], [0.3668, 0.6530145471360369], [0.19284315197622773, 0.6681182822195704]]
0.7663, [[0.3668, 0.677146844272075], [0.48391260975350797, 0.6516751593078761], [0.48391260975350797, 0.6516751593078761], [0.9171306999097041, 0.6201347780429587], [0.9184650547373107, 0.5824350262529823], [0.5169782156463889, 0.6477185247613354], [0.5456228547203329, 0.6395967049522653], [0.4108090274125067, 0.6562283007159886], [0.08486849502812367, 0.6822634612171821], [0.8597607739425658, 0.5877180951670637]]
0.7885, [[0.6314248027833893, 0.6510132374701657], [0.8343420476386595, 0.6029209242243425], [0.9856300249334707, 0.5380836724343672], [0.17505525777632822, 0.6365733672434355], [0.3668, 0.600146292959427], [0.5681675860109336, 0.548463280429594], [0.794531351408428, 0.5388608800715993], [0.9239784329261013, 0.5196152759546522], [0.8621215555606387, 0.5364275724940334], [0.41796468846604357, 0.548599291766109]]
0.7647, [[0.9102829668933069, 0.5569069937350837], [0.6638965474617864, 0.6164080674224338], [0.13373337071361982, 0.7418779411764698], [0.8162549412666553, 0.5961637514916462], [0.3668, 0.6889338235294106], [0.4886488362295175, 0.6437929785202859], [0.29603986202447197, 0.6473784964200469], [0.4837659773548699, 0.6085725190930771], [0.8319885976405188, 0.4989007494033416], [0.3928612218192093, 0.6343421336515506]]
0.7687, [[0.14998436452659006, 0.6727543257756565], [0.5109296292025692, 0.6404432136038171], [0.40101398318348486, 0.6533448603818617], [0.2129150052093796, 0.656411592183771], [0.9189782681325439, 0.5890354621121701], [0.13597125564533705, 0.7007404411764695], [0.5942388264887793, 0.6211030492243419], [0.019992869059091464, 0.7341007352941183], [0.20096535787546013, 0.6634809433174207], [0.9171306999097041, 0.6201347780429587]]
0.6991, [[0.6879955821779506, 0.6184041957040561], [0.7902936750877881, 0.4763422977326953], [0.8839477880979127, 0.0], [0.0, 0.8052823590177813], [0.8387190247380052, 0.13108930066545577], [0.7666565324273339, 0.6122389961217167], [0.6294965867412993, 0.6263964809069213], [0.13381235488768048, 0.7239919117647041], [0.3668, 0.6622697947494015], [0.31535875286843906, 0.6761656196300717]]
0.7197, [[0.776238959678331, 0.5252021035202866], [0.7757843992425526, 0.5883735402744619], [0.75488928243663, 0.5908722628281619], [0.4528778625817643, 0.6462139803102611], [0.6716973910693309, 0.6178996584128881], [0.18743931806758096, 0.7015330882352928], [0.7221242729609576, 0.6038205420644377], [0.49655965413604003, 0.6459549110978511], [0.892371819399669, 0.4180133333333356], [0.10947864726250804, 0.6797738060859189]]
0.7674, [[0.3668, 0.6725198681384232], [0.40987058006122346, 0.6383609448090694], [0.9145792961734023, 0.5824291971957039], [0.47802531894819045, 0.6278848335322194], [0.5732337353838782, 0.6197073138424813], [0.9409144749687964, 0.5443887693914072], [0.27931872002660235, 0.6909397058823527], [0.6854515100615801, 0.557727595465393], [0.794531351408428, 0.5388608800715993], [0.833081009010372, 0.46919911187350866]]
0.7824, [[0.3668, 0.65586884218377], [0.8541887427943198, 0.5944422365751783], [0.15423963690410541, 0.7108404411764707], [0.391666167770309, 0.5989999116945103], [0.38655602867777306, 0.6295221509546525], [0.9625134272881815, 0.5850762368735072], [0.23567454880001998, 0.6833761634844853], [0.3668, 0.626609565334127], [0.9504455808802699, 0.5153367479116941], [0.22168883054461236, 0.6743741560262524]]
0.8274, [[0.8496358068166083, 0.572730293556086], [0.7245730340182126, 0.6093523174224336], [0.7936295621568039, 0.5981475739856802], [0.021118393539455275, 0.7711948529411771], [0.664153154159403, 0.6448175972553689], [1.0, 0.5403038955847249], [0.38888015219618594, 0.6488778594868723], [0.3668, 0.67153864349642], [0.22950168176210733, 0.6790989307875883], [0.19678577866475294, 0.7191404411764711]]
0.7254, [[0.8981051461864167, 0.08887002661826833], [0.8222008850314289, 0.6000705152147974], [0.8297011322217649, 0.5302241602028632], [0.4966989549147463, 0.6465501226133641], [0.16903271450420687, 0.7240448529411768], [0.5864673093609625, 0.6028989033412879], [0.3668, 0.6805199254176595], [0.23648074671777428, 0.6910529411764692], [0.22610865328475374, 0.7230007352941158], [0.896066955845348, 0.15047579431336772]]
0.7519, [[0.6019516906571407, 0.6298492258353211], [0.3668, 0.6658501312649157], [0.8779285281338208, 0.5941281151551298], [0.8160716507683577, 0.6006281616945088], [0.4911049289067049, 0.6388376321599046], [0.0, 0.7782873175275203], [0.1846617079464495, 0.680062020584725], [0.1342632228812766, 0.7056301470588229], [0.08990044511723495, 0.7313647058823519], [0.9155690648642091, 0.14212465456745216]]
0.7146, [[0.13381235488768048, 0.7239919117647041], [0.7657254166959824, 0.5425305954653926], [0.15729040062719635, 0.7206852941176474], [0.807500987067964, 0.4025066666666642], [0.6879955821779506, 0.6184041957040561], [0.6571881152240955, 0.6992073529411746], [0.0, 0.816752569009314], [0.19678577866475294, 0.7191404411764711], [0.19885253121933893, 0.7067485294117644], [0.4265646786461656, 0.612014253579952]]
0.7259, [[0.8574366504241528, 0.49991047165870944], [0.8067458302149778, 0.6011877511933156], [0.3668, 0.670935012231502], [0.19679565168651061, 0.6765056479713603], [0.7666565324273339, 0.6122389961217167], [0.8222008850314289, 0.6000705152147974], [0.6689187071151397, 0.6282974012529816], [0.42727584577955996, 0.6473422267303088], [0.6001627753937568, 0.6385682001789968], [0.08804431702681062, 0.7388213235294114]]
0.7565, [[0.41675497117727967, 0.6318861575178986], [0.0, 0.7567169117647058], [0.7020136394877484, 0.5825198714200465], [0.9296164486537345, 0.16849568300060325], [0.554259503000114, 0.6068555378878264], [0.9027680564631066, 0.5435688153341273], [0.036457778343475855, 0.7318183823529415], [0.9211337643925228, 0.5066644060262518], [0.24734948901638998, 0.7177073529411746], [0.30118559441310255, 0.6954786764705884]]
0.81, [[0.402810230066801, 0.665725130369928], [0.18535281946947985, 0.7032522058823529], [0.7118086837167703, 0.6256795068615746], [0.21333625413770294, 0.6864676470588238], [0.45518732286031366, 0.6564647013723146], [0.9625134272881815, 0.5850762368735072], [0.0, 0.8286893670618116], [0.9682394224549974, 0.5142570769689726], [0.8913014028896113, 0.49766952297136063], [0.5460554202963153, 0.5611136300715975]]
0.7382, [[0.9074529615995925, 0.5719122825178987], [0.427664421635951, 0.6498441876491627], [0.47802531894819045, 0.6278848335322194], [0.5126672231264304, 0.5795425184964185], [0.17280749982285332, 0.7124345588235278], [0.827208381444918, 0.5367021858591878], [0.3668, 0.6417618758949867], [0.5822442962801867, 0.542823343675416], [0.370859030403569, 0.5864363502386637], [0.5680136219923637, 0.5673299958233878]]
0.7963, [[0.3668, 0.6761507231503566], [0.9682394224549974, 0.5142570769689726], [0.6899384614599049, 0.6207222174821004], [0.24229333417417673, 0.7039205882352941], [0.744808305030264, 0.6050459394391403], [0.7728810777495193, 0.589867074284009], [0.3687841819628409, 0.6635547780429577], [0.9625134272881815, 0.5850762368735072], [0.9625134272881815, 0.5850762368735072], [0.9184650547373107, 0.5824350262529823]]
0.703, [[0.18469461801897477, 0.6852992647058805], [0.3668, 0.6602315677207629], [0.5129531563037748, 0.6086845665274447], [0.4020330783540194, 0.6377113287589495], [0.2197603002946323, 0.6678158189140808], [0.7804033197996514, 0.5737315960620509], [0.6075237218053867, 0.6067279463007142], [0.8654281161499268, 0.5184786097852015], [0.4265646786461656, 0.612014253579952], [0.3834914115462375, 0.6435183651551315]]
0.7441, [[0.5152626165823242, 0.6199767458233891], [0.7744207179352189, 0.575733553400954], [0.09399774914662902, 0.7367095588235291], [0.2096634900438847, 0.6898779411764708], [0.9120498872968958, 0.47351844331742193], [0.8046343236745896, 0.5238633633651553], [0.3668, 0.676705778937946], [0.577310116066016, 0.607034943317421], [0.8019362875396497, 0.5321904955250599], [0.5110762616012073, 0.6461466223150341]]
0.8001, [[0.9171306999097041, 0.6201347780429587], [0.9171306999097041, 0.6201347780429587], [0.3668, 0.6484996184367529], [0.9523737969223605, 0.533105009844868], [0.13119271311467035, 0.7161080882352939], [0.002593313714990067, 0.7451411764705878], [0.664153154159403, 0.6448175972553689], [0.3002798658882173, 0.6845852941176453], [0.8165335428240679, 0.5971236029236267], [0.7024242102039349, 0.6025336157517887]]
0.7631, [[0.3879930261844258, 0.6683831804892585], [0.07709842690491137, 0.7212007352941175], [0.9442650252776756, 0.0], [0.699799490268314, 0.6200402177804283], [0.585690157648181, 0.6237902446300709], [0.7655861159172762, 0.5851299937350823], [0.9165441703151519, 0.5379256402147954], [0.9074529615995925, 0.5719122825178987], [0.17924800101604532, 0.6983794117647046], [0.3668, 0.6763061646778039]]
0.7702, [[0.542001034473973, 0.616317393198089], [0.504345834503721, 0.6426446542362764], [0.3668, 0.6627179844868721], [0.9559296325893333, 0.2221942879612825], [0.0361780427270112, 0.7121389705882354], [0.9530409743361635, 0.41033600000000225], [0.520915295549821, 0.6311873183174208], [0.9189782681325439, 0.5890354621121701], [0.8642697202006859, 0.5170874081145583], [0.8359330091638821, 0.570864347553698]]
0.778, [[0.0, 0.8203099436917877], [0.7934975929980299, 0.5528104618138424], [0.9523737969223605, 0.533105009844868], [0.425398951076993, 0.6432204355608593], [0.15729040062719635, 0.7206852941176474], [0.7321172709281405, 0.5558558204057267], [0.6342548080771042, 0.5949895202863943], [0.3668, 0.6574284388424806], [0.5372281498983044, 0.6225803914081127], [0.2388794343496121, 0.6764136784009543]]
0.7227, [[0.7883654590456981, 0.6066068314439144], [0.800162035516129, 0.5903495906921226], [0.3668, 0.649011280131265], [0.7078716038133387, 0.6206470874105001], [0.828879990789392, 0.555376542362767], [0.9005685704835359, 0.37664266666666135], [0.8621215555606387, 0.5364275724940334], [0.5041332175256957, 0.6288278454653919], [0.2262633306256226, 0.6559646977923614], [0.6217763909530056, 0.62567043943914]]
0.7254, [[0.8246129879890244, 0.502563988066825], [0.3668, 0.6769305214797131], [0.6050383026484721, 0.6199599063245812], [0.5607186601601206, 0.6484717684964201], [0.8574366504241528, 0.49991047165870944], [0.8160716507683577, 0.6006281616945088], [0.08804431702681062, 0.7388213235294114], [0.7114787608198346, 0.6136703535202858], [0.08480925689757811, 0.6946919117647044], [0.07961604745309327, 0.7160345588235294]]
0.6671, [[0.2774774037946941, 0.6633501133651547], [0.3668, 0.646107761933174], [0.6001627753937568, 0.6385682001789968], [0.6716973910693309, 0.6178996584128881], [0.3401363261552415, 0.6569504561455843], [0.0895022332396792, 0.7336426470588235], [0.7704689747919233, 0.6000867070405712], [0.20061651110669249, 0.712027941176469], [0.3668, 0.5914195465393779], [0.19797712329016726, 0.6871404411764702]]
0.8101, [[0.7704689747919233, 0.6000867070405712], [0.9980937788177053, 0.49158916855608537], [0.8510068197438739, 0.5955057156921235], [0.5924792377051227, 0.601457830847255], [0.042319062260223445, 0.7941580182049124], [0.1714878059145907, 0.6831034931384237], [0.5018310888670782, 0.638471049224342], [0.2926359152606202, 0.662890265513125], [0.07069412679149685, 0.7310213235294104], [0.5788057665321242, 0.6305487127088305]]
0.7988, [[0.030264102694223013, 0.7518566176470572], [0.12969201380751882, 0.7044757352941163], [0.5464659910125017, 0.6175984904534597], [0.7892819115371859, 0.5983250363961797], [0.9856300249334707, 0.5380836724343672], [0.17650988298194434, 0.7008977941176459], [0.2247363032604508, 0.675056803400954], [0.5109296292025692, 0.6404432136038171], [0.06734059040117374, 0.7247191176470574], [0.6201854294277829, 0.5551926032219574]]
0.8192, [[0.9856300249334707, 0.5380836724343672], [0.16950332854131783, 0.7192066176470568], [0.16950332854131783, 0.7192066176470568], [0.9107888486686083, 0.5835833505369918], [0.37618178647413075, 0.6849301470588237], [0.19328743795531864, 0.6968294117647047], [0.030264102694223013, 0.7518566176470572], [0.6553112205215285, 0.6490080417661088], [0.7655861159172762, 0.5851299937350823], [0.6487640839223392, 0.5729220047732689]]
0.6791, [[0.0, 0.803648821761218], [0.0058448288804849625, 0.7841029017781531], [0.06502372129539584, 0.7545352941176457], [0.3668, 0.6332320220763717], [0.699799490268314, 0.6200402177804283], [0.10010585860731601, 0.7355794117647062], [0.7869504563988405, 0.5535326172434358], [0.22610865328475374, 0.7230007352941158], [0.11271370739174054, 0.730061764705882], [0.22341002733768295, 0.6720788028042943]]
0.7115, [[0.06763019903939581, 0.7266095588235278], [0.9028633675222216, 0.13841379068360343], [0.27931872002660235, 0.6909397058823527], [0.3668, 0.6467690360978504], [0.5102404569289708, 0.6351607923627671], [0.825236175683236, 0.5862705459427209], [0.8168488024811399, 0.4888378535202855], [0.7074756963370159, 0.544869342780428], [0.3889901264951645, 0.5918120363961805], [0.8816456594392953, 0.0]]
1.0487, [[0.6720786353057896, 0.6158167419451065], [0.9184650547373107, 0.5824350262529823], [0.8541887427943198, 0.5944422365751783], [0.6118200510854821, 0.9999760478408121], [1.0, 0.5403038955847249], [0.3668, 0.6679751464797137], [0.0510007393923854, 0.7108470588235285], [0.7638631852332791, 0.5533473827565628], [0.7376453123567953, 0.5760716387231497], [0.02793736056668769, 0.7688029411764705]]
0.7417, [[0.7880868574882856, 0.5518855847255365], [0.6751285891974615, 0.6122687890811446], [0.8754284457370421, 0.4902659725536984], [0.03629651898810206, 0.7024066176470569], [0.3108997816690076, 0.6701474418257745], [0.9103342882328305, 0.4508293333333319], [0.953986753307379, 0.16986530308529973], [0.48605344277362383, 0.6370442255369925], [0.8147959489002071, 0.5085737461217172], [0.8031606680682772, 0.5319262449284011]]
0.7996, [[0.6973800556907861, 0.62467367064439], [0.2393571812638365, 0.6598980161097843], [0.984266343626137, 0.4916772520883057], [0.8597607739425658, 0.5877180951670637], [0.22789237921562264, 0.6767498207040574], [0.07758878698553745, 0.7255088235294124], [0.7762682861580588, 0.6018742846062051], [0.19086196561020732, 0.6883551470588232], [0.744808305030264, 0.6050459394391403], [0.47139020290981853, 0.658065749105012]]
0.7424, [[0.04846666380794088, 0.755177941176469], [0.8597607739425658, 0.5877180951670637], [0.7666565324273339, 0.6122389961217167], [0.8067458302149778, 0.6011877511933156], [0.664153154159403, 0.6448175972553689], [0.4160511356638171, 0.6554698755966573], [0.8873643229861793, 0.457901333333335], [0.47367033670864017, 0.6272106059069206], [0.7120579587944551, 0.5582405525059662], [0.5964676389480779, 0.5747419659904528]]
0.7878, [[0.26591194724616785, 0.6895823529411759], [0.520915295549821, 0.6311873183174208], [0.37996490235899244, 0.663368895883053], [0.9682394224549974, 0.5142570769689726], [0.01480295062185909, 0.7501698529411756], [0.0, 0.7664205882352928], [0.09780873554505322, 0.7086183823529403], [0.8315633636844683, 0.5552204531622903], [0.7245730340182126, 0.6093523174224336], [0.16419822485024707, 0.6904764705882342]]
0.766, [[0.2266385054524103, 0.7055610294117636], [0.6686914268972508, 0.6090427297136023], [0.5109296292025692, 0.6404432136038171], [0.1975361283183288, 0.7065602941176464], [0.3668, 0.6880176470588236], [0.8050595576306402, 0.5917867771479699], [0.6217763909530056, 0.62567043943914], [0.8813890527416787, 0.5331160202863953], [0.9351444900823892, 0.4397626666666675], [0.22952800982012764, 0.6988669117647042]]
0.7369, [[0.0, 0.8322362027942424], [0.22581575363927894, 0.7200227941176456], [0.23184487892590552, 0.6893985294117632], [0.7566708660800827, 0.6106366530429581], [0.3668, 0.6774544889618135], [0.8417983051094042, 0.5938923621718377], [0.28455402996164947, 0.6885794117647062], [0.8871737008679499, 0.0], [0.5587024646788474, 0.6126347243436755], [0.4856648669172328, 0.6726947398568006]]
0.9118, [[0.7584451181036029, 0.6133070089498793], [0.6669831594531173, 0.8891858145639286], [0.7790543017321817, 0.5984338454653936], [0.7436865671806832, 0.6171826843675413], [0.8945639737593081, 0.5032330343078749], [0.8162549412666553, 0.5961637514916462], [0.621739732853346, 0.5939137353818607], [0.4210806269371022, 0.6622089134844868], [0.8798640757958432, 0.47345432368735113], [0.794531351408428, 0.5388608800715993]]
0.7592, [[0.9407018579907711, 0.013352476709012443], [0.8864478704946914, 0.6069675853221941], [0.3668, 0.6958588235294108], [0.019880974812505555, 0.7330029411764712], [0.49513731986925136, 0.6482580363961803], [0.6294965867412993, 0.6263964809069213], [0.6411685256728881, 0.6143245032816228], [0.402810230066801, 0.665725130369928], [0.11804184813357912, 0.7052301470588218], [0.512535253967656, 0.6352870886038182]]
0.7184, [[0.875039869880651, 0.18663617664851714], [0.7264279338609843, 0.555919292362768], [0.8643650312598008, 0.514687779534606], [0.14343196908681216, 0.7085441176470574], [0.7454681508241352, 0.542816866945106], [0.512535253967656, 0.6352870886038182], [0.7097411668959739, 0.6073199194510732], [0.44939534311411056, 0.6453856065035783], [0.9442650252776756, 0.0], [0.6638965474617864, 0.6164080674224338]]
0.7723, [[0.17966924994436867, 0.7052374999999981], [0.8887719940131049, 0.554791693615752], [0.2688281940350816, 0.6477599758353223], [0.3668, 0.6344846217183756], [0.4857895044560755, 0.6330681607995217], [0.6128538094958803, 0.6134132273269686], [0.23712769566412042, 0.6602218526252966], [0.19915859489382368, 0.6820808174224335], [0.9682394224549974, 0.5142570769689726], [0.8370767418732589, 0.5439651912291156]]
0.6038, [[0.021789759018970255, 0.7327838235294118], [0.16903271450420687, 0.7240448529411768], [0.5427781861867544, 0.6446440208830548], [0.6689187071151397, 0.6282974012529816], [0.23975530369235723, 0.6688546864558471], [0.07069412679149685, 0.7310213235294104], [0.6824455458895, 0.24075765275257024], [0.21070344833568264, 0.6951404411764704], [0.18097577982362112, 0.6966911764705861], [0.3668, 0.6686461357398563]]
0.7952, [[0.7202327150185265, 0.6026055074582328], [0.7939888115334672, 0.5920672195704049], [0.3668, 0.6781190014916461], [0.5736589693399288, 0.6187215554892586], [0.9625134272881815, 0.5850762368735072], [0.6118860356648688, 0.6099313371121703], [0.13977895103650903, 0.734723529411763], [0.8370840734931912, 0.5812005614558473], [0.3668, 0.6605398600835307], [0.5891506822560388, 0.5991501718377086]]
0.6602, [[0.07079614801632533, 0.7310213235294104], [0.4879010109964631, 0.6480462473150356], [0.2376353017604849, 0.6705846211217179], [0.490562389031744, 0.6469154102028634], [0.7623088818077159, 0.5444004275059662], [0.6611325267474593, 0.609466307875894], [0.042319062260223445, 0.7941580182049124], [0.5665839561056427, 0.6298446921241039], [0.17966924994436867, 0.7052374999999981], [0.6475323717737798, 0.499696739558472]]
0.8339, [[0.5924865693250545, 0.6514368156324574], [0.7522718941209411, 0.6203854275059657], [0.5542081816605908, 0.7131602941176469], [0.991473326019197, 0.47704437529832927], [0.04939801886040541, 0.7170345588235282], [0.8160716507683577, 0.6006281616945088], [0.9189782681325439, 0.5890354621121701], [0.32154955663193646, 0.6289742195704049], [0.8263872400125452, 0.5843411279832937], [0.8813890527416787, 0.5331160202863953]]
