0.1306, [[0.034452270311053156, 0.0, 0.9727770263777671], [0.028578440618677082, 0.0, 0.9766134323127651], [0.02688406666895316, 0.0, 0.9999996877060762], [0.9783866770720943, 0.922574482192827, 0.0], [0.9703131289307706, 0.9870957470321373, 0.0], [0.025867442299118703, 0.0, 0.9955905347150257], [0.973606587662642, 0.8342822250442972, 0.0], [0.9501940604275103, 0.9864165758233031, 0.0], [0.9523592045938329, 0.9300453654900113, 0.0], [0.9688112507590609, 0.805757034273235, 0.0]]
0.1186, [[0.0, 0.0, 0.9869228168629299], [0.3887, 0.03524772269646483, 0.0], [0.9555154358785432, 0.5507731989111877, 0.0], [0.3887, 0.02879813939455857, 0.0], [0.3887, 0.03239790681887835, 0.0], [0.8809933083228892, 0.27689829196399746, 0.0], [0.9470759478781228, 0.7765526722933354, 0.0], [0.9532664304945107, 0.6597352243737433, 0.0], [0.9523592045938329, 0.9300453654900113, 0.0], [0.9577720650096401, 0.5070876309318808, 0.0]]
0.0206, [[0.2258383712736944, 0.0, 0.0], [0.22409646334844152, 0.0, 0.0], [0.30900149300588586, 0.0, 0.0], [0.22511139615041809, 0.0, 0.0], [0.22517748479798874, 0.0, 0.0], [0.0310635224116053, 0.0, 0.9859649489401787], [0.03529945728591512, 0.0, 0.977872476495525], [0.2277879863770261, 0.0, 0.0], [0.22896342018024546, 0.0, 0.0], [0.3887, 0.04784690868158432, 0.0]]
0.1323, [[0.020191289567543444, 0.0, 0.9682864271314181], [0.9688874882297062, 0.9728331516466062, 0.0], [0.0, 0.0, 0.9759641732454074], [0.9843713185177401, 0.8804658672450678, 0.0], [0.022224538307212365, 0.0, 0.9915270286387191], [0.9679421435937059, 0.9972833151646601, 0.0], [0.025867442299118703, 0.0, 0.9955905347150257], [0.0, 0.0, 0.9759641732454074], [0.03529945728591512, 0.0, 0.977872476495525], [0.0310635224116053, 0.0, 0.9859649489401787]]
0.1325, [[0.021716226122294877, 0.0, 0.9911665789919922], [0.968666399564835, 1.0, 0.0], [0.0, 0.0, 0.9469870446537922], [0.9703131289307706, 0.9870957470321373, 0.0], [0.9843713185177401, 0.8804658672450678, 0.0], [0.0310635224116053, 0.0, 0.9859649489401787], [0.03360508333619119, 0.0, 0.9866093362223267], [0.024935536626770744, 0.0, 0.9837456009420629], [0.0, 0.0, 0.9806201633537447], [0.03529945728591512, 0.0, 0.977872476495525]]
0.1330, [[0.9991537640758388, 0.7806276995463454, 0.0], [0.02637575448403567, 0.0, 0.9943068193122941], [0.968666399564835, 1.0, 0.0], [0.9703131289307706, 0.9870957470321373, 0.0], [0.9783866770720943, 0.922574482192827, 0.0], [0.99368753743058, 0.7398774270162547, 0.0], [0.0, 0.0, 0.9845948530381535], [0.971792135861287, 0.8356405674619672, 0.0], [0.99297852895358, 0.6631310804179175, 0.0], [0.0, 0.0, 0.9835160024493639]]
0.1317, [[0.9703131289307706, 0.9870957470321373, 0.0], [0.021320872200692727, 0.0, 0.9890385457371643], [0.9686130333353833, 0.7595733920724642, 0.0], [0.22463461376437335, 0.0, 0.0], [0.02688406666895316, 0.0, 0.9999996877060762], [0.9991537640758388, 0.7806276995463454, 0.0], [0.987893489661547, 0.6590560531649075, 0.0], [0.0, 0.0, 0.975453135468677], [0.0, 0.0, 0.9657327997173811], [0.9783866770720943, 0.922574482192827, 0.0]]
0.1331, [[0.9882136870382567, 0.8268113417471146, 0.0], [0.9703131289307706, 0.9870957470321373, 0.0], [0.028578440618677082, 0.0, 0.9766134323127651], [0.9843713185177401, 0.8804658672450678, 0.0], [0.99368753743058, 0.7398774270162547, 0.0], [0.034452270311053156, 0.0, 0.9727770263777671], [0.9679421435937059, 0.9972833151646601, 0.0], [0.9783866770720943, 0.922574482192827, 0.0], [0.02688406666895316, 0.0, 0.9999996877060762], [0.02688406666895316, 0.0, 0.9999996877060762]]
0.1317, [[0.968666399564835, 1.0, 0.0], [0.9703131289307706, 0.9870957470321373, 0.0], [0.9843713185177401, 0.8804658672450678, 0.0], [0.025867442299118703, 0.0, 0.9955905347150257], [0.9783866770720943, 0.922574482192827, 0.0], [0.9679421435937059, 0.9972833151646601, 0.0], [0.017593249511300403, 0.0, 0.994657338012247], [0.9683309546939962, 0.8981243186747733, 0.0], [0.971792135861287, 0.8356405674619672, 0.0], [0.973606587662642, 0.8342822250442972, 0.0]]
0.1326, [[0.968666399564835, 1.0, 0.0], [0.02688406666895316, 0.0, 0.9999996877060762], [0.034452270311053156, 0.0, 0.9727770263777671], [0.9688874882297062, 0.9728331516466062, 0.0], [0.9783866770720943, 0.922574482192827, 0.0], [0.0, 0.0, 0.9692721516721624], [0.019259383895195492, 0.0, 0.9829407570419219], [0.9843713185177401, 0.8804658672450678, 0.0], [0.021320872200692727, 0.0, 0.9890385457371643], [0.03360508333619119, 0.0, 0.9866093362223267]]
0.1086, [[0.034452270311053156, 0.0, 0.9727770263777671], [0.9011276243202786, 0.5289304149215353, 0.0], [0.9942059522309671, 0.7602525632813, 0.0], [0.0, 0.0, 0.6635868093372717], [0.0, 0.0, 0.6982736311970204], [0.9231145108543458, 0.7711193026226569, 0.0], [0.017593249511300403, 0.0, 0.994657338012247], [0.9251500513205719, 0.7385190845985847, 0.0], [0.9510098013634137, 0.6726394773416045, 0.0], [0.0, 0.0, 0.7466159589005924]]
0.1325, [[0.03360508333619119, 0.0, 0.9866093362223267], [0.034452270311053156, 0.0, 0.9727770263777671], [0.9783866770720943, 0.922574482192827, 0.0], [0.02637575448403567, 0.0, 0.9943068193122941], [0.9703131289307706, 0.9870957470321373, 0.0], [0.9843713185177401, 0.8804658672450678, 0.0], [0.968666399564835, 1.0, 0.0], [0.013554991597791406, 0.0, 0.9891693968911914], [0.9688874882297062, 0.9728331516466062, 0.0], [0.971792135861287, 0.8356405674619672, 0.0]]
0.1326, [[0.02637575448403567, 0.0, 0.9943068193122941], [0.9843713185177401, 0.8804658672450678, 0.0], [0.03360508333619119, 0.0, 0.9866093362223267], [0.968666399564835, 1.0, 0.0], [0.03529945728591512, 0.0, 0.977872476495525], [0.9703131289307706, 0.9870957470321373, 0.0], [0.9783866770720943, 0.922574482192827, 0.0], [0.025867442299118703, 0.0, 0.9955905347150257], [0.9688874882297062, 0.9728331516466062, 0.0], [0.034452270311053156, 0.0, 0.9727770263777671]]
0.1132, [[0.3887, 0.028948129703905263, 0.0], [0.3887, 0.03524772269646483, 0.0], [0.3887, 0.0, 0.0], [0.3887, 0.021598604545919012, 0.0], [0.9498204968213488, 0.9612872410964135, 0.0], [0.968712142047222, 0.8193404584499319, 0.0], [0.3887, 0.023248497948732124, 0.0], [0.3887, 0.015149021244012578, 0.0], [0.23179579079041263, 0.0, 0.0], [0.9426541745807029, 0.8111904039439134, 0.0]]
0.1289, [[0.0, 0.0, 0.9780542315591143], [0.22249145333601347, 0.0, 0.0], [0.22386043246426093, 0.0, 0.0], [0.025867442299118703, 0.0, 0.9955905347150257], [0.019259383895195492, 0.0, 0.9829407570419219], [0.9703131289307706, 0.9870957470321373, 0.0], [0.0, 0.0, 0.9824371518605751], [0.9683309546939962, 0.8981243186747733, 0.0], [0.9498204968213488, 0.9612872410964135, 0.0], [0.968712142047222, 0.8193404584499319, 0.0]]
0.1061, [[0.028578440618677082, 0.0, 0.9766134323127651], [0.9217651076239262, 0.8071153766909034, 0.0], [0.02688406666895316, 0.0, 0.9999996877060762], [0.0, 0.0, 0.9806201633537447], [0.0, 0.0, 0.8596979827896233], [0.034452270311053156, 0.0, 0.9727770263777671], [0.0, 0.0, 0.9836295525200186], [0.020191289567543444, 0.0, 0.9682864271314181], [0.02637575448403567, 0.0, 0.9943068193122941], [0.03360508333619119, 0.0, 0.9866093362223267]]
0.1299, [[0.996180502720677, 0.9083118868072959, 0.0], [0.9783866770720943, 0.922574482192827, 0.0], [0.9703131289307706, 0.9870957470321373, 0.0], [0.9679421435937059, 0.9972833151646601, 0.0], [0.0, 0.0, 0.9845948530381535], [0.9843713185177401, 0.8804658672450678, 0.0], [0.99368753743058, 0.7398774270162547, 0.0], [0.9683309546939962, 0.8981243186747733, 0.0], [0.9673779863109315, 0.9585705562610751, 0.0], [0.0, 0.0, 0.9843676904380595]]
0.1214, [[0.9949378319491606, 0.6297432641045503, 0.0], [0.3887, 0.03704760640862481, 0.0], [0.0, 0.0, 0.9786409693829485], [0.968712142047222, 0.8193404584499319, 0.0], [0.3887, 0.025348362279585483, 0.0], [0.02637575448403567, 0.0, 0.9943068193122941], [0.9683309546939962, 0.8981243186747733, 0.0], [0.028578440618677082, 0.0, 0.9766134323127651], [0.3887, 0.011849234438386187, 0.0], [0.0, 0.0, 0.0]]
0.1262, [[0.9501940604275103, 0.9864165758233031, 0.0], [0.018694592578620852, 0.0, 0.988404026943005], [0.3887, 0.024748401042198713, 0.0], [0.0, 0.0, 0.9786409693829485], [0.3887, 0.02354847856742551, 0.0], [0.0, 0.0, 0.8309482551374281], [0.3887, 0.04589703466007765, 0.0], [0.019259383895195492, 0.0, 0.9829407570419219], [0.3887, 0.025348362279585483, 0.0], [0.022224538307212365, 0.0, 0.9915270286387191]]
0.1340, [[0.996180502720677, 0.9083118868072959, 0.0], [0.025867442299118703, 0.0, 0.9955905347150257], [1.0, 0.8539781901005083, 0.0], [0.9703131289307706, 0.9870957470321373, 0.0], [0.9783866770720943, 0.922574482192827, 0.0], [0.2240350953185546, 0.0, 0.0], [0.03360508333619119, 0.0, 0.9866093362223267], [0.968666399564835, 1.0, 0.0], [0.22333172328369644, 0.0, 0.0], [0.9991537640758388, 0.7806276995463454, 0.0]]
0.1234, [[0.29606700055278923, 0.0, 0.0], [0.973606587662642, 0.8342822250442972, 0.0], [0.0, 0.0, 0.9780542315591143], [0.3887, 0.019198759596372437, 0.0], [0.9511012863281877, 0.7955694661407122, 0.0], [0.3887, 0.02084865299918572, 0.0], [0.2257203558316041, 0.0, 0.0], [0.9685825383471254, 0.8200196296587661, 0.0], [0.9498204968213488, 0.9612872410964135, 0.0], [0.9513376224871879, 0.6848645591006313, 0.0]]
0.1109, [[0.8896538849881804, 0.3214239670198288, 0.0], [0.3887, 0.030898003725411762, 0.0], [0.3887, 0.01664892433747917, 0.0], [0.22883124288510437, 0.0, 0.0], [1.0, 0.8539781901005083, 0.0], [0.3887, 0.04964679239374412, 0.0], [0.3887, 0.023248497948732124, 0.0], [0.2947971543958976, 0.0, 0.0], [0.996180502720677, 0.9083118868072959, 0.0], [0.3887, 0.011849234438386187, 0.0]]
0.1052, [[0.22708461434216792, 0.0, 0.0], [0.9907600185578054, 0.8594115597711868, 0.0], [0.3074767334940793, 0.0, 0.0], [0.9666842253280605, 0.7391982558074189, 0.0], [0.3097379093645294, 0.0, 0.0], [0.9942059522309671, 0.7602525632813, 0.0], [0.962102353342286, 0.7208606331688794, 0.0], [0.9976747571453223, 0.6848645591006313, 0.0], [0.9537086078242526, 0.5868978032017678, 0.0], [0.9514519786931557, 0.7011646681126682, 0.0]]
0.1290, [[0.955187614754769, 0.805757034273235, 0.0], [0.9686359045765769, 0.7106730650363566, 0.0], [0.020191289567543444, 0.0, 0.9682864271314181], [0.9501940604275103, 0.9864165758233031, 0.0], [0.03529945728591512, 0.0, 0.977872476495525], [0.0, 0.0, 0.7926109411122533], [0.0, 0.0, 0.974544609985869], [0.0, 0.0, 0.9769862487988692], [0.0, 0.0, 0.9589521491285913], [0.021320872200692727, 0.0, 0.9890385457371643]]
0.1291, [[0.02688406666895316, 0.0, 0.9999996877060762], [0.9501940604275103, 0.9864165758233031, 0.0], [0.9688874882297062, 0.9728331516466062, 0.0], [0.025867442299118703, 0.0, 0.9955905347150257], [0.9498204968213488, 0.9612872410964135, 0.0], [0.971792135861287, 0.8356405674619672, 0.0], [0.9523592045938329, 0.9300453654900113, 0.0], [0.017593249511300403, 0.0, 0.994657338012247], [0.955187614754769, 0.805757034273235, 0.0], [0.9496070319035425, 0.8369989098796372, 0.0]]
0.1199, [[0.9239226280431845, 0.9130660852691401, 0.0], [0.028578440618677082, 0.0, 0.9766134323127651], [0.9580236486627693, 0.7595733920724642, 0.0], [0.22742449881538795, 0.0, 0.0], [0.9626283918897375, 0.6322635853341253, 0.0], [0.2257203558316041, 0.0, 0.0], [0.0, 0.0, 0.7097169404700754], [0.02688406666895316, 0.0, 0.9999996877060762], [0.021320872200692727, 0.0, 0.9890385457371643], [0.22798625231973785, 0.0, 0.0]]
0.1326, [[0.9843713185177401, 0.8804658672450678, 0.0], [0.025867442299118703, 0.0, 0.9955905347150257], [0.968666399564835, 1.0, 0.0], [0.9703131289307706, 0.9870957470321373, 0.0], [0.9783866770720943, 0.922574482192827, 0.0], [0.02637575448403567, 0.0, 0.9943068193122941], [0.971792135861287, 0.8356405674619672, 0.0], [0.021716226122294877, 0.0, 0.9911665789919922], [0.03360508333619119, 0.0, 0.9866093362223267], [0.03529945728591512, 0.0, 0.977872476495525]]
0.1318, [[0.9976747571453223, 0.6848645591006313, 0.0], [0.0, 0.0, 0.9843676904380595], [0.03529945728591512, 0.0, 0.977872476495525], [0.9703131289307706, 0.9870957470321373, 0.0], [0.0, 0.0, 0.9860278449364106], [0.0, 0.0, 0.9799847701365995], [0.0, 0.0, 0.974544609985869], [0.22402565408318736, 0.0, 0.0], [0.0, 0.0, 0.9824371518605751], [0.0, 0.0, 0.9835160024493639]]
0.1317, [[0.0, 0.0, 0.9909948173339616], [0.9679421435937059, 0.9972833151646601, 0.0], [0.0, 0.0, 0.9860278449364106], [0.9703131289307706, 0.9870957470321373, 0.0], [0.0310635224116053, 0.0, 0.9859649489401787], [0.9686130333353833, 0.7595733920724642, 0.0], [0.9523592045938329, 0.9300453654900113, 0.0], [0.9501940604275103, 0.9864165758233031, 0.0], [0.955187614754769, 0.805757034273235, 0.0], [0.987893489661547, 0.6590560531649075, 0.0]]
0.1290, [[0.0, 0.0, 0.9915788694300518], [1.0, 0.8539781901005083, 0.0], [0.996180502720677, 0.9083118868072959, 0.0], [0.9688874882297062, 0.9728331516466062, 0.0], [0.013554991597791406, 0.0, 0.9891693968911914], [0.9976747571453223, 0.6848645591006313, 0.0], [0.9907600185578054, 0.8594115597711868, 0.0], [0.9934588250186445, 0.7065980377833466, 0.0], [0.0, 0.0, 0.9869228168629299], [0.99297852895358, 0.6631310804179175, 0.0]]
0.1311, [[0.025867442299118703, 0.0, 0.9955905347150257], [0.9688874882297062, 0.9728331516466062, 0.0], [0.9843713185177401, 0.8804658672450678, 0.0], [0.9501940604275103, 0.9864165758233031, 0.0], [0.02637575448403567, 0.0, 0.9943068193122941], [0.03360508333619119, 0.0, 0.9866093362223267], [0.0, 0.0, 0.9828508163918982], [0.028578440618677082, 0.0, 0.9766134323127651], [0.013554991597791406, 0.0, 0.9891693968911914], [0.03529945728591512, 0.0, 0.977872476495525]]
0.1324, [[0.968666399564835, 1.0, 0.0], [0.0, 0.0, 0.9919303874705605], [0.022224538307212365, 0.0, 0.9915270286387191], [0.0, 0.0, 0.9869228168629299], [0.03360508333619119, 0.0, 0.9866093362223267], [0.0, 0.0, 0.985503316062176], [0.0, 0.0, 0.9721355121997179], [0.9688874882297062, 0.9728331516466062, 0.0], [0.9783866770720943, 0.922574482192827, 0.0], [0.9843713185177401, 0.8804658672450678, 0.0]]
0.1135, [[0.9942059522309671, 0.7602525632813, 0.0], [0.0, 0.0, 0.8314644693680976], [0.0, 0.0, 0.6594692862188553], [0.9976747571453223, 0.6848645591006313, 0.0], [0.2258950186858977, 0.0, 0.0], [0.9907600185578054, 0.8594115597711868, 0.0], [0.09225866156246795, 0.0, 0.0], [0.0, 0.0, 0.754961982789622], [0.0, 0.0, 0.0], [0.0, 0.0, 0.0]]
0.1288, [[0.3096529382462244, 0.0, 0.0], [0.0, 0.0, 0.9780542315591143], [0.3887, 0.026248304135665302, 0.0], [0.9373632941179282, 0.6053801588853209, 0.0], [0.9537086078242526, 0.5868978032017678, 0.0], [0.311031358609839, 0.0, 0.0], [0.9512690087636071, 0.5726159829008421, 0.0], [0.9917358581820634, 0.8580532173535167, 0.0], [0.9703131289307706, 0.9870957470321373, 0.0], [0.9991537640758388, 0.7806276995463454, 0.0]]
0.1242, [[0.996180502720677, 0.9083118868072959, 0.0], [0.017593249511300403, 0.0, 0.994657338012247], [1.0, 0.8539781901005083, 0.0], [0.022224538307212365, 0.0, 0.9915270286387191], [0.971792135861287, 0.8356405674619672, 0.0], [0.021716226122294877, 0.0, 0.9911665789919922], [0.968712142047222, 0.8193404584499319, 0.0], [0.013554991597791406, 0.0, 0.9891693968911914], [0.9511012863281877, 0.7955694661407122, 0.0], [0.03360508333619119, 0.0, 0.9866093362223267]]
0.1305, [[0.025867442299118703, 0.0, 0.9955905347150257], [0.9783866770720943, 0.922574482192827, 0.0], [0.9703131289307706, 0.9870957470321373, 0.0], [0.034452270311053156, 0.0, 0.9727770263777671], [0.018694592578620852, 0.0, 0.988404026943005], [0.02637575448403567, 0.0, 0.9943068193122941], [0.0, 0.0, 0.9759641732454074], [0.028578440618677082, 0.0, 0.9766134323127651], [0.021320872200692727, 0.0, 0.9890385457371643], [0.019259383895195492, 0.0, 0.9829407570419219]]
0.1305, [[0.968666399564835, 1.0, 0.0], [0.0, 0.0, 0.9646809937823834], [0.9484939648321231, 0.8573740461446826, 0.0], [0.0, 0.0, 0.9857655804992933], [0.0, 0.0, 0.7541876614436178], [1.0, 0.8539781901005083, 0.0], [0.0, 0.0, 0.9769862487988692], [0.9783866770720943, 0.922574482192827, 0.0], [0.0, 0.0, 0.9828508163918982], [0.9688874882297062, 0.9728331516466062, 0.0]]
0.1324, [[0.0, 0.0, 0.9919303874705605], [0.9843713185177401, 0.8804658672450678, 0.0], [0.022224538307212365, 0.0, 0.9915270286387191], [0.9783866770720943, 0.922574482192827, 0.0], [0.013554991597791406, 0.0, 0.9891693968911914], [0.9688874882297062, 0.9728331516466062, 0.0], [0.03360508333619119, 0.0, 0.9866093362223267], [0.968712142047222, 0.8193404584499319, 0.0], [0.0, 0.0, 0.9860278449364106], [0.968666399564835, 1.0, 0.0]]
0.1323, [[0.968666399564835, 1.0, 0.0], [0.22249145333601347, 0.0, 0.0], [0.3887, 0.04349718971053107, 0.0], [0.03360508333619119, 0.0, 0.9866093362223267], [0.3887, 0.04589703466007765, 0.0], [0.0, 0.0, 0.7541876614436178], [0.9843713185177401, 0.8804658672450678, 0.0], [0.0, 0.0, 0.9752432739519552], [0.0, 0.0, 0.9915788694300518], [0.028578440618677082, 0.0, 0.9766134323127651]]
0.1108, [[0.3887, 0.016798914646825862, 0.0], [0.9991537640758388, 0.7806276995463454, 0.0], [0.996180502720677, 0.9083118868072959, 0.0], [0.3887, 0.0019498740215066676, 0.0], [0.3887, 0.008099476704719714, 0.0], [0.3887, 0.03239790681887835, 0.0], [0.3887, 0.025498352588932006, 0.0], [0.3887, 0.0020998643308533607, 0.0], [0.3887, 0.0, 0.0], [0.3887, 0.0037497577336664716, 0.0]]
0.1148, [[0.2292655397119966, 0.0, 0.0], [0.3887, 0.0020998643308533607, 0.0], [0.0, 0.0, 0.01171500195439751], [0.3087182559448692, 0.0, 0.0], [0.3887, 0.005249660827133061, 0.0], [0.3887, 0.021598604545919012, 0.0], [0.3887, 0.0, 0.0], [0.3887, 0.0037497577336664716, 0.0], [0.9688874882297062, 0.9728331516466062, 0.0], [0.3887, 0.02354847856742551, 0.0]]
0.0845, [[0.23041264980911436, 0.0, 0.0], [0.9510098013634137, 0.6726394773416045, 0.0], [0.9514519786931557, 0.7011646681126682, 0.0], [0.9306543967011532, 0.47096302664130074, 0.0], [0.9544176163012525, 0.590258231507869, 0.0], [0.9547073186897045, 0.5709357687477915, 0.0], [0.9537086078242526, 0.5868978032017678, 0.0], [0.9555154358785432, 0.5507731989111877, 0.0], [0.9532664304945107, 0.6597352243737433, 0.0], [0.3097379093645294, 0.0, 0.0]]
0.1301, [[0.9907600185578054, 0.8594115597711868, 0.0], [0.017593249511300403, 0.0, 0.994657338012247], [1.0, 0.8539781901005083, 0.0], [0.9783866770720943, 0.922574482192827, 0.0], [0.9688874882297062, 0.9728331516466062, 0.0], [0.018694592578620852, 0.0, 0.988404026943005], [0.9942059522309671, 0.7602525632813, 0.0], [0.9882136870382567, 0.8268113417471146, 0.0], [0.9917968481585798, 0.5726159829008421, 0.0], [0.024935536626770744, 0.0, 0.9837456009420629]]
0.1109, [[0.23179579079041263, 0.0, 0.0], [1.0, 0.8539781901005083, 0.0], [0.996180502720677, 0.9083118868072959, 0.0], [0.22878875732595189, 0.0, 0.0], [0.9991537640758388, 0.7806276995463454, 0.0], [0.2292655397119966, 0.0, 0.0], [0.9976747571453223, 0.6848645591006313, 0.0], [0.9580236486627693, 0.7595733920724642, 0.0], [0.99368753743058, 0.7398774270162547, 0.0], [0.9666842253280605, 0.7391982558074189, 0.0]]
0.1261, [[0.9688874882297062, 0.9728331516466062, 0.0], [0.0, 0.0, 0.9915788694300518], [0.9843713185177401, 0.8804658672450678, 0.0], [0.9783866770720943, 0.922574482192827, 0.0], [0.0, 0.0, 0.9845948530381535], [0.9683309546939962, 0.8981243186747733, 0.0], [0.9685825383471254, 0.8200196296587661, 0.0], [0.968712142047222, 0.8193404584499319, 0.0], [0.0, 0.0, 0.9806201633537447], [0.9511012863281877, 0.7955694661407122, 0.0]]
0.1280, [[0.9673779863109315, 0.9585705562610751, 0.0], [0.025867442299118703, 0.0, 0.9955905347150257], [0.20112593769998588, 0.0, 0.0], [0.213423146765795, 0.0, 0.0], [0.9683309546939962, 0.8981243186747733, 0.0], [0.9843713185177401, 0.8804658672450678, 0.0], [0.2097269031195268, 0.0, 0.0], [0.028578440618677082, 0.0, 0.9766134323127651], [0.971792135861287, 0.8356405674619672, 0.0], [0.034452270311053156, 0.0, 0.9727770263777671]]
0.1207, [[1.0, 0.8539781901005083, 0.0], [0.996180502720677, 0.9083118868072959, 0.0], [0.0, 0.0, 0.9825507019312298], [0.0, 0.0, 0.9786409693829485], [0.23118211049154308, 0.0, 0.0], [0.23361794921628684, 0.0, 0.0], [0.0, 0.0, 0.9836295525200186], [0.0, 0.0, 0.975453135468677], [0.962102353342286, 0.7208606331688794, 0.0], [0.955187614754769, 0.805757034273235, 0.0]]
0.1339, [[0.3887, 0.02354847856742551, 0.0], [0.23175330523126014, 0.0, 0.0], [0.034452270311053156, 0.0, 0.9727770263777671], [0.968666399564835, 1.0, 0.0], [0.3887, 0.021598604545919012, 0.0], [0.2248187178540342, 0.0, 0.0], [0.0, 0.0, 0.9843676904380595], [1.0, 0.8539781901005083, 0.0], [0.0, 0.0, 0.9769862487988692], [0.996180502720677, 0.9083118868072959, 0.0]]
0.1308, [[0.9679421435937059, 0.9972833151646601, 0.0], [0.025867442299118703, 0.0, 0.9955905347150257], [0.3887, 0.016948904956172555, 0.0], [0.9501940604275103, 0.9864165758233031, 0.0], [0.017593249511300403, 0.0, 0.994657338012247], [0.3887, 0.03389780991234494, 0.0], [0.9498204968213488, 0.9612872410964135, 0.0], [0.021320872200692727, 0.0, 0.9890385457371643], [0.3887, 0.008399457323412931, 0.0], [0.9783866770720943, 0.922574482192827, 0.0]]
0.1326, [[0.9703131289307706, 0.9870957470321373, 0.0], [0.025867442299118703, 0.0, 0.9955905347150257], [0.968666399564835, 1.0, 0.0], [0.9843713185177401, 0.8804658672450678, 0.0], [0.9688874882297062, 0.9728331516466062, 0.0], [0.013554991597791406, 0.0, 0.9891693968911914], [0.9783866770720943, 0.922574482192827, 0.0], [0.03360508333619119, 0.0, 0.9866093362223267], [0.971792135861287, 0.8356405674619672, 0.0], [0.03529945728591512, 0.0, 0.977872476495525]]
0.1296, [[0.9688874882297062, 0.9728331516466062, 0.0], [0.017593249511300403, 0.0, 0.994657338012247], [0.9843713185177401, 0.8804658672450678, 0.0], [0.9239226280431845, 0.9130660852691401, 0.0], [0.9683309546939962, 0.8981243186747733, 0.0], [0.02637575448403567, 0.0, 0.9943068193122941], [0.973606587662642, 0.8342822250442972, 0.0], [0.971792135861287, 0.8356405674619672, 0.0], [0.0, 0.0, 0.9692721516721624], [0.03529945728591512, 0.0, 0.977872476495525]]
0.1325, [[0.9843713185177401, 0.8804658672450678, 0.0], [0.9688874882297062, 0.9728331516466062, 0.0], [0.9783866770720943, 0.922574482192827, 0.0], [0.02688406666895316, 0.0, 0.9999996877060762], [0.9688112507590609, 0.805757034273235, 0.0], [0.9688112507590609, 0.805757034273235, 0.0], [0.968666399564835, 1.0, 0.0], [0.03360508333619119, 0.0, 0.9866093362223267], [0.9686130333353833, 0.7595733920724642, 0.0], [0.9679421435937059, 0.9972833151646601, 0.0]]
0.1269, [[0.0, 0.0, 0.9919303874705605], [0.6861454196936582, 0.18878599970556081, 0.0], [0.3887, 0.04589703466007765, 0.0], [0.034452270311053156, 0.0, 0.9727770263777671], [0.9498204968213488, 0.9612872410964135, 0.0], [0.0, 0.0, 0.7610953897379926], [0.6543209165941444, 0.1678277207750991, 0.0], [0.6828307033292637, 0.1772750680468303, 0.0], [0.018694592578620852, 0.0, 0.988404026943005], [0.973606587662642, 0.8342822250442972, 0.0]]
0.1195, [[0.889646261241116, 0.4776838832535014, 0.0], [0.02637575448403567, 0.0, 0.9943068193122941], [0.3887, 0.039297461048824686, 0.0], [0.23361794921628684, 0.0, 0.0], [0.9539906864656398, 0.7622900769078043, 0.0], [0.8836158773130832, 0.29874107595364996, 0.0], [0.9223902548832167, 0.8111904039439134, 0.0], [0.9229010459365393, 0.34830739346863315, 0.0], [0.9626283918897375, 0.6322635853341253, 0.0], [0.9239226280431845, 0.9130660852691401, 0.0]]
0.1288, [[0.3887, 0.025348362279585483, 0.0], [0.0, 0.0, 0.9909948173339616], [0.23250388344295442, 0.0, 0.0], [1.0, 0.8539781901005083, 0.0], [0.9470759478781228, 0.7765526722933354, 0.0], [0.9949378319491606, 0.6297432641045503, 0.0], [0.9501940604275103, 0.9864165758233031, 0.0], [0.9942059522309671, 0.7602525632813, 0.0], [0.9892352691449019, 0.5994994093496446, 0.0], [0.9334065693914437, 0.4163560666671676, 0.0]]
0.1309, [[0.0, 0.0, 0.9780542315591143], [0.3887, 0.04589703466007765, 0.0], [0.3887, 0.02354847856742551, 0.0], [0.3887, 0.021598604545919012, 0.0], [0.968666399564835, 1.0, 0.0], [0.0310635224116053, 0.0, 0.9859649489401787], [0.3887, 0.03704760640862481, 0.0], [0.9239226280431845, 0.9130660852691401, 0.0], [0.03529945728591512, 0.0, 0.977872476495525], [0.9683309546939962, 0.8981243186747733, 0.0]]
0.1258, [[0.9498204968213488, 0.9612872410964135, 0.0], [0.9511012863281877, 0.7955694661407122, 0.0], [0.022224538307212365, 0.0, 0.9915270286387191], [0.9626283918897375, 0.6322635853341253, 0.0], [0.9534417766769945, 0.7901360964700322, 0.0], [0.03360508333619119, 0.0, 0.9866093362223267], [0.0, 0.0, 0.9721355121997179], [0.9539906864656398, 0.7622900769078043, 0.0], [0.03529945728591512, 0.0, 0.977872476495525], [0.0, 0.0, 0.9915788694300518]]
0.1280, [[0.9501940604275103, 0.9864165758233031, 0.0], [0.021716226122294877, 0.0, 0.9911665789919922], [0.9673779863109315, 0.9585705562610751, 0.0], [0.0, 0.0, 0.9909948173339616], [0.9523592045938329, 0.9300453654900113, 0.0], [0.0, 0.0, 0.9752432739519552], [0.9490428746207681, 0.6753561621769444, 0.0], [0.9490428746207681, 0.6753561621769444, 0.0], [0.9484939648321231, 0.8573740461446826, 0.0], [0.0, 0.0, 0.7541876614436178]]
0.1310, [[0.9688874882297062, 0.9728331516466062, 0.0], [1.0, 0.8539781901005083, 0.0], [0.9683309546939962, 0.8981243186747733, 0.0], [0.9239226280431845, 0.9130660852691401, 0.0], [0.9942059522309671, 0.7602525632813, 0.0], [0.971792135861287, 0.8356405674619672, 0.0], [0.968712142047222, 0.8193404584499319, 0.0], [0.9412971476032189, 0.6347839065637003, 0.0], [0.022224538307212365, 0.0, 0.9915270286387191], [0.03529945728591512, 0.0, 0.977872476495525]]
0.1299, [[0.9679421435937059, 0.9972833151646601, 0.0], [0.22238759974697406, 0.0, 0.0], [0.9991537640758388, 0.7806276995463454, 0.0], [0.9703131289307706, 0.9870957470321373, 0.0], [0.2277879863770261, 0.0, 0.0], [0.9783866770720943, 0.922574482192827, 0.0], [0.2173979068553962, 0.0, 0.0], [0.0, 0.0, 0.9836295525200186], [0.22517748479798874, 0.0, 0.0], [0.22409646334844152, 0.0, 0.0]]
0.1313, [[0.0310635224116053, 0.0, 0.9859649489401787], [0.3887, 0.025798333207625392, 0.0], [0.30804792823379634, 0.0, 0.0], [0.9783866770720943, 0.922574482192827, 0.0], [0.22395012420024962, 0.0, 0.0], [0.3887, 0.03989742228621129, 0.0], [0.9703131289307706, 0.9870957470321373, 0.0], [0.3887, 0.008099476704719714, 0.0], [0.9314625138899919, 0.3676298562287107, 0.0], [0.9934588250186445, 0.7065980377833466, 0.0]]
0.1299, [[0.9783866770720943, 0.922574482192827, 0.0], [0.9703131289307706, 0.9870957470321373, 0.0], [0.0, 0.0, 0.9824371518605751], [0.02688406666895316, 0.0, 0.9999996877060762], [0.0, 0.0, 0.9869228168629299], [0.9496070319035425, 0.8369989098796372, 0.0], [0.0, 0.0, 0.9589521491285913], [0.0, 0.0, 0.9835160024493639], [0.0, 0.0, 0.974544609985869], [0.6809273625458159, 0.18075736669989165, 0.0]]
0.1320, [[0.9783866770720943, 0.922574482192827, 0.0], [0.968666399564835, 1.0, 0.0], [0.968666399564835, 1.0, 0.0], [0.9703131289307706, 0.9870957470321373, 0.0], [0.025867442299118703, 0.0, 0.9955905347150257], [0.021320872200692727, 0.0, 0.9890385457371643], [0.973606587662642, 0.8342822250442972, 0.0], [0.0310635224116053, 0.0, 0.9859649489401787], [0.03360508333619119, 0.0, 0.9866093362223267], [0.03529945728591512, 0.0, 0.977872476495525]]
0.1317, [[0.9843713185177401, 0.8804658672450678, 0.0], [0.0, 0.0, 0.8271008196763445], [0.9679421435937059, 0.9972833151646601, 0.0], [0.9882136870382567, 0.8268113417471146, 0.0], [0.017593249511300403, 0.0, 0.994657338012247], [0.0, 0.0, 0.9845948530381535], [0.0, 0.0, 0.7735959292961728], [0.018694592578620852, 0.0, 0.988404026943005], [0.02637575448403567, 0.0, 0.9943068193122941], [0.0, 0.0, 0.9786409693829485]]
0.1325, [[0.02688406666895316, 0.0, 0.9999996877060762], [0.9843713185177401, 0.8804658672450678, 0.0], [0.9703131289307706, 0.9870957470321373, 0.0], [0.02637575448403567, 0.0, 0.9943068193122941], [0.971792135861287, 0.8356405674619672, 0.0], [0.9688874882297062, 0.9728331516466062, 0.0], [0.028578440618677082, 0.0, 0.9766134323127651], [0.968666399564835, 1.0, 0.0], [0.034452270311053156, 0.0, 0.9727770263777671], [0.9679421435937059, 0.9972833151646601, 0.0]]
0.1327, [[0.9783866770720943, 0.922574482192827, 0.0], [0.9843713185177401, 0.8804658672450678, 0.0], [0.02688406666895316, 0.0, 0.9999996877060762], [0.9703131289307706, 0.9870957470321373, 0.0], [0.968666399564835, 1.0, 0.0], [0.971792135861287, 0.8356405674619672, 0.0], [0.03360508333619119, 0.0, 0.9866093362223267], [0.9688874882297062, 0.9728331516466062, 0.0], [0.9679421435937059, 0.9972833151646601, 0.0], [0.03529945728591512, 0.0, 0.977872476495525]]
0.1183, [[0.2266361556622248, 0.0, 0.0], [0.9523592045938329, 0.9300453654900113, 0.0], [0.22294463263364023, 0.0, 0.0], [0.0, 0.0, 0.0], [0.0, 0.0, 0.8327426040328794], [0.0, 0.0, 0.9836295525200186], [0.0, 0.0, 0.9747149975506361], [0.0, 0.0, 0.9672347461139895], [0.0, 0.0, 0.801682103069614], [0.9534417766769945, 0.7901360964700322, 0.0]]
0.1325, [[0.9843713185177401, 0.8804658672450678, 0.0], [0.968666399564835, 1.0, 0.0], [0.03360508333619119, 0.0, 0.9866093362223267], [0.013554991597791406, 0.0, 0.9891693968911914], [0.9688874882297062, 0.9728331516466062, 0.0], [0.02637575448403567, 0.0, 0.9943068193122941], [0.028578440618677082, 0.0, 0.9766134323127651], [0.025867442299118703, 0.0, 0.9955905347150257], [0.021716226122294877, 0.0, 0.9911665789919922], [0.034452270311053156, 0.0, 0.9727770263777671]]
0.1298, [[0.025867442299118703, 0.0, 0.9955905347150257], [0.9703131289307706, 0.9870957470321373, 0.0], [0.02637575448403567, 0.0, 0.9943068193122941], [0.9688874882297062, 0.9728331516466062, 0.0], [0.03360508333619119, 0.0, 0.9866093362223267], [0.9539906864656398, 0.7622900769078043, 0.0], [0.9498204968213488, 0.9612872410964135, 0.0], [0.03529945728591512, 0.0, 0.977872476495525], [0.9534417766769945, 0.7901360964700322, 0.0], [0.028578440618677082, 0.0, 0.9766134323127651]]
0.0939, [[0.3887, 0.02879813939455857, 0.0], [0.23068172501708017, 0.0, 0.0], [0.9332693419442826, 0.7303690300925663, 0.0], [0.9510098013634137, 0.6726394773416045, 0.0], [0.9580236486627693, 0.7595733920724642, 0.0], [0.9343747852686375, 0.585217589048719, 0.0], [0.99368753743058, 0.7398774270162547, 0.0], [0.938689826107154, 0.5684154475182166, 0.0], [0.9544176163012525, 0.590258231507869, 0.0], [0.9314625138899919, 0.3676298562287107, 0.0]]
0.0913, [[0.884233400825309, 0.3768710340704863, 0.0], [0.9580236486627693, 0.7595733920724642, 0.0], [0.4044913087599747, 0.12344202459230035, 0.0], [0.23361794921628684, 0.0, 0.0], [0.9626283918897375, 0.6322635853341253, 0.0], [0.3887, 0.028348168466518664, 0.0], [0.8836158773130832, 0.29874107595364996, 0.0], [0.40983840596093224, 0.11324268355672744, 0.0], [0.9328652833498632, 0.49112559647790455, 0.0], [0.46742252966354936, 0.15194018336816553, 0.0]]
0.1302, [[0.22747170499222408, 0.0, 0.0], [0.6876858353277197, 0.185174727028312, 0.0], [0.3887, 0.010649311963612813, 0.0], [0.3887, 0.06284593961625021, 0.0], [0.02637575448403567, 0.0, 0.9943068193122941], [0.2282742099984381, 0.0, 0.0], [1.0, 0.8539781901005083, 0.0], [0.23202238043922604, 0.0, 0.0], [0.9688874882297062, 0.9728331516466062, 0.0], [0.9843713185177401, 0.8804658672450678, 0.0]]
0.1296, [[0.99368753743058, 0.7398774270162547, 0.0], [0.0, 0.0, 0.9646809937823834], [0.9679421435937059, 0.9972833151646601, 0.0], [0.9907600185578054, 0.8594115597711868, 0.0], [0.0, 0.0, 0.7475994142692018], [0.0, 0.0, 0.9919303874705605], [0.9843713185177401, 0.8804658672450678, 0.0], [0.0, 0.0, 0.7746653503082459], [0.9688874882297062, 0.9728331516466062, 0.0], [0.0, 0.0, 0.8271008196763445]]
0.1317, [[0.9688874882297062, 0.9728331516466062, 0.0], [0.968666399564835, 1.0, 0.0], [0.025867442299118703, 0.0, 0.9955905347150257], [0.9843713185177401, 0.8804658672450678, 0.0], [0.9498204968213488, 0.9612872410964135, 0.0], [0.9683309546939962, 0.8981243186747733, 0.0], [0.017593249511300403, 0.0, 0.994657338012247], [0.973606587662642, 0.8342822250442972, 0.0], [0.02637575448403567, 0.0, 0.9943068193122941], [0.968712142047222, 0.8193404584499319, 0.0]]
0.1320, [[0.02688406666895316, 0.0, 0.9999996877060762], [0.03360508333619119, 0.0, 0.9866093362223267], [0.034452270311053156, 0.0, 0.9727770263777671], [0.968666399564835, 1.0, 0.0], [0.028578440618677082, 0.0, 0.9766134323127651], [0.9688874882297062, 0.9728331516466062, 0.0], [0.0, 0.0, 0.7216026890572841], [0.2259847104218863, 0.0, 0.0], [0.9783866770720943, 0.922574482192827, 0.0], [0.03233430287389825, 0.0, 0.0]]
0.1301, [[0.9843713185177401, 0.8804658672450678, 0.0], [0.0, 0.0, 0.9752432739519552], [0.9673779863109315, 0.9585705562610751, 0.0], [0.0, 0.0, 0.9825507019312298], [0.9501940604275103, 0.9864165758233031, 0.0], [0.0, 0.0, 0.9759641732454074], [0.017593249511300403, 0.0, 0.994657338012247], [0.0, 0.0, 0.9836295525200186], [0.0, 0.0, 0.9806201633537447], [0.02637575448403567, 0.0, 0.9943068193122941]]
0.1299, [[0.9457875346242195, 0.7351232285544105, 0.0], [0.1117439619842931, 0.0, 0.0], [0.3887, 0.03869749981143809, 0.0], [0.0, 0.0, 0.975453135468677], [0.9411141776736703, 0.712031407454025, 0.0], [0.9783866770720943, 0.922574482192827, 0.0], [0.22409646334844152, 0.0, 0.0], [0.921216197835281, 0.6441142865705406, 0.0], [0.02688406666895316, 0.0, 0.9999996877060762], [0.9703131289307706, 0.9870957470321373, 0.0]]
0.1302, [[0.3093744218028912, 0.0, 0.0], [0.30640987389758295, 0.0, 0.0], [0.028578440618677082, 0.0, 0.9766134323127651], [0.9688874882297062, 0.9728331516466062, 0.0], [0.30919031771323036, 0.0, 0.0], [0.02637575448403567, 0.0, 0.9943068193122941], [0.9882136870382567, 0.8268113417471146, 0.0], [0.22701380507691377, 0.0, 0.0], [0.0, 0.0, 0.9845948530381535], [0.9991537640758388, 0.7806276995463454, 0.0]]
0.1326, [[0.9688874882297062, 0.9728331516466062, 0.0], [0.025867442299118703, 0.0, 0.9955905347150257], [0.9843713185177401, 0.8804658672450678, 0.0], [0.968666399564835, 1.0, 0.0], [0.017593249511300403, 0.0, 0.994657338012247], [0.017593249511300403, 0.0, 0.994657338012247], [0.9683309546939962, 0.8981243186747733, 0.0], [0.02637575448403567, 0.0, 0.9943068193122941], [0.03360508333619119, 0.0, 0.9866093362223267], [0.03529945728591512, 0.0, 0.977872476495525]]
0.1109, [[0.9934588250186445, 0.7065980377833466, 0.0], [0.23361794921628684, 0.0, 0.0], [0.22693827519397597, 0.0, 0.0], [0.9328652833498632, 0.49112559647790455, 0.0], [0.9577720650096401, 0.5070876309318808, 0.0], [0.996180502720677, 0.9083118868072959, 0.0], [1.0, 0.8539781901005083, 0.0], [0.884233400825309, 0.3768710340704863, 0.0], [0.9580236486627693, 0.7595733920724642, 0.0], [0.99368753743058, 0.7398774270162547, 0.0]]
0.1326, [[0.9679421435937059, 0.9972833151646601, 0.0], [0.311031358609839, 0.0, 0.0], [0.30640987389758295, 0.0, 0.0], [0.3074767334940793, 0.0, 0.0], [0.9991537640758388, 0.7806276995463454, 0.0], [0.22517748479798874, 0.0, 0.0], [0.028578440618677082, 0.0, 0.9766134323127651], [0.9231145108543458, 0.7711193026226569, 0.0], [0.9976747571453223, 0.6848645591006313, 0.0], [0.0, 0.0, 0.9915788694300518]]
0.1327, [[0.9843713185177401, 0.8804658672450678, 0.0], [0.02688406666895316, 0.0, 0.9999996877060762], [0.9976747571453223, 0.6848645591006313, 0.0], [0.9907600185578054, 0.8594115597711868, 0.0], [0.9783866770720943, 0.922574482192827, 0.0], [0.9703131289307706, 0.9870957470321373, 0.0], [0.9679421435937059, 0.9972833151646601, 0.0], [0.9942059522309671, 0.7602525632813, 0.0], [0.021716226122294877, 0.0, 0.9911665789919922], [0.9673779863109315, 0.9585705562610751, 0.0]]
0.1291, [[0.9843713185177401, 0.8804658672450678, 0.0], [0.9688874882297062, 0.9728331516466062, 0.0], [0.0, 0.0, 0.9919303874705605], [0.9783866770720943, 0.922574482192827, 0.0], [0.968666399564835, 1.0, 0.0], [0.0, 0.0, 0.9915788694300518], [0.973606587662642, 0.8342822250442972, 0.0], [0.971792135861287, 0.8356405674619672, 0.0], [0.9498204968213488, 0.9612872410964135, 0.0], [0.9683309546939962, 0.8981243186747733, 0.0]]
0.1337, [[0.2292655397119966, 0.0, 0.0], [0.028578440618677082, 0.0, 0.9766134323127651], [0.2302427075725043, 0.0, 0.0], [0.9688874882297062, 0.9728331516466062, 0.0], [0.968666399564835, 1.0, 0.0], [0.9843713185177401, 0.8804658672450678, 0.0], [1.0, 0.8539781901005083, 0.0], [0.034452270311053156, 0.0, 0.9727770263777671], [0.9673779863109315, 0.9585705562610751, 0.0], [0.2173931862377126, 0.0, 0.0]]
0.1305, [[0.996180502720677, 0.9083118868072959, 0.0], [0.9703131289307706, 0.9870957470321373, 0.0], [0.9783866770720943, 0.922574482192827, 0.0], [0.0, 0.0, 0.9857655804992933], [0.968666399564835, 1.0, 0.0], [0.9991537640758388, 0.7806276995463454, 0.0], [0.9843713185177401, 0.8804658672450678, 0.0], [0.0, 0.0, 0.9843676904380595], [0.99297852895358, 0.6631310804179175, 0.0], [0.9688112507590609, 0.805757034273235, 0.0]]
0.1334, [[1.0, 0.8539781901005083, 0.0], [0.02688406666895316, 0.0, 0.9999996877060762], [0.996180502720677, 0.9083118868072959, 0.0], [0.968666399564835, 1.0, 0.0], [0.9688874882297062, 0.9728331516466062, 0.0], [0.022224538307212365, 0.0, 0.9915270286387191], [0.9778682622717072, 0.6787520182211186, 0.0], [0.9949378319491606, 0.6297432641045503, 0.0], [0.9239226280431845, 0.9130660852691401, 0.0], [0.9539906864656398, 0.7622900769078043, 0.0]]
0.1055, [[0.9907600185578054, 0.8594115597711868, 0.0], [0.3887, 0.0, 0.0], [1.0, 0.8539781901005083, 0.0], [0.2959253820222808, 0.0, 0.0], [0.22402565408318736, 0.0, 0.0], [0.21490542071844915, 0.0, 0.0], [0.22723567410804346, 0.0, 0.0], [0.23041264980911436, 0.0, 0.0], [0.3887, 0.0, 0.0], [0.22708461434216792, 0.0, 0.0]]
0.0152, [[0.3887, 0.1454906000662591, 0.0], [0.46942265048683346, 0.12989160789420662, 0.0], [0.0, 0.0, 0.0], [0.0, 0.0, 0.13264066710097588], [0.3887, 0.13799108459892614, 0.0], [0.0, 0.0, 0.0], [0.3887, 0.13799108459892614, 0.0], [0.0, 0.0, 0.017869258631918874], [0.0, 0.0, 0.0], [0.0, 0.0, 0.04442661107492088]]
0.1190, [[0.996180502720677, 0.9083118868072959, 0.0], [1.0, 0.8539781901005083, 0.0], [0.0, 0.0, 0.805873401104549], [0.9934588250186445, 0.7065980377833466, 0.0], [0.0, 0.0, 0.7735959292961728], [0.0, 0.0, 0.7610953897379926], [0.22402565408318736, 0.0, 0.0], [0.30761835202458765, 0.0, 0.0], [0.3102146917505742, 0.0, 0.0], [0.30804792823379634, 0.0, 0.0]]
0.1169, [[0.9688874882297062, 0.9728331516466062, 0.0], [0.22733480707939935, 0.0, 0.0], [0.8941671432503746, 0.22817208152553958, 0.0], [0.9942059522309671, 0.7602525632813, 0.0], [0.8503915876059177, 0.1894308698264981, 0.0], [0.9334065693914437, 0.4163560666671676, 0.0], [0.9917968481585798, 0.5726159829008421, 0.0], [0.9239226280431845, 0.9130660852691401, 0.0], [0.9514519786931557, 0.7011646681126682, 0.0], [0.8794914301511793, 0.2953806476475497, 0.0]]
0.1254, [[0.9484939648321231, 0.8573740461446826, 0.0], [0.973606587662642, 0.8342822250442972, 0.0], [0.9976747571453223, 0.6848645591006313, 0.0], [0.3887, 0.01664892433747917, 0.0], [0.9688112507590609, 0.805757034273235, 0.0], [0.9498204968213488, 0.9612872410964135, 0.0], [0.971792135861287, 0.8356405674619672, 0.0], [0.0, 0.0, 0.9828508163918982], [0.0, 0.0, 0.8204635994091962], [0.3887, 0.013949098769239377, 0.0]]
0.1285, [[0.9703131289307706, 0.9870957470321373, 0.0], [0.968666399564835, 1.0, 0.0], [0.9783866770720943, 0.922574482192827, 0.0], [0.9783866770720943, 0.922574482192827, 0.0], [0.0, 0.0, 0.9919303874705605], [0.9688874882297062, 0.9728331516466062, 0.0], [0.9501940604275103, 0.9864165758233031, 0.0], [0.973606587662642, 0.8342822250442972, 0.0], [0.971792135861287, 0.8356405674619672, 0.0], [0.0, 0.0, 0.9915788694300518]]
0.1298, [[0.0, 0.0, 0.016825287296418554], [0.9703131289307706, 0.9870957470321373, 0.0], [0.03529945728591512, 0.0, 0.977872476495525], [0.0, 0.0, 0.01171500195439751], [0.0, 0.0, 0.9919303874705605], [0.0, 0.0, 0.0], [0.0, 0.0, 0.9860278449364106], [0.013554991597791406, 0.0, 0.9891693968911914], [0.0, 0.0, 0.979203348280735], [0.0310635224116053, 0.0, 0.9859649489401787]]
0.1301, [[0.0, 0.0, 0.9869228168629299], [0.3887, 0.025798333207625392, 0.0], [0.3887, 0.020548672380492333, 0.0], [1.0, 0.8539781901005083, 0.0], [0.3887, 0.02354847856742551, 0.0], [0.0, 0.0, 0.9836295525200186], [0.99368753743058, 0.7398774270162547, 0.0], [0.9679421435937059, 0.9972833151646601, 0.0], [0.9686130333353833, 0.7595733920724642, 0.0], [0.3887, 0.03869749981143809, 0.0]]
0.1290, [[0.3887, 0.01664892433747917, 0.0], [0.9892352691449019, 0.5994994093496446, 0.0], [0.3887, 0.035847683933851605, 0.0], [0.3887, 0.0, 0.0], [0.0, 0.0, 0.9909948173339616], [0.3887, 0.0, 0.0], [0.9778682622717072, 0.6787520182211186, 0.0], [0.3887, 0.04784690868158432, 0.0], [0.0, 0.0, 0.9860278449364106], [0.968666399564835, 1.0, 0.0]]
0.1341, [[0.9703131289307706, 0.9870957470321373, 0.0], [0.0, 0.0, 0.9657327997173811], [0.996180502720677, 0.9083118868072959, 0.0], [0.022224538307212365, 0.0, 0.9915270286387191], [0.968666399564835, 1.0, 0.0], [0.017593249511300403, 0.0, 0.994657338012247], [0.018694592578620852, 0.0, 0.988404026943005], [1.0, 0.8539781901005083, 0.0], [0.0310635224116053, 0.0, 0.9859649489401787], [0.03529945728591512, 0.0, 0.977872476495525]]
0.1274, [[0.21357892714935417, 0.0, 0.0], [0.3887, 0.011849234438386187, 0.0], [0.968666399564835, 1.0, 0.0], [0.09143971415343483, 0.0, 0.0], [0.2254087950644857, 0.0, 0.0], [0.21784636553533934, 0.0, 0.0], [0.0, 0.0, 0.0], [0.0, 0.0, 0.0], [0.2236055191093459, 0.0, 0.0], [0.0, 0.0, 0.9843676904380595]]
0.1303, [[0.021716226122294877, 0.0, 0.9911665789919922], [0.9534417766769945, 0.7901360964700322, 0.0], [0.9703131289307706, 0.9870957470321373, 0.0], [0.9457875346242195, 0.7351232285544105, 0.0], [0.971792135861287, 0.8356405674619672, 0.0], [0.9683309546939962, 0.8981243186747733, 0.0], [0.9783866770720943, 0.922574482192827, 0.0], [0.9534265291828654, 0.7853818980081896, 0.0], [0.9688874882297062, 0.9728331516466062, 0.0], [0.9679421435937059, 0.9972833151646601, 0.0]]
0.1249, [[0.9498204968213488, 0.9612872410964135, 0.0], [0.03529945728591512, 0.0, 0.977872476495525], [0.02688406666895316, 0.0, 0.9999996877060762], [0.0, 0.0, 0.975453135468677], [0.03360508333619119, 0.0, 0.9866093362223267], [0.020191289567543444, 0.0, 0.9682864271314181], [0.022224538307212365, 0.0, 0.9915270286387191], [0.021320872200692727, 0.0, 0.9890385457371643], [0.0310635224116053, 0.0, 0.9859649489401787], [0.0, 0.0, 0.9919303874705605]]
0.1305, [[0.025867442299118703, 0.0, 0.9955905347150257], [0.2259847104218863, 0.0, 0.0], [0.22238759974697406, 0.0, 0.0], [0.017593249511300403, 0.0, 0.994657338012247], [0.9783866770720943, 0.922574482192827, 0.0], [0.3887, 0.010649311963612813, 0.0], [0.22511139615041809, 0.0, 0.0], [0.03360508333619119, 0.0, 0.9866093362223267], [0.9703131289307706, 0.9870957470321373, 0.0], [0.22517748479798874, 0.0, 0.0]]
0.1282, [[0.9703131289307706, 0.9870957470321373, 0.0], [0.9907600185578054, 0.8594115597711868, 0.0], [0.0, 0.0, 0.9909948173339616], [0.9523592045938329, 0.9300453654900113, 0.0], [0.9686359045765769, 0.7106730650363566, 0.0], [0.9686130333353833, 0.7595733920724642, 0.0], [0.0, 0.0, 0.9860278449364106], [0.9501940604275103, 0.9864165758233031, 0.0], [0.0, 0.0, 0.9828508163918982], [0.8947541717743425, 0.35166782177473344, 0.0]]
0.1325, [[0.9942059522309671, 0.7602525632813, 0.0], [0.9679421435937059, 0.9972833151646601, 0.0], [0.9843713185177401, 0.8804658672450678, 0.0], [0.02688406666895316, 0.0, 0.9999996877060762], [0.9917968481585798, 0.5726159829008421, 0.0], [0.9703131289307706, 0.9870957470321373, 0.0], [0.0, 0.0, 0.9909948173339616], [0.9683309546939962, 0.8981243186747733, 0.0], [0.0, 0.0, 0.9828508163918982], [0.028578440618677082, 0.0, 0.9766134323127651]]
0.1321, [[0.025867442299118703, 0.0, 0.9955905347150257], [0.99368753743058, 0.7398774270162547, 0.0], [0.9679421435937059, 0.9972833151646601, 0.0], [0.9843713185177401, 0.8804658672450678, 0.0], [0.0, 0.0, 0.9857655804992933], [0.9523592045938329, 0.9300453654900113, 0.0], [0.973606587662642, 0.8342822250442972, 0.0], [0.0, 0.0, 0.9845948530381535], [0.968712142047222, 0.8193404584499319, 0.0], [0.680741867469463, 0.17824237322823622, 0.0]]
0.1274, [[0.9843713185177401, 0.8804658672450678, 0.0], [0.9498204968213488, 0.9612872410964135, 0.0], [0.025867442299118703, 0.0, 0.9955905347150257], [0.973606587662642, 0.8342822250442972, 0.0], [0.02637575448403567, 0.0, 0.9943068193122941], [0.968712142047222, 0.8193404584499319, 0.0], [0.9685825383471254, 0.8200196296587661, 0.0], [0.0, 0.0, 0.9915788694300518], [0.955187614754769, 0.805757034273235, 0.0], [0.0, 0.0, 0.9825507019312298]]
0.1338, [[0.996180502720677, 0.9083118868072959, 0.0], [0.996180502720677, 0.9083118868072959, 0.0], [0.0, 0.0, 0.979203348280735], [1.0, 0.8539781901005083, 0.0], [0.968666399564835, 1.0, 0.0], [0.0, 0.0, 0.9730710198775323], [0.034452270311053156, 0.0, 0.9727770263777671], [0.9942059522309671, 0.7602525632813, 0.0], [0.9462754544363484, 0.8458281355944899, 0.0], [0.9976747571453223, 0.6848645591006313, 0.0]]
0.1318, [[0.996180502720677, 0.9083118868072959, 0.0], [0.02688406666895316, 0.0, 0.9999996877060762], [0.9703131289307706, 0.9870957470321373, 0.0], [0.0, 0.0, 0.9845948530381535], [0.8896538849881804, 0.3214239670198288, 0.0], [0.0, 0.0, 0.9824371518605751], [0.8873515133746965, 0.1970881196941105, 0.0], [0.028578440618677082, 0.0, 0.9766134323127651], [0.6871616101119395, 0.1809508277361728, 0.0], [0.3887, 0.11519255757823411, 0.0]]
0.1327, [[0.017593249511300403, 0.0, 0.994657338012247], [0.9783866770720943, 0.922574482192827, 0.0], [0.9703131289307706, 0.9870957470321373, 0.0], [0.9907600185578054, 0.8594115597711868, 0.0], [0.02637575448403567, 0.0, 0.9943068193122941], [0.021716226122294877, 0.0, 0.9911665789919922], [0.9679421435937059, 0.9972833151646601, 0.0], [0.03360508333619119, 0.0, 0.9866093362223267], [0.018694592578620852, 0.0, 0.988404026943005], [0.687177740118579, 0.1828531945929378, 0.0]]
0.1320, [[0.02688406666895316, 0.0, 0.9999996877060762], [0.968666399564835, 1.0, 0.0], [0.021716226122294877, 0.0, 0.9911665789919922], [0.9688874882297062, 0.9728331516466062, 0.0], [0.0, 0.0, 0.9836295525200186], [0.9783866770720943, 0.922574482192827, 0.0], [0.0, 0.0, 0.9794821018370232], [0.9683309546939962, 0.8981243186747733, 0.0], [0.028578440618677082, 0.0, 0.9766134323127651], [0.9843713185177401, 0.8804658672450678, 0.0]]
0.1330, [[0.02688406666895316, 0.0, 0.9999996877060762], [1.0, 0.8539781901005083, 0.0], [0.9679421435937059, 0.9972833151646601, 0.0], [0.017593249511300403, 0.0, 0.994657338012247], [0.9703131289307706, 0.9870957470321373, 0.0], [0.0, 0.0, 0.9909948173339616], [0.9673779863109315, 0.9585705562610751, 0.0], [0.021320872200692727, 0.0, 0.9890385457371643], [0.9688112507590609, 0.805757034273235, 0.0], [0.9686130333353833, 0.7595733920724642, 0.0]]
0.1308, [[0.971792135861287, 0.8356405674619672, 0.0], [0.0, 0.0, 0.9919303874705605], [0.9688874882297062, 0.9728331516466062, 0.0], [0.9679421435937059, 0.9972833151646601, 0.0], [0.0, 0.0, 0.9915788694300518], [0.9686130333353833, 0.7595733920724642, 0.0], [0.9673779863109315, 0.9585705562610751, 0.0], [0.0, 0.0, 0.9869228168629299], [0.955187614754769, 0.805757034273235, 0.0], [0.03360508333619119, 0.0, 0.9866093362223267]]
0.1208, [[1.0, 0.8539781901005083, 0.0], [0.996180502720677, 0.9083118868072959, 0.0], [0.0, 0.0, 0.9869228168629299], [0.99368753743058, 0.7398774270162547, 0.0], [0.9907600185578054, 0.8594115597711868, 0.0], [0.9843713185177401, 0.8804658672450678, 0.0], [0.0, 0.0, 0.985503316062176], [0.9882136870382567, 0.8268113417471146, 0.0], [0.9891819029154503, 0.6590560531649075, 0.0], [0.0, 0.0, 0.9836295525200186]]
0.1303, [[0.9843713185177401, 0.8804658672450678, 0.0], [0.025867442299118703, 0.0, 0.9955905347150257], [0.3887, 0.028948129703905263, 0.0], [0.3887, 0.036447645171238205, 0.0], [0.9703131289307706, 0.9870957470321373, 0.0], [0.017593249511300403, 0.0, 0.994657338012247], [0.9686130333353833, 0.7595733920724642, 0.0], [0.9683309546939962, 0.8981243186747733, 0.0], [0.02637575448403567, 0.0, 0.9943068193122941], [0.955187614754769, 0.805757034273235, 0.0]]
0.1317, [[0.968666399564835, 1.0, 0.0], [0.017593249511300403, 0.0, 0.994657338012247], [0.9688874882297062, 0.9728331516466062, 0.0], [0.02637575448403567, 0.0, 0.9943068193122941], [0.9498204968213488, 0.9612872410964135, 0.0], [0.0, 0.0, 0.9919303874705605], [0.9683309546939962, 0.8981243186747733, 0.0], [0.0, 0.0, 0.9915788694300518], [0.9843713185177401, 0.8804658672450678, 0.0], [0.021716226122294877, 0.0, 0.9911665789919922]]
0.1327, [[0.02637575448403567, 0.0, 0.9943068193122941], [0.9976747571453223, 0.6848645591006313, 0.0], [0.9843713185177401, 0.8804658672450678, 0.0], [0.0, 0.0, 0.9919303874705605], [0.9892352691449019, 0.5994994093496446, 0.0], [0.9688874882297062, 0.9728331516466062, 0.0], [0.0, 0.0, 0.9843676904380595], [0.968712142047222, 0.8193404584499319, 0.0], [0.0, 0.0, 0.9692721516721624], [0.968666399564835, 1.0, 0.0]]
0.1147, [[0.0, 0.0, 0.9836295525200186], [0.9907600185578054, 0.8594115597711868, 0.0], [0.99368753743058, 0.7398774270162547, 0.0], [0.0, 0.0, 0.9786409693829485], [0.9685825383471254, 0.8200196296587661, 0.0], [0.0, 0.0, 0.9780542315591143], [0.9511012863281877, 0.7955694661407122, 0.0], [0.0, 0.0, 0.8784358426754597], [0.9470759478781228, 0.7765526722933354, 0.0], [0.0, 0.0, 0.7433711236835354]]
0.1308, [[0.017593249511300403, 0.0, 0.994657338012247], [0.9843713185177401, 0.8804658672450678, 0.0], [0.9783866770720943, 0.922574482192827, 0.0], [0.9703131289307706, 0.9870957470321373, 0.0], [0.968666399564835, 1.0, 0.0], [0.0, 0.0, 0.9919303874705605], [0.973606587662642, 0.8342822250442972, 0.0], [0.9679421435937059, 0.9972833151646601, 0.0], [0.0, 0.0, 0.9857655804992933], [0.6819919429840156, 0.1745988570449406, 0.0]]
0.1282, [[0.025867442299118703, 0.0, 0.9955905347150257], [0.9783866770720943, 0.922574482192827, 0.0], [0.017593249511300403, 0.0, 0.994657338012247], [0.9688874882297062, 0.9728331516466062, 0.0], [0.013554991597791406, 0.0, 0.9891693968911914], [0.968712142047222, 0.8193404584499319, 0.0], [0.0, 0.0, 0.985503316062176], [0.9195313497340227, 0.6129411225740478, 0.0], [0.22701380507691377, 0.0, 0.0], [0.22701380507691377, 0.0, 0.0]]
0.1292, [[0.0, 0.0, 0.9909948173339616], [0.9703131289307706, 0.9870957470321373, 0.0], [1.0, 0.8539781901005083, 0.0], [0.9783866770720943, 0.922574482192827, 0.0], [0.9907600185578054, 0.8594115597711868, 0.0], [0.0, 0.0, 0.9860278449364106], [0.9673779863109315, 0.9585705562610751, 0.0], [0.9683309546939962, 0.8981243186747733, 0.0], [0.9892352691449019, 0.5994994093496446, 0.0], [0.971792135861287, 0.8356405674619672, 0.0]]
0.1315, [[0.9501940604275103, 0.9864165758233031, 0.0], [0.99368753743058, 0.7398774270162547, 0.0], [0.9907600185578054, 0.8594115597711868, 0.0], [0.025867442299118703, 0.0, 0.9955905347150257], [0.9882136870382567, 0.8268113417471146, 0.0], [0.03360508333619119, 0.0, 0.9866093362223267], [0.973606587662642, 0.8342822250442972, 0.0], [0.0, 0.0, 0.9857655804992933], [0.9688112507590609, 0.805757034273235, 0.0], [0.024935536626770744, 0.0, 0.9837456009420629]]
0.1330, [[0.02688406666895316, 0.0, 0.9999996877060762], [0.9679421435937059, 0.9972833151646601, 0.0], [0.9703131289307706, 0.9870957470321373, 0.0], [0.996180502720677, 0.9083118868072959, 0.0], [0.9991537640758388, 0.7806276995463454, 0.0], [0.0, 0.0, 0.9919303874705605], [0.9673779863109315, 0.9585705562610751, 0.0], [0.971792135861287, 0.8356405674619672, 0.0], [0.021320872200692727, 0.0, 0.9890385457371643], [0.9686130333353833, 0.7595733920724642, 0.0]]
0.1336, [[0.017593249511300403, 0.0, 0.994657338012247], [0.968666399564835, 1.0, 0.0], [0.996180502720677, 0.9083118868072959, 0.0], [0.02637575448403567, 0.0, 0.9943068193122941], [0.9673779863109315, 0.9585705562610751, 0.0], [0.971792135861287, 0.8356405674619672, 0.0], [0.0, 0.0, 0.9915788694300518], [0.9484939648321231, 0.8573740461446826, 0.0], [0.9202479819580875, 0.6896187575624755, 0.0], [0.03360508333619119, 0.0, 0.9866093362223267]]
0.1290, [[0.02688406666895316, 0.0, 0.9999996877060762], [0.9688874882297062, 0.9728331516466062, 0.0], [0.9843713185177401, 0.8804658672450678, 0.0], [0.017593249511300403, 0.0, 0.994657338012247], [0.02637575448403567, 0.0, 0.9943068193122941], [0.013554991597791406, 0.0, 0.9891693968911914], [0.025867442299118703, 0.0, 0.9955905347150257], [0.028578440618677082, 0.0, 0.9766134323127651], [0.018694592578620852, 0.0, 0.988404026943005], [0.0, 0.0, 0.9646809937823834]]
0.1312, [[0.9703131289307706, 0.9870957470321373, 0.0], [0.017593249511300403, 0.0, 0.994657338012247], [0.9783866770720943, 0.922574482192827, 0.0], [0.0, 0.0, 0.9915788694300518], [0.018694592578620852, 0.0, 0.988404026943005], [0.9843713185177401, 0.8804658672450678, 0.0], [0.0, 0.0, 0.9845948530381535], [0.03529945728591512, 0.0, 0.977872476495525], [0.9484939648321231, 0.8573740461446826, 0.0], [0.024935536626770744, 0.0, 0.9837456009420629]]
0.1315, [[0.02688406666895316, 0.0, 0.9999996877060762], [0.9679421435937059, 0.9972833151646601, 0.0], [0.9843713185177401, 0.8804658672450678, 0.0], [0.9783866770720943, 0.922574482192827, 0.0], [0.0, 0.0, 0.9915788694300518], [0.9683309546939962, 0.8981243186747733, 0.0], [0.021320872200692727, 0.0, 0.9890385457371643], [0.9555154358785432, 0.5507731989111877, 0.0], [0.9483033711555101, 0.7181439483335393, 0.0], [0.0, 0.0, 0.9857655804992933]]
0.1331, [[0.9934588250186445, 0.7065980377833466, 0.0], [0.0, 0.0, 0.9919303874705605], [0.9703131289307706, 0.9870957470321373, 0.0], [0.9843713185177401, 0.8804658672450678, 0.0], [0.9783866770720943, 0.922574482192827, 0.0], [0.968666399564835, 1.0, 0.0], [0.0, 0.0, 0.9915788694300518], [0.973606587662642, 0.8342822250442972, 0.0], [0.03360508333619119, 0.0, 0.9866093362223267], [0.9460924845068002, 0.7568567072371258, 0.0]]
0.1304, [[0.0, 0.0, 0.9692721516721624], [1.0, 0.8539781901005083, 0.0], [0.0, 0.0, 0.9646809937823834], [0.9991537640758388, 0.7806276995463454, 0.0], [0.0, 0.0, 0.9589521491285913], [0.996180502720677, 0.9083118868072959, 0.0], [0.9934588250186445, 0.7065980377833466, 0.0], [0.9843713185177401, 0.8804658672450678, 0.0], [0.9917968481585798, 0.5726159829008421, 0.0], [0.968666399564835, 1.0, 0.0]]
0.1330, [[0.02688406666895316, 0.0, 0.9999996877060762], [0.9907600185578054, 0.8594115597711868, 0.0], [1.0, 0.8539781901005083, 0.0], [0.9843713185177401, 0.8804658672450678, 0.0], [0.9688874882297062, 0.9728331516466062, 0.0], [0.017593249511300403, 0.0, 0.994657338012247], [0.9679421435937059, 0.9972833151646601, 0.0], [0.9686130333353833, 0.7595733920724642, 0.0], [0.022224538307212365, 0.0, 0.9915270286387191], [0.9673779863109315, 0.9585705562610751, 0.0]]
0.1324, [[0.968666399564835, 1.0, 0.0], [0.0, 0.0, 0.9919303874705605], [0.9703131289307706, 0.9870957470321373, 0.0], [0.021716226122294877, 0.0, 0.9911665789919922], [0.9673779863109315, 0.9585705562610751, 0.0], [0.021320872200692727, 0.0, 0.9890385457371643], [0.9783866770720943, 0.922574482192827, 0.0], [0.03360508333619119, 0.0, 0.9866093362223267], [0.9843713185177401, 0.8804658672450678, 0.0], [0.0310635224116053, 0.0, 0.9859649489401787]]
0.1325, [[0.02637575448403567, 0.0, 0.9943068193122941], [0.968666399564835, 1.0, 0.0], [0.03360508333619119, 0.0, 0.9866093362223267], [0.9679421435937059, 0.9972833151646601, 0.0], [0.0, 0.0, 0.9860278449364106], [0.9688874882297062, 0.9728331516466062, 0.0], [0.034452270311053156, 0.0, 0.9727770263777671], [0.9783866770720943, 0.922574482192827, 0.0], [0.9843713185177401, 0.8804658672450678, 0.0], [0.9685825383471254, 0.8200196296587661, 0.0]]
0.1314, [[0.02688406666895316, 0.0, 0.9999996877060762], [0.9783866770720943, 0.922574482192827, 0.0], [0.022224538307212365, 0.0, 0.9915270286387191], [0.973606587662642, 0.8342822250442972, 0.0], [0.018694592578620852, 0.0, 0.988404026943005], [0.9686130333353833, 0.7595733920724642, 0.0], [0.0310635224116053, 0.0, 0.9859649489401787], [0.9679421435937059, 0.9972833151646601, 0.0], [0.0, 0.0, 0.9836295525200186], [0.9673779863109315, 0.9585705562610751, 0.0]]
0.1193, [[0.996180502720677, 0.9083118868072959, 0.0], [1.0, 0.8539781901005083, 0.0], [0.9703131289307706, 0.9870957470321373, 0.0], [0.2269477164293432, 0.0, 0.0], [0.30599918015910865, 0.0, 0.0], [0.9991537640758388, 0.7806276995463454, 0.0], [0.27969117780833935, 0.0, 0.0], [0.2902134346251104, 0.0, 0.0], [0.30939330427362577, 0.0, 0.0], [0.9882136870382567, 0.8268113417471146, 0.0]]
0.1331, [[0.0, 0.0, 0.9909948173339616], [0.968666399564835, 1.0, 0.0], [0.971792135861287, 0.8356405674619672, 0.0], [0.9882136870382567, 0.8268113417471146, 0.0], [0.021320872200692727, 0.0, 0.9890385457371643], [0.99368753743058, 0.7398774270162547, 0.0], [0.9686130333353833, 0.7595733920724642, 0.0], [0.018694592578620852, 0.0, 0.988404026943005], [0.8896538849881804, 0.3214239670198288, 0.0], [0.03360508333619119, 0.0, 0.9866093362223267]]
0.1336, [[0.968666399564835, 1.0, 0.0], [0.0, 0.0, 0.9915788694300518], [0.9703131289307706, 0.9870957470321373, 0.0], [0.971792135861287, 0.8356405674619672, 0.0], [0.9991537640758388, 0.7806276995463454, 0.0], [0.0, 0.0, 0.9835160024493639], [0.9580236486627693, 0.7595733920724642, 0.0], [0.028578440618677082, 0.0, 0.9766134323127651], [0.9411141776736703, 0.712031407454025, 0.0], [0.034452270311053156, 0.0, 0.9727770263777671]]
0.1277, [[1.0, 0.8539781901005083, 0.0], [0.0, 0.0, 0.9919303874705605], [0.996180502720677, 0.9083118868072959, 0.0], [0.0, 0.0, 0.9915788694300518], [0.9942059522309671, 0.7602525632813, 0.0], [0.0, 0.0, 0.9860278449364106], [0.9907600185578054, 0.8594115597711868, 0.0], [0.2282742099984381, 0.0, 0.0], [0.9688874882297062, 0.9728331516466062, 0.0], [0.9683309546939962, 0.8981243186747733, 0.0]]
0.1318, [[0.968666399564835, 1.0, 0.0], [0.02688406666895316, 0.0, 0.9999996877060762], [0.9703131289307706, 0.9870957470321373, 0.0], [0.9843713185177401, 0.8804658672450678, 0.0], [0.9783866770720943, 0.922574482192827, 0.0], [0.025867442299118703, 0.0, 0.9955905347150257], [0.9688874882297062, 0.9728331516466062, 0.0], [0.971792135861287, 0.8356405674619672, 0.0], [0.0, 0.0, 0.9919303874705605], [0.9683309546939962, 0.8981243186747733, 0.0]]
0.1332, [[0.968666399564835, 1.0, 0.0], [0.0, 0.0, 0.9919303874705605], [0.9703131289307706, 0.9870957470321373, 0.0], [0.9783866770720943, 0.922574482192827, 0.0], [0.9917358581820634, 0.8580532173535167, 0.0], [0.0, 0.0, 0.9909948173339616], [0.9688874882297062, 0.9728331516466062, 0.0], [0.0, 0.0, 0.9860278449364106], [0.3887, 0.08939422437060872, 0.0], [0.03529945728591512, 0.0, 0.977872476495525]]
0.1249, [[0.9498204968213488, 0.9612872410964135, 0.0], [0.0, 0.0, 0.985503316062176], [0.9891819029154503, 0.6590560531649075, 0.0], [0.9882136870382567, 0.8268113417471146, 0.0], [0.0, 0.0, 0.9845948530381535], [0.9503160403805425, 0.6121010154975215, 0.0], [0.0, 0.0, 0.9824371518605751], [0.889646261241116, 0.4776838832535014, 0.0], [0.0, 0.0, 0.9806201633537447], [0.6825322982064349, 0.17630776286542438, 0.0]]
0.1301, [[0.9892352691449019, 0.5994994093496446, 0.0], [0.9683309546939962, 0.8981243186747733, 0.0], [0.02688406666895316, 0.0, 0.9999996877060762], [0.9501940604275103, 0.9864165758233031, 0.0], [0.23250388344295442, 0.0, 0.0], [0.0, 0.0, 0.9836295525200186], [0.9011276243202786, 0.5289304149215353, 0.0], [0.9288018261644754, 0.4877651681718033, 0.0], [0.8920019990840519, 0.481884418636127, 0.0], [0.8968507022170846, 0.47600366910045266, 0.0]]
0.1299, [[0.9917358581820634, 0.8580532173535167, 0.0], [0.9679421435937059, 0.9972833151646601, 0.0], [0.9907600185578054, 0.8594115597711868, 0.0], [0.0, 0.0, 0.9909948173339616], [0.9942059522309671, 0.7602525632813, 0.0], [0.9501940604275103, 0.9864165758233031, 0.0], [0.9688112507590609, 0.805757034273235, 0.0], [0.0, 0.0, 0.9860278449364106], [0.9934588250186445, 0.7065980377833466, 0.0], [0.9976747571453223, 0.6848645591006313, 0.0]]
0.1315, [[0.021320872200692727, 0.0, 0.9890385457371643], [0.9783866770720943, 0.922574482192827, 0.0], [0.9679421435937059, 0.9972833151646601, 0.0], [0.9703131289307706, 0.9870957470321373, 0.0], [0.0, 0.0, 0.9869228168629299], [0.9501940604275103, 0.9864165758233031, 0.0], [0.9523592045938329, 0.9300453654900113, 0.0], [0.9534417766769945, 0.7901360964700322, 0.0], [0.03360508333619119, 0.0, 0.9866093362223267], [0.9496070319035425, 0.8369989098796372, 0.0]]
0.1223, [[0.017593249511300403, 0.0, 0.994657338012247], [0.017593249511300403, 0.0, 0.994657338012247], [0.9976747571453223, 0.6848645591006313, 0.0], [0.996180502720677, 0.9083118868072959, 0.0], [0.0, 0.0, 0.9857655804992933], [0.9907600185578054, 0.8594115597711868, 0.0], [0.9683309546939962, 0.8981243186747733, 0.0], [0.9949378319491606, 0.6297432641045503, 0.0], [0.9462754544363484, 0.8458281355944899, 0.0], [0.9892352691449019, 0.5994994093496446, 0.0]]
0.1300, [[0.017593249511300403, 0.0, 0.994657338012247], [0.9501940604275103, 0.9864165758233031, 0.0], [0.0, 0.0, 0.9919303874705605], [0.9673779863109315, 0.9585705562610751, 0.0], [0.021716226122294877, 0.0, 0.9911665789919922], [0.9523592045938329, 0.9300453654900113, 0.0], [0.0, 0.0, 0.9845948530381535], [0.9239226280431845, 0.9130660852691401, 0.0], [0.024935536626770744, 0.0, 0.9837456009420629], [0.9843713185177401, 0.8804658672450678, 0.0]]
0.1329, [[0.996180502720677, 0.9083118868072959, 0.0], [0.9703131289307706, 0.9870957470321373, 0.0], [0.017593249511300403, 0.0, 0.994657338012247], [0.968666399564835, 1.0, 0.0], [0.9843713185177401, 0.8804658672450678, 0.0], [0.9688874882297062, 0.9728331516466062, 0.0], [0.02637575448403567, 0.0, 0.9943068193122941], [0.9501940604275103, 0.9864165758233031, 0.0], [0.971792135861287, 0.8356405674619672, 0.0], [0.021716226122294877, 0.0, 0.9911665789919922]]
0.1259, [[0.0, 0.0, 0.9919303874705605], [0.9523592045938329, 0.9300453654900113, 0.0], [0.021320872200692727, 0.0, 0.9890385457371643], [1.0, 0.8539781901005083, 0.0], [0.0, 0.0, 0.9860278449364106], [0.9534417766769945, 0.7901360964700322, 0.0], [0.0310635224116053, 0.0, 0.9859649489401787], [0.9942059522309671, 0.7602525632813, 0.0], [0.0, 0.0, 0.975453135468677], [0.99368753743058, 0.7398774270162547, 0.0]]
0.1247, [[0.9907600185578054, 0.8594115597711868, 0.0], [0.017593249511300403, 0.0, 0.994657338012247], [0.9991537640758388, 0.7806276995463454, 0.0], [0.9783866770720943, 0.922574482192827, 0.0], [0.9523592045938329, 0.9300453654900113, 0.0], [0.0, 0.0, 0.9857655804992933], [0.9976747571453223, 0.6848645591006313, 0.0], [0.9496070319035425, 0.8369989098796372, 0.0], [0.9426541745807029, 0.8111904039439134, 0.0], [0.9942059522309671, 0.7602525632813, 0.0]]
0.1306, [[0.968666399564835, 1.0, 0.0], [0.0, 0.0, 0.9919303874705605], [0.9703131289307706, 0.9870957470321373, 0.0], [1.0, 0.8539781901005083, 0.0], [0.9843713185177401, 0.8804658672450678, 0.0], [0.9783866770720943, 0.922574482192827, 0.0], [0.9679421435937059, 0.9972833151646601, 0.0], [0.0, 0.0, 0.9909948173339616], [0.9891819029154503, 0.6590560531649075, 0.0], [0.2173979068553962, 0.0, 0.0]]
0.0979, [[0.0, 0.0, 0.9919303874705605], [0.3887, 0.04784690868158432, 0.0], [0.9412971476032189, 0.6347839065637003, 0.0], [0.9483033711555101, 0.7181439483335393, 0.0], [0.0, 0.0, 0.9915788694300518], [0.6900892063169886, 0.17453437003284686, 0.0], [0.6825322982064349, 0.17630776286542438, 0.0], [0.022224538307212365, 0.0, 0.9915270286387191], [0.3887, 0.06284593961625021, 0.0], [0.3887, 0.03674762578993142, 0.0]]
0.1234, [[0.02637575448403567, 0.0, 0.9943068193122941], [0.996180502720677, 0.9083118868072959, 0.0], [0.0, 0.0, 0.9836295525200186], [0.9426541745807029, 0.8111904039439134, 0.0], [0.0, 0.0, 0.9825507019312298], [0.9217651076239262, 0.8071153766909034, 0.0], [0.0, 0.0, 0.9806201633537447], [0.9991537640758388, 0.7806276995463454, 0.0], [0.0, 0.0, 0.975453135468677], [0.9231145108543458, 0.7711193026226569, 0.0]]
0.1308, [[0.021716226122294877, 0.0, 0.9911665789919922], [0.968666399564835, 1.0, 0.0], [0.013554991597791406, 0.0, 0.9891693968911914], [0.9679421435937059, 0.9972833151646601, 0.0], [0.021320872200692727, 0.0, 0.9890385457371643], [0.9673779863109315, 0.9585705562610751, 0.0], [0.0, 0.0, 0.9869228168629299], [0.9411141776736703, 0.712031407454025, 0.0], [0.03360508333619119, 0.0, 0.9866093362223267], [0.9222377799419263, 0.6773936758034487, 0.0]]
0.1313, [[0.017593249511300403, 0.0, 0.994657338012247], [0.968666399564835, 1.0, 0.0], [0.02637575448403567, 0.0, 0.9943068193122941], [0.9679421435937059, 0.9972833151646601, 0.0], [0.0, 0.0, 0.9919303874705605], [0.9688874882297062, 0.9728331516466062, 0.0], [0.0, 0.0, 0.9843676904380595], [0.9673779863109315, 0.9585705562610751, 0.0], [0.028578440618677082, 0.0, 0.9766134323127651], [0.9783866770720943, 0.922574482192827, 0.0]]
0.1303, [[0.025867442299118703, 0.0, 0.9955905347150257], [0.2257203558316041, 0.0, 0.0], [0.9703131289307706, 0.9870957470321373, 0.0], [0.017593249511300403, 0.0, 0.994657338012247], [0.9501940604275103, 0.9864165758233031, 0.0], [0.022224538307212365, 0.0, 0.9915270286387191], [0.9498204968213488, 0.9612872410964135, 0.0], [0.0, 0.0, 0.9857655804992933], [0.9673779863109315, 0.9585705562610751, 0.0], [0.9843713185177401, 0.8804658672450678, 0.0]]
0.1309, [[0.9843713185177401, 0.8804658672450678, 0.0], [0.9679421435937059, 0.9972833151646601, 0.0], [0.0, 0.0, 0.9919303874705605], [0.9703131289307706, 0.9870957470321373, 0.0], [0.9703131289307706, 0.9870957470321373, 0.0], [0.9703131289307706, 0.9870957470321373, 0.0], [0.021716226122294877, 0.0, 0.9911665789919922], [0.9783866770720943, 0.922574482192827, 0.0], [0.0, 0.0, 0.9860278449364106], [0.0, 0.0, 0.9845948530381535]]
0.1109, [[1.0, 0.8539781901005083, 0.0], [0.3887, 0.008399457323412931, 0.0], [0.23041264980911436, 0.0, 0.0], [0.996180502720677, 0.9083118868072959, 0.0], [0.9976747571453223, 0.6848645591006313, 0.0], [0.3887, 0.006449583301906433, 0.0], [0.23179579079041263, 0.0, 0.0], [0.9934588250186445, 0.7065980377833466, 0.0], [0.9907600185578054, 0.8594115597711868, 0.0], [0.22878875732595189, 0.0, 0.0]]
0.1318, [[0.0, 0.0, 0.9919303874705605], [0.968666399564835, 1.0, 0.0], [0.9703131289307706, 0.9870957470321373, 0.0], [0.9783866770720943, 0.922574482192827, 0.0], [0.0, 0.0, 0.9915788694300518], [0.9688874882297062, 0.9728331516466062, 0.0], [0.971792135861287, 0.8356405674619672, 0.0], [0.013554991597791406, 0.0, 0.9891693968911914], [0.9683309546939962, 0.8981243186747733, 0.0], [0.03360508333619119, 0.0, 0.9866093362223267]]
0.1312, [[0.017593249511300403, 0.0, 0.994657338012247], [0.9688874882297062, 0.9728331516466062, 0.0], [0.9843713185177401, 0.8804658672450678, 0.0], [0.9679421435937059, 0.9972833151646601, 0.0], [0.0, 0.0, 0.9845948530381535], [0.9683309546939962, 0.8981243186747733, 0.0], [0.9501940604275103, 0.9864165758233031, 0.0], [0.024935536626770744, 0.0, 0.9837456009420629], [0.9523592045938329, 0.9300453654900113, 0.0], [0.9498204968213488, 0.9612872410964135, 0.0]]
0.1317, [[0.9679421435937059, 0.9972833151646601, 0.0], [0.017593249511300403, 0.0, 0.994657338012247], [0.9703131289307706, 0.9870957470321373, 0.0], [0.021320872200692727, 0.0, 0.9890385457371643], [0.9783866770720943, 0.922574482192827, 0.0], [0.0310635224116053, 0.0, 0.9859649489401787], [0.9265070782980559, 0.5062475238553564, 0.0], [0.0, 0.0, 0.9857655804992933], [0.0, 0.0, 0.9799847701365995], [0.03529945728591512, 0.0, 0.977872476495525]]
0.1321, [[0.025867442299118703, 0.0, 0.9955905347150257], [0.9843713185177401, 0.8804658672450678, 0.0], [0.9679421435937059, 0.9972833151646601, 0.0], [0.9688874882297062, 0.9728331516466062, 0.0], [0.013554991597791406, 0.0, 0.9891693968911914], [0.9501940604275103, 0.9864165758233031, 0.0], [0.9501940604275103, 0.9864165758233031, 0.0], [0.9673779863109315, 0.9585705562610751, 0.0], [0.03360508333619119, 0.0, 0.9866093362223267], [0.9534417766769945, 0.7901360964700322, 0.0]]
0.1294, [[0.017593249511300403, 0.0, 0.994657338012247], [0.9679421435937059, 0.9972833151646601, 0.0], [0.9688112507590609, 0.805757034273235, 0.0], [0.022224538307212365, 0.0, 0.9915270286387191], [0.9501940604275103, 0.9864165758233031, 0.0], [0.9523592045938329, 0.9300453654900113, 0.0], [0.9523592045938329, 0.9300453654900113, 0.0], [0.9686130333353833, 0.7595733920724642, 0.0], [0.018694592578620852, 0.0, 0.988404026943005], [0.9685825383471254, 0.8200196296587661, 0.0]]
0.1151, [[0.0, 0.0, 0.9919303874705605], [0.9942059522309671, 0.7602525632813, 0.0], [0.9976747571453223, 0.6848645591006313, 0.0], [0.9907600185578054, 0.8594115597711868, 0.0], [0.0, 0.0, 0.9869228168629299], [0.0, 0.0, 0.9824371518605751], [0.99368753743058, 0.7398774270162547, 0.0], [0.9534417766769945, 0.7901360964700322, 0.0], [0.0, 0.0, 0.9860278449364106], [0.22733480707939935, 0.0, 0.0]]
0.1301, [[0.968666399564835, 1.0, 0.0], [0.9688874882297062, 0.9728331516466062, 0.0], [0.02637575448403567, 0.0, 0.9943068193122941], [0.9673779863109315, 0.9585705562610751, 0.0], [0.9686130333353833, 0.7595733920724642, 0.0], [0.0, 0.0, 0.9915788694300518], [0.9523592045938329, 0.9300453654900113, 0.0], [0.0, 0.0, 0.9869228168629299], [0.9484939648321231, 0.8573740461446826, 0.0], [0.0, 0.0, 0.985503316062176]]
0.1250, [[0.02688406666895316, 0.0, 0.9999996877060762], [0.9783866770720943, 0.922574482192827, 0.0], [0.3887, 0.0, 0.0], [1.0, 0.8539781901005083, 0.0], [0.9217651076239262, 0.8071153766909034, 0.0], [0.955187614754769, 0.805757034273235, 0.0], [0.9843713185177401, 0.8804658672450678, 0.0], [0.3887, 0.0, 0.0], [0.025867442299118703, 0.0, 0.9955905347150257], [0.9991537640758388, 0.7806276995463454, 0.0]]
0.1278, [[0.0, 0.0, 0.9828508163918982], [0.9843713185177401, 0.8804658672450678, 0.0], [0.0, 0.0, 0.9824371518605751], [0.971792135861287, 0.8356405674619672, 0.0], [0.0, 0.0, 0.9794821018370232], [0.9685825383471254, 0.8200196296587661, 0.0], [0.028578440618677082, 0.0, 0.9766134323127651], [0.9683309546939962, 0.8981243186747733, 0.0], [0.034452270311053156, 0.0, 0.9727770263777671], [0.9673779863109315, 0.9585705562610751, 0.0]]
0.1039, [[0.0, 0.0, 0.8784358426754597], [0.9408778415146705, 0.7711193026226569, 0.0], [0.99368753743058, 0.7398774270162547, 0.0], [0.0, 0.0, 0.8694943055110699], [0.9608596825707695, 0.6549810259118991, 0.0], [0.9514519786931557, 0.7011646681126682, 0.0], [0.99297852895358, 0.6631310804179175, 0.0], [0.9892352691449019, 0.5994994093496446, 0.0], [0.9512690087636071, 0.5726159829008421, 0.0], [0.0, 0.0, 0.7354307567428721]]
0.1315, [[0.0, 0.0, 0.9919303874705605], [0.968666399564835, 1.0, 0.0], [0.9703131289307706, 0.9870957470321373, 0.0], [0.9703131289307706, 0.9870957470321373, 0.0], [0.9783866770720943, 0.922574482192827, 0.0], [0.0, 0.0, 0.9860278449364106], [0.9688874882297062, 0.9728331516466062, 0.0], [0.0310635224116053, 0.0, 0.9859649489401787], [0.9231145108543458, 0.7711193026226569, 0.0], [0.9221462949771521, 0.7806276995463454, 0.0]]
0.1299, [[0.9688874882297062, 0.9728331516466062, 0.0], [0.9942059522309671, 0.7602525632813, 0.0], [0.9907600185578054, 0.8594115597711868, 0.0], [0.968666399564835, 1.0, 0.0], [0.0, 0.0, 0.9919303874705605], [0.99368753743058, 0.7398774270162547, 0.0], [0.9882136870382567, 0.8268113417471146, 0.0], [0.971792135861287, 0.8356405674619672, 0.0], [0.9683309546939962, 0.8981243186747733, 0.0], [0.0, 0.0, 0.9869228168629299]]
0.1318, [[0.9843713185177401, 0.8804658672450678, 0.0], [0.968666399564835, 1.0, 0.0], [0.02688406666895316, 0.0, 0.9999996877060762], [0.9703131289307706, 0.9870957470321373, 0.0], [0.9783866770720943, 0.922574482192827, 0.0], [0.9679421435937059, 0.9972833151646601, 0.0], [0.017593249511300403, 0.0, 0.994657338012247], [0.9688874882297062, 0.9728331516466062, 0.0], [0.0, 0.0, 0.7433711236835354], [0.9683309546939962, 0.8981243186747733, 0.0]]
0.1208, [[0.996180502720677, 0.9083118868072959, 0.0], [1.0, 0.8539781901005083, 0.0], [0.0, 0.0, 0.9915788694300518], [0.9934588250186445, 0.7065980377833466, 0.0], [0.9882136870382567, 0.8268113417471146, 0.0], [0.9882136870382567, 0.8268113417471146, 0.0], [0.0, 0.0, 0.9806201633537447], [0.9917968481585798, 0.5726159829008421, 0.0], [0.0, 0.0, 0.9780542315591143], [0.9507048514808331, 0.5507731989111877, 0.0]]
0.1300, [[0.0, 0.0, 0.9915788694300518], [0.9783866770720943, 0.922574482192827, 0.0], [0.0, 0.0, 0.9909948173339616], [0.971792135861287, 0.8356405674619672, 0.0], [0.9683309546939962, 0.8981243186747733, 0.0], [0.018694592578620852, 0.0, 0.988404026943005], [0.9679421435937059, 0.9972833151646601, 0.0], [0.0, 0.0, 0.9769862487988692], [0.9523592045938329, 0.9300453654900113, 0.0], [0.9513376224871879, 0.6848645591006313, 0.0]]
0.1325, [[0.99368753743058, 0.7398774270162547, 0.0], [0.9688874882297062, 0.9728331516466062, 0.0], [0.968666399564835, 1.0, 0.0], [0.025867442299118703, 0.0, 0.9955905347150257], [0.9843713185177401, 0.8804658672450678, 0.0], [0.9907600185578054, 0.8594115597711868, 0.0], [0.9239226280431845, 0.9130660852691401, 0.0], [0.02637575448403567, 0.0, 0.9943068193122941], [0.9892352691449019, 0.5994994093496446, 0.0], [0.3887, 0.0, 0.0]]
0.1305, [[0.968666399564835, 1.0, 0.0], [0.0, 0.0, 0.9909948173339616], [1.0, 0.8539781901005083, 0.0], [0.0, 0.0, 0.9794821018370232], [0.971792135861287, 0.8356405674619672, 0.0], [0.0, 0.0, 0.9763615984926994], [0.9991537640758388, 0.7806276995463454, 0.0], [0.0, 0.0, 0.9759641732454074], [0.962102353342286, 0.7208606331688794, 0.0], [0.987893489661547, 0.6590560531649075, 0.0]]
0.1299, [[0.968666399564835, 1.0, 0.0], [0.9907600185578054, 0.8594115597711868, 0.0], [0.9949378319491606, 0.6297432641045503, 0.0], [0.0, 0.0, 0.9919303874705605], [0.9673779863109315, 0.9585705562610751, 0.0], [0.99368753743058, 0.7398774270162547, 0.0], [0.0, 0.0, 0.9915788694300518], [0.971792135861287, 0.8356405674619672, 0.0], [0.0, 0.0, 0.9857655804992933], [0.9539906864656398, 0.7622900769078043, 0.0]]
0.1109, [[0.996180502720677, 0.9083118868072959, 0.0], [0.2258950186858977, 0.0, 0.0], [0.2249084095900228, 0.0, 0.0], [1.0, 0.8539781901005083, 0.0], [0.30761835202458765, 0.0, 0.0], [0.9991537640758388, 0.7806276995463454, 0.0], [0.30640987389758295, 0.0, 0.0], [0.9580236486627693, 0.7595733920724642, 0.0], [0.9934588250186445, 0.7065980377833466, 0.0], [0.30573954618651, 0.0, 0.0]]
0.1335, [[0.968666399564835, 1.0, 0.0], [0.2277879863770261, 0.0, 0.0], [0.996180502720677, 0.9083118868072959, 0.0], [0.9783866770720943, 0.922574482192827, 0.0], [0.0, 0.0, 0.9835160024493639], [0.9703131289307706, 0.9870957470321373, 0.0], [0.0, 0.0, 0.9763615984926994], [0.0, 0.0, 0.9692721516721624], [0.03360508333619119, 0.0, 0.9866093362223267], [0.0, 0.0, 0.7925741587464689]]
0.1318, [[0.99368753743058, 0.7398774270162547, 0.0], [0.02688406666895316, 0.0, 0.9999996877060762], [0.9783866770720943, 0.922574482192827, 0.0], [0.9703131289307706, 0.9870957470321373, 0.0], [0.021320872200692727, 0.0, 0.9890385457371643], [0.973606587662642, 0.8342822250442972, 0.0], [0.971792135861287, 0.8356405674619672, 0.0], [0.03360508333619119, 0.0, 0.9866093362223267], [0.9686130333353833, 0.7595733920724642, 0.0], [0.9217651076239262, 0.8071153766909034, 0.0]]
0.1324, [[0.025867442299118703, 0.0, 0.9955905347150257], [0.9703131289307706, 0.9870957470321373, 0.0], [0.9783866770720943, 0.922574482192827, 0.0], [0.9991537640758388, 0.7806276995463454, 0.0], [0.034452270311053156, 0.0, 0.9727770263777671], [0.29020871400742676, 0.0, 0.0], [0.021716226122294877, 0.0, 0.9911665789919922], [0.971792135861287, 0.8356405674619672, 0.0], [0.9498204968213488, 0.9612872410964135, 0.0], [0.9949378319491606, 0.6297432641045503, 0.0]]
0.1189, [[0.996180502720677, 0.9083118868072959, 0.0], [1.0, 0.8539781901005083, 0.0], [0.3887, 0.0, 0.0], [0.9991537640758388, 0.7806276995463454, 0.0], [0.0, 0.0, 0.801682103069614], [0.0, 0.0, 0.0], [0.3095207609510832, 0.0, 0.0], [0.0, 0.0, 0.6687861543796558], [0.2965107386150487, 0.0, 0.0], [0.27440880662037764, 0.0, 0.0]]
0.1305, [[0.025867442299118703, 0.0, 0.9955905347150257], [0.973606587662642, 0.8342822250442972, 0.0], [0.017593249511300403, 0.0, 0.994657338012247], [0.9688112507590609, 0.805757034273235, 0.0], [0.0, 0.0, 0.9919303874705605], [0.968666399564835, 1.0, 0.0], [0.022224538307212365, 0.0, 0.9915270286387191], [0.9685825383471254, 0.8200196296587661, 0.0], [0.0, 0.0, 0.9857655804992933], [0.9683309546939962, 0.8981243186747733, 0.0]]
0.1302, [[0.0, 0.0, 0.9915788694300518], [0.9679421435937059, 0.9972833151646601, 0.0], [0.0, 0.0, 0.9909948173339616], [0.9501940604275103, 0.9864165758233031, 0.0], [0.0, 0.0, 0.9596707999057941], [0.9783866770720943, 0.922574482192827, 0.0], [0.996180502720677, 0.9083118868072959, 0.0], [0.9683309546939962, 0.8981243186747733, 0.0], [0.971792135861287, 0.8356405674619672, 0.0], [0.9991537640758388, 0.7806276995463454, 0.0]]
0.1317, [[0.02637575448403567, 0.0, 0.9943068193122941], [0.9843713185177401, 0.8804658672450678, 0.0], [0.968666399564835, 1.0, 0.0], [0.0, 0.0, 0.9919303874705605], [0.9679421435937059, 0.9972833151646601, 0.0], [0.0, 0.0, 0.9909948173339616], [0.9703131289307706, 0.9870957470321373, 0.0], [0.9501940604275103, 0.9864165758233031, 0.0], [0.9688874882297062, 0.9728331516466062, 0.0], [0.9783866770720943, 0.922574482192827, 0.0]]
0.1333, [[0.025867442299118703, 0.0, 0.9955905347150257], [0.9703131289307706, 0.9870957470321373, 0.0], [1.0, 0.8539781901005083, 0.0], [0.9679421435937059, 0.9972833151646601, 0.0], [0.021320872200692727, 0.0, 0.9890385457371643], [0.973606587662642, 0.8342822250442972, 0.0], [0.9949378319491606, 0.6297432641045503, 0.0], [0.9498204968213488, 0.9612872410964135, 0.0], [0.0310635224116053, 0.0, 0.9859649489401787], [0.9626283918897375, 0.6322635853341253, 0.0]]
0.1323, [[0.9688874882297062, 0.9728331516466062, 0.0], [0.0, 0.0, 0.9919303874705605], [0.968666399564835, 1.0, 0.0], [0.9843713185177401, 0.8804658672450678, 0.0], [0.013554991597791406, 0.0, 0.9891693968911914], [0.9673779863109315, 0.9585705562610751, 0.0], [0.9685825383471254, 0.8200196296587661, 0.0], [0.0, 0.0, 0.9869228168629299], [0.9470759478781228, 0.7765526722933354, 0.0], [0.03360508333619119, 0.0, 0.9866093362223267]]
0.1200, [[0.9239226280431845, 0.9130660852691401, 0.0], [0.02637575448403567, 0.0, 0.9943068193122941], [0.9484939648321231, 0.8573740461446826, 0.0], [0.955187614754769, 0.805757034273235, 0.0], [0.022224538307212365, 0.0, 0.9915270286387191], [0.9470759478781228, 0.7765526722933354, 0.0], [0.9539906864656398, 0.7622900769078043, 0.0], [0.013554991597791406, 0.0, 0.9891693968911914], [0.9483033711555101, 0.7181439483335393, 0.0], [0.03360508333619119, 0.0, 0.9866093362223267]]
0.1095, [[0.02688406666895316, 0.0, 0.9999996877060762], [0.9534265291828654, 0.7853818980081896, 0.0], [0.0, 0.0, 0.9915788694300518], [0.9231145108543458, 0.7711193026226569, 0.0], [0.021320872200692727, 0.0, 0.9890385457371643], [0.9211628316058296, 0.7690817889961528, 0.0], [0.0, 0.0, 0.9869228168629299], [0.9942059522309671, 0.7602525632813, 0.0], [0.024935536626770744, 0.0, 0.9837456009420629], [0.9580236486627693, 0.7595733920724642, 0.0]]
0.1054, [[0.23041264980911436, 0.0, 0.0], [0.3887, 0.006449583301906433, 0.0], [0.9907600185578054, 0.8594115597711868, 0.0], [0.9991537640758388, 0.7806276995463454, 0.0], [0.23179579079041263, 0.0, 0.0], [0.23179579079041263, 0.0, 0.0], [0.3887, 0.02759821691978537, 0.0], [0.9408778415146705, 0.7711193026226569, 0.0], [0.99368753743058, 0.7398774270162547, 0.0], [0.8876030970278255, 0.22229133198986428, 0.0]]
0.1313, [[0.968666399564835, 1.0, 0.0], [0.0, 0.0, 0.9919303874705605], [0.9703131289307706, 0.9870957470321373, 0.0], [0.0, 0.0, 0.9869228168629299], [0.971792135861287, 0.8356405674619672, 0.0], [0.0, 0.0, 0.9860278449364106], [0.973606587662642, 0.8342822250442972, 0.0], [0.0, 0.0, 0.9843676904380595], [0.0, 0.0, 0.9763615984926994], [0.034452270311053156, 0.0, 0.9727770263777671]]
0.1278, [[0.9688874882297062, 0.9728331516466062, 0.0], [0.9783866770720943, 0.922574482192827, 0.0], [0.0, 0.0, 0.9919303874705605], [0.9498204968213488, 0.9612872410964135, 0.0], [0.9498204968213488, 0.9612872410964135, 0.0], [0.9683309546939962, 0.8981243186747733, 0.0], [0.971792135861287, 0.8356405674619672, 0.0], [0.0, 0.0, 0.9915788694300518], [0.9254702486972817, 0.8030403494378949, 0.0], [0.022224538307212365, 0.0, 0.9915270286387191]]
0.1319, [[0.0, 0.0, 0.9909948173339616], [0.9783866770720943, 0.922574482192827, 0.0], [0.0, 0.0, 0.9869228168629299], [0.971792135861287, 0.8356405674619672, 0.0], [0.0, 0.0, 0.9860278449364106], [0.9688874882297062, 0.9728331516466062, 0.0], [0.0, 0.0, 0.9845948530381535], [0.968666399564835, 1.0, 0.0], [0.03529945728591512, 0.0, 0.977872476495525], [0.9683309546939962, 0.8981243186747733, 0.0]]
0.1324, [[0.0, 0.0, 0.9919303874705605], [0.9843713185177401, 0.8804658672450678, 0.0], [0.9703131289307706, 0.9870957470321373, 0.0], [0.968666399564835, 1.0, 0.0], [0.9783866770720943, 0.922574482192827, 0.0], [0.021320872200692727, 0.0, 0.9890385457371643], [0.9673779863109315, 0.9585705562610751, 0.0], [0.971792135861287, 0.8356405674619672, 0.0], [0.973606587662642, 0.8342822250442972, 0.0], [0.03360508333619119, 0.0, 0.9866093362223267]]
0.1310, [[1.0, 0.8539781901005083, 0.0], [0.022224538307212365, 0.0, 0.9915270286387191], [0.9501940604275103, 0.9864165758233031, 0.0], [0.9917968481585798, 0.5726159829008421, 0.0], [0.018694592578620852, 0.0, 0.988404026943005], [0.9498204968213488, 0.9612872410964135, 0.0], [0.9891819029154503, 0.6590560531649075, 0.0], [0.0, 0.0, 0.9869228168629299], [0.9523592045938329, 0.9300453654900113, 0.0], [0.0, 0.0, 0.985503316062176]]
0.1299, [[0.9783866770720943, 0.922574482192827, 0.0], [0.02688406666895316, 0.0, 0.9999996877060762], [0.9703131289307706, 0.9870957470321373, 0.0], [0.973606587662642, 0.8342822250442972, 0.0], [0.025867442299118703, 0.0, 0.9955905347150257], [0.9688874882297062, 0.9728331516466062, 0.0], [0.017593249511300403, 0.0, 0.994657338012247], [0.968712142047222, 0.8193404584499319, 0.0], [0.9498204968213488, 0.9612872410964135, 0.0], [0.9683309546939962, 0.8981243186747733, 0.0]]
0.1302, [[0.0, 0.0, 0.9919303874705605], [0.9679421435937059, 0.9972833151646601, 0.0], [0.9703131289307706, 0.9870957470321373, 0.0], [0.9843713185177401, 0.8804658672450678, 0.0], [1.0, 0.8539781901005083, 0.0], [0.0, 0.0, 0.9869228168629299], [0.9688874882297062, 0.9728331516466062, 0.0], [0.0, 0.0, 0.9845948530381535], [0.8941671432503746, 0.22817208152553958, 0.0], [0.0, 0.0, 0.9469870446537922]]
0.1290, [[0.968666399564835, 1.0, 0.0], [0.0, 0.0, 0.9919303874705605], [0.9688874882297062, 0.9728331516466062, 0.0], [0.9843713185177401, 0.8804658672450678, 0.0], [0.9679421435937059, 0.9972833151646601, 0.0], [0.0, 0.0, 0.9860278449364106], [0.971792135861287, 0.8356405674619672, 0.0], [0.0, 0.0, 0.9857655804992933], [0.9688112507590609, 0.805757034273235, 0.0], [0.9686130333353833, 0.7595733920724642, 0.0]]
0.1290, [[0.018694592578620852, 0.0, 0.988404026943005], [0.9679421435937059, 0.9972833151646601, 0.0], [0.9685825383471254, 0.8200196296587661, 0.0], [0.968712142047222, 0.8193404584499319, 0.0], [0.9688112507590609, 0.805757034273235, 0.0], [0.0, 0.0, 0.9836295525200186], [0.9426541745807029, 0.8111904039439134, 0.0], [0.9490428746207681, 0.6753561621769444, 0.0], [0.0, 0.0, 0.9828508163918982], [0.9251500513205719, 0.7385190845985847, 0.0]]
0.1321, [[0.021716226122294877, 0.0, 0.9911665789919922], [0.9703131289307706, 0.9870957470321373, 0.0], [0.9991537640758388, 0.7806276995463454, 0.0], [0.013554991597791406, 0.0, 0.9891693968911914], [0.973606587662642, 0.8342822250442972, 0.0], [0.021320872200692727, 0.0, 0.9890385457371643], [0.9222377799419263, 0.6773936758034487, 0.0], [0.0, 0.0, 0.9869228168629299], [0.03360508333619119, 0.0, 0.9866093362223267], [0.0, 0.0, 0.8017556678011828]]
0.1235, [[0.02688406666895316, 0.0, 0.9999996877060762], [0.0, 0.0, 0.9909948173339616], [0.0, 0.0, 0.9860278449364106], [0.996180502720677, 0.9083118868072959, 0.0], [0.9991537640758388, 0.7806276995463454, 0.0], [0.9882136870382567, 0.8268113417471146, 0.0], [0.99368753743058, 0.7398774270162547, 0.0], [0.9934588250186445, 0.7065980377833466, 0.0], [0.962102353342286, 0.7208606331688794, 0.0], [0.9686359045765769, 0.7106730650363566, 0.0]]
0.1326, [[0.3887, 0.02339848825807882, 0.0], [0.9703131289307706, 0.9870957470321373, 0.0], [0.0, 0.0, 0.9919303874705605], [0.3887, 0.017998837121599064, 0.0], [0.996180502720677, 0.9083118868072959, 0.0], [0.021716226122294877, 0.0, 0.9911665789919922], [0.9683309546939962, 0.8981243186747733, 0.0], [0.021320872200692727, 0.0, 0.9890385457371643], [1.0, 0.8539781901005083, 0.0], [0.03360508333619119, 0.0, 0.9866093362223267]]
0.1319, [[0.9991537640758388, 0.7806276995463454, 0.0], [0.0, 0.0, 0.9919303874705605], [0.9703131289307706, 0.9870957470321373, 0.0], [0.996180502720677, 0.9083118868072959, 0.0], [0.9976747571453223, 0.6848645591006313, 0.0], [0.0, 0.0, 0.9915788694300518], [0.9917358581820634, 0.8580532173535167, 0.0], [0.9683309546939962, 0.8981243186747733, 0.0], [0.028578440618677082, 0.0, 0.9766134323127651], [0.971792135861287, 0.8356405674619672, 0.0]]
0.1309, [[0.025867442299118703, 0.0, 0.9955905347150257], [0.9501940604275103, 0.9864165758233031, 0.0], [0.3887, 0.021598604545919012, 0.0], [0.0, 0.0, 0.9915788694300518], [0.9498204968213488, 0.9612872410964135, 0.0], [0.021320872200692727, 0.0, 0.9890385457371643], [0.9673779863109315, 0.9585705562610751, 0.0], [0.034452270311053156, 0.0, 0.9727770263777671], [0.9523592045938329, 0.9300453654900113, 0.0], [0.9843713185177401, 0.8804658672450678, 0.0]]
0.1322, [[0.017593249511300403, 0.0, 0.994657338012247], [0.968666399564835, 1.0, 0.0], [0.9843713185177401, 0.8804658672450678, 0.0], [0.9783866770720943, 0.922574482192827, 0.0], [0.021716226122294877, 0.0, 0.9911665789919922], [0.9679421435937059, 0.9972833151646601, 0.0], [0.9683309546939962, 0.8981243186747733, 0.0], [0.0, 0.0, 0.9860278449364106], [0.9673779863109315, 0.9585705562610751, 0.0], [0.0310635224116053, 0.0, 0.9859649489401787]]
0.1108, [[0.996180502720677, 0.9083118868072959, 0.0], [0.22733480707939935, 0.0, 0.0], [0.9907600185578054, 0.8594115597711868, 0.0], [0.0, 0.0, 0.0], [0.9991537640758388, 0.7806276995463454, 0.0], [0.30573954618651, 0.0, 0.0], [0.9942059522309671, 0.7602525632813, 0.0], [0.311031358609839, 0.0, 0.0], [0.9976747571453223, 0.6848645591006313, 0.0], [0.3097379093645294, 0.0, 0.0]]
