0.0289, [[0.0, 0.18869987925302392], [0.0, 0.0], [0.0, 0.0], [0.0, 0.0], [0.0, 0.0], [0.0, 0.0], [0.0, 0.0], [0.0, 0.0], [0.0, 0.0], [0.0, 0.0]]
0.0784, [[0.0, 0.683949447083945], [0.0, 0.6832610684638998], [0.0, 0.6800733586013614], [0.0, 0.6765466379287334], [0.0, 0.6714115126117711], [0.0, 0.6668791646870414], [0.0, 0.6649602496997198], [0.0, 0.6638842447617778], [0.0, 0.6637032093954357], [0.0, 0.663387682770586]]
0.0783, [[0.0, 0.0], [0.0, 0.6832610684638998], [0.0, 0.0], [0.0, 0.0], [0.0, 0.6824149639663689], [0.0, 0.0], [0.0, 0.6816869791805686], [0.0, 0.0], [0.0, 0.6811478910983584], [0.0, 0.6811478910983584]]
0.2087, [[0.9716810930520201, 0.0], [0.0, 0.9868456953295524], [0.9970702537408019, 0.0], [0.9996945371401472, 0.0], [0.974225447368511, 0.0], [0.9955939230129063, 0.0], [0.9728125994101252, 0.0], [0.9739323740647111, 0.0], [0.9719148499856908, 0.0], [0.9749953541172138, 0.0]]
0.1038, [[0.0, 0.9380147024007011], [0.0, 0.683949447083945], [0.0, 0.6824149639663689], [0.0, 0.0], [0.0, 0.6640932565060724], [0.0, 0.6668791646870414], [0.0, 0.0], [0.0, 0.0], [0.0, 0.0], [0.0, 0.0]]
0.2016, [[0.0, 0.9178322192928868], [0.9977443333037506, 0.0], [0.9977443333037506, 0.0], [0.0, 0.9178322192928868], [0.9969683962401548, 0.0], [0.0, 0.8876306737669161], [0.9962057258693235, 0.0], [0.0, 0.8693373143605417], [0.9961700921904103, 0.0], [0.0, 0.8570583842863375]]
0.2099, [[0.0, 0.0], [0.0, 0.9986770898297711], [1.0, 0.0], [0.0, 0.9223070763858603], [0.0, 0.0], [0.0, 0.0], [0.0, 0.5942691043376286], [0.0, 0.0], [0.0, 0.8566008757747706], [0.0, 0.8608598187690968]]
0.0491, [[0.0, 0.3908229583834378], [0.0, 0.0], [0.0, 0.0], [0.0, 0.0], [0.0, 0.35614354811251814], [0.0, 0.0], [0.0, 0.2581116318407962], [0.0, 0.0], [0.0, 0.25443146612906997], [0.0, 0.0]]
0.2100, [[0.0, 1.0], [0.9996945371401472, 0.0], [0.0, 0.9911948934089931], [0.9987126922334777, 0.0], [0.0, 0.9868456953295524], [0.9985937305669521, 0.0], [0.0, 0.9481232719336553], [0.9980352137657711, 0.0], [0.0, 0.923070006110869], [0.9978520018351129, 0.0]]
0.2098, [[0.0, 0.9868456953295524], [0.9990763750425702, 0.0], [0.0, 0.8719923596682678], [0.0, 0.8608598187690968], [0.0, 0.923070006110869], [0.0, 0.8909142634657347], [0.0, 0.7744226234831946], [0.0, 0.8693373143605417], [0.0, 0.9986770898297711], [0.0, 0.9481232719336553]]
0.2100, [[0.9996945371401472, 0.0], [0.0, 1.0], [0.0, 0.8719923596682678], [0.0, 0.6581735304806615], [0.0, 0.8608598187690968], [0.0, 0.8693373143605417], [0.0, 0.9278944146660857], [0.0, 0.5822731594372753], [0.0, 0.8856480537756451], [0.0, 0.0]]
0.2088, [[0.0, 0.5633849712778445], [0.0, 0.9868456953295524], [0.9996945371401472, 0.0], [0.0, 0.5710788792497095], [0.0, 0.9883463731121788], [0.0, 0.9160717464862503], [0.0, 0.6490539032825315], [0.0, 0.7744226234831946], [0.0, 0.9868456953295524], [0.0, 0.923070006110869]]
0.2100, [[0.0, 0.0], [1.0, 0.0], [0.0, 1.0], [0.0, 0.5429528874560348], [0.0, 0.0], [0.0, 0.6276128276670562], [0.0, 0.9223070763858603], [0.0, 0.0], [0.0, 0.8566008757747706], [0.0, 0.9160717464862503]]
0.2088, [[1.0, 0.0], [0.0, 0.5429528874560348], [0.0, 0.0], [0.0, 0.9883463731121788], [0.0, 0.8566008757747706], [0.0, 0.6583342904043774], [0.0, 0.0], [0.0, 0.0], [0.0, 0.9178322192928868], [0.0, 0.8107213737232647]]
0.2038, [[0.0, 0.9380147024007011], [0.9996945371401472, 0.0], [0.9993769040084196, 0.0], [0.997676574492771, 0.0], [0.9963749036125945, 0.0], [0.9955939230129063, 0.0], [0.9967151230146486, 0.0], [0.0, 0.9278944146660857], [0.9990495127307741, 0.0], [0.9975056424760766, 0.0]]
0.2099, [[0.0, 0.9868456953295524], [0.0, 1.0], [0.998925946096512, 0.0], [0.0, 0.9418727333042359], [0.0, 0.9911948934089931], [0.9987126922334777, 0.0], [0.0, 0.923070006110869], [0.0, 0.9883463731121788], [0.998256252217122, 0.0], [0.0, 0.9160717464862503]]
0.1683, [[0.9723132893369848, 0.0], [0.0, 0.6102346717467794], [0.0, 0.411535713965716], [0.0, 0.3949952490627432], [0.0, 0.3908229583834378], [0.0, 0.5426197819460663], [0.0, 0.5633849712778445], [0.0, 0.5330101309801697], [0.9719440147813551, 0.0], [0.0, 0.35614354811251814]]
0.2091, [[0.0, 0.9911948934089931], [0.9996945371401472, 0.0], [0.9993769040084196, 0.0], [0.9990763750425702, 0.0], [0.9990495127307741, 0.0], [0.0, 0.9868456953295524], [0.9987126922334777, 0.0], [0.0, 0.923070006110869], [0.9985937305669521, 0.0], [0.9985937305669521, 0.0]]
0.1945, [[0.9728125994101252, 0.0], [0.0, 0.8719923596682678], [0.0, 0.15254411615245125], [0.0, 0.018848214156079447], [0.0, 0.15022755353902034], [0.0, 0.0], [0.0, 0.0], [0.0, 0.0], [0.0, 0.0], [0.0, 0.048870279491832265]]
0.2100, [[0.9996945371401472, 0.0], [0.0, 0.8608598187690968], [0.0, 1.0], [0.0, 0.9868456953295524], [0.0, 0.7744226234831946], [0.0, 0.8693373143605417], [0.0, 0.923070006110869], [0.0, 0.6211739396248548], [0.0, 0.6490539032825315], [0.9990763750425702, 0.0]]
0.2100, [[0.9981229274369421, 0.0], [0.0, 1.0], [0.0, 0.9418727333042359], [0.9985937305669521, 0.0], [0.9996945371401472, 0.0], [0.0, 0.8909142634657347], [0.998548996594655, 0.0], [0.9990495127307741, 0.0], [0.9975860101272871, 0.0], [0.9963749036125945, 0.0]]
0.2099, [[0.0, 0.9986770898297711], [0.0, 0.9868456953295524], [1.0, 0.0], [0.0, 0.9418727333042359], [0.9998243533734803, 0.0], [0.0, 0.923070006110869], [0.0, 0.9278944146660857], [0.9993769040084196, 0.0], [0.0, 0.9223070763858603], [0.9990495127307741, 0.0]]
0.2098, [[0.0, 0.9986770898297711], [0.9990763750425702, 0.0], [0.0, 0.7744226234831946], [0.0, 0.5970583446658814], [0.0, 0.9418727333042359], [0.0, 0.923070006110869], [0.0, 0.9868456953295524], [0.0, 0.923070006110869], [0.0, 0.9160717464862503], [0.0, 0.7744226234831946]]
0.2022, [[0.9990763750425702, 0.0], [0.0, 0.923070006110869], [0.0, 0.9160717464862503], [0.0, 0.6583342904043774], [0.0, 0.7744226234831946], [0.9983658943060857, 0.0], [0.0, 0.8909142634657347], [0.0, 0.5860230152403235], [0.0, 0.6490539032825315], [0.9980494672373365, 0.0]]
0.2100, [[0.0, 0.9160717464862503], [0.0, 0.8107213737232647], [0.0, 1.0], [0.0, 0.7744226234831946], [0.0, 0.9418727333042359], [0.0, 0.9178322192928868], [1.0, 0.0], [0.0, 0.8566008757747706], [0.0, 0.9223070763858603], [0.998229060979059, 0.0]]
0.2088, [[0.974225447368511, 0.0], [0.0, 0.9883463731121788], [1.0, 0.0], [0.9974680352395622, 0.0], [0.9987126922334777, 0.0], [0.9986016247973575, 0.0], [0.9739323740647111, 0.0], [0.9959593600954222, 0.0], [0.9974367872442076, 0.0], [0.997676574492771, 0.0]]
0.2021, [[0.9983722535472455, 0.0], [0.0, 0.9223070763858603], [0.9983658943060857, 0.0], [0.0, 0.8570583842863375], [0.998256252217122, 0.0], [0.0, 0.8107213737232647], [0.998229060979059, 0.0], [0.0, 0.683949447083945], [0.0, 0.6581735304806615], [0.0, 0.5426197819460663]]
0.2090, [[0.9990763750425702, 0.0], [0.0, 0.9911948934089931], [0.0, 0.9868456953295524], [0.0, 0.8608598187690968], [0.0, 0.7744226234831946], [0.0, 0.5633849712778445], [0.0, 0.8693373143605417], [0.0, 0.923070006110869], [0.9987126922334777, 0.0], [0.0, 0.5330101309801697]]
0.2087, [[0.0, 0.8719923596682678], [0.9996945371401472, 0.0], [0.0, 0.9868456953295524], [0.9976926918798488, 0.0], [0.9987126922334777, 0.0], [0.998925946096512, 0.0], [0.9963749036125945, 0.0], [0.998229060979059, 0.0], [0.9954990826059527, 0.0], [0.9955939230129063, 0.0]]
0.2087, [[0.0, 0.9868456953295524], [0.9723056143907574, 0.0], [0.9996945371401472, 0.0], [0.0, 0.0], [0.9955939230129063, 0.0], [0.9719430280025544, 0.0], [0.9970702537408019, 0.0], [0.0, 0.0], [0.0, 0.0], [0.0, 0.0]]
0.2099, [[0.0, 0.9986770898297711], [0.9998243533734803, 0.0], [0.0, 0.9278944146660857], [0.9983658943060857, 0.0], [0.0, 0.9178322192928868], [0.998229060979059, 0.0], [0.0, 0.8997176247926691], [0.9981229274369421, 0.0], [0.0, 0.8566008757747706], [0.9980494672373365, 0.0]]
0.2087, [[0.9975860101272871, 0.0], [1.0, 0.0], [0.9996945371401472, 0.0], [0.9985937305669521, 0.0], [0.9990495127307741, 0.0], [0.998548996594655, 0.0], [0.9958746067606532, 0.0], [0.9958888602322185, 0.0], [0.0, 0.9868456953295524], [0.0, 0.8873973070274985]]
0.2037, [[0.9990763750425702, 0.0], [0.0, 0.9380147024007011], [0.0, 0.923070006110869], [0.0, 0.8693373143605417], [0.0, 0.8608598187690968], [0.0, 0.7744226234831946], [0.0, 0.6102346717467794], [0.0, 0.0], [0.9975860101272871, 0.0], [0.0, 0.8909142634657347]]
0.2042, [[0.0, 0.9418727333042359], [1.0, 0.0], [0.0, 0.8570583842863375], [0.0, 0.9223070763858603], [0.0, 0.8566008757747706], [0.0, 0.9178322192928868], [0.0, 0.9160717464862503], [0.0, 0.8876306737669161], [0.0, 0.8719923596682678], [0.9998243533734803, 0.0]]
0.2099, [[0.0, 0.9986770898297711], [1.0, 0.0], [0.0, 0.9868456953295524], [0.9998243533734803, 0.0], [0.0, 0.9418727333042359], [0.9996945371401472, 0.0], [0.0, 0.9278944146660857], [0.9990495127307741, 0.0], [0.0, 0.9223070763858603], [0.9985937305669521, 0.0]]
0.2087, [[0.0, 0.9883463731121788], [0.9990763750425702, 0.0], [0.0, 0.9580398624181585], [0.9987126922334777, 0.0], [0.0, 0.9380147024007011], [0.9985937305669521, 0.0], [0.0, 0.9178322192928868], [0.9978520018351129, 0.0], [0.0, 0.8909142634657347], [0.997676574492771, 0.0]]
0.2098, [[0.0, 0.9986770898297711], [0.9993769040084196, 0.0], [0.0, 0.9868456953295524], [0.0, 0.923070006110869], [0.0, 0.0], [0.9990763750425702, 0.0], [0.0, 0.8881722042776106], [0.998925946096512, 0.0], [0.9987126922334777, 0.0], [0.9975056424760766, 0.0]]
0.2048, [[0.0, 0.9481232719336553], [0.0, 0.8566008757747706], [1.0, 0.0], [0.0, 0.8693373143605417], [0.0, 0.8107213737232647], [0.0, 0.7744226234831946], [0.9986016247973575, 0.0], [0.0, 0.7279188155390649], [0.9980401476597746, 0.0], [0.9974680352395622, 0.0]]
0.2022, [[0.9990763750425702, 0.0], [0.0, 0.0], [0.0, 0.923070006110869], [0.9960697696790085, 0.0], [0.0, 0.8909142634657347], [0.0, 0.0], [0.0, 0.7744226234831946], [0.0, 0.0], [0.0, 0.6490539032825315], [0.0, 0.6211739396248548]]
0.2100, [[1.0, 0.0], [0.0, 1.0], [0.9998243533734803, 0.0], [0.0, 0.9418727333042359], [0.998548996594655, 0.0], [0.0, 0.9223070763858603], [0.9983972519435292, 0.0], [0.0, 0.9178322192928868], [0.998256252217122, 0.0], [0.0, 0.9160717464862503]]
0.1758, [[0.0, 0.6583342904043774], [0.9965957227797673, 0.0], [0.0, 0.6614846152408915], [0.0, 0.6211739396248548], [0.9960612175960695, 0.0], [0.0, 0.411535713965716], [0.974225447368511, 0.0], [0.9731202551117573, 0.0], [0.9719159464065804, 0.0], [0.9715980939906748, 0.0]]
0.2099, [[0.0, 0.9986770898297711], [1.0, 0.0], [0.0, 0.9883463731121788], [0.9998243533734803, 0.0], [0.0, 0.9580398624181585], [0.9996945371401472, 0.0], [0.0, 0.9380147024007011], [0.998925946096512, 0.0], [0.0, 0.8997176247926691], [0.998548996594655, 0.0]]
0.2086, [[0.0, 0.9868456953295524], [0.9987126922334777, 0.0], [0.0, 0.923070006110869], [0.9978520018351129, 0.0], [0.0, 0.8909142634657347], [0.9975056424760766, 0.0], [0.0, 0.8873973070274985], [0.9974680352395622, 0.0], [0.0, 0.8719923596682678], [0.9974367872442076, 0.0]]
0.2088, [[1.0, 0.0], [0.0, 0.9883463731121788], [0.9993769040084196, 0.0], [0.0, 0.9868456953295524], [0.9990495127307741, 0.0], [0.0, 0.9580398624181585], [0.9962057258693235, 0.0], [0.0, 0.9417889606285474], [0.9960697696790085, 0.0], [0.0, 0.923070006110869]]
0.2100, [[0.0, 1.0], [1.0, 0.0], [0.0, 0.9418727333042359], [0.9993769040084196, 0.0], [0.0, 0.9178322192928868], [0.9990495127307741, 0.0], [0.0, 0.8873973070274985], [0.0, 0.8693373143605417], [0.0, 0.8608598187690968], [0.0, 0.8566008757747706]]
0.2088, [[0.998229060979059, 0.0], [0.0, 0.9883463731121788], [0.0, 0.5429528874560348], [0.9969683962401548, 0.0], [0.0, 0.6276128276670562], [0.998229060979059, 0.0], [0.9969683962401548, 0.0], [0.9955204628133005, 0.0], [1.0, 0.0], [0.9983972519435292, 0.0]]
0.2099, [[0.998548996594655, 0.0], [0.0, 0.8107213737232647], [0.0, 0.9178322192928868], [0.9996945371401472, 0.0], [0.0, 0.5860230152403235], [0.9998243533734803, 0.0], [0.0, 0.9223070763858603], [1.0, 0.0], [0.0, 0.9986770898297711], [0.0, 0.8566008757747706]]
0.2086, [[0.0, 0.9868456953295524], [0.998925946096512, 0.0], [0.0, 0.0], [0.0, 0.9418727333042359], [0.9987126922334777, 0.0], [0.0, 0.0], [0.0, 0.9417889606285474], [0.9985197221569015, 0.0], [0.0, 0.0], [0.0, 0.3119447848435548]]
0.1097, [[0.9971769354933637, 0.0], [0.0, 0.0], [0.0, 0.0], [0.0, 0.0], [0.0, 0.0], [0.0, 0.0], [0.0, 0.0], [0.0, 0.0], [0.0, 0.0], [0.0, 0.0]]
0.2087, [[0.0, 0.9883463731121788], [0.9990763750425702, 0.0], [0.0, 0.0], [0.0, 0.7744226234831946], [0.0, 0.8693373143605417], [0.0, 0.6211739396248548], [0.0, 0.6211739396248548], [0.0, 0.8608598187690968], [0.0, 0.923070006110869], [0.0, 0.9868456953295524]]
0.0109, [[0.009287535304305755, 0.0], [0.0, 0.0], [0.0, 0.0], [0.0, 0.0], [0.0, 0.0], [0.0, 0.0], [0.0, 0.0], [0.0, 0.0], [0.0, 0.0], [0.0, 0.0]]
0.2098, [[0.0, 0.9986770898297711], [0.9955939230129063, 0.0], [0.997676574492771, 0.0], [0.9987126922334777, 0.0], [0.9974680352395622, 0.0], [0.998925946096512, 0.0], [0.9996945371401472, 0.0], [0.9978520018351129, 0.0], [0.9977443333037506, 0.0], [0.9985197221569015, 0.0]]
0.2100, [[1.0, 0.0], [0.0, 0.9868456953295524], [0.0, 0.5429528874560348], [0.0, 1.0], [0.0, 0.9418727333042359], [0.0, 0.8693373143605417], [0.0, 0.923070006110869], [0.9707084580808235, 0.0], [0.0, 0.6583342904043774], [0.0, 0.0]]
0.0883, [[0.028438075113512283, 0.0], [0.0, 0.754262828808382], [0.027252315327571337, 0.0], [0.0, 0.6832610684638998], [0.0, 0.6824149639663689], [0.0, 0.6819132109969307], [0.0, 0.6816869791805686], [0.0, 0.6816097134659016], [0.0, 0.6800733586013614], [0.023345600319281297, 0.0]]
0.2042, [[0.0, 0.9418727333042359], [0.9996945371401472, 0.0], [0.0, 0.9178322192928868], [0.0, 0.8873973070274985], [0.9993769040084196, 0.0], [0.0, 0.8693373143605417], [0.9990495127307741, 0.0], [0.0, 0.8608598187690968], [0.9985937305669521, 0.0], [0.0, 0.8570583842863375]]
0.2087, [[0.0, 0.9868456953295524], [1.0, 0.0], [0.0, 0.923070006110869], [0.9998243533734803, 0.0], [0.0, 0.9223070763858603], [0.9996945371401472, 0.0], [0.9996945371401472, 0.0], [0.0, 0.8909142634657347], [0.9993769040084196, 0.0], [0.0, 0.8873973070274985]]
0.2099, [[0.0, 0.9986770898297711], [1.0, 0.0], [0.0, 0.9868456953295524], [0.9998243533734803, 0.0], [0.0, 0.9580398624181585], [0.9996945371401472, 0.0], [0.0, 0.9481232719336553], [0.9990763750425702, 0.0], [0.0, 0.923070006110869], [0.9990495127307741, 0.0]]
0.2088, [[0.0, 0.9883463731121788], [0.9996945371401472, 0.0], [0.0, 0.9868456953295524], [0.0, 0.6211739396248548], [0.0, 0.923070006110869], [0.9993769040084196, 0.0], [0.0, 0.9580398624181585], [0.0, 0.9580398624181585], [0.0, 0.5970583446658814], [0.9990495127307741, 0.0]]
0.2100, [[0.0, 1.0], [0.9996945371401472, 0.0], [0.0, 0.9986770898297711], [0.9990495127307741, 0.0], [0.0, 0.9911948934089931], [0.998925946096512, 0.0], [0.0, 0.9868456953295524], [0.9987126922334777, 0.0], [0.0, 0.9418727333042359], [0.9985937305669521, 0.0]]
0.2042, [[0.0, 0.9223070763858603], [0.0, 0.9160717464862503], [0.0, 0.8566008757747706], [0.0, 0.9418727333042359], [0.0, 0.8107213737232647], [0.0, 0.9178322192928868], [1.0, 0.0], [0.0, 0.8570583842863375], [0.998548996594655, 0.0], [0.998548996594655, 0.0]]
0.2100, [[0.9996945371401472, 0.0], [0.0, 1.0], [0.9993769040084196, 0.0], [0.0, 0.9868456953295524], [0.998925946096512, 0.0], [0.0, 0.9181269195984303], [0.9987126922334777, 0.0], [0.0, 0.8909142634657347], [0.9985937305669521, 0.0], [0.0, 0.8873973070274985]]
0.2087, [[0.0, 0.0], [0.0, 0.9868456953295524], [0.9985937305669521, 0.0], [0.0, 0.0], [0.9996945371401472, 0.0], [0.0, 0.0], [0.9731202551117573, 0.0], [0.0, 0.0], [0.9974680352395622, 0.0], [0.0, 0.0]]
0.2088, [[1.0, 0.0], [0.0, 0.0], [0.0, 0.8873973070274985], [0.0, 0.7697512995198623], [0.0, 0.0], [0.0, 0.9223070763858603], [0.0, 0.9883463731121788], [0.0, 0.8927772082060245], [0.0, 0.8876306737669161], [0.0, 0.9481232719336553]]
0.2087, [[0.9990763750425702, 0.0], [0.0, 0.9883463731121788], [0.998925946096512, 0.0], [0.0, 0.9868456953295524], [0.9987126922334777, 0.0], [0.0, 0.9580398624181585], [0.9986016247973575, 0.0], [0.0, 0.9481232719336553], [0.9985197221569015, 0.0], [0.0, 0.9418727333042359]]
0.2042, [[0.0, 0.0], [0.9715639953010071, 0.0], [0.9996945371401472, 0.0], [0.0, 0.9178322192928868], [0.0, 0.0], [0.9965440813558654, 0.0], [0.9723056143907574, 0.0], [0.0, 0.9418727333042359], [0.9746196106783354, 0.0], [0.9993769040084196, 0.0]]
0.2088, [[0.0, 0.9883463731121788], [1.0, 0.0], [0.0, 0.5429528874560348], [0.0, 0.9580398624181585], [0.9998243533734803, 0.0], [0.0, 0.5426197819460663], [0.0, 0.9418727333042359], [0.9990495127307741, 0.0], [0.0, 0.6583342904043774], [0.998548996594655, 0.0]]
0.0782, [[0.0, 0.6824149639663689], [0.0, 0.0], [0.0, 0.0], [0.0, 0.0], [0.0, 0.0], [0.0, 0.0], [0.0, 0.0], [0.0, 0.0], [0.0, 0.0], [0.0, 0.0]]
0.2099, [[0.0, 0.9986770898297711], [1.0, 0.0], [0.0, 0.9868456953295524], [0.9998243533734803, 0.0], [0.0, 0.9481232719336553], [0.9996945371401472, 0.0], [0.0, 0.923070006110869], [0.9990495127307741, 0.0], [0.9990495127307741, 0.0], [0.0, 0.9223070763858603]]
0.2100, [[0.0, 1.0], [0.9996945371401472, 0.0], [0.0, 0.0], [0.0, 0.0], [0.0, 0.0], [0.0, 0.0], [0.0, 0.0], [0.0, 0.0], [0.0, 0.0], [0.0, 0.9911948934089931]]
0.2042, [[0.0, 0.9418727333042359], [1.0, 0.0], [0.0, 0.8570583842863375], [0.9998243533734803, 0.0], [0.0, 0.8566008757747706], [0.998548996594655, 0.0], [0.0, 0.8107213737232647], [0.9983658943060857, 0.0], [0.9983658943060857, 0.0], [0.0, 0.726584187167175]]
0.2099, [[0.0, 0.9986770898297711], [1.0, 0.0], [0.0, 0.9868456953295524], [0.9998243533734803, 0.0], [0.0, 0.9418727333042359], [0.9990763750425702, 0.0], [0.0, 0.9278944146660857], [0.9987126922334777, 0.0], [0.0, 0.9223070763858603], [0.9986016247973575, 0.0]]
0.2099, [[0.0, 0.9986770898297711], [0.9983972519435292, 0.0], [0.9739034285532246, 0.0], [0.9983972519435292, 0.0], [0.9707474906644946, 0.0], [0.9723619704244846, 0.0], [1.0, 0.0], [0.9983722535472455, 0.0], [0.9717944629720086, 0.0], [0.9971475514135213, 0.0]]
0.2088, [[0.0, 0.9883463731121788], [1.0, 0.0], [0.0, 0.9868456953295524], [0.9993769040084196, 0.0], [0.0, 0.9418727333042359], [0.9990763750425702, 0.0], [0.0, 0.923070006110869], [0.9990495127307741, 0.0], [0.0, 0.9223070763858603], [0.9987126922334777, 0.0]]
0.2100, [[1.0, 0.0], [0.0, 0.9178322192928868], [0.0, 0.8566008757747706], [0.0, 0.8107213737232647], [0.0, 1.0], [0.0, 0.9160717464862503], [0.9998243533734803, 0.0], [0.0, 0.9911948934089931], [0.0, 0.8570583842863375], [0.998548996594655, 0.0]]
0.2042, [[0.9998243533734803, 0.0], [0.0, 0.9178322192928868], [0.9976926918798488, 0.0], [0.0, 0.7744226234831946], [0.0, 0.8566008757747706], [0.0, 0.9418727333042359], [0.0, 0.8107213737232647], [0.0, 0.9223070763858603], [0.0, 0.6102346717467794], [0.0, 0.8608598187690968]]
0.2086, [[0.9987126922334777, 0.0], [0.0, 0.8909142634657347], [0.0, 0.8693373143605417], [0.0, 0.8608598187690968], [0.0, 0.9868456953295524], [0.9983722535472455, 0.0], [0.0, 0.8873973070274985], [0.0, 0.8570583842863375], [0.0, 0.9417889606285474], [0.9978047460947695, 0.0]]
0.2091, [[1.0, 0.0], [0.0, 0.9911948934089931], [0.0, 0.9868456953295524], [0.0, 0.9418727333042359], [0.0, 0.9160717464862503], [0.0, 0.8566008757747706], [0.0, 0.923070006110869], [0.0, 0.8107213737232647], [0.0, 0.8608598187690968], [0.0, 0.5860230152403235]]
0.2016, [[0.0, 0.4495113853481408], [1.0, 0.0], [0.0, 0.0], [0.0, 0.48159577892527894], [0.0, 0.8819553243125264], [0.0, 0.5426197819460663], [0.0, 0.8566008757747706], [0.0, 0.8608598187690968], [0.0, 0.7744226234831946], [0.0, 0.9160717464862503]]
0.2100, [[0.0, 1.0], [1.0, 0.0], [0.0, 0.9418727333042359], [0.9998243533734803, 0.0], [0.0, 0.9223070763858603], [0.998548996594655, 0.0], [0.0, 0.9178322192928868], [0.9983972519435292, 0.0], [0.0, 0.9160717464862503], [0.998256252217122, 0.0]]
0.2086, [[0.9993769040084196, 0.0], [0.0, 0.8719923596682678], [0.0, 0.6490539032825315], [0.0, 0.5710788792497095], [0.9990763750425702, 0.0], [0.0, 0.9868456953295524], [0.0, 0.6803820471106365], [0.0, 0.6811478910983584], [0.9990495127307741, 0.0], [0.0, 0.6832610684638998]]
0.2099, [[0.9993769040084196, 0.0], [0.0, 1.0], [0.0, 0.0], [0.0, 0.0], [0.0, 0.0], [0.9990495127307741, 0.0], [0.9990495127307741, 0.0], [0.0, 0.9911948934089931], [0.0, 0.0], [0.0, 0.9868456953295524]]
0.2100, [[0.0, 1.0], [0.9998243533734803, 0.0], [0.0, 0.9911948934089931], [0.9996945371401472, 0.0], [0.0, 0.9868456953295524], [0.9990763750425702, 0.0], [0.0, 0.923070006110869], [0.03215602156237112, 0.0], [0.0, 0.9223070763858603], [0.0, 0.9181269195984303]]
0.2100, [[0.0, 1.0], [1.0, 0.0], [0.9993769040084196, 0.0], [0.9990495127307741, 0.0], [0.9980352137657711, 0.0], [0.9967275125707016, 0.0], [0.0, 0.0], [0.9966926463864111, 0.0], [0.998548996594655, 0.0], [0.998548996594655, 0.0]]
0.2100, [[1.0, 0.0], [0.0, 1.0], [0.9998243533734803, 0.0], [0.0, 0.9911948934089931], [0.0, 0.0], [0.0, 0.923070006110869], [0.0, 0.0], [0.0, 0.9181269195984303], [0.0, 0.8107213737232647], [0.0, 0.7697512995198623]]
0.2087, [[0.0, 0.9868456953295524], [1.0, 0.0], [0.0, 0.9418727333042359], [0.9998243533734803, 0.0], [0.0, 0.923070006110869], [0.9996945371401472, 0.0], [0.0, 0.9223070763858603], [0.9990495127307741, 0.0], [0.0, 0.9160717464862503], [0.9985937305669521, 0.0]]
0.2088, [[0.9980401476597746, 0.0], [0.0, 0.9883463731121788], [0.9996945371401472, 0.0], [0.9965440813558654, 0.0], [1.0, 0.0], [0.9978520018351129, 0.0], [0.997676574492771, 0.0], [0.997897174375766, 0.0], [0.9985937305669521, 0.0], [0.9955939230129063, 0.0]]
0.1757, [[0.9983658943060857, 0.0], [0.0, 0.6583342904043774], [0.998256252217122, 0.0], [0.998229060979059, 0.0], [0.9980401476597746, 0.0], [0.9969683962401548, 0.0], [0.9972146523719672, 0.0], [0.9981229274369421, 0.0], [0.0, 0.5860230152403235], [0.9957989537192683, 0.0]]
0.2099, [[0.0, 1.0], [0.9975056424760766, 0.0], [0.9955382248317128, 0.0], [0.0, 0.0], [0.9965957227797673, 0.0], [0.0, 0.0], [0.9986016247973575, 0.0], [0.9970755165610723, 0.0], [0.998256252217122, 0.0], [0.9990763750425702, 0.0]]
0.2040, [[0.9983722535472455, 0.0], [0.0, 0.9418727333042359], [0.9983658943060857, 0.0], [0.9972146523719672, 0.0], [0.9719979586891252, 0.0], [0.9718037825495706, 0.0], [0.0, 0.9278944146660857], [0.9980401476597746, 0.0], [0.9967116144678019, 0.0], [0.9959818367236597, 0.0]]
0.2090, [[0.0, 0.9911948934089931], [0.9990763750425702, 0.0], [0.0, 0.9883463731121788], [0.9990495127307741, 0.0], [0.0, 0.9868456953295524], [0.998925946096512, 0.0], [0.0, 0.9580398624181585], [0.9987126922334777, 0.0], [0.0, 0.9481232719336553], [0.9985197221569015, 0.0]]
0.2097, [[0.0, 0.9986770898297711], [0.9986016247973575, 0.0], [0.0, 0.5429528874560348], [0.0, 0.7744226234831946], [0.0, 0.8566008757747706], [0.0, 0.9418727333042359], [0.0, 0.9223070763858603], [0.0, 0.9418727333042359], [0.0, 0.8608598187690968], [0.0, 0.8107213737232647]]
0.2086, [[0.9990763750425702, 0.0], [0.0, 0.9868456953295524], [0.998925946096512, 0.0], [0.0, 0.0], [0.9987126922334777, 0.0], [0.9987126922334777, 0.0], [0.9987126922334777, 0.0], [0.9985197221569015, 0.0], [0.9983722535472455, 0.0], [0.9983658943060857, 0.0]]
0.2087, [[0.0, 0.9868456953295524], [1.0, 0.0], [0.0, 0.9380147024007011], [0.9996945371401472, 0.0], [0.0, 0.923070006110869], [0.9987126922334777, 0.0], [0.0, 0.8909142634657347], [0.0, 0.8873973070274985], [0.0, 0.8856480537756451], [0.0, 0.8819553243125264]]
0.2100, [[0.0, 1.0], [0.9998243533734803, 0.0], [0.0, 0.9868456953295524], [0.9996945371401472, 0.0], [0.9990495127307741, 0.0], [0.0, 0.8608598187690968], [0.0, 0.5970583446658814], [0.0, 0.7744226234831946], [0.0, 0.8693373143605417], [0.0, 0.8719923596682678]]
0.2098, [[0.0, 0.9986770898297711], [0.9971769354933637, 0.0], [0.9974367872442076, 0.0], [0.9974680352395622, 0.0], [0.9987126922334777, 0.0], [0.9985197221569015, 0.0], [0.9993769040084196, 0.0], [0.997921185993249, 0.0], [0.998925946096512, 0.0], [0.9975056424760766, 0.0]]
0.2086, [[0.0, 0.9868456953295524], [0.9990763750425702, 0.0], [0.0, 0.923070006110869], [0.9987126922334777, 0.0], [0.0, 0.9178322192928868], [0.9975056424760766, 0.0], [0.0, 0.8909142634657347], [0.9974680352395622, 0.0], [0.0, 0.8876306737669161], [0.9970755165610723, 0.0]]
0.2042, [[0.0, 0.9418727333042359], [0.0, 0.8107213737232647], [1.0, 0.0], [0.998548996594655, 0.0], [0.0, 0.9160717464862503], [0.0, 0.8566008757747706], [0.9967275125707016, 0.0], [0.9980494672373365, 0.0], [0.0, 0.9178322192928868], [0.9998243533734803, 0.0]]
0.2021, [[0.0, 0.9223070763858603], [0.9983722535472455, 0.0], [0.0, 0.9178322192928868], [0.9979319309179675, 0.0], [0.0, 0.9160717464862503], [0.9978047460947695, 0.0], [0.0, 0.0], [0.0, 0.0], [0.9978004700533, 0.0], [0.0, 0.0]]
0.1762, [[0.9998243533734803, 0.0], [0.0, 0.6624982785266248], [0.998925946096512, 0.0], [0.0, 0.6583342904043774], [0.9986016247973575, 0.0], [0.0, 0.6211739396248548], [0.9983972519435292, 0.0], [0.0, 0.5212850516611253], [0.9983722535472455, 0.0], [0.0, 0.0]]
0.2100, [[1.0, 0.0], [0.0, 1.0], [0.9998243533734803, 0.0], [0.0, 0.9883463731121788], [0.0, 0.9883463731121788], [0.998548996594655, 0.0], [0.0, 0.9580398624181585], [0.0, 0.9580398624181585], [0.9983972519435292, 0.0], [0.0, 0.9418727333042359]]
