0.2435, [[0.22335419339902798, 0.6798392168142925, 0.0], [0.8516006699055689, 0.8766393495010258, 0.0], [0.21150845899330759, 0.44245655923341826, 0.4700167650093204], [0.9757953556821561, 0.9981050591321202, 0.0], [0.010123703083348411, 0.36282472036865804, 0.993732912607081], [0.9642839780768384, 0.9346245400581473, 0.0], [0.9755100721045541, 0.9772607095854425, 0.0], [0.2162606282039285, 0.6669483014705533, 0.0], [0.2146137466435301, 0.673209603208941, 0.2590435635235304], [0.9626352612971903, 0.9680702463762255, 0.0]]
0.2593, [[0.014331403005872434, 0.40901808144172225, 0.9914684558255817], [0.22473557188438953, 0.6715785077981005, 0.0], [0.9736538763593774, 0.9630486530763441, 0.0], [0.5641771713415288, 0.7247598930067064, 0.0], [0.8490923974115877, 0.8629957752522913, 0.0], [0.21490111593755115, 0.6549038914285027, 0.2657160279262195], [0.4905202593786699, 0.7106028962150059, 0.0], [0.962209188421551, 0.954995154387855, 0.0], [0.2093300983362936, 0.4696899586720158, 0.5808497471853175], [0.21465321367103515, 0.6711049639691468, 0.2838949543182207]]
0.2397, [[0.0, 0.0, 0.8826718159646665], [0.9995887470504699, 0.9693967049837415, 0.0], [0.22713742816974766, 0.677892425517483, 0.0], [0.6547578295230225, 0.7523997438857405, 0.0], [0.21194615929140162, 0.5348432813795466, 0.4701963792161506], [0.9637801005891258, 0.972523357415743, 0.0], [0.2094479512656489, 0.4348725745796314, 0.6134864003851185], [0.21831402865514152, 0.668842476786368, 0.0], [0.2094347955898139, 0.48623683428027786, 0.6116736310785162], [0.974876520263386, 0.9606799769914944, 0.0]]
0.2452, [[0.9757953556821561, 0.9981050591321202, 0.0], [0.21107596615023158, 0.4265991367755006, 0.4689182909363752], [0.32788472121698986, 0.5972387914857008, 0.0], [0.008197562519359032, 0.38971339323208376, 0.9877724342806722], [0.9626352612971903, 0.9680702463762255, 0.0], [0.22056032430025627, 0.6935567164045913, 0.0], [0.2148664452501943, 0.6805232245672256, 0.2664235821410103], [0.21495373864089118, 0.6698947964062651, 0.25792932908119276], [0.5592936294667278, 0.71474405854183, 0.0], [0.9847465910521103, 0.9664595466385277, 0.0]]
0.2344, [[0.21183872127208236, 0.21321338674395734, 0.0], [0.21184571022486973, 0.2039057692143099, 0.0], [0.4854987619116128, 0.7130105487306013, 0.0], [0.3480516026181454, 0.6668719605238339, 0.0], [0.9846095067356002, 0.9857879434909016, 0.0], [0.2119064181873167, 0.25354639603909573, 0.0], [0.20955305963403906, 0.5103676945423263, 0.616107136072159], [0.9642839780768384, 0.9346245400581473, 0.0], [0.986291568348994, 0.9770712154986545, 0.0], [0.5134747874529875, 0.7349683396728306, 0.0]]
0.2303, [[0.21855670325392132, 0.668158469033435, 0.0], [0.5648735282384909, 0.7274564638241732, 0.0], [0.6605005130239459, 0.7426728277227356, 0.0], [0.849914903310648, 0.857310952648652, 0.0], [0.21191847755683213, 0.5382905471312679, 0.4702428082582037], [0.0, 0.3283520628514459, 0.9944106217140335], [0.9960134398766264, 0.9421095564862726, 0.0], [0.6818886177163612, 0.776283656840446, 0.0], [0.21157067437694402, 0.4734819509989092, 0.4699965721889398], [0.6759741058902133, 0.7562519879106929, 0.0]]
0.1875, [[0.0, 0.0, 0.8171270010695976], [0.6318051827114579, 0.7684828626899172, 0.0], [0.6370323812367078, 0.7498957852695214, 0.0], [0.21150749972527796, 0.36351417351900245, 0.2737594369936216], [0.6301954226119866, 0.7507625401751358, 0.0], [0.2096028045332902, 0.4438354655341067, 0.6043293871270892], [0.21486754155651389, 0.6752090104867454, 0.25767128460610245], [0.0, 0.0, 0.824136990465828], [0.0018573498295611508, 0.0, 0.48430795292892814], [0.3938922120850735, 0.6776819615935036, 0.0]]
0.2097, [[0.20957388945411115, 0.3914370261079444, 0.6069935369640127], [0.9628316253181373, 0.9493103317842158, 0.0], [0.2280894592880373, 0.6711049639691468, 0.0], [0.22812679384169585, 0.6807863044721999, 0.0], [0.22523336593316842, 0.6777871935554932, 0.0], [0.6301954226119866, 0.7507625401751358, 0.0], [0.9968211258495776, 0.9590692772537965, 0.0], [0.9773662678497308, 0.9700599342874995, 0.0], [0.9707010060821202, 0.9545214191708851, 0.0], [0.22827613205632938, 0.6705261881782034, 0.0]]
0.2333, [[0.9697451208480771, 0.9520579960426414, 0.0], [0.0, 0.021890137523429803, 0.940305512151182], [0.20957937098570908, 0.4576245285409915, 0.6096119770034459], [0.20978205061654223, 0.4238413241741238, 0.6152129102249903], [0.20931899823480782, 0.46210597401822934, 0.6109079005509592], [0.9745801217412021, 0.9377511924901489, 0.0], [0.21190600707244686, 0.52070949179749, 0.4706834976611135], [0.0, 0.0, 0.9432431988308393], [0.8795547555290393, 0.8892407062724265, 0.0], [0.8791212726903455, 0.8808082194103615, 0.0]]
0.1587, [[0.49095582917135144, 0.7205224245792587, 0.0], [0.21183693977431303, 0.48175538880304003, 0.47045939860721947], [0.0, 0.0, 0.8725250981079187], [0.35021078430472397, 0.6206801985974053, 0.0], [0.21187681791668792, 0.49278663920854804, 0.4703747961944734], [0.21187681791668792, 0.49278663920854804, 0.4703747961944734], [0.2095049591942673, 0.3900581198072556, 0.6059737209088061], [0.0, 0.0, 0.8741760726404307], [0.48931310881038115, 0.7025131837626057, 0.0], [0.34746669461083013, 0.603788596413971, 0.0]]
0.2501, [[0.21468103244389458, 0.6707366521021828, 0.251818184795725], [0.6576156058793874, 0.754711090300712, 0.0], [0.21155313347583066, 0.46210597401822934, 0.47000240607524296], [0.9437398555079659, 0.9200334953754729, 0.0], [0.6694174987434898, 0.7532664987913549, 0.0], [0.20967255702287374, 0.4228071444486072, 0.6136310871307746], [0.20964953459016247, 0.4517641767630657, 0.6043347300945292], [0.20953181869909712, 0.41832569897136973, 0.6139633059389338], [0.010502052122703361, 0.3676508924210677, 0.9982998753630647], [0.0, 0.0, 0.9299311983642532]]
0.1667, [[0.2146570507431537, 0.6728412913419769, 0.26885545785209425], [0.4905202593786699, 0.7106028962150059, 0.0], [0.32284455647310334, 0.5486323443864316, 0.0], [0.0, 0.0, 0.5525626757909673], [0.0, 0.0, 0.878760290174455], [0.0, 0.0, 0.5641323131069302], [0.21458551675580081, 0.6807336884912051, 0.26627734804344083], [0.851574735034878, 0.893978058442126, 0.0], [0.0, 0.0, 0.5541574195212736], [0.0, 0.0, 0.8784837716224689]]
0.2056, [[0.9463703923923481, 0.9314031405827516, 0.0], [0.17471700032519197, 0.31180518724318423, 0.584787209456596], [0.17498069814050016, 0.26457764644460335, 0.5773861228325563], [0.851574735034878, 0.893978058442126, 0.0], [0.21158355597619913, 0.47692921675063044, 0.4700248423977396], [0.006007724140061683, 0.04602099778547832, 0.5874173715196521], [0.5563544607457828, 0.7278416882266684, 0.0], [0.0, 0.104624515564739, 0.5930061357773314], [0.849914903310648, 0.857310952648652, 0.0], [0.21140074689740843, 0.38350831487898535, 0.4696110750202234]]
0.2463, [[0.21140074689740843, 0.38661085405553436, 0.4696184483862269], [0.013987449333731495, 0.36179054064314187, 0.9895038411338651], [0.21193396288359626, 0.23734424700600584, 0.0], [0.011602703873554405, 0.42246241787343536, 0.9909830155520424], [0.20957937098570908, 0.4576245285409915, 0.6096119770034459], [0.9846095067356002, 0.9857879434909016, 0.0], [0.9487082357360737, 0.9188965308547451, 0.0], [0.986291568348994, 0.9770712154986545, 0.0], [0.5580184824216406, 0.750088397470769, 0.0], [0.0, 0.0, 0.936694643736902]]
0.2504, [[0.2296139535624227, 0.6817860081111021, 0.0], [0.9616608511555108, 0.9647540998574359, 0.0], [0.5140285833322542, 0.7258192601135683, 0.0], [0.0, 0.40453663596448486, 0.9932284236552816], [0.2032192946232711, 0.387645033781051, 0.5984216903757211], [0.21581255760399554, 0.6189565657215447, 0.0], [0.9761917887055772, 0.9543319250840971, 0.0], [0.21471227717400274, 0.6830487916549786, 0.2723872915014653], [0.22365909225390515, 0.6692107886533321, 0.0], [0.22574360483316686, 0.6736831470378947, 0.0]]
0.1958, [[0.21460209838888453, 0.6743145388098328, 0.26043131977245276], [0.2095337372351564, 0.3862661274803626, 0.6054383474451344], [0.5524476272459419, 0.7208113428811301, 0.0], [0.0, 0.0, 0.933438216261572], [0.651728224841433, 0.7627044966524884, 0.0], [0.22056032430025627, 0.6935567164045913, 0.0], [0.6759741058902133, 0.7562519879106929, 0.0], [0.22473557188438953, 0.6715785077981005, 0.0], [0.22528314533804628, 0.6694738685583063, 0.0], [0.20947453669389884, 0.46451906004443394, 0.6170494079953566]]
0.2500, [[0.0, 0.19218506565845783, 0.996888659693371], [0.9630279893390841, 0.9878723784455694, 0.0], [0.5580184824216406, 0.750088397470769, 0.0], [0.0, 0.433493668278943, 0.9915385337696238], [0.20094920038714098, 0.4910630063326875, 0.5999687943393096], [0.5651086617361667, 0.7484511937601642, 0.0], [0.977640436482751, 0.9668385348121037, 0.0], [0.20956607827158413, 0.41143116746792724, 0.6136044535554368], [0.005503258754255014, 0.32593897682524126, 0.9958241251516599], [0.21215336118580305, 0.2811245220528655, 0.0]]
0.2046, [[0.2095780006028096, 0.38178468200312476, 0.608343276179771], [0.9499049447693914, 0.9510157785653075, 0.0], [0.20956388565894496, 0.3824741351534692, 0.6087715871399878], [0.5120871865420165, 0.7431543582258546, 0.0], [0.964873070139679, 0.9294134526714779, 0.0], [0.9818381805531806, 0.9488365965672457, 0.0], [0.11469708453659822, 0.0008618164379303043, 0.46471795916620745], [0.0, 0.0, 0.2153728717462506], [0.0, 0.0, 0.0], [0.0, 0.0, 0.23102805912773638]]
0.1490, [[0.21198137813191828, 0.49347609235889206, 0.4703238801481881], [0.22339775037829618, 0.6634525122108821, 0.0], [0.6323477984753247, 0.7362203189809401, 0.0], [0.5608853023740702, 0.7202335062773872, 0.0], [0.2158366763430264, 0.6405422085141053, 0.0], [0.6248054393575764, 0.7455620107414499, 0.0], [0.21574444957389136, 0.6412260981766957, 0.0], [0.21155313347583066, 0.46210597401822934, 0.47000240607524296], [0.5603065122259455, 0.7086767742025297, 0.0], [0.21183159528100506, 0.17736182292605676, 0.0]]
0.2476, [[0.21157067437694402, 0.4734819509989092, 0.4699965721889398], [0.0, 0.2831928815038979, 0.9933879172028383], [0.8492665315433706, 0.848309983526223, 0.0], [0.0, 0.32076807819765946, 0.9919815901319902], [0.9981438042548233, 0.9872091491418115, 0.0], [0.2293028322819359, 0.6734200671329204, 0.0], [0.22617295220023853, 0.6741566908668483, 0.0], [0.20094920038714098, 0.4910630063326875, 0.5999687943393096], [0.2093377724805307, 0.4317700354030824, 0.6124549841990823], [0.9847317711260012, 0.9748920335005928, 0.0]]
0.2277, [[0.0, 0.0046538087648237214, 0.9484144453840214], [0.2157685683129222, 0.5762104704002012, 0.0], [0.2095049591942673, 0.3900581198072556, 0.6059737209088061], [0.8492665315433706, 0.848309983526223, 0.0], [1.0, 0.9796293856702922, 0.0], [0.21581146129767595, 0.6682637009954246, 0.0], [0.2082066228693147, 0.4576245285409915, 0.6097552213510475], [0.5656241467118402, 0.7259155662141921, 0.0], [0.21151037752936686, 0.33490186777971614, 0.2521238620927427], [0.8500519876271581, 0.8601533639504717, 0.0]]
0.1905, [[0.0, 0.0, 0.4752213723929329], [0.9721311289516574, 0.973660321936471, 0.0], [0.0, 0.0, 0.5602830605870753], [0.12381185684833308, 0.0, 0.464812002766803], [0.2146530766327452, 0.6758404022586837, 0.2760368729529389], [0.0, 0.01430615286964297, 0.4750841400752664], [0.12156469285701245, 0.06635986572063342, 0.46512271870054045], [0.5008557083164422, 0.7194630574723968, 0.0], [0.49664934860426024, 0.7164775683530585, 0.0], [0.0, 0.0, 0.4741501079404903]]
0.2335, [[0.01091479652927253, 0.35489600913969943, 0.9999998795911614], [0.22250172109049407, 0.6835408819397147, 0.0], [0.2158073501489775, 0.6460133258148281, 0.0], [0.9482228831559976, 0.920791471722625, 0.0], [0.0, 0.4028130030886242, 0.9841734863414094], [0.9452551929526312, 0.8997576280891593, 0.0], [0.2162606282039285, 0.6669483014705533, 0.0], [0.21150626638066844, 0.45831398169133597, 0.47010202459641015], [0.20978205061654223, 0.4238413241741238, 0.6152129102249903], [0.0, 0.0, 0.943699500165447]]
0.1947, [[0.0, 0.40453663596448486, 0.9932284236552816], [0.851574735034878, 0.893978058442126, 0.0], [0.0010089307716135444, 0.1273764695260991, 0.5906244724888979], [0.21486754155651389, 0.6752090104867454, 0.25767128460610245], [0.0, 0.1649516662198603, 0.5960719223682027], [0.0, 0.0, 0.9401858016838854], [0.6598403305112414, 0.754711090300712, 0.0], [0.6547578295230225, 0.7523997438857405, 0.0], [0.0, 0.05153662298823235, 0.4788027055501299], [0.21447150089856404, 0.6706840361211879, 0.23537191897948634]]
0.2228, [[0.214951546028252, 0.6751037785247557, 0.259077920530943], [1.0, 0.9796293856702922, 0.0], [0.632031272613069, 0.7401688691065164, 0.0], [0.9847725259228014, 1.0, 0.0], [0.6323477984753247, 0.7362203189809401, 0.0], [0.22827613205632938, 0.6705261881782034, 0.0], [0.17013095136331277, 0.34593311818522415, 0.579320155153034], [0.5579642208452541, 0.7241820564029635, 0.0], [0.9489601744799301, 0.9152961432057736, 0.0], [0.9432100431495621, 0.9189912778981391, 0.0]]
0.2672, [[0.9756138115873185, 0.9945994185265425, 0.0], [0.007589911031910123, 0.41039698774241107, 0.9955290271701165], [0.8508078038587271, 0.8731337088954483, 0.0], [0.20952852978013836, 0.49968117071199053, 0.6161945332049605], [0.21463745426769112, 0.679313057004344, 0.23451092570246507], [0.9612421882429261, 0.9567006011689468, 0.0], [0.6299874199025041, 0.7565409062125645, 0.0], [0.9633280928427953, 0.9665542936819218, 0.0], [0.21171429050480955, 0.38454249460450196, 0.25560893018445086], [0.20953195573738706, 0.4727924978485648, 0.6183019173929867]]
0.2139, [[0.21192711096909886, 0.5355327345298911, 0.4703170598497016], [0.05283128404084826, 0.1646069396446881, 0.5988359836647074], [0.5112098245310435, 0.7216780977867444, 0.0], [0.010502052122703361, 0.3676508924210677, 0.9982998753630647], [0.8505039953734885, 0.8677331274219908, 0.0], [0.3922930487033712, 0.6782607373844469, 0.0], [0.0, 0.0, 0.873741084811714], [0.39314552101190514, 0.6804706085862308, 0.0], [0.0, 0.0, 0.8725250981079187], [0.013975984211326755, 0.1484047906115986, 0.5937770061176731]]
0.2032, [[0.20947220704296973, 0.351104016812806, 0.6058133912546758], [0.9959838000244079, 0.9801978679306561, 0.0], [0.2112919384951897, 0.28215870177838165, 0.24892952766764345], [0.851574735034878, 0.8787237844556935, 0.0], [0.2213567947783027, 0.6718415877030748, 0.0], [0.9965877120133577, 0.9530054664765814, 0.0], [0.0, 0.09772998406129658, 0.5972924552230555], [0.9815825368277971, 0.9610589651650705, 0.0], [0.21582941331365915, 0.663794457042177, 0.0], [0.961686786026202, 0.9677860052460436, 0.0]]
0.1377, [[0.9756138115873185, 0.9945994185265425, 0.0], [0.212195706017397, 0.24527295823496448, 0.0], [0.849914903310648, 0.857310952648652, 0.0], [0.14597393845661433, 0.020166504647569194, 0.4652642167954324], [0.12725139356974247, 0.02981884875238845, 0.465334401714011], [0.12941830170423055, 0.05360498243926516, 0.4644419029977607], [0.21194917413378048, 0.25113331001289074, 0.0], [1.0, 0.9796293856702922, 0.0], [0.0, 0.0, 0.14954971556628133], [0.0, 0.0, 0.053216669539734474]]
0.2477, [[0.0, 0.36041163434245344, 0.9949579280488253], [0.6605005130239459, 0.7426728277227356, 0.0], [0.008197562519359032, 0.38971339323208376, 0.9877724342806722], [0.21578830182667472, 0.5889653536815699, 0.0], [0.2093195463879676, 0.4321147619782546, 0.6138770667876688], [0.2146274504725249, 0.6799444487762822, 0.2709626431649716], [0.9452551929526312, 0.8997576280891593, 0.0], [0.2296139535624227, 0.6817860081111021, 0.0], [0.20949166648014234, 0.4228071444486072, 0.6143430019900865], [0.21582256139916173, 0.5944809788843239, 0.0]]
0.1680, [[0.5331214624562202, 0.7220633221892396, 0.0], [0.21180322835498583, 0.5017495301630234, 0.4702492108280479], [0.20931899823480782, 0.46210597401822934, 0.6109079005509592], [0.20957937098570908, 0.4576245285409915, 0.6096119770034459], [0.5586786649343451, 0.7184036903655348, 0.0], [0.2158364022664465, 0.603099143263627, 0.0], [0.21190970710627544, 0.509678241391982, 0.46929687280912574], [0.0, 0.11255322679369766, 0.595628679540806], [0.2088028092343591, 0.3679956189962399, 0.5943499225616835], [0.21198329666797755, 0.2521674897384069, 0.0]]
0.2135, [[0.2095885525511356, 0.4459038249851394, 0.6110016564244782], [0.9450440090055752, 0.9009893396532811, 0.0], [0.21153709999590672, 0.48106593565269606, 0.47009762738431593], [0.20186641017951684, 0.44452491868445104, 0.6005469928043634], [0.5584073570524118, 0.7184036903655348, 0.0], [0.564367086858882, 0.7265897089185589, 0.0], [0.9358037850764915, 0.8929358409647921, 0.0], [0.21150845899330759, 0.44245655923341826, 0.4700167650093204], [0.21143761019740445, 0.47865284962649096, 0.46979794287020643], [0.0, 0.0, 0.4782237554128508]]
0.2210, [[0.9847725259228014, 1.0, 0.0], [0.21581255760399554, 0.6189565657215447, 0.0], [0.6299874199025041, 0.7565409062125645, 0.0], [0.8795547555290393, 0.8892407062724265, 0.0], [0.2095194852530018, 0.4352173011548036, 0.613198144244412], [0.23109489085754015, 0.6770505698215653, 0.0], [0.9847947558119652, 0.9747972864571989, 0.0], [0.2093195463879676, 0.4321147619782546, 0.6138770667876688], [0.5580184824216406, 0.750088397470769, 0.0], [0.9637801005891258, 0.972523357415743, 0.0]]
0.2472, [[0.3514117124474031, 0.6693686365963166, 0.0], [0.961712720896893, 0.9503525492615494, 0.0], [0.2095194852530018, 0.4352173011548036, 0.613198144244412], [0.21143870650372404, 0.3986762841865586, 0.4697995773473862], [0.9755100721045541, 0.9772607095854425, 0.0], [0.2094347955898139, 0.48623683428027786, 0.6116736310785162], [0.32284455647310334, 0.5486323443864316, 0.0], [0.976847570435909, 0.9902410545304191, 0.0], [0.0, 0.3590327280417646, 0.9901853551601161], [0.9847465910521103, 0.9664595466385277, 0.0]]
0.2607, [[0.013987449333731495, 0.36179054064314187, 0.9895038411338651], [0.21465129513497588, 0.6771031858025601, 0.25875936769522484], [0.22742988217340532, 0.6758930182396784, 0.0], [0.5586424905500876, 0.730634565144759, 0.0], [0.20931516116268928, 0.36316944694383024, 0.6008908117433527], [0.21191847755683213, 0.5382905471312679, 0.4702428082582037], [0.9749691448015685, 0.9801031208872623, 0.0], [0.9470891588086442, 0.920317736505655, 0.0], [0.21546804334306618, 0.6313096980691353, 0.0], [0.6617304420887105, 0.7520145194832453, 0.0]]
0.2469, [[0.9760435894444852, 0.9396461333580287, 0.0], [0.0, 0.3590327280417646, 0.9901853551601161], [0.0, 0.26802491219632457, 0.9939727670134931], [0.2293028322819359, 0.6734200671329204, 0.0], [0.20311610852162887, 0.42522023047481217, 0.5923470614439181], [0.21466033966211245, 0.6759982502016681, 0.24438819841406662], [0.9773329230159853, 0.9380354336203308, 0.0], [0.21465129513497588, 0.6771031858025601, 0.25875936769522484], [0.214951546028252, 0.6751037785247557, 0.259077920530943], [0.21486754155651389, 0.6752090104867454, 0.25767128460610245]]
0.2372, [[0.9488527300156384, 0.9171910840736534, 0.0], [0.9975398922658735, 0.9485523554370638, 0.0], [0.2150718656468264, 0.6738409949808791, 0.2566128219272538], [0.21195164082299955, 0.5107124211174981, 0.4704353759569504], [0.19185735832021542, 0.3397280398321261, 0.6102777960714219], [0.9480932088025421, 0.9168120959000774, 0.0], [0.2146137466435301, 0.673209603208941, 0.2590435635235304], [0.9407388204708538, 0.9261920531960822, 0.0], [0.9892444386262512, 0.9551846484746431, 0.0], [0.9452551929526312, 0.8997576280891593, 0.0]]
0.0471, [[0.22250172109049407, 0.6835408819397147, 0.0], [0.0018573498295611508, 0.0, 0.48430795292892814], [0.0, 0.057052248190986365, 0.5952665360518896], [0.14365798373086527, 0.06911767832201063, 0.4645720365311793], [0.14948226591245195, 0.06015478736753539, 0.4651988897616563], [0.2242626675380494, 0.6648202915360628, 0.0], [0.21831402865514152, 0.668842476786368, 0.0], [0.0, 0.0, 0.5538858423777847], [0.21582256139916173, 0.5944809788843239, 0.0], [0.0, 0.0, 0.5633603254159834]]
0.2206, [[0.651728224841433, 0.7627044966524884, 0.0], [0.19776189635863484, 0.3331782349038555, 0.5963145093423502], [0.32632289238894585, 0.5744868375243407, 0.0], [0.0, 0.0, 0.933438216261572], [0.0, 0.0, 0.9350356748409868], [0.95011242373492, 0.9218336891999588, 0.0], [0.21191847755683213, 0.5382905471312679, 0.4702428082582037], [0.21221105430587117, 0.2287260826267028, 0.0], [0.3911605672423991, 0.6748406986197814, 0.0], [0.0, 0.0, 0.9346639005110481]]
0.2464, [[0.5538584282319954, 0.7329459115597304, 0.0], [0.0, 0.0, 0.8710762675653745], [0.2161787239147367, 0.6759982502016681, 0.0], [0.21195164082299955, 0.5107124211174981, 0.4704353759569504], [0.0, 0.0, 0.8719365010788183], [0.9749691448015685, 0.9801031208872623, 0.0], [0.9760435894444852, 0.9396461333580287, 0.0], [0.2094970109734503, 0.43831984033135263, 0.6166274760913228], [0.0, 0.0, 0.8708062144543206], [0.2146137466435301, 0.673209603208941, 0.2590435635235304]]
0.2264, [[0.21897982819538334, 0.6693160206153217, 0.0], [0.21578830182667472, 0.5889653536815699, 0.0], [0.21165495292526204, 0.34869093078660096, 0.253553980865368], [0.21463745426769112, 0.679313057004344, 0.23451092570246507], [0.8795177057137663, 0.8827979073216351, 0.0], [0.2095220889805108, 0.40384718281414045, 0.6051101714146198], [0.0, 0.0, 0.9449035644692818], [0.2095023554667583, 0.3280073362762737, 0.6081256569127862], [0.20945918840542466, 0.49830226441130215, 0.6085117117046563], [0.21185530290516608, 0.2814692486280373, 0.0]]
0.2459, [[0.6625443657345106, 0.7548073964013358, 0.0], [0.2273801027685275, 0.6734200671329204, 0.0], [0.007589911031910123, 0.41039698774241107, 0.9955290271701165], [0.20959787115485207, 0.3197338984721429, 0.605377563572205], [0.8520489726703723, 0.8765446024576319, 0.0], [0.21127439759407635, 0.32628370340041307, 0.23890948991553185], [0.2095220889805108, 0.40384718281414045, 0.6051101714146198], [0.2157591126709158, 0.6716311237790953, 0.0], [0.95821892331665, 0.9566058541255529, 0.0], [0.20945918840542466, 0.49830226441130215, 0.6085117117046563]]
0.2424, [[0.2118336508553543, 0.5307065624774815, 0.4703703690516665], [0.2094970109734503, 0.43831984033135263, 0.6166274760913228], [0.22780945013559917, 0.6776819615935036, 0.0], [0.2277472258795018, 0.6768927218785807, 0.0], [0.0, 0.021890137523429803, 0.940305512151182], [0.8513561411247673, 0.8523841063921646, 0.0], [0.2119612335032959, 0.4931313657837203, 0.4699984864532164], [0.20952852978013836, 0.49968117071199053, 0.6161945332049605], [1.0, 0.9796293856702922, 0.0], [0.2222839361941533, 0.6680532370714453, 0.0]]
0.2315, [[0.5008557083164422, 0.7194630574723968, 0.0], [0.9416428359635147, 0.9115062614700139, 0.0], [0.2060855752244456, 0.4331489417037708, 0.6116511215426854], [0.9513054277867103, 0.9539529369105213, 0.0], [0.49893297880303356, 0.720907648981754, 0.0], [0.21486754155651389, 0.6752090104867454, 0.25767128460610245], [0.8520489726703723, 0.8765446024576319, 0.0], [0.19603066287552562, 0.0822172881785511, 0.20698008860541284], [0.0455623964362696, 0.2070083083908593, 0.5985948797195452], [0.49752671061523324, 0.7281306065285399, 0.0]]
0.1992, [[0.5603065122259455, 0.7086767742025297, 0.0], [0.6625443657345106, 0.7548073964013358, 0.0], [0.0, 0.3283520628514459, 0.9944106217140335], [0.2060855752244456, 0.4331489417037708, 0.6116511215426854], [0.0, 0.3690297987217565, 0.9863823142394941], [0.21184091388472154, 0.5341538282292028, 0.4702907637666037], [0.0, 0.09359326515923096, 0.5911572862039101], [0.21168427911931093, 0.3593774546169369, 0.2330570572315116], [0.21157218179813345, 0.37523487707485453, 0.2360323073607997], [0.21161082659589878, 0.3586880014665928, 0.24565733959662098]]
0.2057, [[0.21158972269924678, 0.3693745252969283, 0.2695281880710219], [0.0, 0.09772998406129658, 0.5972924552230555], [0.9355518463326353, 0.9078111267776484, 0.0], [0.5105813595444602, 0.7466213778483117, 0.0], [0.19820903613241822, 0.3597221811921091, 0.5964038973907755], [0.49893297880303356, 0.720907648981754, 0.0], [0.21157067437694402, 0.4734819509989092, 0.4699965721889398], [0.5146757155956667, 0.7418060728171211, 0.0], [0.2162606282039285, 0.6669483014705533, 0.0], [0.2280894592880373, 0.6711049639691468, 0.0]]
0.2513, [[0.9995887470504699, 0.9693967049837415, 0.0], [0.0, 0.31525245299490545, 0.9936881686826721], [0.22848769452706053, 0.6697895644442754, 0.0], [0.20967666817157218, 0.4162573395203369, 0.6008740108533417], [0.2277472258795018, 0.6741566908668483, 0.0], [0.21458825752159977, 0.6703683402352187, 0.23465242320289617], [0.9630279893390841, 0.9878723784455694, 0.0], [0.977503352166241, 0.9437202562239703, 0.0], [0.2242626675380494, 0.6648202915360628, 0.0], [0.9778479154482798, 0.9440992443975462, 0.0]]
0.1541, [[0.21163809721559845, 0.4410776529327299, 0.4701254837684795], [0.0, 0.3814399554279525, 0.9932722043089821], [0.20955305963403906, 0.5103676945423263, 0.616107136072159], [0.2097254538027937, 0.4717583181230486, 0.6126159030017138], [0.21151024049107692, 0.4407329263575576, 0.4700652293398361], [0.0, 0.0, 0.8784837716224689], [0.2094796071106269, 0.4152231597948207, 0.614908482973705], [0.21146433266394432, 0.40591554226517323, 0.4696514931943679], [0.2110269064424302, 0.4348725745796314, 0.4686181509548987], [0.14205286659420757, 0.037402833406175284, 0.4657795455877698]]
0.1596, [[0.852282386506592, 0.8543737943034383, 0.0], [0.0, 0.021890137523429803, 0.940305512151182], [0.14181209902370887, 0.2307944420777356, 0.5698423200630195], [0.15098419694746723, 0.056707521615814174, 0.4656629459418268], [0.21157574479367208, 0.3848872211796738, 0.2573082344423374], [0.5584073570524118, 0.7184036903655348, 0.0], [0.11892771470393193, 0.02671630957583943, 0.4425961091191173], [0.0, 0.0, 0.4740985060904838], [0.1237545312363096, 0.0, 0.4654193359672673], [0.21118888570114877, 0.3062895620404302, 0.22438881761765203]]
0.2628, [[0.008656167415546949, 0.42866749622653333, 0.9957736738483032], [0.21471392163348213, 0.6839261063422101, 0.27022893759696603], [0.2097254538027937, 0.4717583181230486, 0.6126159030017138], [0.9626352612971903, 0.9680702463762255, 0.0], [0.0, 0.2669907324708084, 0.9965279388948124], [0.2199443041648925, 0.6680006210904503, 0.0], [0.5623503649365106, 0.7266860150191827, 0.0], [0.9496604159885895, 0.9152013961623795, 0.0], [0.0, 0.3283520628514459, 0.9944106217140335], [0.9488527300156384, 0.9171910840736534, 0.0]]
0.2184, [[0.21151092568252666, 0.30318702286388116, 0.21864099034649204], [0.21176937989736866, 0.15909131444193408, 0.0], [0.9612421882429261, 0.9567006011689468, 0.0], [0.20953620392437544, 0.45624562224030313, 0.6161401487036798], [0.9513054277867103, 0.9539529369105213, 0.0], [0.8520415627073176, 0.8709545268973864, 0.0], [0.19598480238590665, 0.4386645669065248, 0.6091763931065617], [0.013975984211326755, 0.1484047906115986, 0.5937770061176731], [0.013127565153379147, 0.03809228655651968, 0.590567467292561], [0.0, 0.0, 0.47487299711595954]]
0.2449, [[0.3480516026181454, 0.6668719605238339, 0.0], [0.013987449333731495, 0.36179054064314187, 0.9895038411338651], [0.6772763837234936, 0.7708905152055124, 0.0], [0.9442474379772059, 0.9072426445172844, 0.0], [0.211515310907805, 0.44211183265824605, 0.46970803491330293], [0.20955305963403906, 0.5103676945423263, 0.616107136072159], [0.22182347669903293, 0.6669483014705533, 0.0], [0.0, 0.3590327280417646, 0.9920890670612891], [0.9452551929526312, 0.8997576280891593, 0.0], [0.9498715999356456, 0.9312136464959638, 0.0]]
0.2515, [[0.21185146583304754, 0.5082993350912935, 0.47060975489173124], [0.0, 0.4110864408927551, 0.9873669454759365], [0.0, 0.35144874338797816, 0.9967531275046876], [0.9432989627062173, 0.902600039390979, 0.0], [0.9796003717106923, 0.9664595466385277, 0.0], [0.2094347955898139, 0.48623683428027786, 0.6116736310785162], [0.9621647286432233, 0.9693967049837415, 0.0], [0.008197562519359032, 0.38971339323208376, 0.9877724342806722], [0.2119575334694673, 0.4110864408927551, 0.47059934420905775], [0.0, 0.39936573733690306, 0.9911267596235154]]
0.2292, [[0.9450440090055752, 0.9009893396532811, 0.0], [0.21183693977431303, 0.48175538880304003, 0.47045939860721947], [0.0, 0.0, 0.8705183923763508], [0.21789090371367947, 0.6752090104867454, 0.0], [0.984420552677708, 0.9996210118264239, 0.0], [0.2095780006028096, 0.38178468200312476, 0.608343276179771], [0.9488527300156384, 0.9171910840736534, 0.0], [0.9758546353865929, 0.9465626675257899, 0.0], [0.9975398922658735, 0.9485523554370638, 0.0], [0.20969270165149612, 0.3707534315976171, 0.6031474942877149]]
0.1573, [[0.3275051532547958, 0.5613872276678002, 0.0], [0.20975779483922144, 0.44176710608307385, 0.6054140298328695], [0.0, 0.2638881932942594, 0.9881524927387038], [0.20094920038714098, 0.4910630063326875, 0.5999687943393096], [0.20961883801321413, 0.4717583181230486, 0.6068986231089574], [0.20962171581730302, 0.44142237950790203, 0.6054383474451344], [0.21570429735493657, 0.6741566908668483, 0.0], [0.21158972269924678, 0.3693745252969283, 0.2695281880710219], [0.21145748074944692, 0.37385597077416616, 0.46967776585342974], [0.0, 0.19218506565845783, 0.996888659693371]]
0.2426, [[0.2149731980780638, 0.6788395131753903, 0.2732113926909152], [0.5580184824216406, 0.750088397470769, 0.0], [0.0, 0.0, 0.9462597532997536], [0.20957539687530058, 0.3900581198072556, 0.6102642862868304], [0.21465321367103515, 0.6711049639691468, 0.2838949543182207], [0.21981363322708788, 0.6755773223537094, 0.0], [0.9779887047463172, 0.9419200623994846, 0.0], [0.21190600707244686, 0.52070949179749, 0.4706834976611135], [0.2158364022664465, 0.603099143263627, 0.0], [0.9472818178480636, 0.9352877693619053, 0.0]]
0.2643, [[0.5079866080652, 0.7321754627547399, 0.0], [0.21154833713568247, 0.466932146070639, 0.46957470269763296], [0.2242626675380494, 0.6648202915360628, 0.0], [0.9848799703870932, 0.9962101182642404, 0.0], [0.013643495661590557, 0.38350831487898535, 0.9948370616566784], [0.0, 0.35144874338797816, 0.9967531275046876], [0.9749691448015685, 0.9801031208872623, 0.0], [0.2145649610123086, 0.6751037785247557, 0.266261870711946], [0.20962267508533267, 0.4121206206182717, 0.6057613024010022], [0.9988699806341739, 0.9560373718651889, 0.0]]
0.1182, [[0.0, 0.0, 0.9338986260281044], [0.22153102269537528, 0.6747354666577917, 0.0], [0.21192574058619937, 0.4941655455092365, 0.4702925583080296], [0.22365909225390515, 0.6692107886533321, 0.0], [0.0013872798109684933, 0.08945654625716572, 0.5976441565626786], [0.22538892657341184, 0.670315724254224, 0.0], [0.0, 0.0, 0.5567620856750632], [0.2117136053133598, 0.39660792473552625, 0.25813026754007906], [0.0, 0.0, 0.8741954689632281], [0.21174622042636743, 0.38212940857829697, 0.26721239234614713]]
0.2365, [[0.21584996905715134, 0.6759982502016681, 0.0], [0.9761917887055772, 0.9543319250840971, 0.0], [0.20962267508533267, 0.4121206206182717, 0.6057613024010022], [0.8791212726903455, 0.8808082194103615, 0.0], [0.0, 0.0, 0.945555626493621], [0.851574735034878, 0.893978058442126, 0.0], [0.5538584282319954, 0.7329459115597304, 0.0], [0.20963185665075917, 0.3759243302251989, 0.6069854310932578], [0.9779887047463172, 0.9419200623994846, 0.0], [0.21494332373085515, 0.6745250027338123, 0.2716024173418374]]
0.2278, [[0.20900918143764358, 0.40763917514103387, 0.5925470875177359], [0.5524476272459419, 0.7208113428811301, 0.0], [0.0, 0.0, 0.8765094150868588], [0.21465321367103515, 0.6711049639691468, 0.2838949543182207], [0.0, 0.0, 0.8757607434164422], [0.9463740973738753, 0.9137801905114696, 0.0], [0.20451485345500212, 0.40763917514103387, 0.5990467972507324], [0.9437398555079659, 0.9200334953754729, 0.0], [0.5641771713415288, 0.7247598930067064, 0.0], [0.2199443041648925, 0.6680006210904503, 0.0]]
0.2564, [[0.8508078038587271, 0.8731337088954483, 0.0], [0.20952852978013836, 0.49968117071199053, 0.6161945332049605], [0.21195164082299955, 0.5107124211174981, 0.4704353759569504], [0.21196753726463352, 0.5489770709616038, 0.47034948782489416], [0.9773329230159853, 0.9380354336203308, 0.0], [0.011602703873554405, 0.42246241787343536, 0.9909830155520424], [0.01091479652927253, 0.35489600913969943, 0.9999998795911614], [0.007819213480004084, 0.37833741625140355, 0.9934225949483437], [0.6782711792905828, 0.7832176960853604, 0.0], [0.0, 0.31525245299490545, 0.9936881686826721]]
0.2006, [[0.564367086858882, 0.7265897089185589, 0.0], [0.2210830080514742, 0.6566136155849787, 0.0], [0.2146530766327452, 0.6758404022586837, 0.2760368729529389], [0.013643495661590557, 0.38350831487898535, 0.9948370616566784], [0.010502052122703361, 0.3676508924210677, 0.9982998753630647], [0.20947714042140786, 0.4376303871810086, 0.616940009213363], [0.21465321367103515, 0.6711049639691468, 0.2838949543182207], [0.551697008772593, 0.7262044845160636, 0.0], [0.2225950574746401, 0.6691055566913423, 0.0], [0.2096307603444396, 0.4145337066444763, 0.6089701098693544]]
0.1315, [[0.20952250009538065, 0.4035024562389687, 0.6144957946064973], [0.20951085184073506, 0.49278663920854804, 0.6160180121247858], [0.20955840412734703, 0.3924712058334606, 0.6037662221065434], [0.21185530290516608, 0.2814692486280373, 0.0], [0.21201920069994393, 0.2480307708363417, 0.0], [0.2093377724805307, 0.4317700354030824, 0.6124549841990823], [0.21158026705724037, 0.18046436210260577, 0.0], [0.2118191247966198, 0.17150147114813052, 0.0], [0.16868634594032103, 0.35799854831624844, 0.5811566732388658], [0.2113971839018698, 0.1646069396446881, 0.0]]
0.2061, [[0.20951277037679433, 0.48899464688165467, 0.6155648147192689], [0.5110978208700683, 0.7367018494840591, 0.0], [0.008656167415546949, 0.42866749622653333, 0.9957736738483032], [0.22848769452706053, 0.6697895644442754, 0.0], [0.21471392163348213, 0.6839261063422101, 0.27022893759696603], [0.5355270590093627, 0.7048245301775773, 0.0], [0.5117262858566517, 0.7328496054591066, 0.0], [0.21190970710627544, 0.509678241391982, 0.46929687280912574], [0.21476585914537244, 0.6739988429238638, 0.2522105885192209], [0.5117262858566517, 0.7244709747048349, 0.0]]
0.1561, [[0.21190970710627544, 0.509678241391982, 0.46929687280912574], [0.0, 0.4028130030886242, 0.9841734863414094], [0.20969941652770357, 0.4259096836251566, 0.6046100859146106], [0.2157685683129222, 0.5762104704002012, 0.0], [0.0, 0.36041163434245344, 0.9949579280488253], [0.22574360483316686, 0.6736831470378947, 0.0], [0.21578830182667472, 0.5889653536815699, 0.0], [0.21159342273307538, 0.45004054388720505, 0.46994368071561715], [0.0, 0.2897426864321685, 0.9936443880289716], [0.22174258516610618, 0.6692107886533321, 0.0]]
0.2630, [[0.007819213480004084, 0.37833741625140355, 0.9934225949483437], [0.21855670325392132, 0.668158469033435, 0.0], [0.9894963773701075, 0.9891988370530851, 0.0], [0.8492665315433706, 0.848309983526223, 0.0], [0.2094479512656489, 0.4348725745796314, 0.6134864003851185], [0.2146177207539386, 0.6809441524151845, 0.28604376831580774], [0.8491776119867156, 0.8703860446370226, 0.0], [0.21464951363720655, 0.6706840361211879, 0.2452919544906048], [0.3288305299096696, 0.6075805887408644, 0.0], [0.2095551152083883, 0.41832569897136973, 0.6159340889365936]]
0.2354, [[0.22475423916121867, 0.6698947964062651, 0.0], [0.21151037752936686, 0.33490186777971614, 0.2521238620927427], [0.0, 0.3690297987217565, 0.9863823142394941], [0.2093925877965099, 0.4496958173120329, 0.5932074010945475], [0.2159890629214486, 0.670999732007157, 0.0], [0.19591601165147862, 0.34386475873419137, 0.6021722300484623], [0.2032192946232711, 0.387645033781051, 0.5984216903757211], [0.9633280928427953, 0.9665542936819218, 0.0], [0.9783814327882108, 0.9396461333580287, 0.0], [0.21604935976902573, 0.6685793968813938, 0.0]]
0.2647, [[0.21471392163348213, 0.6839261063422101, 0.27022893759696603], [0.3888769370436258, 0.6395163740202199, 0.0], [0.8780468280474287, 0.8819451839310892, 0.0], [0.21603483371029125, 0.6734726831139152, 0.0], [0.0, 0.39971046391207526, 0.9904547338137433], [0.2110269064424302, 0.4348725745796314, 0.4686181509548987], [0.9756138115873185, 0.9945994185265425, 0.0], [0.20973641686598954, 0.4734819509989092, 0.6165146236801857], [0.5140285833322542, 0.7258192601135683, 0.0], [0.0, 0.0, 0.9462597532997536]]
0.2368, [[0.2093925877965099, 0.4496958173120329, 0.5932074010945475], [0.9773736778127855, 0.9707231635912572, 0.0], [0.21174622042636743, 0.38212940857829697, 0.26721239234614713], [0.2148664452501943, 0.6805232245672256, 0.2664235821410103], [0.20804611115564897, 0.37454542392451007, 0.5957361077226409], [0.6524064945462664, 0.7519182133826214, 0.0], [0.9608939199793599, 0.946657414569184, 0.0], [0.2146040169249438, 0.6719468196650644, 0.26421886295466307], [0.20329955048010406, 0.3218022579231757, 0.593439708443126], [0.20498492347359457, 0.3597221811921091, 0.5876438686450829]]
0.1748, [[0.32284455647310334, 0.5486323443864316, 0.0], [0.21460223542717446, 0.6687898608053732, 0.2747418472677125], [0.2157833684482366, 0.6631105673795868, 0.0], [0.21572279752407958, 0.6586652845727493, 0.0], [0.3911605672423991, 0.6748406986197814, 0.0], [0.49752671061523324, 0.7281306065285399, 0.0], [0.49752671061523324, 0.7281306065285399, 0.0], [0.0, 0.0, 0.8707399326891159], [0.21159342273307538, 0.4410776529327299, 0.46969810182069704], [0.20949166648014234, 0.4228071444486072, 0.6143430019900865]]
0.2270, [[0.0, 0.03671338025583088, 0.9386916002426557], [0.0, 0.0, 0.9479919548512812], [0.20965350870057098, 0.3531723762638388, 0.6097121119331478], [0.6783525716551629, 0.75162929508075, 0.0], [0.39242994206678544, 0.6698421804252702, 0.0], [0.5648554410463623, 0.7111807328187488, 0.0], [0.20961883801321413, 0.4717583181230486, 0.6068986231089574], [0.9713827226831431, 0.9598272536009484, 0.0], [0.2095551152083883, 0.41832569897136973, 0.6159340889365936], [0.20963185665075917, 0.3759243302251989, 0.6069854310932578]]
0.1812, [[0.21158355597619913, 0.37661378337554297, 0.26996368815721417], [0.2150718656468264, 0.6738409949808791, 0.2566128219272538], [0.49752671061523324, 0.7281306065285399, 0.0], [0.20926141413054702, 0.3983315576113868, 0.6139239548821611], [0.0, 0.2669907324708084, 0.9965279388948124], [0.21192779616054858, 0.24251514563358767, 0.0], [0.49551064471767853, 0.7181147720636634, 0.0], [0.0, 0.0, 0.878760290174455], [0.2119757595620304, 0.22562354345015379, 0.0], [0.17525586107821284, 0.33800440695626555, 0.604316303967274]]
0.2473, [[0.9892444386262512, 0.9551846484746431, 0.0], [0.21190189592374842, 0.5472534380857432, 0.47057939083437866], [0.0, 0.19218506565845783, 0.996888659693371], [0.22827613205632938, 0.6705261881782034, 0.0], [0.0, 0.4024682765134521, 0.9925278609507702], [0.0, 0.36971925187210053, 0.9940603524026619], [0.21497621292044267, 0.6728939073229718, 0.2482137677986555], [0.2280894592880373, 0.6711049639691468, 0.0], [0.9779887047463172, 0.9419200623994846, 0.0], [0.214951546028252, 0.6751037785247557, 0.259077920530943]]
0.2132, [[0.3288305299096696, 0.6075805887408644, 0.0], [0.21581146129767595, 0.6682637009954246, 0.0], [0.20953181869909712, 0.41832569897136973, 0.6139633059389338], [0.49790627857742703, 0.7123364060262347, 0.0], [0.21149571443234244, 0.4172915192458535, 0.4696494748232646], [0.9960134398766264, 0.9421095564862726, 0.0], [0.32632289238894585, 0.5744868375243407, 0.0], [0.6772763837234936, 0.7708905152055124, 0.0], [0.20105238648878324, 0.38419776802932976, 0.6002350894617553], [0.9272934425082859, 0.8958729993100057, 0.0]]
0.1313, [[0.0, 0.0, 0.4790363740349002], [0.0, 0.3283520628514459, 0.9944106217140335], [0.49790005615181737, 0.7205224245792587, 0.0], [0.21174622042636743, 0.38212940857829697, 0.26721239234614713], [0.49935610374449557, 0.7072321826931726, 0.0], [0.6280249595565195, 0.7244709747048349, 0.0], [0.0, 0.3104262809424958, 0.9917647578955108], [0.21165193808288318, 0.3614458140679696, 0.24047516876400615], [0.32788472121698986, 0.5972387914857008, 0.0], [0.32703847133406555, 0.5279487498761043, 0.0]]
0.2353, [[0.9437398555079659, 0.9200334953754729, 0.0], [0.21460223542717446, 0.6687898608053732, 0.2747418472677125], [0.209295809497761, 0.44211183265824605, 0.6090326205568557], [0.20953140758422728, 0.4148784332196485, 0.611548609703514], [0.21981363322708788, 0.6755773223537094, 0.0], [0.964873070139679, 0.9294134526714779, 0.0], [0.9480932088025421, 0.9168120959000774, 0.0], [0.21143870650372404, 0.3986762841865586, 0.4697995773473862], [0.22335419339902798, 0.6798392168142925, 0.0], [0.21472543284983775, 0.7023205715613581, 0.2419194973280469]]
0.2315, [[0.21470967344649372, 0.6718415877030748, 0.2423559313911392], [0.8492665315433706, 0.848309983526223, 0.0], [0.22153102269537528, 0.6747354666577917, 0.0], [0.21192574058619937, 0.4941655455092365, 0.4702925583080296], [0.0, 0.3528276496886666, 0.9946128603992793], [0.2060855752244456, 0.4331489417037708, 0.6116511215426854], [0.0, 0.021890137523429803, 0.940305512151182], [0.0, 0.0, 0.9408026320820619], [0.041916487511575735, 0.1652963927950325, 0.5893469344377082], [0.0, 0.0, 0.9531294146843634]]
0.2242, [[0.21186146962821373, 0.47313722442373696, 0.4703597488540042], [0.8508078038587271, 0.8731337088954483, 0.0], [0.5603065122259455, 0.7086767742025297, 0.0], [0.21189011063081287, 0.2525122163135791, 0.0], [0.5599357247873034, 0.7206187306798825, 0.0], [0.21192779616054858, 0.24251514563358767, 0.0], [0.9636244913649792, 0.9635223882933142, 0.0], [0.0, 0.36971925187210053, 0.9940603524026619], [0.007819213480004084, 0.37833741625140355, 0.9934225949483437], [0.0, 0.0, 0.9531294146843634]]
0.2384, [[0.0, 0.2669907324708084, 0.9965279388948124], [0.2293028322819359, 0.6734200671329204, 0.0], [0.9498715999356456, 0.9312136464959638, 0.0], [0.0, 0.3128393669687004, 0.9907326855766756], [0.20946014767345428, 0.42728858992584495, 0.6145334188486982], [0.21616913123444031, 0.6360969257072681, 0.0], [0.9429025296827964, 0.9047792213890407, 0.0], [0.21157040030036411, 0.5089887882416375, 0.4695096931896784], [0.20931899823480782, 0.46210597401822934, 0.6109079005509592], [0.21183693977431303, 0.48175538880304003, 0.47045939860721947]]
0.2652, [[0.010502052122703361, 0.3676508924210677, 0.9982998753630647], [0.0, 0.3814399554279525, 0.9932722043089821], [0.22159324695147264, 0.6761560981446527, 0.0], [0.9971842140392528, 0.9665542936819218, 0.0], [0.20953195573738706, 0.4727924978485648, 0.6183019173929867], [0.20956607827158413, 0.41143116746792724, 0.6136044535554368], [0.2158142020634749, 0.6272063600935934, 0.0], [0.2146530766327452, 0.6758404022586837, 0.2760368729529389], [0.21581063906793627, 0.6583233397414545, 0.0], [0.21578487586942602, 0.6706840361211879, 0.0]]
0.1504, [[0.6727274549030773, 0.76703827118056, 0.0], [0.22208481857464168, 0.674261922828838, 0.0], [0.21578830182667472, 0.5889653536815699, 0.0], [0.0, 0.0, 0.8220090687124256], [0.6772763837234936, 0.7708905152055124, 0.0], [0.2095023554667583, 0.3280073362762737, 0.6081256569127862], [0.0, 0.0, 0.4790363740349002], [0.5599357247873034, 0.7206187306798825, 0.0], [0.1431191229778446, 0.09600635118543596, 0.4655869050142443], [0.21605689687497287, 0.6710523479881519, 0.0]]
0.2152, [[0.0, 0.34696729791074044, 0.9852090986800986], [0.21151147383568644, 0.42177296472309095, 0.46972505637947404], [0.9637801005891258, 0.972523357415743, 0.0], [0.2222839361941533, 0.6680532370714453, 0.0], [0.21116051877512954, 0.43383839485411524, 0.46823861520334825], [0.5599357247873034, 0.7206187306798825, 0.0], [0.21140074689740843, 0.38661085405553436, 0.4696184483862269], [0.5666008550868004, 0.7422876033202401, 0.0], [0.22150613299293623, 0.6675270772614967, 0.0], [0.14597393845661433, 0.020166504647569194, 0.4652642167954324]]
0.2189, [[0.6421781873973779, 0.7605857624387645, 0.0], [0.21192779616054858, 0.24251514563358767, 0.0], [0.0, 0.19218506565845783, 0.996888659693371], [0.32703847133406555, 0.5279487498761043, 0.0], [0.21122328231192572, 0.33214405517833934, 0.2593472394414754], [0.20953140758422728, 0.4148784332196485, 0.611548609703514], [0.8505039953734885, 0.8677331274219908, 0.0], [0.95011242373492, 0.9218336891999588, 0.0], [0.0, 0.2638881932942594, 0.9881524927387038], [0.34994322000350536, 0.626522470431003, 0.0]]
0.2614, [[0.9796003717106923, 0.9664595466385277, 0.0], [0.20951277037679433, 0.48899464688165467, 0.6155648147192689], [0.21794690554416696, 0.6685267809003989, 0.0], [0.0, 0.3590327280417646, 0.9920890670612891], [0.0, 0.26802491219632457, 0.9939727670134931], [0.8508078038587271, 0.8731337088954483, 0.0], [0.9809786248388472, 0.9518685019558535, 0.0], [0.21463745426769112, 0.679313057004344, 0.23451092570246507], [0.9626352612971903, 0.9680702463762255, 0.0], [0.21460209838888453, 0.6743145388098328, 0.26043131977245276]]
0.1390, [[0.0, 0.0, 0.8805082683122488], [0.5105813595444602, 0.7466213778483117, 0.0], [0.0, 0.0, 0.5591635768578747], [0.21154833713568247, 0.466932146070639, 0.46957470269763296], [0.5140285833322542, 0.7258192601135683, 0.0], [0.0, 0.0, 0.5537628728648032], [0.0, 0.0, 0.5602830605870753], [0.5134747874529875, 0.7349683396728306, 0.0], [0.0, 0.0, 0.5522606051336859], [0.5134747874529875, 0.7349683396728306, 0.0]]
0.2094, [[0.21572279752407958, 0.6586652845727493, 0.0], [0.21150681453382822, 0.38178468200312476, 0.46985413062593057], [0.0, 0.3128393669687004, 0.9907326855766756], [0.0, 0.0, 0.47540710808117514], [0.9724571673260598, 0.9285607292809319, 0.0], [0.0, 0.36971925187210053, 0.9940603524026619], [0.8513561411247673, 0.8523841063921646, 0.0], [0.21172676098919482, 0.4321147619782546, 0.24187693466643673], [0.6727274549030773, 0.76703827118056, 0.0], [0.21183049897468548, 0.4055708156900011, 0.2561917984830203]]
0.2550, [[0.8505039953734885, 0.8677331274219908, 0.0], [0.19316438227435112, 0.43659620745549205, 0.6105172138329433], [0.9738909951771245, 0.9784924211495644, 0.0], [0.2146177207539386, 0.6809441524151845, 0.28604376831580774], [0.49790005615181737, 0.7205224245792587, 0.0], [0.9633280928427953, 0.9665542936819218, 0.0], [0.976351102911251, 0.9560373718651889, 0.0], [0.21490111593755115, 0.6549038914285027, 0.2657160279262195], [0.21465321367103515, 0.6711049639691468, 0.2838949543182207], [0.0, 0.3590327280417646, 0.9920890670612891]]
0.2517, [[0.20944891053367856, 0.472447771273393, 0.619018443862979], [0.2094970109734503, 0.43831984033135263, 0.6166274760913228], [0.9757953556821561, 0.9981050591321202, 0.0], [0.2115701262237842, 0.5024389833133673, 0.4701576683939646], [0.0, 0.4024682765134521, 0.9925278609507702], [0.9675702966915526, 0.9623854237725862, 0.0], [0.0, 0.2669907324708084, 0.9965279388948124], [0.9724571673260598, 0.9285607292809319, 0.0], [0.0, 0.0, 0.9462597532997536], [0.8786655599624876, 0.8926515998346101, 0.0]]
0.2529, [[0.0, 0.3128393669687004, 0.9907326855766756], [0.21151147383568644, 0.42177296472309095, 0.46972505637947404], [0.9430210890916698, 0.9247708475451724, 0.0], [0.9437398555079659, 0.9200334953754729, 0.0], [0.0, 0.2669907324708084, 0.9965279388948124], [0.2060855752244456, 0.4331489417037708, 0.6116511215426854], [0.21188312167802553, 0.19770069086121186, 0.0], [0.9841463840446878, 0.9942204303529667, 0.0], [0.2093385947102704, 0.5203647652223178, 0.6060890518067406], [0.20941232131026244, 0.4024682765134521, 0.6175876865706019]]
0.2205, [[0.0, 0.0, 0.9496818929004743], [0.0, 0.02740576272618383, 0.9366017121953012], [0.2116297378799116, 0.4207387849975748, 0.47002983822408756], [0.9981438042548233, 0.9872091491418115, 0.0], [0.0, 0.02740576272618383, 0.9366017121953012], [1.0, 0.9796293856702922, 0.0], [0.20932242419205652, 0.4259096836251566, 0.5886652693066022], [0.8797103647531859, 0.8960624933967936, 0.0], [0.0, 0.07704638955096928, 0.5943117904328437], [0.9432100431495621, 0.9189912778981391, 0.0]]
0.2388, [[0.20965350870057098, 0.3531723762638388, 0.6097121119331478], [0.20956813384593334, 0.4159126129451647, 0.6022034955499456], [0.21486754155651389, 0.6752090104867454, 0.25767128460610245], [0.8491776119867156, 0.8703860446370226, 0.0], [0.984420552677708, 0.9996210118264239, 0.0], [0.22538892657341184, 0.670315724254224, 0.0], [0.20969270165149612, 0.3707534315976171, 0.6031474942877149], [0.851574735034878, 0.893978058442126, 0.0], [0.9894963773701075, 0.9891988370530851, 0.0], [0.22757299796242922, 0.6850817795496957, 0.0]]
0.2553, [[0.21196507057541444, 0.5638003136940053, 0.4706566029637619], [0.22848769452706053, 0.6697895644442754, 0.0], [0.012611634645167742, 0.4148784332196485, 0.9945886100591932], [0.9761917887055772, 0.9543319250840971, 0.0], [0.20961760466860457, 0.3679956189962399, 0.6157245552248983], [0.9763177580775053, 0.9421095564862726, 0.0], [0.22097722681610865, 0.679313057004344, 0.0], [0.013643495661590557, 0.38350831487898535, 0.9948370616566784], [0.01070842432598784, 0.41281007376861567, 0.9978049227912792], [0.9783814327882108, 0.9396461333580287, 0.0]]
0.2552, [[0.21472543284983775, 0.7023205715613581, 0.2419194973280469], [0.00881667912921268, 0.4162573395203369, 0.9965941637560203], [0.010123703083348411, 0.36282472036865804, 0.993732912607081], [0.21154367783382425, 0.5017495301630234, 0.4700042006166688], [0.5098097787688527, 0.7301530346416399, 0.0], [0.9421652383588639, 0.9087585972115882, 0.0], [0.8512672215681121, 0.8797660019330275, 0.0], [0.21463786538256097, 0.6562716707536833, 0.26903264661265286], [0.8497555891049742, 0.8629010282088974, 0.0], [0.2096028045332902, 0.4438354655341067, 0.6043293871270892]]
0.2350, [[0.20945918840542466, 0.49830226441130215, 0.6085117117046563], [0.5098097787688527, 0.7301530346416399, 0.0], [0.22194170278561778, 0.6682110850144298, 0.0], [0.9947685660834539, 0.94514146187488, 0.0], [0.20962267508533267, 0.4121206206182717, 0.6057613024010022], [0.48839841224574987, 0.7302493407422637, 0.0], [0.21190189592374842, 0.5472534380857432, 0.47057939083437866], [0.2096241825065221, 0.40763917514103387, 0.6082686168438702], [0.23109489085754015, 0.6770505698215653, 0.0], [0.20956813384593334, 0.4159126129451647, 0.6022034955499456]]
0.2492, [[0.20952852978013836, 0.49968117071199053, 0.6161945332049605], [0.2225950574746401, 0.6691055566913423, 0.0], [0.21143761019740445, 0.47865284962649096, 0.46979794287020643], [0.5008557083164422, 0.7194630574723968, 0.0], [0.007819213480004084, 0.37833741625140355, 0.9934225949483437], [0.21155984835203812, 0.49864699098647397, 0.46928516469512405], [0.9742800182374909, 0.9688282227233774, 0.0], [0.49790005615181737, 0.7205224245792587, 0.0], [0.49752671061523324, 0.7281306065285399, 0.0], [0.8786655599624876, 0.8926515998346101, 0.0]]
0.1985, [[0.5656241467118402, 0.7259155662141921, 0.0], [0.9892444386262512, 0.9551846484746431, 0.0], [0.6783525716551629, 0.75162929508075, 0.0], [0.21145473998364797, 0.43625148088032023, 0.4698938109429405], [0.0, 0.0, 0.8103290517463946], [0.0, 0.0, 0.8251255651809095], [0.0, 0.05222607613857636, 0.4839329700657834], [0.9742800182374909, 0.9688282227233774, 0.0], [0.6815178302777191, 0.7753205958342079, 0.0], [0.0, 0.0, 0.4742538777213735]]
0.2362, [[0.0, 0.19218506565845783, 0.996888659693371], [0.49893297880303356, 0.720907648981754, 0.0], [0.22365909225390515, 0.6692107886533321, 0.0], [0.9489601744799301, 0.9152961432057736, 0.0], [0.0, 0.32076807819765946, 0.9919815901319902], [0.20956415973552486, 0.36696143927072367, 0.6070942610422155], [0.2157685683129222, 0.5762104704002012, 0.0], [0.21486754155651389, 0.6752090104867454, 0.25767128460610245], [0.49935610374449557, 0.7072321826931726, 0.0], [0.0, 0.2638881932942594, 0.9881524927387038]]
0.1815, [[0.8492702365248981, 0.8374140735359142, 0.0], [0.0, 0.05222607613857636, 0.4839329700657834], [0.21490111593755115, 0.6549038914285027, 0.2657160279262195], [0.961686786026202, 0.9677860052460436, 0.0], [0.35400024150105336, 0.6525102776094364, 0.0], [0.962209188421551, 0.954995154387855, 0.0], [0.849914903310648, 0.857310952648652, 0.0], [0.21483328198402687, 0.6751563945057505, 0.2560980005171521], [0.8497555891049742, 0.8629010282088974, 0.0], [0.8513561411247673, 0.8523841063921646, 0.0]]
0.2330, [[0.22523336593316842, 0.6777871935554932, 0.0], [0.9470891588086442, 0.920317736505655, 0.0], [0.20451485345500212, 0.40763917514103387, 0.5990467972507324], [0.21157067437694402, 0.4734819509989092, 0.4699965721889398], [0.01091479652927253, 0.35489600913969943, 0.9999998795911614], [0.20932242419205652, 0.4259096836251566, 0.5886652693066022], [0.9459146796644904, 0.9095165735587402, 0.0], [0.2277472258795018, 0.6768927218785807, 0.0], [0.20956388565894496, 0.3824741351534692, 0.6087715871399878], [0.20957388945411115, 0.3914370261079444, 0.6069935369640127]]
0.2248, [[0.8799141387371874, 0.8955887581798236, 0.0], [0.21198137813191828, 0.49347609235889206, 0.4703238801481881], [0.20956415973552486, 0.36696143927072367, 0.6070942610422155], [0.22523336593316842, 0.6777871935554932, 0.0], [0.8513561411247673, 0.8523841063921646, 0.0], [0.8793065217667104, 0.8913251412270942, 0.0], [0.9758546353865929, 0.9465626675257899, 0.0], [0.9630279893390841, 0.9878723784455694, 0.0], [0.2095049591942673, 0.3900581198072556, 0.6059737209088061], [0.20804611115564897, 0.37454542392451007, 0.5957361077226409]]
