0.2133, [[0.0, 0.8840578853461345, 0.9823788459241336], [0.9827633873958321, 0.9768681284500768, 0.0], [0.0, 0.8845892700083653, 0.22339419683217346], [0.0, 0.8832423574964607, 0.9821285367517811], [0.9182452031580534, 0.9609397390472437, 0.0], [0.0, 0.8843494088761082, 0.20311415135969008], [0.0, 0.884271915279533, 0.2154482261247038], [0.0, 0.8765815983622482, 0.5851], [0.0, 0.8839840819208246, 0.20848466447226804], [0.0, 0.8839139686667803, 0.0]]
0.2143, [[0.0, 0.8834895989712487, 0.9658212705777842], [0.0, 0.8842423939094091, 0.21536913387027343], [0.9925388610771537, 0.991740835124457, 0.0], [0.0, 0.8827737057457433, 0.9493662655313844], [0.0, 0.8838438554127359, 0.18849667961182479], [0.3968670562067249, 0.9102980175735192, 0.0], [0.3913713486207773, 0.9173462522605428, 0.0], [0.39619507000701, 0.9126267294745182, 0.0], [0.3917609665545272, 0.9135892637269312, 0.0], [0.0, 0.8785706006743483, 0.7746895152242528]]
0.1092, [[0.0, 0.8802274875725541, 0.16829012466814958], [0.0, 0.8760981859264688, 0.5851], [0.40734903545664164, 0.924549734407633, 0.0], [0.0, 0.8778805386477013, 0.08757707002941824], [0.0, 0.8779801732718696, 0.07612750260099002], [0.37561989155289677, 0.8993685963848307, 0.0], [0.0, 0.877803045051126, 0.06360949594604293], [0.06844504997899097, 0.8970088349918184, 0.0], [0.0, 0.8801389234621823, 0.0], [0.0, 0.8799064426724563, 0.0]]
0.1769, [[0.0, 0.8847331866877194, 0.17737864183468444], [0.0, 0.8846667636049406, 0.19771578379493465], [0.0, 0.8843088169921879, 0.222326836837196], [0.0, 0.8765815983622482, 0.5851], [0.9881228994680911, 0.9993790101597336, 0.0], [0.0, 0.8840947870587894, 0.22057277722967633], [0.0, 0.874290002006378, 0.5851], [0.4074453925800422, 0.9189608258452354, 0.0], [0.4051789054600562, 0.9220036760625407, 0.0], [0.40504149182320676, 0.9190539743212753, 0.0]]
0.1091, [[0.0, 0.8768140791519743, 0.5851], [0.40692422622564983, 0.9239287445673666, 0.0], [0.0, 0.8813935816924494, 0.18154843276888824], [0.40318305617362116, 0.9139929071231043, 0.0], [0.39159757838876114, 0.9150796393435705, 0.0], [0.07104628703282463, 0.8868867005954761, 0.0], [0.0628090363623518, 0.9002379821612037, 0.0], [0.0022580182758970492, 0.8864749475250315, 0.0], [0.0, 0.8866705266021025, 0.0], [0.0, 0.8862018748513851, 0.0]]
0.1137, [[0.8129244621645275, 0.9511280995710347, 0.0], [0.0, 0.8848734131958081, 0.18018541472339786], [0.3959269458375477, 0.9104843145255992, 0.0], [0.3965126295702169, 0.9047712079951483, 0.0], [0.3964045420144024, 0.9098322751933194, 0.0], [0.0, 0.8815338082005382, 0.17783926813517995], [0.0, 0.883131652358496, 0.15158459684652342], [0.07637521016394166, 0.8936244403623665, 0.0], [0.0, 0.8829102420825665, 0.14057879914974541], [0.0, 0.8756996474297958, 0.027776284978833547]]
0.2154, [[0.0, 0.8846741439474716, 0.22837526153404636], [0.0, 0.8833788938332839, 0.9682544137481337], [0.9923552414301734, 0.9998758020319467, 0.0], [0.0, 0.8797330046229782, 0.8128527243947153], [0.9864848667757216, 0.9765886830219569, 0.0], [0.0, 0.8792163806458093, 0.7948900614073212], [0.9170424833182039, 0.9613123329514036, 0.0], [0.0, 0.8765520769921243, 0.5851], [0.0, 0.8813271586096706, 0.0], [0.0, 0.8807736329198468, 0.0]]
0.1295, [[0.0, 0.8798326392471465, 0.8090281382562512], [0.397306947422249, 0.9048022574871616, 0.0], [0.39657211962031635, 0.9088697409409066, 0.0], [0.0, 0.8812312141567678, 0.17244208258592206], [0.0, 0.8795706370872965, 0.8052265284923169], [0.0, 0.8839545605507007, 0.0], [0.0, 0.8783750215972772, 0.786365042280141], [0.0, 0.8837073190759127, 0.0], [0.0, 0.877788284366064, 0.07412861160938512], [0.0, 0.8831722442424165, 0.0]]
0.1376, [[0.0, 0.8839840819208246, 0.20848466447226804], [0.9841214455769642, 0.980097275619462, 0.0], [0.0, 0.8839803917495591, 0.20118145323599015], [0.3887286497755145, 0.9089318399249332, 0.0], [0.0, 0.8833198510930361, 0.12795060809356412], [0.0, 0.8814895261453523, 0.18029714088397816], [0.05285569180219787, 0.8866336248894476, 0.0], [0.0, 0.8813788210073875, 0.1773197466276819], [0.0, 0.8854933619684107, 0.0], [0.0, 0.8774118868969839, 0.06458321975676244]]
0.1773, [[0.9925388610771537, 0.991740835124457, 0.0], [0.0, 0.8762457927770885, 0.5851], [0.988033816669061, 0.9982301789552408, 0.0], [0.0, 0.8843125071634533, 0.2034778523893232], [0.0, 0.8842903661358604, 0.20686972294970218], [0.989199165121679, 0.980966661395835, 0.0], [0.0, 0.8803123615116604, 0.15528368865250755], [0.9752913403751455, 0.9720244076959988, 0.0], [0.0, 0.8784820365639765, 0.07684699029561634], [0.3910219493124467, 0.9126888284585448, 0.0]]
0.1984, [[0.0, 0.8842534644232055, 0.20973816621224048], [0.9720407272187008, 0.975346703341424, 0.0], [0.0, 0.8795669469160311, 0.8473749231699711], [0.0, 0.8842423939094091, 0.21536913387027343], [0.3730299796534969, 0.8887496701162754, 0.0], [0.0, 0.8795042140045177, 0.7915699360789273], [0.0, 0.8840578853461345, 0.20947884229030644], [0.06851730656381994, 0.8866852872871646, 0.0], [0.37003452994778524, 0.8865893428342617, 0.0], [0.0, 0.8785300087904279, 0.7601284535145245]]
0.0673, [[0.0, 0.8843125071634533, 0.2034778523893232], [0.375802551143343, 0.8933139454422333, 0.0], [0.0, 0.8800245281529521, 0.1564029031534761], [0.0, 0.8828622698561152, 0.0], [0.0, 0.8784967972490385, 0.0], [0.0, 0.6275087754345459, 0.0], [0.0, 0.5207342675932327, 0.0], [0.0, 0.40393405803961024, 0.0], [0.0, 0.40393405803961024, 0.0], [0.0, 0.32768947680321814, 0.0]]
0.1895, [[0.0, 0.8849656674774454, 0.22123162239004107], [0.9749022848855039, 0.9728627439803585, 0.0], [0.0, 0.8791056755078446, 0.755942675631745], [0.9643232479966047, 0.9658766082773615, 0.0], [0.0, 0.8744449891995286, 0.5851], [0.0, 0.8752752777342642, 0.00879697047427713], [0.0, 0.8752162349940164, 0.010380254538279446], [0.8160172334134831, 0.9584247301941649, 0.0], [0.0, 0.8743010725201744, 0.5851], [0.3979001721471843, 0.9113226508099588, 0.0]]
0.1405, [[0.366719007014778, 0.8856262081339684, 0.0], [0.0, 0.8843457187048428, 0.19396021220492185], [0.0, 0.8824415903318491, 0.9614208635581851], [0.0, 0.8894327589405684, 0.0], [0.0, 0.8794304105792079, 0.8151823562531892], [0.0, 0.8821094749179549, 0.0], [0.0, 0.8793676776676945, 0.7965822361034979], [0.0, 0.8802902204840675, 0.0], [0.0, 0.876917403947408, 0.5851], [0.0, 0.879799427705757, 0.0]]
0.0589, [[0.39372246243174985, 0.9079072066884936, 0.0], [0.39152552001821816, 0.9129061749026381, 0.0], [0.0, 0.8773085621015502, 0.09060919674248405], [0.0, 0.8774746198084973, 0.07646555903350802], [0.37561989155289677, 0.8993685963848307, 0.0], [0.0, 0.8894638084325817, 0.0], [0.0, 0.8837885028437535, 0.0], [0.0, 0.8837368404460366, 0.0], [0.0, 0.8805227012737934, 0.0], [0.0, 0.8804119961358287, 0.0]]
0.2098, [[0.0, 0.8837885028437535, 0.9601832760399934], [0.0, 0.8839803917495591, 0.1778530411853338], [0.0, 0.8841685904840992, 0.16090473765874982], [0.9748313822495411, 0.9734216348365983, 0.0], [0.0, 0.8837294601035057, 0.1808590607734805], [0.0, 0.876242102605823, 0.5851], [0.0, 0.883146413043558, 0.20104382551840444], [0.972177078441706, 0.9680811222103073, 0.0], [0.0, 0.8836925583908508, 0.18077842675970404], [0.0, 0.8850985136430031, 0.0]]
0.1459, [[0.0, 0.8837885028437535, 0.9601832760399934], [0.0, 0.8842423939094091, 0.21536913387027343], [0.40598495374450216, 0.916880509880343, 0.0], [0.01475840745126259, 0.8916993718575407, 0.0], [0.0, 0.8920719657617006, 0.0], [0.0, 0.8849878085050383, 0.0], [0.0, 0.8839582507219662, 0.0], [0.0, 0.8835707827390895, 0.0], [0.0, 0.8832534280102573, 0.0], [0.0, 0.8823677869065393, 0.0]]
0.1262, [[0.0, 0.8785706006743483, 0.7845673958305764], [0.38966457070454386, 0.906292633103801, 0.0], [0.38959418811006, 0.9075346127843338, 0.0], [0.0, 0.8837294601035057, 0.1808590607734805], [0.3898597986154336, 0.904647010027095, 0.0], [0.0, 0.8763048355173364, 0.5851], [0.0, 0.8780170749845245, 0.0796059172526367], [0.0, 0.8781831326914716, 0.07392031992179099], [0.08369118937784811, 0.8958600037873256, 0.0], [0.0, 0.874695920845582, 0.5851]]
0.1965, [[0.0, 0.8848217507980912, 0.20979510852407243], [0.9932733396650752, 0.9924860229327767, 0.0], [0.0, 0.8785189382766314, 0.7860211024211381], [0.0, 0.8840615755174, 0.21797830460285578], [0.9906663042812153, 0.9842268580572335, 0.0], [0.9876720314240205, 0.9871144608144723, 0.0], [0.0, 0.8764229209978321, 0.6019002780056324], [0.0, 0.8769284744612045, 0.5851], [0.0, 0.8779063698465598, 0.08957323724617951], [0.9716662158595131, 0.9749741094372643, 0.0]]
0.2136, [[0.984350515631613, 0.9814945027600614, 0.0], [0.0, 0.8849656674774454, 0.22123162239004107], [0.0, 0.8836667271919924, 0.9785819412198302], [0.9762294367894215, 0.9711860714116393, 0.0], [0.0, 0.8792163806458093, 0.7948900614073212], [0.0, 0.8829508339664869, 0.18335588864174507], [0.40552411532823884, 0.9199544095896617, 0.0], [0.0, 0.8788510536905256, 0.7829256436901095], [0.0, 0.8785300087904279, 0.7838843780075222], [0.0, 0.8744486793707941, 0.5851]]
0.1036, [[0.0, 0.8843900007600287, 0.20809521606156298], [0.3702867342446857, 0.8866041035193237, 0.0], [0.0, 0.8742567904649885, 0.5851], [0.0, 0.8851058939855341, 0.0], [0.0, 0.8741276344706963, 0.5851], [0.0, 0.8843530990473738, 0.0], [0.0, 0.8801795153461027, 0.0], [0.0, 0.8800688102081379, 0.0], [0.0, 0.880054049523076, 0.0], [0.0, 0.880039288838014, 0.0]]
0.2159, [[0.0, 0.8839471802081696, 0.977949659623127], [0.9925388610771537, 0.991740835124457, 0.0], [0.0, 0.8832423574964607, 0.9821285367517811], [0.4037193045125458, 0.9146759959473973, 0.0], [0.402838684193468, 0.9239908435513933, 0.0], [0.0, 0.8827737057457433, 0.9493662655313844], [0.3915741175239332, 0.9162284705480633, 0.0], [0.0, 0.8816334428247063, 0.1658180163413936], [0.0, 0.8795706370872965, 0.8052265284923169], [0.0, 0.8765742180197172, 0.5851]]
0.0729, [[0.0, 0.8842387037381435, 0.211771695397144], [0.0, 0.8839361096943732, 0.21693432795795375], [0.40590535438169306, 0.9190850238132887, 0.0], [0.0, 0.8834490070873283, 0.13259644292171952], [0.0, 0.8827921566020708, 0.14151809033507928], [0.3968670562067249, 0.9102980175735192, 0.0], [0.4027825456954869, 0.9102048690974792, 0.0], [0.0, 0.8876318884037958, 0.0], [0.0, 0.8822423210835125, 0.0], [0.0, 0.882065192862769, 0.0]]
0.2164, [[0.0, 0.8835744729103551, 0.9806586761231548], [0.9922207082234749, 0.9981059809871875, 0.0], [0.0, 0.8844010712738252, 0.19700564944033894], [0.0, 0.8829397634526904, 0.9731835126349011], [0.9741296279551409, 0.9803146220635552, 0.0], [0.0, 0.874703301188113, 0.5851], [0.9736842139599905, 0.9775201677823565, 0.0], [0.0, 0.8737696878579436, 0.5851], [0.40523169240591905, 0.9249223283117929, 0.0], [0.4072727876459508, 0.9207306468899947, 0.0]]
0.0987, [[0.08909236909379345, 0.8959842017553789, 0.0], [0.0, 0.8794304105792079, 0.8151823562531892], [0.07498427090598896, 0.8889670165603686, 0.0], [0.0, 0.8792975644136501, 0.7985220537715696], [0.0, 0.8832017656125404, 0.0], [0.0, 0.8791056755078446, 0.7896347450528264], [0.0, 0.8780613570397104, 0.0], [0.0, 0.8770834616543551, 0.5851], [0.0, 0.8765815983622482, 0.5851], [0.0, 0.8759690299321766, 0.5851]]
0.2147, [[0.0, 0.8849656674774454, 0.22123162239004107], [0.9873793307986358, 0.9897847171276177, 0.0], [0.0, 0.8836999387333817, 0.9780922229299369], [0.3910219493124467, 0.9126888284585448, 0.0], [0.39145597531176385, 0.909304433829093, 0.0], [0.0, 0.8770834616543551, 0.5851], [0.0, 0.8828807207124426, 0.12576208070244682], [0.38972657441873204, 0.9053921978354147, 0.0], [0.0, 0.877817805736188, 0.07272478833321383], [0.38959418811006, 0.9075346127843338, 0.0]]
0.2170, [[0.9977965642362354, 0.9935727551532428, 0.0], [0.0, 0.8846151012072236, 0.21303676033220936], [0.0, 0.884009913119683, 0.985441133984766], [0.997420234860741, 0.9844131550093135, 0.0], [0.982150715900462, 0.9880459455748719, 0.0], [0.9925206809140864, 0.9867729164023258, 0.0], [0.0, 0.884264534937002, 0.19455620497596343], [0.0, 0.8785300087904279, 0.7872455157723637], [0.9755204104297943, 0.9743841690890112, 0.0], [0.0, 0.8737696878579436, 0.5851]]
0.2167, [[0.0, 0.8840357443185415, 0.9928521518267216], [0.9906663042812153, 0.9842268580572335, 0.0], [0.9814925939974234, 0.9913682412202971, 0.0], [0.0, 0.8835043596563107, 0.1825178396534407], [0.0, 0.8793676776676945, 0.7965822361034979], [0.9713644251525949, 0.9709997744595593, 0.0], [0.0, 0.8834674579436558, 0.17116730456697962], [0.0, 0.8780834980673033, 0.7835539259861266], [0.40598076430435437, 0.919985459081675, 0.0], [0.4066175592068273, 0.9194886672094619, 0.0]]
0.1922, [[0.0, 0.8795042140045177, 0.7915699360789273], [0.9719825506968853, 0.9687952605266137, 0.0], [0.0, 0.8851870777533749, 0.1956678134641604], [0.0, 0.8842534644232055, 0.20973816621224048], [0.0, 0.8744892712547144, 0.5851], [0.07299721482319955, 0.8911715304933142, 0.0], [0.0, 0.8839840819208246, 0.20848466447226804], [0.05699238128364153, 0.887942383323929, 0.0], [0.0, 0.8881907792600355, 0.0], [0.0, 0.8838438554127359, 0.18849667961182479]]
0.2146, [[0.0, 0.8838807571253908, 0.2154877465559303], [0.9864848667757216, 0.9765886830219569, 0.0], [0.0, 0.8826482399227166, 0.9784690197886936], [0.9741296279551409, 0.9803146220635552, 0.0], [0.0, 0.8845154665830555, 0.2049421126318431], [0.0, 0.8824748018732385, 0.9886938985427812], [0.9740623613517917, 0.9711239724276126, 0.0], [0.0, 0.8838586160977979, 0.165955387099089], [0.0, 0.8836003041092134, 0.17303005820836617], [0.0, 0.8822976736524949, 0.9569771699899827]]
0.1385, [[0.0, 0.8842423939094091, 0.21536913387027343], [0.9828797404394632, 0.9830780268527407, 0.0], [0.0, 0.8834674579436558, 0.17116730456697962], [0.9764221465179356, 0.979414186795169, 0.0], [0.0, 0.8832977100654431, 0.16487851958814673], [0.9754022393698565, 0.9774580687983299, 0.0], [0.0, 0.8805743636715103, 0.14278942509148307], [0.0, 0.8803123615116604, 0.15528368865250755], [0.972246163061362, 0.9709066259835194, 0.0], [0.8565432015032499, 0.9594804129226178, 0.0]]
0.1061, [[0.0, 0.8843383383623118, 0.0], [0.0, 0.8839471802081696, 0.977949659623127], [0.0, 0.8839619408932317, 0.0], [0.0, 0.8781905130340026, 0.08324123161369044], [0.0, 0.8771683355934614, 0.5941853917291954], [0.0, 0.8821795881719992, 0.0], [0.0, 0.8771314338808065, 0.5869663403201719], [0.0, 0.8805263914450588, 0.0], [0.0, 0.8744486793707941, 0.5851], [0.0, 0.8800171478104211, 0.0]]
0.1963, [[0.9679629166426911, 0.9734216348365983, 0.0], [0.0, 0.8796665815401993, 0.8320215294184352], [0.0, 0.8843420285335774, 0.22413264816675058], [0.0, 0.8848217507980912, 0.20979510852407243], [0.39633751097203684, 0.9081866521166134, 0.0], [0.3962964544585879, 0.9184640339730223, 0.0], [0.0, 0.8846962849750645, 0.2049895474277102], [0.39624953272893204, 0.9072862168482272, 0.0], [0.3959269458375477, 0.9104843145255992, 0.0], [0.0, 0.8830615391044517, 0.1636688038135898]]
0.1075, [[0.3969885499710125, 0.9100496216374127, 0.0], [0.0, 0.884068955859931, 0.18583853232402922], [0.0, 0.8765151752794694, 0.5851], [0.08909236909379345, 0.8959842017553789, 0.0], [0.0, 0.8823235048513534, 0.07650723792781806], [0.0, 0.8763048355173364, 0.5851], [0.07081145313213147, 0.8890912145284218, 0.0], [0.0, 0.8903642437009679, 0.0], [0.0, 0.876242102605823, 0.5851], [0.0, 0.8864380458123766, 0.0]]
0.1776, [[0.988033816669061, 0.9982301789552408, 0.0], [0.9922207082234749, 0.9981059809871875, 0.0], [0.0, 0.8762457927770885, 0.5851], [0.9974329609748882, 0.9820223441242878, 0.0], [0.9962730665711904, 0.9945352894056557, 0.0], [0.803166235637648, 0.9532394650279404, 0.0], [0.0, 0.8822423210835125, 0.0], [0.0, 0.8822017291995922, 0.0], [0.0, 0.8795448058884381, 0.0], [0.0, 0.5320898435220569, 0.0]]
0.1987, [[0.0, 0.8850800627866756, 0.2210105340998777], [0.9871448066950669, 0.9888842818592316, 0.0], [0.9888555600397059, 0.9844442045013269, 0.0], [0.989130080502023, 0.9816807997121414, 0.0], [0.0, 0.8798769213023323, 0.816007858965393], [0.0, 0.8844527336715421, 0.191229910579752], [0.9765694058387813, 0.9763402870858503, 0.0], [0.0, 0.878913786602039, 0.7704201441153675], [0.0, 0.8768030086381777, 0.5851], [0.0, 0.8764339915116286, 0.5851]]
0.1909, [[0.0, 0.8846667636049406, 0.21217877125636816], [0.7995935516086832, 0.9515938419512345, 0.0], [0.0, 0.8826482399227166, 0.9784690197886936], [0.0, 0.8839250391805767, 0.975668411461188], [0.6166401351402742, 0.9450734486284373, 0.0], [0.0, 0.8839250391805767, 0.22475587868623073], [0.0, 0.8798769213023323, 0.816007858965393], [0.0, 0.8809655218256524, 0.16616331904283527], [0.0, 0.881142650046396, 0.16474546575661914], [0.0, 0.8829619044802834, 0.11594544198895002]]
0.1964, [[0.0, 0.884497015726728, 0.20580673127287055], [0.0, 0.8776665087143029, 0.8105644186433314], [0.9808108378823972, 0.982519135996501, 0.0], [0.0, 0.8839361096943732, 0.21693432795795375], [0.9704590530318401, 0.9695404483349334, 0.0], [0.9191327274536664, 0.9657834598013216, 0.0], [0.3966978028247518, 0.9109190074137856, 0.0], [0.0, 0.8952390139470592, 0.0], [0.0, 0.8925687576339136, 0.0], [0.0, 0.8901779467488881, 0.0]]
0.1380, [[0.0, 0.883792193015019, 0.19537606120398934], [0.9947222986615443, 0.9853135902776997, 0.0], [0.0, 0.8830393980768587, 0.19386796360407513], [0.9742459809987721, 0.9776754152424231, 0.0], [0.9650613626171398, 0.9621817187277766, 0.0], [0.853130488400953, 0.9515317429672079, 0.0], [0.3962964544585879, 0.9184640339730223, 0.0], [0.39613725573296965, 0.9101427701134527, 0.0], [0.39147021940826654, 0.9136513627109577, 0.0], [0.39126745050511064, 0.9120367891262652, 0.0]]
0.0705, [[0.3939897487131826, 0.9094286317971463, 0.0], [0.0, 0.8845634388095068, 0.20785804208222733], [0.3883842777953614, 0.9120678386182784, 0.0], [0.0, 0.8833973446896114, 0.20483305885412909], [0.0, 0.883806953700081, 0.19795588711702689], [0.07091983800937426, 0.894835370550886, 0.0], [0.08466665327303524, 0.8896811548766749, 0.0], [0.0, 0.8837663618161606, 0.17627171001650313], [0.0, 0.8832202164688678, 0.18311080029776883], [0.07651972333359894, 0.888718620624262, 0.0]]
0.1773, [[0.0, 0.8849509067923834, 0.2017964096469825], [0.9925806754522087, 0.9987580203194673, 0.0], [0.0, 0.8744339186857321, 0.5851], [0.0, 0.8833752036620185, 0.19497047571213322], [0.9741296279551409, 0.9803146220635552, 0.0], [0.0, 0.878057666868445, 0.0715779249479801], [0.39126745050511064, 0.9120367891262652, 0.0], [0.0668192768203451, 0.8879734328159423, 0.0], [0.07355720335562176, 0.8870108985635294, 0.0], [0.004010240457992634, 0.8925687576339136, 0.0]]
0.2006, [[0.9997982001899522, 0.9899710140796978, 0.0], [0.0, 0.884271915279533, 0.21438086612972634], [0.0, 0.8838807571253908, 0.2154877465559303], [0.9990891738303251, 0.9958083185782018, 0.0], [0.0, 0.8793750580102255, 0.8165443141809524], [0.0, 0.8838290947276739, 0.1993512821087755], [0.9873793307986358, 0.9897847171276177, 0.0], [0.0, 0.8760981859264688, 0.5851], [0.0, 0.8801094020920583, 0.1484341144076918], [0.9684992314531783, 0.9649140740249487, 0.0]]
0.1714, [[0.9683756063443202, 0.9697888442710398, 0.0], [0.0, 0.8829323831101594, 0.08643447217837426], [0.0, 0.8739099143660323, 0.5851], [0.803166235637648, 0.9532394650279404, 0.0], [0.402838684193468, 0.9239908435513933, 0.0], [0.404978650220989, 0.9225315174267672, 0.0], [0.40409384046176344, 0.9218484286024742, 0.0], [0.40361708217293824, 0.9184019349889957, 0.0], [0.4032551145441642, 0.9195507661934885, 0.0], [0.4031671363010593, 0.9165700149602098, 0.0]]
0.0707, [[0.0, 0.8844305926439491, 0.16308113654301482], [0.40504149182320676, 0.9190539743212753, 0.0], [0.0, 0.883792193015019, 0.19537606120398934], [0.0, 0.8893396104645284, 0.0], [0.0, 0.8836261353080719, 0.16947799885197642], [0.0, 0.8866446954032441, 0.0], [0.0, 0.886028436801907, 0.0], [0.0, 0.8839545605507007, 0.0], [0.0, 0.8828511993423187, 0.0], [0.0, 0.8826187185525927, 0.0]]
0.1285, [[0.4072250280282653, 0.9204512014618748, 0.0], [0.0, 0.8788510536905256, 0.7829256436901095], [0.0, 0.8845892700083653, 0.22339419683217346], [0.4037193045125458, 0.9146759959473973, 0.0], [0.0, 0.8763048355173364, 0.5851], [0.0, 0.8781831326914716, 0.07392031992179099], [0.40318305617362116, 0.9139929071231043, 0.0], [0.0, 0.87629376500354, 0.5851], [0.39685700155037007, 0.9107016609696924, 0.0], [0.0, 0.8753675320159015, 0.03810170427638655]]
0.1721, [[0.9736860319762972, 0.971744962267879, 0.0], [0.0, 0.8740095489902006, 0.5851], [0.3964665457285905, 0.9063236825958143, 0.0], [0.0, 0.8731091472014206, 0.5851], [0.06723475218311001, 0.8915441243974741, 0.0], [0.0, 0.8896811548766749, 0.0], [0.0, 0.8894638084325817, 0.0], [0.0, 0.8894327589405684, 0.0], [0.0, 0.8841316887714443, 0.0], [0.0, 0.8824342099893181, 0.0]]
0.1392, [[0.0, 0.8833752036620185, 0.19497047571213322], [0.9980292703234978, 0.9935106561692162, 0.0], [0.9720916316752894, 0.9743531195969979, 0.0], [0.0, 0.6519766500640606, 0.0], [0.0, 0.6512351993177116, 0.0], [0.0, 0.6319574799126394, 0.0], [0.0, 0.5531787702470167, 0.0], [0.0, 0.5256009429913, 0.0], [0.0, 0.5110009167970971, 0.0], [0.0, 0.4931564403375161, 0.0]]
0.1967, [[0.9851540788391905, 0.9842889570412603, 0.0], [0.0, 0.879851090103474, 0.8056163426827191], [0.0, 0.8845154665830555, 0.20457974779364313], [0.0, 0.8848992443946665, 0.0], [0.0, 0.8811611009027235, 0.1688608839779005], [0.0, 0.8842091823680196, 0.0], [0.0, 0.8799396542138457, 0.14680067177297834], [0.0, 0.8837036289046473, 0.0], [0.0, 0.8834157955459389, 0.0], [0.0, 0.8828881010549736, 0.0]]
0.2157, [[0.0, 0.8841796609978957, 0.19202458473846604], [0.9859012835412592, 0.9895363211915112, 0.0], [0.0, 0.8831833147562129, 0.9893620954279994], [0.0, 0.8837885028437535, 0.9601832760399934], [0.0, 0.8838586160977979, 0.165955387099089], [0.9856231270463285, 0.9850962438336065, 0.0], [0.0, 0.8830504685906552, 0.9738895852501466], [0.0, 0.882485872387035, 0.9803734710918748], [0.0, 0.8833973446896114, 0.20483305885412909], [0.0, 0.8836445861643993, 0.18279453406400212]]
0.1295, [[0.3972818107813619, 0.9104532650335858, 0.0], [0.0, 0.87937136783896, 0.8086659270823484], [0.0, 0.8843494088761082, 0.20311415135969008], [0.3962914271304105, 0.9101117206214393, 0.0], [0.3964740867208567, 0.9089628894169465, 0.0], [0.39613725573296965, 0.9101427701134527, 0.0], [0.0, 0.8737696878579436, 0.5851], [0.0, 0.8800355986667485, 0.1413633490887565], [0.39641459667075724, 0.907068870404134, 0.0], [0.0, 0.8781831326914716, 0.07392031992179099]]
0.1783, [[0.9923552414301734, 0.9998758020319467, 0.0], [0.9962730665711904, 0.9945352894056557, 0.0], [0.0, 0.884685214461268, 0.22204135439836406], [0.0, 0.8849509067923834, 0.2017964096469825], [0.0, 0.8770317992566382, 0.5851], [0.9997982001899522, 0.9899710140796978, 0.0], [0.0, 0.8843752400749667, 0.18164808181459433], [0.0, 0.876039143186221, 0.5851], [0.997420234860741, 0.9844131550093135, 0.0], [0.0, 0.8837036289046473, 0.20137031875582947]]
0.1399, [[0.9863248813407287, 0.9913682412202971, 0.0], [0.0, 0.8839361096943732, 0.21693432795795375], [0.0, 0.8776628185430373, 0.07979252152543566], [0.0, 0.8823308851938844, 0.0], [0.0, 0.8774118868969839, 0.06458321975676244], [0.0, 0.8822718424536364, 0.0], [0.0, 0.8753527713308396, 0.01648685495443805], [0.0, 0.8822017291995922, 0.0], [0.0, 0.8752826580767952, 0.006216013937719739], [0.0, 0.8820799535478309, 0.0]]
0.1990, [[0.9877174818316888, 0.9934796066772028, 0.0], [0.0, 0.8843088169921879, 0.222326836837196], [0.0, 0.8793750580102255, 0.8165443141809524], [0.40409384046176344, 0.9218484286024742, 0.0], [0.0, 0.8839840819208246, 0.20848466447226804], [0.0, 0.884068955859931, 0.18583853232402922], [0.0, 0.8792163806458093, 0.7948900614073212], [0.0, 0.8767513462404609, 0.5851], [0.3892246794890198, 0.9029703374583757, 0.0], [0.0, 0.883792193015019, 0.15284961038961]]
0.0671, [[0.0, 0.8812053829579094, 0.16452206482743803], [0.0, 0.8831906950987439, 0.0], [0.0, 0.8773528441567361, 0.5851], [0.0, 0.8805227012737934, 0.0], [0.0, 0.8768140791519743, 0.5851], [0.0, 0.8803640239093773, 0.0], [0.0, 0.8765889787047793, 0.5851], [0.0, 0.8765742180197172, 0.5851], [0.0, 0.8765077949369384, 0.5851], [0.0, 0.8759911709597696, 0.5851]]
0.1369, [[0.0, 0.883806953700081, 0.19795588711702689], [0.9817616604108204, 0.983388521772874, 0.0], [0.9838923755223155, 0.9788552959389293, 0.0], [0.0, 0.8838180242138775, 0.18979175746215118], [0.9836560334024397, 0.9734526843286117, 0.0], [0.9727006671380461, 0.9741357731529047, 0.0], [0.0, 0.8834490070873283, 0.13259644292171952], [0.4074453925800422, 0.9189608258452354, 0.0], [0.4051939874445884, 0.917159955308463, 0.0], [0.3964212997749938, 0.9103911660495592, 0.0]]
0.1971, [[0.0, 0.8795448058884381, 0.8166682140845597], [0.9808108378823972, 0.982519135996501, 0.0], [0.0, 0.883792193015019, 0.206229892821267], [0.0, 0.8793750580102255, 0.8165443141809524], [0.40777300679960393, 0.9269094958006453, 0.0], [0.40794309806960655, 0.9254501696760192, 0.0], [0.0, 0.8765520769921243, 0.5851], [0.40598076430435437, 0.919985459081675, 0.0], [0.4057914016096716, 0.9160732230879967, 0.0], [0.4031671363010593, 0.9165700149602098, 0.0]]
0.1464, [[0.0, 0.8839471802081696, 0.977949659623127], [0.3918355385891589, 0.9106395619856658, 0.0], [0.0, 0.8848918640521356, 0.2307076864640885], [0.0, 0.884257154594471, 0.9724468571320566], [0.0, 0.883131652358496, 0.9817992609952936], [0.0, 0.8967293895636985, 0.0], [0.0, 0.8795706370872965, 0.8052265284923169], [0.07910289624122505, 0.8914820254134475, 0.0], [0.0, 0.884677834118737, 0.22656266646337062], [0.013620366240210608, 0.8929724010300868, 0.0]]
0.0651, [[0.0, 0.8808621970302186, 0.15939910687378894], [0.3900617296305599, 0.9085902955127867, 0.0], [0.0, 0.8779801732718696, 0.07612750260099002], [0.38956486202902507, 0.9046159605350816, 0.0], [0.37603297035147465, 0.8975677258480581, 0.0], [0.375802551143343, 0.8933139454422333, 0.0], [0.0, 0.6820054052911922, 0.0], [0.0, 0.5807565975027329, 0.0], [0.0, 0.5239787178586109, 0.0], [0.0, 0.491534215204827, 0.0]]
0.1970, [[0.9721334460503444, 0.9734526843286117, 0.0], [0.0, 0.8791720985906234, 0.8361487293088135], [0.0, 0.8794488614355354, 0.8002068572076579], [0.9705045034395086, 0.9666838950697079, 0.0], [0.0, 0.8785300087904279, 0.7838843780075222], [0.9684992314531783, 0.9649140740249487, 0.0], [0.0, 0.87712036336701, 0.5851], [0.9184525686476825, 0.9643862326607222, 0.0], [0.0, 0.8744486793707941, 0.5851], [0.8565432015032499, 0.9594804129226178, 0.0]]
0.1198, [[0.9881228994680911, 0.9993790101597336, 0.0], [0.9899900022151094, 0.9890084798272848, 0.0], [0.9841214455769642, 0.980097275619462, 0.0], [0.9830215457113887, 0.9778927616865163, 0.0], [0.9745932221133587, 0.9740426246768648, 0.0], [0.9693682432477982, 0.9710929229355993, 0.0], [0.9683756063443202, 0.9697888442710398, 0.0], [0.4078810943554184, 0.9270957927527252, 0.0], [0.40773865339039156, 0.9265990008805121, 0.0], [0.4072149733719105, 0.9264748029124589, 0.0]]
0.2142, [[0.0, 0.884677834118737, 0.22656266646337062], [0.982005274595923, 0.9890395293192982, 0.0], [0.0, 0.8835006694850452, 0.9795924311931803], [0.40525934271089487, 0.919209221781342, 0.0], [0.0, 0.8834600776011248, 0.9742395632690092], [0.0, 0.8829914258504074, 0.9794467311799502], [0.0, 0.8834674579436558, 0.17116730456697962], [0.0, 0.8798326392471465, 0.8090281382562512], [0.0, 0.8812053829579094, 0.16452206482743803], [0.3968846518553458, 0.9108879579217724, 0.0]]
0.2170, [[0.0, 0.8843088169921879, 0.222326836837196], [0.9818580152750773, 0.9960256650222951, 0.0], [0.0, 0.883552331882762, 0.9944638700032127], [0.0, 0.8845929601796307, 0.1774708390435531], [0.0, 0.8845634388095068, 0.2210588939513528], [0.0, 0.8842054921967542, 0.9862377789979019], [0.0, 0.8834157955459389, 0.9999996079116973], [0.4078810943554184, 0.9270957927527252, 0.0], [0.4074453925800422, 0.928151475481178, 0.0], [0.0, 0.8843420285335774, 0.19402172840281262]]
0.1415, [[0.998792837172327, 0.9831401258367674, 0.0], [0.0, 0.8848402016544187, 0.2169899854703306], [0.0, 0.8846741439474716, 0.22837526153404636], [0.0, 0.8849509067923834, 0.2017964096469825], [0.9749022848855039, 0.9728627439803585, 0.0], [0.0, 0.8841685904840992, 0.16090473765874982], [0.4078810943554184, 0.9270957927527252, 0.0], [0.0, 0.877164645422196, 0.060355561455119465], [0.0, 0.8912957284613675, 0.0], [0.0, 0.8889670165603686, 0.0]]
0.1979, [[0.0, 0.8815338082005382, 0.17783926813517995], [0.9818580152750773, 0.9960256650222951, 0.0], [0.0, 0.8776665087143029, 0.8105644186433314], [0.9811998933720388, 0.9894431727154713, 0.0], [0.0, 0.874703301188113, 0.5851], [0.0, 0.8756959572585302, 0.01955356846882404], [0.8565432015032499, 0.9594804129226178, 0.0], [0.0, 0.8744339186857321, 0.5851], [0.0, 0.8744339186857321, 0.5851], [0.8051392103999133, 0.95417094978834, 0.0]]
0.0200, [[0.05822074322572939, 0.8886254721482221, 0.0], [0.0, 0.8748324571824052, 0.04431242484035319], [0.0, 0.8859214218352077, 0.0], [0.0, 0.88334937246316, 0.0], [0.0, 0.8830947506458411, 0.0], [0.0, 0.881120509018803, 0.0], [0.0, 0.8808990987428735, 0.0], [0.0, 0.8794193400654113, 0.0], [0.0, 0.8780945685810999, 0.0], [0.0, 0.5953566236969358, 0.0]]
0.2145, [[0.0, 0.8840947870587894, 0.2155872928176795], [0.0, 0.8842903661358604, 0.20686972294970218], [0.9984946824980223, 0.9881080445588986, 0.0], [0.0, 0.8825043232433625, 0.9661903825058124], [0.0, 0.8832534280102573, 0.2062640684867616], [0.6130141274690849, 0.951159149063048, 0.0], [0.0, 0.8812791863832192, 0.17618578262897358], [0.07666423650325623, 0.8939349352824997, 0.0], [0.0, 0.881120509018803, 0.17252333330343667], [0.07498427090598896, 0.8889670165603686, 0.0]]
0.1945, [[0.0, 0.8785300087904279, 0.7872455157723637], [0.9814562336712886, 0.9852514912936732, 0.0], [0.0, 0.8835634023965585, 0.22363871986438963], [0.9186889653058598, 0.9615917783795235, 0.0], [0.8338806535583145, 0.9595425119066444, 0.0], [0.6572194268722655, 0.9446077062482375, 0.0], [0.40794309806960655, 0.9254501696760192, 0.0], [0.4074453925800422, 0.928151475481178, 0.0], [0.40734568390452336, 0.9251707242478994, 0.0], [0.40727194975792125, 0.9172841532765161, 0.0]]
0.1776, [[0.0, 0.8840615755174, 0.21797830460285578], [0.0, 0.873134978400279, 0.5851], [0.9990891738303251, 0.9958083185782018, 0.0], [0.0, 0.8813935816924494, 0.18154843276888824], [0.9899900022151094, 0.9890084798272848, 0.0], [0.0, 0.8811611009027235, 0.1688608839779005], [0.3882426747183641, 0.9041191686628686, 0.0], [0.0, 0.8805300816163244, 0.14884648364066907], [0.0, 0.8802164170587576, 0.16159087195953192], [0.37603297035147465, 0.8975677258480581, 0.0]]
0.1438, [[0.0, 0.8839287293518422, 0.9484639919295389], [0.3979001721471843, 0.9113226508099588, 0.0], [0.3917609665545272, 0.9135892637269312, 0.0], [0.0, 0.8800097674678901, 0.8003609479105628], [0.39415900209515564, 0.9064168310718542, 0.0], [0.0, 0.8753675320159015, 0.03810170427638655], [0.0, 0.874470820398387, 0.5851], [0.0, 0.8754155042423529, 0.00908414884838936], [0.08909236909379345, 0.8959842017553789, 0.0], [0.0, 0.8866446954032441, 0.0]]
0.1402, [[0.0, 0.8840947870587894, 0.2155872928176795], [0.997420234860741, 0.9844131550093135, 0.0], [0.0, 0.8812312141567678, 0.17244208258592206], [0.38878143672137744, 0.9124404325224383, 0.0], [0.0, 0.8752937285905916, 0.010313085222788457], [0.3668974771650763, 0.8861206910835443, 0.0], [0.0, 0.8921030152537138, 0.0], [0.0, 0.8880044823079556, 0.0], [0.0, 0.8877560863718491, 0.0], [0.0, 0.8837331502747712, 0.0]]
0.1365, [[0.9754186015166171, 0.9839474126291137, 0.0], [0.0, 0.8837110092471783, 0.202453815831958], [0.0, 0.8837294601035057, 0.1808590607734805], [0.0, 0.8854749111120832, 0.0], [0.0, 0.8837036289046473, 0.20137031875582947], [0.0, 0.8850985136430031, 0.0], [0.0, 0.8850136397038968, 0.0], [0.0, 0.8848992443946665, 0.0], [0.0, 0.8844232123014181, 0.0], [0.0, 0.8842829857933294, 0.0]]
0.1772, [[0.0, 0.884677834118737, 0.22656266646337062], [0.0, 0.8737069549464302, 0.5851], [0.9922207082234749, 0.9981059809871875, 0.0], [0.0, 0.8840947870587894, 0.2155872928176795], [0.40734568390452336, 0.9251707242478994, 0.0], [0.0, 0.8829102420825665, 0.14057879914974541], [0.3758059026954612, 0.8918856688096206, 0.0], [0.0, 0.8906747386211011, 0.0], [0.06647605804240914, 0.8872282450076227, 0.0], [0.3694857132884171, 0.8871971955156094, 0.0]]
0.2143, [[0.9818580152750773, 0.9960256650222951, 0.0], [0.0, 0.884257154594471, 0.9724468571320566], [0.4029836388225836, 0.9186813804171156, 0.0], [0.3969533586737706, 0.9179361926087959, 0.0], [0.39644559852785133, 0.9127819769345848, 0.0], [0.06580768463274347, 0.8926619061099536, 0.0], [0.055059517639473525, 0.8921030152537138, 0.0], [0.0, 0.8835265006839036, 0.0], [0.0, 0.8835265006839036, 0.0], [0.0, 0.88334937246316, 0.0]]
0.1243, [[0.0, 0.8805374619588554, 0.16892589483030795], [0.916582131931227, 0.9599151058108042, 0.0], [0.916582131931227, 0.9599151058108042, 0.0], [0.0, 0.8751719529388304, 0.029566575930975253], [0.0, 0.8750944593422552, 0.03962331796656394], [0.8116446947511657, 0.9566549091494057, 0.0], [0.3898597986154336, 0.904647010027095, 0.0], [0.3892246794890198, 0.9029703374583757, 0.0], [0.3671530330140951, 0.8854453897419593, 0.0], [0.0, 0.8920719657617006, 0.0]]
0.1897, [[0.0, 0.8839951524346211, 0.9722186617399683], [0.7946344528819076, 0.9510349510949947, 0.0], [0.0, 0.8766037393898413, 0.5851], [0.0, 0.8835670925678241, 0.18318989255219917], [0.405874352524599, 0.9214758346983143, 0.0], [0.0, 0.8750944593422552, 0.03962331796656394], [0.0, 0.8778288762499845, 0.036174299526440454], [0.3963324836438594, 0.9082487511006401, 0.0], [0.07493007846736756, 0.8899606003047948, 0.0], [0.06624122414171532, 0.8885633731641954, 0.0]]
0.1077, [[0.3969533586737706, 0.9179361926087959, 0.0], [0.0, 0.8781794425202062, 0.08973553311329577], [0.0, 0.8767513462404609, 0.5851], [0.3937610052811101, 0.9102048690974792, 0.0], [0.3915741175239332, 0.9162284705480633, 0.0], [0.0, 0.8781794425202062, 0.07583533920499376], [0.0, 0.8779063698465598, 0.08952996520054528], [0.0, 0.876714444527806, 0.5851], [0.39152552001821816, 0.9102048690974792, 0.0], [0.0, 0.8765151752794694, 0.5851]]
0.2130, [[0.0, 0.8834157955459389, 0.9999996079116973], [0.9679629166426911, 0.9734216348365983, 0.0], [0.0, 0.8834748382861868, 0.9835814591657375], [0.0, 0.8844305926439491, 0.16308113654301482], [0.0, 0.8846446225773477, 0.13182001291526127], [0.40525934271089487, 0.919209221781342, 0.0], [0.0, 0.8794304105792079, 0.8151823562531892], [0.0, 0.8811611009027235, 0.1688608839779005], [0.0, 0.8802274875725541, 0.16829012466814958], [0.06844504997899097, 0.8970088349918184, 0.0]]
0.1064, [[0.0, 0.8866705266021025, 0.0], [0.0, 0.8832423574964607, 0.9821285367517811], [0.0, 0.8837036289046473, 0.0], [0.0, 0.8829655946515489, 0.9698227669583623], [0.0, 0.8817330774488746, 0.0], [0.0, 0.8815153573442107, 0.0], [0.0, 0.8789580686572249, 0.0], [0.0, 0.8788805750606496, 0.0], [0.0, 0.8788510536905256, 0.0], [0.0, 0.878448825022587, 0.0]]
0.1232, [[0.9191327274536664, 0.9657834598013216, 0.0], [0.0, 0.8838512357552669, 0.14829864515318963], [0.837240043018387, 0.9617780753316034, 0.0], [0.40692422622564983, 0.9239287445673666, 0.0], [0.40512109118601586, 0.9194265682254352, 0.0], [0.055836275926381976, 0.8929413515380735, 0.0], [0.0651212470768709, 0.8901158477648614, 0.0], [0.0, 0.8857848854983845, 0.0], [0.0, 0.8851317251843925, 0.0], [0.0, 0.8848992443946665, 0.0]]
0.1975, [[0.0, 0.8799101328437218, 0.7935556280783983], [0.9878483790057738, 0.9851583428176331, 0.0], [0.0, 0.8776665087143029, 0.8105644186433314], [0.3893729856702536, 0.9094596812891595, 0.0], [0.0, 0.8775041411786212, 0.08778263794216873], [0.0, 0.8744892712547144, 0.5851], [0.0, 0.8784266839949941, 0.08384981541938757], [0.0, 0.8778214959074535, 0.08428258726770492], [0.38878143672137744, 0.9124404325224383, 0.0], [0.3942126269290481, 0.9038707727267621, 0.0]]
0.1088, [[0.0, 0.8770834616543551, 0.5851], [0.0, 0.8779432715592147, 0.08759058611968176], [0.40697533739545355, 0.9188987268612088, 0.0], [0.0, 0.876895262919815, 0.5851], [0.0, 0.8778805386477013, 0.08757707002941824], [0.3919017317434949, 0.9113226508099588, 0.0], [0.39159757838876114, 0.9150796393435705, 0.0], [0.0, 0.8764007799702391, 0.5851], [0.0, 0.8777698335097366, 0.07582994304728455], [0.0, 0.8776628185430373, 0.07979252152543566]]
0.0971, [[0.8213495976358208, 0.9541399002963267, 0.0], [0.40692422622564983, 0.9239287445673666, 0.0], [0.06723475218311001, 0.8915441243974741, 0.0], [0.022345348858276673, 0.8896190558926482, 0.0], [0.0, 0.8813197782671396, 0.0], [0.0, 0.8798584704460048, 0.0], [0.0, 0.6271380500613712, 0.0], [0.0, 0.5986010739623139, 0.0], [0.0, 0.5872454980334897, 0.0], [0.0, 0.5126231419297868, 0.0]]
0.1470, [[0.40409384046176344, 0.9218484286024742, 0.0], [0.0, 0.8841390691139752, 0.970637918539379], [0.3913713486207773, 0.9173462522605428, 0.0], [0.3915741175239332, 0.9162284705480633, 0.0], [0.0, 0.8803123615116604, 0.15528368865250755], [0.0, 0.8788805750606496, 0.7888230438488724], [0.39152552001821816, 0.9102048690974792, 0.0], [0.0, 0.8777698335097366, 0.07582994304728455], [0.38972657441873204, 0.9053921978354147, 0.0], [0.3693365692191537, 0.8856852508742162, 0.0]]
0.1941, [[0.0, 0.87937136783896, 0.8086659270823484], [0.9747622976298852, 0.9682984686544005, 0.0], [0.0, 0.884497015726728, 0.20580673127287055], [0.8160172334134831, 0.9584247301941649, 0.0], [0.8213495976358208, 0.9541399002963267, 0.0], [0.0, 0.8816334428247063, 0.1658180163413936], [0.40598076430435437, 0.919985459081675, 0.0], [0.3972818107813619, 0.9104532650335858, 0.0], [0.39650844013006903, 0.9051127524072948, 0.0], [0.39650089913780295, 0.906385781579841, 0.0]]
0.2046, [[0.9187387330233708, 0.9590457200344312, 0.0], [0.0, 0.8837220797609747, 0.9831878809276302], [0.0, 0.884271915279533, 0.21438086612972634], [0.40361708217293824, 0.9184019349889957, 0.0], [0.0, 0.8836667271919924, 0.9785819412198302], [0.055836275926381976, 0.8929413515380735, 0.0], [0.05699238128364153, 0.887942383323929, 0.0], [0.0, 0.8795706370872965, 0.8052265284923169], [0.0, 0.8829508339664869, 0.18335588864174507], [0.0, 0.8836261353080719, 0.16947799885197642]]
0.1422, [[0.9925152268651662, 0.9890084798272848, 0.0], [0.0, 0.8835634023965585, 0.22363871986438963], [0.9923552414301734, 0.9998758020319467, 0.0], [0.0, 0.8820873338903619, 0.1039745543337881], [0.981343516660271, 0.9911819442682172, 0.0], [0.9906663042812153, 0.9842268580572335, 0.0], [0.9816653055465634, 0.9895363211915112, 0.0], [0.981212619486186, 0.9837300661850205, 0.0], [0.8274284928492848, 0.9595735613986577, 0.0], [0.8226293650491807, 0.9605981946350972, 0.0]]
0.2167, [[0.0, 0.8841390691139752, 0.970637918539379], [0.0, 0.8826482399227166, 0.9784690197886936], [0.9962730665711904, 0.9945352894056557, 0.0], [0.9922207082234749, 0.9981059809871875, 0.0], [0.0, 0.8840209836334795, 0.21467950491497467], [0.0, 0.8795669469160311, 0.8473749231699711], [0.0, 0.8798769213023323, 0.816007858965393], [0.9826688505478819, 0.9859966791019928, 0.0], [0.982005274595923, 0.9890395293192982, 0.0], [0.0, 0.8792975644136501, 0.7985220537715696]]
0.1150, [[0.9720116389577931, 0.9729869419484118, 0.0], [0.803166235637648, 0.9532394650279404, 0.0], [0.7938879218907815, 0.9467190717051432, 0.0], [0.40734568390452336, 0.9251707242478994, 0.0], [0.4051939874445884, 0.917159955308463, 0.0], [0.0, 0.8866299347181822, 0.0], [0.0, 0.882936073281425, 0.0], [0.0, 0.8824932527295659, 0.0], [0.0, 0.8824231394755216, 0.0], [0.0, 0.8820319813213795, 0.0]]
0.1296, [[0.0, 0.8839287293518422, 0.18239922696778385], [0.39635426873262825, 0.9121920365863317, 0.0], [0.0, 0.8796702717114648, 0.8090006920750724], [0.0, 0.8830283275630623, 0.13093293597976632], [0.0, 0.8829065519113011, 0.13759806441486666], [0.3882426747183641, 0.9041191686628686, 0.0], [0.0, 0.8769284744612045, 0.5851], [0.08275185377507481, 0.892506658649887, 0.0], [0.3668974771650763, 0.8861206910835443, 0.0], [0.0, 0.8778805386477013, 0.08757707002941824]]
0.0673, [[0.0, 0.9030634859344158, 0.0], [0.0, 0.8816334428247063, 0.1658180163413936], [0.0, 0.8841759708266301, 0.1515909180598406], [0.0, 0.8762974551748054, 0.5851], [0.0, 0.8850837529579412, 0.0], [0.0, 0.8813862013499184, 0.15331532449594568], [0.0, 0.8731091472014206, 0.5851], [0.0, 0.8849878085050383, 0.0], [0.0, 0.8848918640521356, 0.0], [0.0, 0.8845781994945687, 0.0]]
0.1393, [[0.9822270725853449, 0.9909956473161372, 0.0], [0.0, 0.8842423939094091, 0.21536913387027343], [0.9175774862814472, 0.9619643722836833, 0.0], [0.803166235637648, 0.9532394650279404, 0.0], [0.40315373009258626, 0.9152659362956503, 0.0], [0.40320567915041955, 0.9137134616949845, 0.0], [0.3964740867208567, 0.9089628894169465, 0.0], [0.39619507000701, 0.9126267294745182, 0.0], [0.39635762028474647, 0.9082487511006401, 0.0], [0.38867167338950376, 0.9119746901422385, 0.0]]
0.1770, [[0.0, 0.876917403947408, 0.5851], [0.0, 0.8848918640521356, 0.2307076864640885], [0.9924479602618169, 0.995342576198002, 0.0], [0.0, 0.8778214959074535, 0.08428258726770492], [0.0, 0.8781905130340026, 0.08324123161369044], [0.9890282715888458, 0.9891326777953381, 0.0], [0.0, 0.8779395813879493, 0.07214056432517744], [0.405874352524599, 0.9214758346983143, 0.0], [0.3918355385891589, 0.9106395619856658, 0.0], [0.0, 0.877164645422196, 0.060355561455119465]]
0.2121, [[0.0, 0.8833309216068326, 0.9518362650021739], [0.9822270725853449, 0.9909956473161372, 0.0], [0.0, 0.8843973811025597, 0.1932706346416011], [0.0, 0.8842534644232055, 0.20973816621224048], [0.9864848667757216, 0.9765886830219569, 0.0], [0.0, 0.8837220797609747, 0.18937748672598137], [0.9762294367894215, 0.9711860714116393, 0.0], [0.3970916101986496, 0.9159490251199434, 0.0], [0.0, 0.8845634388095068, 0.0], [0.0, 0.8844564238428075, 0.0]]
0.2129, [[0.0, 0.8829914258504074, 0.9794467311799502], [0.9754186015166171, 0.9839474126291137, 0.0], [0.0, 0.8845007058979935, 0.2210940460644327], [0.9740369091234974, 0.9738873772167981, 0.0], [0.9720407272187008, 0.975346703341424, 0.0], [0.0, 0.8837294601035057, 0.1808590607734805], [0.0, 0.8841759708266301, 0.1515909180598406], [0.0, 0.8779063698465598, 0.08957323724617951], [0.3914408933272316, 0.9141481545831709, 0.0], [0.3919017317434949, 0.9113226508099588, 0.0]]
0.1425, [[0.0, 0.883131652358496, 0.9817992609952936], [0.36665616541256024, 0.8852682615212157, 0.0], [0.0, 0.8837110092471783, 0.202453815831958], [0.0, 0.8834859087999832, 0.0], [0.0, 0.8820873338903619, 0.1039745543337881], [0.0, 0.8778805386477013, 0.08757707002941824], [0.0, 0.8803898551082358, 0.0], [0.0, 0.8752014743089543, 0.002308681836119899], [0.0, 0.8802348679150851, 0.0], [0.0, 0.8790872246515171, 0.0]]
0.1760, [[0.9947222986615443, 0.9853135902776997, 0.0], [0.0, 0.8738434912832534, 0.5851], [0.0, 0.8836261353080719, 0.16947799885197642], [0.0, 0.8814895261453523, 0.18029714088397816], [0.0, 0.8831833147562129, 0.1709411798629549], [0.4074453925800422, 0.9189608258452354, 0.0], [0.0, 0.8834859087999832, 0.16510145798952458], [0.397001118291456, 0.910670611477679, 0.0], [0.3915741175239332, 0.9162284705480633, 0.0], [0.3667382784394581, 0.8859730842329246, 0.0]]
0.2161, [[0.0, 0.8832423574964607, 0.9821285367517811], [0.9937060275460785, 0.9924239239487499, 0.0], [0.0, 0.8846151012072236, 0.21303676033220936], [0.0, 0.8845007058979935, 0.2210940460644327], [0.0, 0.8851870777533749, 0.1956678134641604], [0.0, 0.8830504685906552, 0.9738895852501466], [0.9925388610771537, 0.991740835124457, 0.0], [0.0, 0.8845634388095068, 0.20785804208222733], [0.0, 0.8848734131958081, 0.18018541472339786], [0.0, 0.8825043232433625, 0.9661903825058124]]
0.2033, [[0.0, 0.8848512721682151, 0.21963862524216138], [0.0, 0.8846741439474716, 0.22837526153404636], [0.9170424833182039, 0.9613123329514036, 0.0], [0.0, 0.8825744364974067, 0.9703217385321972], [0.0, 0.8839361096943732, 0.21693432795795375], [0.0, 0.8840209836334795, 0.21467950491497467], [0.397306947422249, 0.9048022574871616, 0.0], [0.39687292142293185, 0.9075035632923204, 0.0], [0.0, 0.87937136783896, 0.8086659270823484], [0.0, 0.8796665815401993, 0.7912810454176038]]
0.1422, [[0.0, 0.884685214461268, 0.22204135439836406], [0.9929206445015684, 0.9994100596517469, 0.0], [0.9948459237704023, 0.9964603579104815, 0.0], [0.0, 0.8841685904840992, 0.2208245979227957], [0.38878143672137744, 0.9124404325224383, 0.0], [0.0, 0.8841427592852408, 0.21474687979837861], [0.3698258958284224, 0.8861391419398718, 0.0], [0.0, 0.8920719657617006, 0.0], [0.3673490988130144, 0.8858217872110394, 0.0], [0.0, 0.8889670165603686, 0.0]]
0.1747, [[0.9888773762353866, 0.9796936322232889, 0.0], [0.0, 0.876242102605823, 0.5851], [0.38980282222942286, 0.9090560378929864, 0.0], [0.38975590049976694, 0.9181224895608758, 0.0], [0.3758059026954612, 0.8918856688096206, 0.0], [0.0, 0.9030634859344158, 0.0], [0.0, 0.8920719657617006, 0.0], [0.0, 0.8920409162696872, 0.0], [0.0, 0.8915751738894874, 0.0], [0.0, 0.890954184049221, 0.0]]
