mean:0.594570,,,,,,,,,,,,,,,,,,,,
0.2152, [[0.7637048768165527, 0.0], [0.0, 0.49880933333333477], [0.6375313329235337, 0.12386274409044182], [0.0, 0.1732424803014731], [0.41133831980906943, 0.0], [0.0, 0.13765053100376834], [0.3289036754176611, 0.0], [0.0, 0.12369630010277498], [0.28811470167064424, 0.0], [0.28651635322195695, 0.0]]
1.0379, [[0.9999997980992896, 0.1376194073312779], [0.800454857169367, 1.0], [0.9927527740020132, 0.0], [0.9855059518054472, 0.09218290510448791], [0.7674098053606431, 0.1888706235011991], [0.7657623758017188, 0.604065], [0.9644410449925779, 0.0], [0.7582860064717412, 0.3452332476875644], [0.9436684904082945, 0.0], [0.0, 0.3336633607399796]]
0.5165, [[0.6639161313369133, 0.49467533333332975], [0.0, 0.49880933333333477], [0.9855059518054472, 0.09218290510448791], [0.23564050536150405, 0.2630261562178829], [0.35249839618138423, 0.15587547105173], [0.0, 0.2629733812949642], [0.17057953498248396, 0.0], [0.0, 0.23563597122302166], [0.0, 0.20813888317917084], [0.0, 0.18137929085303192]]
1.0097, [[0.9927527740020132, 0.0], [0.800454857169367, 1.0], [0.9644410449925779, 0.0], [0.7601600604029181, 0.7166169011592433], [0.7799099051043248, 0.2066273552586501], [0.9471048404984388, 0.0], [0.0, 0.6056073684210526], [0.7379753670219552, 0.6021808771929824], [0.7674098053606431, 0.1888706235011991], [0.9436684904082945, 0.0]]
0.3936, [[0.0, 0.3336633607399796], [0.9999997980992896, 0.1376194073312779], [0.6207567325384709, 0.31900140459061344], [0.9855059518054472, 0.09218290510448791], [0.0, 0.30145306611853384], [0.9666385323240192, 0.0], [0.7638429969960914, 0.0627683281945871], [0.0, 0.19052965056526205], [0.4316488496420049, 0.021924597464885016], [0.0, 0.18137929085303192]]
0.2867, [[0.0, 0.3907604145255224], [0.9999997980992896, 0.1376194073312779], [0.0, 0.34066889345666307], [0.9927527740020132, 0.0], [0.7638429969960914, 0.0627683281945871], [0.0, 0.22829755053100392], [0.7742198900963803, 0.0], [0.0, 0.1725604659129838], [0.773451691583257, 0.0], [0.0, 0.1672112538540597]]
0.5584, [[0.6479269102422843, 0.6130365789473684], [0.6427195559782419, 0.6167300877192982], [0.8554970368938, 0.0], [0.6537707795084724, 0.2816069886947584], [0.6207567325384709, 0.31900140459061344], [0.5733547283303767, 0.6021595614035088], [0.8188458496190022, 0.0], [0.6375313329235337, 0.12386274409044182], [0.4620461384248211, 0.3148741349777323], [0.8188238576680854, 0.0]]
0.4029, [[0.6453431242040801, 0.32563480644056203], [0.9999997980992896, 0.1376194073312779], [0.6681087269226754, 0.19912925659472436], [0.3376813747016706, 0.2781915039397054], [0.7432437802391528, 0.09548066118533725], [0.819707111631737, 0.0], [0.7595544771691352, 0.08353052415210695], [0.8128116516393917, 0.07278338472079468], [0.6479012529662147, 0.10724270298047277], [0.6470840642534882, 0.0]]
0.5931, [[0.6639161313369133, 0.49467533333332975], [0.6524388361072129, 0.6055407894736842], [0.8215923403347212, 0.2197615450496747], [0.8712630595635532, 0.0], [0.0, 0.32343991092840024], [0.3376813747016706, 0.2781915039397054], [0.6359911811739599, 0.09940765673175751], [0.819707111631737, 0.0], [0.4316488496420049, 0.021924597464885016], [0.7410362711172452, 0.0]]
1.0268, [[0.9927527740020132, 0.0], [0.800454857169367, 1.0], [0.9855059518054472, 0.09218290510448791], [0.6524388361072129, 0.6055407894736842], [0.7657623758017188, 0.604065], [0.9666385323240192, 0.0], [0.0, 0.30755871873929447], [0.3376813747016706, 0.2781915039397054], [0.47338465860802836, 0.11036724905789642], [0.9436684904082945, 0.0]]
0.2558, [[0.1511785964539744, 0.19737009249743065], [0.7674098053606431, 0.1888706235011991], [0.0, 0.22829755053100392], [0.6264305548908782, 0.03094504967454595], [0.0, 0.21718369304556365], [0.4316488496420049, 0.021924597464885016], [0.0, 0.087697036656389], [0.0, 0.07562646454265166], [0.0, 0.07255063377869114], [0.0, 0.051907519698526666]]
0.5453, [[0.5890673889186845, 0.614847192982456], [0.6655510451514132, 0.336640407673861], [0.6524388361072129, 0.6055407894736842], [0.6880495261247259, 0.0], [0.47273391311522744, 0.6081806140350877], [0.6359911811739599, 0.09940765673175751], [0.6359911811739599, 0.09940765673175751], [0.589468077891002, 0.2121795477903393], [0.4316488496420049, 0.021924597464885016], [0.6354251119332877, 0.0]]
0.6856, [[0.9644410449925779, 0.0], [0.644169326173438, 0.7381302013422817], [0.7674098053606431, 0.1888706235011991], [0.6599785887428816, 0.608362543859649], [0.6354974350564248, 0.6743179664429527], [0.6880495261247259, 0.0], [0.6537707795084724, 0.2816069886947584], [0.6514671673490218, 0.3337702637889689], [0.494107095177194, 0.2753430113052415], [0.4620461384248211, 0.3148741349777323]]
0.7096, [[0.644169326173438, 0.7381302013422817], [0.6537707795084724, 0.2816069886947584], [0.9999997980992896, 0.1376194073312779], [0.6427195559782419, 0.6167300877192982], [0.9855059518054472, 0.09218290510448791], [0.5890673889186845, 0.614847192982456], [0.6375313329235337, 0.12386274409044182], [0.6163208894756385, 0.6054737719298245], [0.6207567325384709, 0.31900140459061344], [0.6409264073949502, 0.0]]
0.2147, [[0.0, 0.30145306611853384], [0.6313329104974427, 0.17645904419321695], [0.0, 0.1274974477560807], [0.5900303725401215, 0.0], [0.0, 0.10136980130181569], [0.5513770213292629, 0.0], [0.0, 0.09830750256937289], [0.5509716770493833, 0.0], [0.0, 0.09092307297019533], [0.5001762861504189, 0.0]]
0.5432, [[0.6427195559782419, 0.6167300877192982], [0.6479269102422843, 0.6130365789473684], [0.6524388361072129, 0.6055407894736842], [0.6537707795084724, 0.2816069886947584], [0.6880495261247259, 0.0], [0.5733547283303767, 0.6021595614035088], [0.5867982590040844, 0.2904961801986982], [0.6479012529662147, 0.10724270298047277], [0.0, 0.34066889345666307], [0.6359911811739599, 0.09940765673175751]]
0.5621, [[0.5890673889186845, 0.614847192982456], [0.7674098053606431, 0.1888706235011991], [0.9471048404984388, 0.0], [0.0, 0.3501494347379238], [0.23564050536150405, 0.2630261562178829], [0.4891887627377366, 0.0016130181569028602], [0.48582729815586445, 0.004944604316546528], [0.8712630595635532, 0.0], [0.0, 0.09988939705378534], [0.8188238576680854, 0.0]]
0.4406, [[0.0, 0.6056073684210526], [0.9999997980992896, 0.1376194073312779], [0.4620461384248211, 0.3148741349777323], [0.1200598280072186, 0.6055095614035088], [0.7674098053606431, 0.1888706235011991], [0.9927527740020132, 0.0], [0.3376813747016706, 0.2781915039397054], [0.42543751789976125, 0.02486104830421356], [0.43467502625298365, 0.004927012675573837], [0.0, 0.1750652449468996]]
0.7221, [[0.7601600604029181, 0.7166169011592433], [0.8215923403347212, 0.2197615450496747], [0.0, 0.3907604145255224], [0.494107095177194, 0.2753430113052415], [0.8188238576680854, 0.0], [0.6313329104974427, 0.17645904419321695], [0.0, 0.3652078794107574], [0.8154374548195915, 0.0], [0.6264305548908782, 0.03094504967454595], [0.528368496225092, 0.09052117163412134]]
1.0097, [[0.800454857169367, 1.0], [0.9927527740020132, 0.0], [0.7657623758017188, 0.604065], [0.6427195559782419, 0.6167300877192982], [0.9644410449925779, 0.0], [0.6639161313369133, 0.49467533333332975], [0.7400446665661498, 0.18285834189791034], [0.0, 0.49880933333333477], [0.819707111631737, 0.0], [0.8188238576680854, 0.0]]
0.3924, [[0.0, 0.3907604145255224], [0.8154374548195915, 0.0], [0.7582860064717412, 0.3452332476875644], [0.8130963848250425, 0.0], [0.6264305548908782, 0.03094504967454595], [0.494107095177194, 0.2753430113052415], [0.7513425396597118, 0.0], [0.2652284616201307, 0.08187420349434728], [0.0, 0.2706473963686195], [0.42543751789976125, 0.02486104830421356]]
0.5328, [[0.6427195559782419, 0.6167300877192982], [0.6470840642534882, 0.0], [0.6264305548908782, 0.03094504967454595], [0.4907243491893231, 0.22187254196642672], [0.4793913354511323, 0.009238317917094788], [0.0, 0.1173267728674204], [0.18399955833952786, 0.0], [0.0, 0.09207735525865027], [0.17057953498248396, 0.0], [0.0, 0.0683056354916066]]
1.0379, [[0.9999997980992896, 0.1376194073312779], [0.800454857169367, 1.0], [0.9644410449925779, 0.0], [0.1200598280072186, 0.6055095614035088], [0.7663603601906728, 0.35413867762932494], [0.8154374548195915, 0.0], [0.494107095177194, 0.2753430113052415], [0.46245158949880694, 0.2868357656731758], [0.7638429969960914, 0.0627683281945871], [0.4891887627377366, 0.0016130181569028602]]
0.6756, [[0.6427195559782419, 0.6167300877192982], [0.7657623758017188, 0.604065], [0.9999997980992896, 0.1376194073312779], [0.6479269102422843, 0.6130365789473684], [0.7799099051043248, 0.2066273552586501], [0.819707111631737, 0.0], [0.1200598280072186, 0.6055095614035088], [0.5867982590040844, 0.2904961801986982], [0.0, 0.6056073684210526], [0.7674098053606431, 0.1888706235011991]]
0.6285, [[0.7379753670219552, 0.6021808771929824], [0.6163208894756385, 0.6054737719298245], [0.5890673889186845, 0.614847192982456], [0.7799099051043248, 0.2066273552586501], [0.9644410449925779, 0.0], [0.589468077891002, 0.2121795477903393], [0.5733547283303767, 0.6021595614035088], [0.6681087269226754, 0.19912925659472436], [0.7400446665661498, 0.18285834189791034], [0.8188238576680854, 0.0]]
0.5583, [[0.7432437802391528, 0.09548066118533725], [0.6479269102422843, 0.6130365789473684], [0.6639161313369133, 0.49467533333332975], [0.0, 0.6056073684210526], [0.550399406741202, 0.2752726447413498], [0.6313329104974427, 0.17645904419321695], [0.0, 0.21718369304556365], [0.5513770213292629, 0.0], [0.0, 0.21488730729701958], [0.5388904888815546, 0.0]]
0.6364, [[0.5890673889186845, 0.614847192982456], [0.7379753670219552, 0.6021808771929824], [0.9471048404984388, 0.0], [0.8215923403347212, 0.2197615450496747], [0.0, 0.6056073684210526], [0.6639161313369133, 0.49467533333332975], [0.8188458496190022, 0.0], [0.7674098053606431, 0.1888706235011991], [0.6514671673490218, 0.3337702637889689], [0.8078974339893993, 0.0]]
0.5668, [[0.8188458496190022, 0.0], [0.7601539813270548, 0.14123245974648851], [0.6427195559782419, 0.6167300877192982], [0.7638429969960914, 0.0627683281945871], [0.7742198900963803, 0.0], [0.4907243491893231, 0.22187254196642672], [0.0, 0.3336633607399796], [0.7561995424780505, 0.0], [0.34823389976133634, 0.1332634463857485], [0.0, 0.26006940733127776]]
0.7392, [[0.9927527740020132, 0.0], [0.8215923403347212, 0.2197615450496747], [0.7601600604029181, 0.7166169011592433], [0.9644410449925779, 0.0], [0.7674098053606431, 0.1888706235011991], [0.0, 0.49880933333333477], [0.9471048404984388, 0.0], [0.47338465860802836, 0.11036724905789642], [0.45971209546539377, 0.12615101062007542], [0.0, 0.22829755053100392]]
0.3054, [[0.550399406741202, 0.2752726447413498], [0.0, 0.6056073684210526], [0.6264305548908782, 0.03094504967454595], [0.4620461384248211, 0.3148741349777323], [0.0, 0.49880933333333477], [0.554240700523949, 0.0], [0.4316488496420049, 0.021924597464885016], [0.0, 0.3492089585474478], [0.5509716770493833, 0.0], [0.0, 0.19808864337101756]]
0.3232, [[0.7340690243908097, 0.11982207947927372], [0.9855059518054472, 0.09218290510448791], [0.6313329104974427, 0.17645904419321695], [0.3376813747016706, 0.2781915039397054], [0.0, 0.3336633607399796], [0.7638429969960914, 0.0627683281945871], [0.8991382792372135, 0.0], [0.0, 0.2706473963686195], [0.8188238576680854, 0.0], [0.0, 0.18302478588557716]]
0.6248, [[0.6639161313369133, 0.49467533333332975], [0.9999997980992896, 0.1376194073312779], [0.6427195559782419, 0.6167300877192982], [0.7340690243908097, 0.11982207947927372], [0.9436684904082945, 0.0], [0.5890673889186845, 0.614847192982456], [0.6264305548908782, 0.03094504967454595], [0.8991382792372135, 0.0], [0.5867982590040844, 0.2904961801986982], [0.494107095177194, 0.2753430113052415]]
1.0268, [[0.800454857169367, 1.0], [0.9855059518054472, 0.09218290510448791], [0.9927527740020132, 0.0], [0.7601600604029181, 0.7166169011592433], [0.7657623758017188, 0.604065], [0.8188458496190022, 0.0], [0.1200598280072186, 0.6055095614035088], [0.7432437802391528, 0.09548066118533725], [0.7379753670219552, 0.6021808771929824], [0.8154374548195915, 0.0]]
0.6508, [[0.7400446665661498, 0.18285834189791034], [0.7379753670219552, 0.6021808771929824], [0.9999997980992896, 0.1376194073312779], [0.7432437802391528, 0.09548066118533725], [0.34823389976133634, 0.1332634463857485], [0.7340690243908097, 0.11982207947927372], [0.9855059518054472, 0.09218290510448791], [0.8128116516393917, 0.07278338472079468], [0.8991382792372135, 0.0], [0.0, 0.07502970195272343]]
1.0106, [[0.9927527740020132, 0.0], [0.800454857169367, 1.0], [0.8128116516393917, 0.07278338472079468], [0.9666385323240192, 0.0], [0.9666385323240192, 0.0], [0.6313329104974427, 0.17645904419321695], [0.0, 0.49880933333333477], [0.494107095177194, 0.2753430113052415], [0.4620461384248211, 0.3148741349777323], [0.9471048404984388, 0.0]]
1.0397, [[0.8215923403347212, 0.2197615450496747], [0.800454857169367, 1.0], [0.9999997980992896, 0.1376194073312779], [0.6354974350564248, 0.6743179664429527], [0.9471048404984388, 0.0], [0.7340690243908097, 0.11982207947927372], [0.46245158949880694, 0.2868357656731758], [0.8078974339893993, 0.0], [0.0, 0.24176733470366582], [0.43467502625298365, 0.004927012675573837]]
0.4386, [[0.7663603601906728, 0.35413867762932494], [0.9666385323240192, 0.0], [0.0, 0.6056073684210526], [0.7340690243908097, 0.11982207947927372], [0.6681087269226754, 0.19912925659472436], [0.7595544771691352, 0.08353052415210695], [0.773451691583257, 0.0], [0.0, 0.49880933333333477], [0.0, 0.32343991092840024], [0.6359911811739599, 0.09940765673175751]]
1.0379, [[0.800454857169367, 1.0], [0.9999997980992896, 0.1376194073312779], [0.0, 0.3907604145255224], [0.494107095177194, 0.2753430113052415], [0.7799099051043248, 0.2066273552586501], [0.9855059518054472, 0.09218290510448791], [0.6313329104974427, 0.17645904419321695], [0.8128116516393917, 0.07278338472079468], [0.0, 0.22829755053100392], [0.9666385323240192, 0.0]]
0.3089, [[0.0, 0.34066889345666307], [0.6515533471891998, 0.0], [0.6281044704814556, 0.22377243919150405], [0.6207567325384709, 0.31900140459061344], [0.1511785964539744, 0.19737009249743065], [0.4891887627377366, 0.0016130181569028602], [0.42543751789976125, 0.02486104830421356], [0.0, 0.21718369304556365], [0.5900303725401215, 0.0], [0.0, 0.1672112538540597]]
1.0097, [[0.9927527740020132, 0.0], [0.800454857169367, 1.0], [0.9666385323240192, 0.0], [0.6427195559782419, 0.6167300877192982], [0.6599785887428816, 0.608362543859649], [0.6655510451514132, 0.336640407673861], [0.9436684904082945, 0.0], [0.1200598280072186, 0.6055095614035088], [0.6537707795084724, 0.2816069886947584], [0.6514671673490218, 0.3337702637889689]]
0.053, [[0.0, 0.21488730729701958], [0.21546399405456945, 0.0], [0.0, 0.19808864337101756], [0.0, 0.15263319630010266], [0.0, 0.14085626927029804], [0.0, 0.13225936964713936], [0.0, 0.1173267728674204], [0.0, 0.087697036656389], [0.0, 0.07853314491264114], [0.0, 0.0683056354916066]]
0.7083, [[0.644169326173438, 0.7381302013422817], [0.9999997980992896, 0.1376194073312779], [0.6207567325384709, 0.31900140459061344], [0.6163208894756385, 0.6054737719298245], [0.9927527740020132, 0.0], [0.9855059518054472, 0.09218290510448791], [0.46245158949880694, 0.2868357656731758], [0.8128116516393917, 0.07278338472079468], [0.9666385323240192, 0.0], [0.9644410449925779, 0.0]]
0.5703, [[0.9855059518054472, 0.09218290510448791], [0.6375313329235337, 0.12386274409044182], [0.5890673889186845, 0.614847192982456], [0.8188238576680854, 0.0], [0.0, 0.3501494347379238], [0.34708568019093067, 0.11279895512161693], [0.3905452696897376, 0.06621764302843418], [0.8154374548195915, 0.0], [0.0, 0.3128429770469338], [0.0, 0.18137929085303192]]
0.3878, [[0.0, 0.6056073684210526], [0.6514671673490218, 0.3337702637889689], [0.8991382792372135, 0.0], [0.7340690243908097, 0.11982207947927372], [0.23564050536150405, 0.2630261562178829], [0.7637048768165527, 0.0], [0.35165994272076373, 0.004093439534086793], [0.4891887627377366, 0.0016130181569028602], [0.0, 0.24176733470366582], [0.7410362711172452, 0.0]]
1.0004, [[0.8991382792372135, 0.0], [0.800454857169367, 1.0], [0.8154374548195915, 0.0], [0.644169326173438, 0.7381302013422817], [0.7799099051043248, 0.2066273552586501], [0.6313329104974427, 0.17645904419321695], [0.1200598280072186, 0.6055095614035088], [0.23564050536150405, 0.2630261562178829], [0.7684266201969358, 0.0], [0.7684266201969358, 0.0]]
0.5196, [[0.6514671673490218, 0.3337702637889689], [0.5890673889186845, 0.614847192982456], [0.6453431242040801, 0.32563480644056203], [0.6455939754816112, 0.0], [0.0, 0.6056073684210526], [0.5867982590040844, 0.2904961801986982], [0.6354251119332877, 0.0], [0.0, 0.26006940733127776], [0.5883518016419819, 0.0], [0.25436753795519756, 0.0]]
0.2638, [[0.0, 0.30755871873929447], [0.7674098053606431, 0.1888706235011991], [0.7809955565349509, 0.0], [0.0, 0.2706473963686195], [0.2841305584725535, 0.1566522096608428], [0.35249839618138423, 0.15587547105173], [0.7340690243908097, 0.11982207947927372], [0.7644752208858631, 0.0], [0.0, 0.22829755053100392], [0.5388904888815546, 0.0]]
0.4258, [[0.9855059518054472, 0.09218290510448791], [0.7582860064717412, 0.3452332476875644], [0.7638429969960914, 0.0627683281945871], [0.8991382792372135, 0.0], [0.0, 0.30145306611853384], [0.8188238576680854, 0.0], [0.0, 0.21718369304556365], [0.8130963848250425, 0.0], [0.0, 0.18137929085303192], [0.0, 0.18137929085303192]]
0.6273, [[0.6639161313369133, 0.49467533333332975], [0.7595544771691352, 0.08353052415210695], [0.6354974350564248, 0.6743179664429527], [0.9927527740020132, 0.0], [0.6375313329235337, 0.12386274409044182], [0.6479012529662147, 0.10724270298047277], [0.6207567325384709, 0.31900140459061344], [0.9644410449925779, 0.0], [0.5655075423903626, 0.23785793079821854], [0.9471048404984388, 0.0]]
0.5114, [[0.5733547283303767, 0.6021595614035088], [0.8078974339893993, 0.0], [0.6207567325384709, 0.31900140459061344], [0.0, 0.3652078794107574], [0.6409264073949502, 0.0], [0.46245158949880694, 0.2868357656731758], [0.550399406741202, 0.2752726447413498], [0.0, 0.3128429770469338], [0.5883518016419819, 0.0], [0.35249839618138423, 0.15587547105173]]
0.5348, [[0.6479269102422843, 0.6130365789473684], [0.6514671673490218, 0.3337702637889689], [0.6515533471891998, 0.0], [0.0, 0.34066889345666307], [0.46245158949880694, 0.2868357656731758], [0.550399406741202, 0.2752726447413498], [0.6455939754816112, 0.0], [0.3283731264916466, 0.26417367249057894], [0.4891887627377366, 0.0016130181569028602], [0.643332380464156, 0.0]]
0.6416, [[0.8215923403347212, 0.2197615450496747], [0.6354974350564248, 0.6743179664429527], [0.9471048404984388, 0.0], [0.7638429969960914, 0.0627683281945871], [0.7432437802391528, 0.09548066118533725], [0.6479012529662147, 0.10724270298047277], [0.6479012529662147, 0.10724270298047277], [0.589468077891002, 0.2121795477903393], [0.5733547283303767, 0.6021595614035088], [0.8991382792372135, 0.0]]
0.7028, [[0.7601600604029181, 0.7166169011592433], [0.7637048768165527, 0.0], [0.6479269102422843, 0.6130365789473684], [0.7340690243908097, 0.11982207947927372], [0.6514671673490218, 0.3337702637889689], [0.7394452518064045, 0.0], [0.737462132102388, 0.0], [0.6354144735505272, 0.11015344295991782], [0.0, 0.3336633607399796], [0.3283731264916466, 0.26417367249057894]]
0.3342, [[0.7674098053606431, 0.1888706235011991], [0.9855059518054472, 0.09218290510448791], [0.0, 0.6056073684210526], [0.7809955565349509, 0.0], [0.0, 0.3501494347379238], [0.773451691583257, 0.0], [0.0, 0.19808864337101756], [0.7684266201969358, 0.0], [0.0, 0.1888435594381636], [0.0, 0.18268783830078794]]
0.5499, [[0.8188238576680854, 0.0], [0.6427195559782419, 0.6167300877192982], [0.643332380464156, 0.0], [0.6207567325384709, 0.31900140459061344], [0.0, 0.3336633607399796], [0.5883518016419819, 0.0], [0.5190858129460786, 0.11998175745118199], [0.0, 0.30145306611853384], [0.5513770213292629, 0.0], [0.0, 0.18137929085303192]]
0.9905, [[0.800454857169367, 1.0], [0.0, 0.3492089585474478], [0.6655510451514132, 0.336640407673861], [0.42543751789976125, 0.02486104830421356], [0.34708568019093067, 0.11279895512161693], [0.607639073394117, 0.0], [0.48582729815586445, 0.004944604316546528], [0.0, 0.2706473963686195], [0.4451206968973748, 0.0], [0.0, 0.2606120417951353]]
0.1093, [[0.0, 0.25376889345666315], [0.7394452518064045, 0.0], [0.0, 0.1858489208633095], [0.35959621002386644, 0.0], [0.0, 0.1761545734840698], [0.3468838854415273, 0.0], [0.0, 0.14085626927029804], [0.3384293556085917, 0.0], [0.0, 0.13859506680369993], [0.24014289415012363, 0.0]]
0.5463, [[0.6599785887428816, 0.608362543859649], [0.7393454834437085, 0.0], [0.494107095177194, 0.2753430113052415], [0.5883518016419819, 0.0], [0.0, 0.26006940733127776], [0.35249839618138423, 0.15587547105173], [0.0, 0.19052965056526205], [0.2978842482100237, 0.0], [0.0, 0.1888435594381636], [0.19343714619386354, 0.0]]
0.6014, [[0.6453431242040801, 0.32563480644056203], [0.7601539813270548, 0.14123245974648851], [0.6354974350564248, 0.6743179664429527], [0.6375313329235337, 0.12386274409044182], [0.6880495261247259, 0.0], [0.6479012529662147, 0.10724270298047277], [0.6163208894756385, 0.6054737719298245], [0.643332380464156, 0.0], [0.589468077891002, 0.2121795477903393], [0.5733547283303767, 0.6021595614035088]]
0.2355, [[0.0, 0.3907604145255224], [0.3283731264916466, 0.26417367249057894], [0.47338465860802836, 0.11036724905789642], [0.4793913354511323, 0.009238317917094788], [0.8154374548195915, 0.0], [0.45971209546539377, 0.12615101062007542], [0.34708568019093067, 0.11279895512161693], [0.0, 0.21718369304556365], [0.607639073394117, 0.0], [0.4316488496420049, 0.021924597464885016]]
0.4838, [[0.9855059518054472, 0.09218290510448791], [0.7582860064717412, 0.3452332476875644], [0.1200598280072186, 0.6055095614035088], [0.9927527740020132, 0.0], [0.7638429969960914, 0.0627683281945871], [0.47338465860802836, 0.11036724905789642], [0.23564050536150405, 0.2630261562178829], [0.34708568019093067, 0.11279895512161693], [0.9666385323240192, 0.0], [0.8188238576680854, 0.0]]
0.996, [[0.8554970368938, 0.0], [0.800454857169367, 1.0], [0.819707111631737, 0.0], [0.7601600604029181, 0.7166169011592433], [0.7799099051043248, 0.2066273552586501], [0.7657623758017188, 0.604065], [0.7582860064717412, 0.3452332476875644], [0.8188458496190022, 0.0], [0.7379753670219552, 0.6021808771929824], [0.7674098053606431, 0.1888706235011991]]
0.2041, [[0.0, 0.49880933333333477], [0.34708568019093067, 0.11279895512161693], [0.6264305548908782, 0.03094504967454595], [0.9644410449925779, 0.0], [0.0, 0.30145306611853384], [0.8991382792372135, 0.0], [0.0, 0.19808864337101756], [0.773451691583257, 0.0], [0.0, 0.18137929085303192], [0.7637048768165527, 0.0]]
0.7608, [[0.7601600604029181, 0.7166169011592433], [0.9999997980992896, 0.1376194073312779], [0.7663603601906728, 0.35413867762932494], [0.6354974350564248, 0.6743179664429527], [0.6427195559782419, 0.6167300877192982], [0.9927527740020132, 0.0], [0.6537707795084724, 0.2816069886947584], [0.4620461384248211, 0.3148741349777323], [0.9471048404984388, 0.0], [0.5655075423903626, 0.23785793079821854]]
0.7163, [[0.7601600604029181, 0.7166169011592433], [0.8991382792372135, 0.0], [0.7400446665661498, 0.18285834189791034], [0.6163208894756385, 0.6054737719298245], [0.47273391311522744, 0.6081806140350877], [0.6639161313369133, 0.49467533333332975], [0.8154374548195915, 0.0], [0.773451691583257, 0.0], [0.47338465860802836, 0.11036724905789642], [0.4620461384248211, 0.3148741349777323]]
0.5769, [[0.8128116516393917, 0.07278338472079468], [0.819707111631737, 0.0], [0.6427195559782419, 0.6167300877192982], [0.7674098053606431, 0.1888706235011991], [0.773451691583257, 0.0], [0.0, 0.34066889345666307], [0.4620461384248211, 0.3148741349777323], [0.5867982590040844, 0.2904961801986982], [0.6264305548908782, 0.03094504967454595], [0.6264305548908782, 0.03094504967454595]]
0.7184, [[0.7601600604029181, 0.7166169011592433], [0.644169326173438, 0.7381302013422817], [0.6599785887428816, 0.608362543859649], [0.6639161313369133, 0.49467533333332975], [0.6880495261247259, 0.0], [0.6681087269226754, 0.19912925659472436], [0.6354974350564248, 0.6743179664429527], [0.6453431242040801, 0.32563480644056203], [0.5890673889186845, 0.614847192982456], [0.6479012529662147, 0.10724270298047277]]
1.0397, [[0.9999997980992896, 0.1376194073312779], [0.8215923403347212, 0.2197615450496747], [0.800454857169367, 1.0], [0.8554970368938, 0.0], [0.6599785887428816, 0.608362543859649], [0.6479269102422843, 0.6130365789473684], [0.6427195559782419, 0.6167300877192982], [0.6537707795084724, 0.2816069886947584], [0.6524388361072129, 0.6055407894736842], [0.6313329104974427, 0.17645904419321695]]
0.454, [[0.7663603601906728, 0.35413867762932494], [0.1200598280072186, 0.6055095614035088], [0.8188238576680854, 0.0], [0.4620461384248211, 0.3148741349777323], [0.6537707795084724, 0.2816069886947584], [0.0, 0.49880933333333477], [0.6264305548908782, 0.03094504967454595], [0.528368496225092, 0.09052117163412134], [0.643332380464156, 0.0], [0.0, 0.3652078794107574]]
0.6107, [[0.7657623758017188, 0.604065], [0.6524388361072129, 0.6055407894736842], [0.737462132102388, 0.0], [0.6655510451514132, 0.336640407673861], [0.0, 0.3907604145255224], [0.6880495261247259, 0.0], [0.550399406741202, 0.2752726447413498], [0.3376813747016706, 0.2781915039397054], [0.6359911811739599, 0.09940765673175751], [0.0, 0.34066889345666307]]
0.6319, [[0.6427195559782419, 0.6167300877192982], [0.9999997980992896, 0.1376194073312779], [0.8215923403347212, 0.2197615450496747], [0.0, 0.3652078794107574], [0.23564050536150405, 0.2630261562178829], [0.9927527740020132, 0.0], [0.2652284616201307, 0.08187420349434728], [0.0, 0.2629733812949642], [0.9644410449925779, 0.0], [0.9471048404984388, 0.0]]
0.5879, [[0.819707111631737, 0.0], [0.6354974350564248, 0.6743179664429527], [0.6880495261247259, 0.0], [0.528368496225092, 0.09052117163412134], [0.0, 0.3501494347379238], [0.3376813747016706, 0.2781915039397054], [0.48990468253640856, 0.0], [0.35165994272076373, 0.004093439534086793], [0.0, 0.3128429770469338], [0.3444500620525058, 0.0]]
0.3485, [[0.0, 0.3492089585474478], [0.3376813747016706, 0.2781915039397054], [0.9855059518054472, 0.09218290510448791], [0.7799099051043248, 0.2066273552586501], [0.9927527740020132, 0.0], [0.45971209546539377, 0.12615101062007542], [0.47338465860802836, 0.11036724905789642], [0.7595544771691352, 0.08353052415210695], [0.9644410449925779, 0.0], [0.8712630595635532, 0.0]]
0.6649, [[0.7663603601906728, 0.35413867762932494], [0.6354974350564248, 0.6743179664429527], [0.7379753670219552, 0.6021808771929824], [0.6524388361072129, 0.6055407894736842], [0.8712630595635532, 0.0], [0.7638429969960914, 0.0627683281945871], [0.6681087269226754, 0.19912925659472436], [0.6514671673490218, 0.3337702637889689], [0.8554970368938, 0.0], [0.8188458496190022, 0.0]]
0.7184, [[0.7601600604029181, 0.7166169011592433], [0.644169326173438, 0.7381302013422817], [0.6681087269226754, 0.19912925659472436], [0.6655510451514132, 0.336640407673861], [0.6479269102422843, 0.6130365789473684], [0.6639161313369133, 0.49467533333332975], [0.6524388361072129, 0.6055407894736842], [0.6354974350564248, 0.6743179664429527], [0.6427195559782419, 0.6167300877192982], [0.5890673889186845, 0.614847192982456]]
0.2975, [[0.7799099051043248, 0.2066273552586501], [0.0, 0.2706473963686195], [0.9927527740020132, 0.0], [0.1511785964539744, 0.19737009249743065], [0.47338465860802836, 0.11036724905789642], [0.0, 0.22829755053100392], [0.8154374548195915, 0.0], [0.3905452696897376, 0.06621764302843418], [0.0, 0.1190020383693044], [0.7637048768165527, 0.0]]
0.2841, [[0.0, 0.3652078794107574], [0.9999997980992896, 0.1376194073312779], [0.0, 0.22829755053100392], [0.9855059518054472, 0.09218290510448791], [0.45971209546539377, 0.12615101062007542], [0.7340690243908097, 0.11982207947927372], [0.7432437802391528, 0.09548066118533725], [0.0, 0.19775304898938], [0.9666385323240192, 0.0], [0.47338465860802836, 0.11036724905789642]]
0.1848, [[0.4793913354511323, 0.009238317917094788], [0.0, 0.3336633607399796], [0.45971209546539377, 0.12615101062007542], [0.8188238576680854, 0.0], [0.47338465860802836, 0.11036724905789642], [0.0, 0.21718369304556365], [0.34708568019093067, 0.11279895512161693], [0.8154374548195915, 0.0], [0.0, 0.18268783830078794], [0.773451691583257, 0.0]]
0.7257, [[0.7601600604029181, 0.7166169011592433], [0.9927527740020132, 0.0], [0.6313329104974427, 0.17645904419321695], [0.0, 0.49880933333333477], [0.6479012529662147, 0.10724270298047277], [0.6207567325384709, 0.31900140459061344], [0.6375313329235337, 0.12386274409044182], [0.8154374548195915, 0.0], [0.4620461384248211, 0.3148741349777323], [0.7684266201969358, 0.0]]
0.5609, [[0.7663603601906728, 0.35413867762932494], [0.8215923403347212, 0.2197615450496747], [0.9999997980992896, 0.1376194073312779], [0.6639161313369133, 0.49467533333332975], [0.7582860064717412, 0.3452332476875644], [0.7601539813270548, 0.14123245974648851], [0.9855059518054472, 0.09218290510448791], [0.6453431242040801, 0.32563480644056203], [0.9666385323240192, 0.0], [0.6375313329235337, 0.12386274409044182]]
1.0115, [[0.9644410449925779, 0.0], [0.8215923403347212, 0.2197615450496747], [0.800454857169367, 1.0], [0.8154374548195915, 0.0], [0.7799099051043248, 0.2066273552586501], [0.1200598280072186, 0.6055095614035088], [0.8130963848250425, 0.0], [0.7432437802391528, 0.09548066118533725], [0.47338465860802836, 0.11036724905789642], [0.0, 0.19775304898938]]
0.4741, [[0.9999997980992896, 0.1376194073312779], [0.7663603601906728, 0.35413867762932494], [0.0, 0.6056073684210526], [0.9927527740020132, 0.0], [0.6281044704814556, 0.22377243919150405], [0.46245158949880694, 0.2868357656731758], [0.0, 0.49880933333333477], [0.9644410449925779, 0.0], [0.3376813747016706, 0.2781915039397054], [0.34823389976133634, 0.1332634463857485]]
0.6, [[0.7742198900963803, 0.0], [0.6599785887428816, 0.608362543859649], [0.6479269102422843, 0.6130365789473684], [0.6681087269226754, 0.19912925659472436], [0.6354974350564248, 0.6743179664429527], [0.7644752208858631, 0.0], [0.6281044704814556, 0.22377243919150405], [0.46245158949880694, 0.2868357656731758], [0.5190858129460786, 0.11998175745118199], [0.735996180837615, 0.0]]
0.6072, [[0.9855059518054472, 0.09218290510448791], [0.6681087269226754, 0.19912925659472436], [0.6427195559782419, 0.6167300877192982], [0.6639161313369133, 0.49467533333332975], [0.9666385323240192, 0.0], [0.5890673889186845, 0.614847192982456], [0.6537707795084724, 0.2816069886947584], [0.0, 0.49880933333333477], [0.5867982590040844, 0.2904961801986982], [0.8991382792372135, 0.0]]
0.6419, [[0.8215923403347212, 0.2197615450496747], [0.7657623758017188, 0.604065], [0.9666385323240192, 0.0], [0.8128116516393917, 0.07278338472079468], [0.3283731264916466, 0.26417367249057894], [0.45971209546539377, 0.12615101062007542], [0.8712630595635532, 0.0], [0.8554970368938, 0.0], [0.4793913354511323, 0.009238317917094788], [0.8554970368938, 0.0]]
1.0379, [[0.800454857169367, 1.0], [0.800454857169367, 1.0], [0.9999997980992896, 0.1376194073312779], [0.7582860064717412, 0.3452332476875644], [0.7379753670219552, 0.6021808771929824], [0.1200598280072186, 0.6055095614035088], [0.9644410449925779, 0.0], [0.7638429969960914, 0.0627683281945871], [0.7595544771691352, 0.08353052415210695], [0.9436684904082945, 0.0]]
0.6712, [[0.7379753670219552, 0.6021808771929824], [0.7674098053606431, 0.1888706235011991], [0.9471048404984388, 0.0], [0.8128116516393917, 0.07278338472079468], [0.6354974350564248, 0.6743179664429527], [0.7601539813270548, 0.14123245974648851], [0.0, 0.3336633607399796], [0.6281044704814556, 0.22377243919150405], [0.46245158949880694, 0.2868357656731758], [0.6375313329235337, 0.12386274409044182]]
0.5344, [[0.6524388361072129, 0.6055407894736842], [0.6880495261247259, 0.0], [0.1200598280072186, 0.6055095614035088], [0.5655075423903626, 0.23785793079821854], [0.6354251119332877, 0.0], [0.0, 0.3907604145255224], [0.528368496225092, 0.09052117163412134], [0.0, 0.30755871873929447], [0.48990468253640856, 0.0], [0.21296008493470725, 0.0]]
0.2287, [[0.0, 0.32343991092840024], [0.7492153100984678, 0.0], [0.6313329104974427, 0.17645904419321695], [0.0, 0.25376889345666315], [0.5883518016419819, 0.0], [0.0, 0.22829755053100392], [0.5513770213292629, 0.0], [0.0, 0.19808864337101756], [0.5388904888815546, 0.0], [0.4474711217183772, 0.0]]
0.5894, [[0.7410362711172452, 0.0], [0.7379753670219552, 0.6021808771929824], [0.1200598280072186, 0.6055095614035088], [0.23564050536150405, 0.2630261562178829], [0.0, 0.1858489208633095], [0.2160071854761673, 0.0], [0.0, 0.1672112538540597], [0.19915082280497018, 0.0], [0.0, 0.1618498629667695], [0.16202499628410508, 0.0]]
0.9923, [[0.800454857169367, 1.0], [0.8188458496190022, 0.0], [0.1200598280072186, 0.6055095614035088], [0.7601539813270548, 0.14123245974648851], [0.494107095177194, 0.2753430113052415], [0.0, 0.3652078794107574], [0.643332380464156, 0.0], [0.34708568019093067, 0.11279895512161693], [0.3283731264916466, 0.26417367249057894], [0.4793913354511323, 0.009238317917094788]]
0.6416, [[0.9471048404984388, 0.0], [0.8215923403347212, 0.2197615450496747], [0.6354974350564248, 0.6743179664429527], [0.8130963848250425, 0.0], [0.6207567325384709, 0.31900140459061344], [0.6281044704814556, 0.22377243919150405], [0.0, 0.3501494347379238], [0.7644752208858631, 0.0], [0.35249839618138423, 0.15587547105173], [0.0, 0.26006940733127776]]
0.5455, [[0.6453431242040801, 0.32563480644056203], [0.7432437802391528, 0.09548066118533725], [0.6479012529662147, 0.10724270298047277], [0.9644410449925779, 0.0], [0.1200598280072186, 0.6055095614035088], [0.5733547283303767, 0.6021595614035088], [0.6264305548908782, 0.03094504967454595], [0.8991382792372135, 0.0], [0.494107095177194, 0.2753430113052415], [0.0, 0.18302478588557716]]
0.7594, [[0.9999997980992896, 0.1376194073312779], [0.7601600604029181, 0.7166169011592433], [0.6599785887428816, 0.608362543859649], [0.6514671673490218, 0.3337702637889689], [0.6515533471891998, 0.0], [0.0, 0.28598866050017135], [0.550399406741202, 0.2752726447413498], [0.6421074466777236, 0.0], [0.0, 0.26006940733127776], [0.5900303725401215, 0.0]]
0.6139, [[0.7657623758017188, 0.604065], [0.7799099051043248, 0.2066273552586501], [0.0, 0.30755871873929447], [0.7674098053606431, 0.1888706235011991], [0.6359911811739599, 0.09940765673175751], [0.14814892451427825, 0.0], [0.0, 0.09207735525865027], [0.09144206391336776, 0.0], [0.0, 0.07908931140801649], [0.0, 0.017760791366906257]]
0.6469, [[0.47273391311522744, 0.6081806140350877], [0.7657623758017188, 0.604065], [0.8215923403347212, 0.2197615450496747], [0.9927527740020132, 0.0], [0.0, 0.6056073684210526], [0.1200598280072186, 0.6055095614035088], [0.6639161313369133, 0.49467533333332975], [0.8128116516393917, 0.07278338472079468], [0.9666385323240192, 0.0], [0.6514671673490218, 0.3337702637889689]]
0.5192, [[0.6639161313369133, 0.49467533333332975], [0.8215923403347212, 0.2197615450496747], [0.9666385323240192, 0.0], [0.0, 0.34066889345666307], [0.46245158949880694, 0.2868357656731758], [0.6375313329235337, 0.12386274409044182], [0.7638429969960914, 0.0627683281945871], [0.8154374548195915, 0.0], [0.3283731264916466, 0.26417367249057894], [0.34708568019093067, 0.11279895512161693]]
0.274, [[0.0, 0.3492089585474478], [0.7601539813270548, 0.14123245974648851], [0.8130963848250425, 0.0], [0.3283731264916466, 0.26417367249057894], [0.6359911811739599, 0.09940765673175751], [0.5190858129460786, 0.11998175745118199], [0.2841305584725535, 0.1566522096608428], [0.0, 0.24176733470366582], [0.5506697471017783, 0.0], [0.0, 0.18137929085303192]]
0.549, [[0.7674098053606431, 0.1888706235011991], [0.6163208894756385, 0.6054737719298245], [0.6375313329235337, 0.12386274409044182], [0.6479012529662147, 0.10724270298047277], [0.0, 0.3501494347379238], [0.589468077891002, 0.2121795477903393], [0.0, 0.3128429770469338], [0.528368496225092, 0.09052117163412134], [0.554240700523949, 0.0], [0.0, 0.18701808838643383]]
0.3658, [[0.0, 0.3907604145255224], [0.6514671673490218, 0.3337702637889689], [0.9927527740020132, 0.0], [0.6207567325384709, 0.31900140459061344], [0.9644410449925779, 0.0], [0.0, 0.28598866050017135], [0.4891887627377366, 0.0016130181569028602], [0.9471048404984388, 0.0], [0.0, 0.22829755053100392], [0.8991382792372135, 0.0]]
