0.6484, [[1.0, 0.40162202087683163], [0.6648655628340809, 0.505701981505945], [0.8267354099871604, 0.4335651983298567], [0.4254, 0.5282072628797885], [0.9944101261442687, 0.02067924425887958], [0.6362927076253619, 0.4991926023778073], [0.013298792041947938, 0.5188655350066056], [0.8432470373763981, 0.13993309812108992], [0.4875160650035917, 0.4991592866578605], [0.4254, 0.48955872126816397]]
0.4771, [[0.0, 0.5470661206675226], [0.5951856352709082, 0.376663089770362], [0.41877925130684585, 0.4373232192066778], [0.2932473366755608, 0.5070335852047556], [0.7908527197363315, 0.32342783716075363], [0.0, 0.5459189011553275], [0.7901647352617807, 0.0], [0.6048389174294597, 0.2623524008350719], [0.0, 0.5441517278562259], [0.5338475194616719, 0.0]]
0.6275, [[0.006208733772303789, 0.5351848560105679], [0.7569909838794979, 0.5125588692206079], [0.9578609509337183, 0.3842601670146211], [0.19281414427772114, 0.5258051994715982], [0.4061986511287326, 0.5143548428005283], [0.7500896396191532, 0.5053019365918097], [0.6648655628340809, 0.505701981505945], [0.8603391516660379, 0.3453276784968727], [0.0926969213843799, 0.5250389379128143], [0.4254, 0.5082924068692208]]
0.6078, [[0.8900729806755613, 0.498686715984148], [0.0, 0.5758658609388836], [0.0, 0.5435778074454428], [0.7500896396191532, 0.5053019365918097], [0.0, 0.5449605596919127], [0.6648655628340809, 0.505701981505945], [0.7287836204228855, 0.0], [0.5188838571401762, 0.49306327873183614], [0.18941587445781569, 0.5167364042272125], [0.4254, 0.3272820876826777]]
0.3933, [[0.7670957558494736, 0.047046167014626404], [0.6908154772335727, 0.11173274739039994], [0.42645744288714255, 0.5082834372523118], [0.47487435028370806, 0.16294211273487733], [0.0, 0.5306469986789963], [0.0, 0.5422677780713339], [0.4254, 0.4954604729194192], [0.0, 0.527407941875826], [0.4254, 0.19180087682672947], [0.575191086479254, 0.0]]
0.6712, [[0.0, 0.6265685978742247], [1.0, 0.40162202087683163], [0.0, 0.5997391926483632], [0.0, 0.5584793463241805], [0.8900729806755613, 0.498686715984148], [0.8546847792658168, 0.20638220041754396], [0.7569909838794979, 0.5125588692206079], [0.7500896396191532, 0.5053019365918097], [0.7341799986451487, 0.0], [0.7028122065085642, 0.23358986638832266]]
0.7199, [[0.3683198070194666, 0.6523665252435794], [1.0, 0.40162202087683163], [0.9944101261442687, 0.02067924425887958], [0.981617914820576, 0.0], [0.8900729806755613, 0.498686715984148], [0.8101592840534346, 0.49677054953764915], [0.7383939035517766, 0.498096002642008], [0.7369104370285245, 0.4875405574636729], [0.6843871222994815, 0.0], [0.6833336460728241, 0.24448913987474669]]
0.5910, [[0.9944101261442687, 0.02067924425887958], [0.0, 0.541825960369881], [0.981617914820576, 0.0], [0.0, 0.5392155455746372], [0.9749960642530169, 0.0], [0.06173217710471066, 0.5225502536327608], [0.8625966007231601, 0.16467424634656752], [0.8603391516660379, 0.3453276784968727], [0.7569909838794979, 0.5125588692206079], [0.4663390428963021, 0.01768599582464156]]
0.5758, [[0.0, 0.5444323337612325], [0.8603391516660379, 0.3453276784968727], [0.7569909838794979, 0.5125588692206079], [0.0, 0.5435159589216945], [0.8546847792658168, 0.20638220041754396], [0.0, 0.5231835085865256], [0.7624088616165923, 0.5002533236459707], [0.6670155143170544, 0.5073488031704094], [0.6420330780849023, 0.5022684121532364], [0.11641009127981668, 0.5195864359313084]]
0.6454, [[0.0, 0.5392155455746372], [1.0, 0.40162202087683163], [0.8101592840534346, 0.49677054953764915], [0.0, 0.5308002509907533], [0.9944101261442687, 0.02067924425887958], [0.0, 0.5236683804491415], [0.9538620411753878, 0.021368045929032024], [0.8267354099871604, 0.4335651983298567], [0.08371925019879178, 0.5234787371202115], [0.8432470373763981, 0.13993309812108992]]
0.6202, [[0.8900729806755613, 0.498686715984148], [0.7569909838794979, 0.5125588692206079], [0.981617914820576, 0.0], [0.9749960642530169, 0.0], [0.9068641017575845, 0.19793931524008493], [0.8603391516660379, 0.3453276784968727], [0.9944101261442687, 0.02067924425887958], [0.4954923850054248, 0.5075076935270808], [0.4254, 0.5039290726552178], [0.4254, 0.0]]
0.6483, [[1.0, 0.40162202087683163], [0.0, 0.5471922464698332], [0.7624088616165923, 0.5002533236459707], [0.42645744288714255, 0.5082834372523118], [0.4061986511287326, 0.5143548428005283], [0.5360834690039646, 0.502175128137385], [0.1245066401795946, 0.5159040237780713], [0.4254, 0.5007733051519153], [0.21837586357487804, 0.0], [0.06485627513632558, 0.5228780290620871]]
0.5364, [[0.0, 0.5997772599645723], [0.7569909838794979, 0.5125588692206079], [0.2428153011031668, 0.5206907239101721], [0.0905988429168326, 0.5290427186261559], [0.0, 0.5642201904340124], [0.0, 0.5336364438573321], [0.4254, 0.507206058124175], [0.540146877306785, 0.47382464300626553], [0.5908427332753022, 0.0], [0.12797333153950052, 0.4954958388375169]]
0.8492, [[1.0, 0.40162202087683163], [0.2995787498370953, 0.9997806574923475], [0.38028827922958186, 0.5125319603698809], [0.981617914820576, 0.0], [0.22778618905306025, 0.5444091193838255], [0.8900729806755613, 0.498686715984148], [0.08371925019879178, 0.5234787371202115], [0.1808859891380493, 0.5113861558784678], [0.0, 0.5369313685601054], [0.0, 0.5333999022457072]]
0.6141, [[0.0905988429168326, 0.5290427186261559], [0.4061986511287326, 0.5143548428005283], [0.4254, 0.5088264834874506], [0.6648655628340809, 0.505701981505945], [0.9578609509337183, 0.3842601670146211], [0.12760841665951086, 0.5289261136063412], [0.4254, 0.5082924068692208], [0.8067838602251652, 0.2540513277661922], [0.34251906998025683, 0.5198396354029067], [0.7929381726748168, 0.0]]
0.5372, [[0.0, 0.5805430163861838], [0.7609038955785108, 0.4976416274768825], [0.7569909838794979, 0.5125588692206079], [0.10416729394677246, 0.523011035667107], [0.4074229070647286, 0.5191038705416114], [0.0, 0.5458572785622593], [0.7287836204228855, 0.0], [0.5579914746154655, 0.0], [0.4254, 0.5113907688243068], [0.4119727537522383, 0.4976751994715984]]
0.6579, [[0.3119857614869701, 0.5147492496697492], [1.0, 0.40162202087683163], [0.7500896396191532, 0.5053019365918097], [0.8900729806755613, 0.498686715984148], [0.22860845050261014, 0.5131316433289299], [0.9068641017575845, 0.19793931524008493], [0.5630868596301123, 0.5028135085865261], [0.8075148437293767, 0.41733784133611873], [0.38028827922958186, 0.5125319603698809], [0.3086784432121141, 0.4925802007926029]]
0.5953, [[0.9068641017575845, 0.19793931524008493], [0.0926969213843799, 0.5250389379128143], [0.7569909838794979, 0.5125588692206079], [0.7609038955785108, 0.4976416274768825], [0.8603391516660379, 0.3453276784968727], [0.7500896396191532, 0.5053019365918097], [0.8101592840534346, 0.49677054953764915], [0.0, 0.5231835085865256], [0.6670155143170544, 0.5073488031704094], [0.0, 0.506497970937913]]
0.5777, [[0.7569909838794979, 0.5125588692206079], [0.8603391516660379, 0.3453276784968727], [0.0, 0.5439021309370989], [0.0, 0.5396788903566708], [0.0, 0.5436164980744544], [0.7500896396191532, 0.5053019365918097], [0.6670155143170544, 0.5073488031704094], [0.0, 0.5382680977542932], [0.3647932190247305, 0.5223255006605021], [0.7464132225832687, 0.0]]
0.5588, [[0.8432470373763981, 0.13993309812108992], [0.8267354099871604, 0.4335651983298567], [0.0, 0.520394982826949], [0.7369104370285245, 0.4875405574636729], [0.8334862576436978, 0.0], [0.1245066401795946, 0.5159040237780713], [0.6477089499999529, 0.0], [0.8282833750549008, 0.0], [0.4254, 0.5152333527080579], [0.7151529280208327, 0.0]]
0.6263, [[0.981617914820576, 0.0], [0.9578609509337183, 0.3842601670146211], [0.8713254037440324, 0.0], [0.8603391516660379, 0.3453276784968727], [0.8075148437293767, 0.41733784133611873], [0.7770715307304713, 0.23983972860124916], [0.7746850845843709, 0.0], [0.7569909838794979, 0.5125588692206079], [0.7500896396191532, 0.5053019365918097], [0.6691439662851986, 0.0]]
0.6145, [[0.9944101261442687, 0.02067924425887958], [0.9578609509337183, 0.3842601670146211], [0.0926969213843799, 0.5250389379128143], [0.981617914820576, 0.0], [0.6670155143170544, 0.5073488031704094], [0.8625966007231601, 0.16467424634656752], [0.5142184624221242, 0.5057475984147952], [0.8603391516660379, 0.3453276784968727], [0.836560688264349, 0.0], [0.7908527197363315, 0.32342783716075363]]
0.6588, [[0.0, 0.5542809605845895], [0.8900729806755613, 0.498686715984148], [0.7624088616165923, 0.5002533236459707], [0.06889458290771844, 0.5164529643328928], [0.4954923850054248, 0.5075076935270808], [1.0, 0.40162202087683163], [0.4254, 0.5010869854689565], [0.8546847792658168, 0.20638220041754396], [0.8334862576436978, 0.0], [0.6402486183540337, 0.2238605427974936]]
0.6155, [[0.8900729806755613, 0.498686715984148], [0.5630868596301123, 0.5028135085865261], [0.4254, 0.5094346235138704], [0.0, 0.5444739614890887], [0.4254, 0.5282072628797885], [0.9068641017575845, 0.19793931524008493], [0.0, 0.5329824306472921], [0.8334862576436978, 0.0], [0.0, 0.5325324121532365], [0.6723043949651691, 0.192818885177463]]
0.8612, [[1.0, 0.40162202087683163], [0.2995787498370953, 0.9997806574923475], [0.8900729806755613, 0.498686715984148], [0.8101592840534346, 0.49677054953764915], [0.7624088616165923, 0.5002533236459707], [0.5724176490662178, 0.5023927054161165], [0.9944101261442687, 0.02067924425887958], [0.3683198070194666, 0.6523665252435794], [0.4254, 0.5282072628797885], [0.4254, 0.49559527344782095]]
0.7100, [[1.0, 0.40162202087683163], [0.3683198070194666, 0.6523665252435794], [0.7624088616165923, 0.5002533236459707], [0.7500896396191532, 0.5053019365918097], [0.749509152718751, 0.49763932100396346], [0.7369104370285245, 0.4875405574636729], [0.5699237053459688, 0.0], [0.4254, 0.5039721268163808], [0.4254, 0.4971339471598414], [0.4254, 0.0]]
0.6453, [[0.7624088616165923, 0.5002533236459707], [0.4254, 0.508252171730515], [0.0, 0.5439021309370989], [0.3784701678022443, 0.5094464121532366], [0.5360834690039646, 0.502175128137385], [1.0, 0.40162202087683163], [0.981617914820576, 0.0], [0.8788072349047795, 0.0], [0.0, 0.5343468375165131], [0.4254, 0.500046766182299]]
0.6438, [[0.749509152718751, 0.49763932100396346], [0.43086484342723835, 0.4987333579920746], [0.4254, 0.4999914108322326], [0.4254, 0.5047622219286663], [0.8267354099871604, 0.4335651983298567], [0.39133399136853564, 0.487865257595773], [1.0, 0.40162202087683163], [0.0, 0.5468235840821566], [0.0, 0.5463999640564826], [0.504092190937319, 0.3101785344467676]]
0.6621, [[0.0, 0.5340762113606342], [1.0, 0.40162202087683163], [0.0926969213843799, 0.5250389379128143], [0.8900729806755613, 0.498686715984148], [0.34251906998025683, 0.5198396354029067], [0.7500896396191532, 0.5053019365918097], [0.414850668825663, 0.5085476565389699], [0.9944101261442687, 0.02067924425887958], [0.8603391516660379, 0.3453276784968727], [0.4124843830986248, 0.5055943461030383]]
0.5774, [[0.9944101261442687, 0.02067924425887958], [0.0, 0.5553702714791854], [0.8101592840534346, 0.49677054953764915], [0.0, 0.5224692708058128], [0.705241651684325, 0.017382112734864716], [0.3741944082645845, 0.5116744649933956], [0.6524388432624947, 0.0], [0.4254, 0.5086663117569356], [0.37350919038995956, 0.4913170224570677], [0.4254, 0.5046261400264199]]
0.6404, [[0.6670155143170544, 0.5073488031704094], [1.0, 0.40162202087683163], [0.36579820524084705, 0.5120406816380451], [0.8075148437293767, 0.41733784133611873], [0.0, 0.5436535507060334], [0.5142184624221242, 0.5057475984147952], [0.836560688264349, 0.0], [0.6521808490845369, 0.34541377870563944], [0.705241651684325, 0.017382112734864716], [0.0, 0.5407465310435933]]
0.5892, [[0.0, 0.5458572785622593], [0.7569909838794979, 0.5125588692206079], [0.0, 0.5343414557463677], [0.9068641017575845, 0.19793931524008493], [0.0, 0.5364372708058123], [0.0, 0.5315829141347425], [0.4254, 0.507206058124175], [0.8603391516660379, 0.3453276784968727], [0.10404233002550776, 0.5227755191545577], [0.0, 0.5194788005284017]]
0.5231, [[0.0, 0.5426329696169089], [0.4954923850054248, 0.5075076935270808], [0.4092136097770822, 0.5125214531043593], [0.4254, 0.508252171730515], [0.3249318111982173, 0.517371196829591], [0.4254, 0.5088005997357992], [0.7500896396191532, 0.5053019365918097], [0.25202462933812597, 0.5119996776750328], [0.6648655628340809, 0.505701981505945], [0.5887572803368168, 0.49973206076618254]]
0.6652, [[1.0, 0.40162202087683163], [0.0, 0.535863984147953], [0.8900729806755613, 0.498686715984148], [0.7624088616165923, 0.5002533236459707], [0.4954923850054248, 0.5075076935270808], [0.4254, 0.5282072628797885], [0.9944101261442687, 0.02067924425887958], [0.08371925019879178, 0.5234787371202115], [0.8432470373763981, 0.13993309812108992], [0.36447345068323883, 0.5110842642007929]]
0.4225, [[0.0, 0.5446456123234916], [0.4254, 0.5038588533685606], [0.6477089499999529, 0.0], [0.0, 0.5440951322207959], [0.0, 0.5436164980744544], [0.5590664503569523, 0.49380160634081954], [0.4254, 0.5152333527080579], [0.6044734256773533, 0.17726513569937338], [0.0, 0.5422893051519154], [0.0, 0.5290780845442536]]
0.3668, [[0.0, 0.5862728795394159], [0.22309929879062554, 0.5145403857331576], [0.4638450991760531, 0.216212818371608], [0.44503302370003445, 0.4976746869220611], [0.6697029536707714, 0.0], [0.23599966731023106, 0.5103841215323645], [0.3784701678022443, 0.5094464121532366], [0.011016556216747339, 0.5181805125495379], [0.4254, 0.4971339471598414], [0.6569752408915686, 0.0]]
0.6427, [[0.0, 0.5442897150192554], [1.0, 0.40162202087683163], [0.6670155143170544, 0.5073488031704094], [0.0, 0.5439778177150193], [0.8267354099871604, 0.4335651983298567], [0.9944101261442687, 0.02067924425887958], [0.2963353852305374, 0.5107810911492735], [0.7908527197363315, 0.32342783716075363], [0.981617914820576, 0.0], [0.10830425744547946, 0.5100758229854687]]
0.6432, [[1.0, 0.40162202087683163], [0.7624088616165923, 0.5002533236459707], [0.0, 0.5234631043593135], [0.9578609509337183, 0.3842601670146211], [0.032845780147125705, 0.521218137384412], [0.8707664163584596, 0.0], [0.0, 0.512784903566711], [0.8067838602251652, 0.2540513277661922], [0.42645744288714255, 0.5082834372523118], [0.5360834690039646, 0.502175128137385]]
0.4042, [[0.0, 0.6274331651904356], [0.6697029536707714, 0.0], [0.4254, 0.5098572206076618], [0.40227006864754977, 0.36940534864300206], [0.4332942886029991, 0.5050618071334212], [0.4629206200383754, 0.0], [0.4982013238739712, 0.48693498018494047], [0.4092136097770822, 0.5125214531043593], [0.35611379261281484, 0.5431155350066048], [0.4254, 0.5053334583883756]]
0.5688, [[0.8334862576436978, 0.0], [0.5630868596301123, 0.5028135085865261], [0.0, 0.5470032554557125], [0.32156967549339077, 0.5207307027741088], [0.5142184624221242, 0.5057475984147952], [0.749509152718751, 0.49763932100396346], [0.9068641017575845, 0.19793931524008493], [0.5699237053459688, 0.0], [0.0, 0.5342907133421403], [0.32494094743654545, 0.5097880264200791]]
0.6433, [[1.0, 0.40162202087683163], [0.9944101261442687, 0.02067924425887958], [0.981617914820576, 0.0], [0.8075148437293767, 0.41733784133611873], [0.7383939035517766, 0.498096002642008], [0.5630868596301123, 0.5028135085865261], [0.5630868596301123, 0.5028135085865261], [0.4254, 0.2412730438413486], [0.25843826864461494, 0.5166795112285342], [0.0, 0.5311831254953762]]
0.6812, [[0.8900729806755613, 0.498686715984148], [0.9944101261442687, 0.02067924425887958], [0.3683198070194666, 0.6523665252435794], [0.749509152718751, 0.49763932100396346], [0.749509152718751, 0.49763932100396346], [0.9068641017575845, 0.19793931524008493], [0.4241787681588901, 0.5147528375165128], [0.8334862576436978, 0.0], [0.42645744288714255, 0.5082834372523118], [0.8267354099871604, 0.4335651983298567]]
0.5727, [[0.0, 0.5469266649550706], [0.7500896396191532, 0.5053019365918097], [0.8603391516660379, 0.3453276784968727], [0.39720859261365354, 0.5091765548216649], [0.4254, 0.505622792602378], [0.19758084489759076, 0.5221153553500659], [0.22876376655419153, 0.518345297225892], [0.33746673018468887, 0.513950697490093], [0.4254, 0.5039290726552178], [0.6420330780849023, 0.5022684121532364]]
0.6625, [[1.0, 0.40162202087683163], [0.0, 0.5349606155878474], [0.8900729806755613, 0.498686715984148], [0.3969253692254754, 0.5127913104359318], [0.7569909838794979, 0.5125588692206079], [0.4254, 0.5038588533685606], [0.22309929879062554, 0.5145403857331576], [0.7383939035517766, 0.498096002642008], [0.38028827922958186, 0.5125319603698809], [0.749509152718751, 0.49763932100396346]]
0.5950, [[0.0, 0.5470306495507059], [0.749509152718751, 0.49763932100396346], [0.8603391516660379, 0.3453276784968727], [0.9944101261442687, 0.02067924425887958], [0.8267354099871604, 0.4335651983298567], [0.4241787681588901, 0.5147528375165128], [0.4241787681588901, 0.5147528375165128], [0.6804312115708098, 0.0], [0.3647932190247305, 0.5223255006605021], [0.3747517188026126, 0.0]]
0.5937, [[0.9944101261442687, 0.02067924425887958], [0.0, 0.5374480184940554], [0.8267354099871604, 0.4335651983298567], [0.8101592840534346, 0.49677054953764915], [0.8603391516660379, 0.3453276784968727], [0.7609038955785108, 0.4976416274768825], [0.0, 0.5342989141347428], [0.7464132225832687, 0.0], [0.040205497404761786, 0.5216935270805818], [0.3216062204467042, 0.5150365336856015]]
0.5778, [[0.0, 0.5354339550858653], [0.9944101261442687, 0.02067924425887958], [0.0, 0.5320918758256272], [0.8101592840534346, 0.49677054953764915], [0.4254, 0.4999914108322326], [0.8267354099871604, 0.4335651983298567], [0.012502969174947183, 0.529234412153237], [0.6477089499999529, 0.0], [0.6099773014737668, 0.19752400835073702], [0.6053764053002031, 0.23095114822546997]]
0.5875, [[0.9944101261442687, 0.02067924425887958], [0.8267354099871604, 0.4335651983298567], [0.4875160650035917, 0.4991592866578605], [0.47910975470516537, 0.5009501347424047], [0.4241787681588901, 0.5147528375165128], [0.749509152718751, 0.49763932100396346], [0.8432470373763981, 0.13993309812108992], [0.32156967549339077, 0.5207307027741088], [0.0, 0.5676301434898159], [0.0, 0.5309429960369886]]
0.5269, [[0.7569909838794979, 0.5125588692206079], [0.7500896396191532, 0.5053019365918097], [0.7286331238190764, 0.07813847181628347], [0.7028122065085642, 0.23358986638832266], [0.6670155143170544, 0.5073488031704094], [0.6498804009977558, 0.16020716492693973], [0.4254, 0.473444789144058], [0.4254, 0.23733269311065772], [0.13611549479927654, 0.0], [0.15114542641886466, 0.5202348110964339]]
0.6062, [[0.981617914820576, 0.0], [0.0, 0.5236683804491415], [0.9578609509337183, 0.3842601670146211], [0.6420330780849023, 0.5022684121532364], [0.34197089568055694, 0.5075166631439898], [0.8603391516660379, 0.3453276784968727], [0.8622956075155435, 0.0], [0.8067838602251652, 0.2540513277661922], [0.836560688264349, 0.0], [0.5292896223177685, 0.1658138079332082]]
0.6148, [[0.6420330780849023, 0.5022684121532364], [0.9578609509337183, 0.3842601670146211], [0.4061986511287326, 0.5143548428005283], [0.41927260817657597, 0.5127615825627477], [0.0, 0.5241755482166446], [0.7148734343280456, 0.4271532651356966], [0.981617914820576, 0.0], [0.0, 0.5168976010568029], [0.0, 0.5466846931964058], [0.0, 0.5412167952443858]]
0.5989, [[0.0, 0.5432206076618233], [0.9944101261442687, 0.02067924425887958], [0.7569909838794979, 0.5125588692206079], [0.13009439927944136, 0.5205946208718625], [0.8625966007231601, 0.16467424634656752], [0.6670155143170544, 0.5073488031704094], [0.285052130895047, 0.5198527054161164], [0.8603391516660379, 0.3453276784968727], [0.8267354099871604, 0.4335651983298567], [0.7908527197363315, 0.32342783716075363]]
0.8519, [[1.0, 0.40162202087683163], [0.2995787498370953, 0.9997806574923475], [0.8900729806755613, 0.498686715984148], [0.4875160650035917, 0.4991592866578605], [0.9578609509337183, 0.3842601670146211], [0.4254, 0.5282072628797885], [0.49089148883186107, 0.4983958441215329], [0.9538620411753878, 0.021368045929032024], [0.4061986511287326, 0.5143548428005283], [0.6691439662851986, 0.0]]
0.4856, [[0.0, 0.5352599445178341], [0.836560688264349, 0.0], [0.0, 0.5350987476882436], [0.8098152918161592, 0.0], [0.0, 0.5349431889035666], [0.705241651684325, 0.017382112734864716], [0.6648655628340809, 0.505701981505945], [0.5579914746154655, 0.0], [0.0, 0.0], [0.07953624736067169, 0.524284977542933]]
0.6571, [[0.0, 0.5340762113606342], [1.0, 0.40162202087683163], [0.05844365286090548, 0.5233780211360638], [0.8900729806755613, 0.498686715984148], [0.7624088616165923, 0.5002533236459707], [0.4954923850054248, 0.5075076935270808], [0.0, 0.523971553500661], [0.9944101261442687, 0.02067924425887958], [0.4254, 0.5065884359313081], [0.9068641017575845, 0.19793931524008493]]
0.5578, [[0.0, 0.5451945109114248], [0.4061986511287326, 0.5143548428005283], [0.0, 0.5446046059050064], [0.6648655628340809, 0.505701981505945], [0.6521808490845369, 0.34541377870563944], [0.4254, 0.3720187432150325], [0.8603391516660379, 0.3453276784968727], [0.4254, 0.0], [0.4254, 0.48570921796565386], [0.4124843830986248, 0.5055943461030383]]
0.4762, [[0.7148734343280456, 0.4271532651356966], [0.0, 0.5463803080872914], [0.33632470039364737, 0.505499011889036], [0.13009439927944136, 0.5205946208718625], [0.01671228020701781, 0.5252757357992074], [0.4254, 0.49841967767503353], [0.5807809603349853, 0.0], [0.0, 0.5425227714663149], [0.4254, 0.0], [0.0, 0.536157162483488]]
0.4754, [[0.6738308605180816, 0.48670356406869275], [0.0, 0.548687993356953], [0.5982600658915609, 0.5039003698811101], [0.0, 0.5460281951219513], [0.5222592809684456, 0.49715316776750385], [0.24981365966266916, 0.5200779709379133], [0.33746673018468887, 0.513950697490093], [0.3361511118654089, 0.5102598282694852], [0.3838422759393032, 0.3911380542797555], [0.20323711666483177, 0.5178071202113612]]
0.5806, [[0.8603391516660379, 0.3453276784968727], [0.0, 0.5475757637997433], [0.8267354099871604, 0.4335651983298567], [0.0, 0.5467690783055198], [0.7569909838794979, 0.5125588692206079], [0.4786152658640824, 0.5046197331572], [0.45823372580549243, 0.4982720634081901], [0.6521808490845369, 0.34541377870563944], [0.6824736654796346, 0.0], [0.4254, 0.0]]
0.8416, [[1.0, 0.40162202087683163], [0.2995787498370953, 0.9997806574923475], [0.8101592840534346, 0.49677054953764915], [0.7383939035517766, 0.498096002642008], [0.9944101261442687, 0.02067924425887958], [0.4254, 0.5113907688243068], [0.981617914820576, 0.0], [0.03327328829882038, 0.5050348982826952], [0.9749960642530169, 0.0], [0.9578609509337183, 0.3842601670146211]]
0.5735, [[0.0, 0.5361692073976223], [0.9578609509337183, 0.3842601670146211], [0.7148734343280456, 0.4271532651356966], [0.9944101261442687, 0.02067924425887958], [0.35252325094978065, 0.43377791649269865], [0.09874122894449391, 0.520615891677675], [0.6048389174294597, 0.2623524008350719], [0.41570947522852636, 0.38194559081419943], [0.4046637630895725, 0.426550563674329], [0.0, 0.5308553500660508]]
0.5594, [[0.7383939035517766, 0.498096002642008], [0.5630868596301123, 0.5028135085865261], [0.8101592840534346, 0.49677054953764915], [0.0, 0.595827043844111], [0.8075148437293767, 0.41733784133611873], [0.0, 0.5805430163861838], [0.6109017806114445, 0.17295506054281107], [0.0, 0.5550745177147923], [0.4254, 0.505622792602378], [0.2932473366755608, 0.5107810911492735]]
0.6133, [[0.0, 0.5766645425155019], [0.9538620411753878, 0.021368045929032024], [0.8900729806755613, 0.498686715984148], [0.8603391516660379, 0.3453276784968727], [0.7624088616165923, 0.5002533236459707], [0.8067838602251652, 0.2540513277661922], [0.7500896396191532, 0.5053019365918097], [0.8622956075155435, 0.0], [0.7028122065085642, 0.23358986638832266], [0.7936046576345382, 0.0]]
0.6598, [[1.0, 0.40162202087683163], [0.8900729806755613, 0.498686715984148], [0.36579820524084705, 0.5120406816380451], [0.9578609509337183, 0.3842601670146211], [0.6362927076253619, 0.4991926023778073], [0.4254, 0.5039721268163808], [0.7569909838794979, 0.5125588692206079], [0.7500896396191532, 0.5053019365918097], [0.5360834690039646, 0.502175128137385], [0.5887572803368168, 0.49973206076618254]]
0.6282, [[0.9578609509337183, 0.3842601670146211], [0.0, 0.541541751651255], [0.9068641017575845, 0.19793931524008493], [0.32552566668955885, 0.5131011466314404], [0.9944101261442687, 0.02067924425887958], [0.0, 0.5333999022457072], [0.7770715307304713, 0.23983972860124916], [0.0, 0.5278282324966974], [0.7500896396191532, 0.5053019365918097], [0.19281414427772114, 0.5258051994715982]]
0.5903, [[0.0, 0.5434671578947369], [0.7569909838794979, 0.5125588692206079], [0.9944101261442687, 0.02067924425887958], [0.9749960642530169, 0.0], [0.0, 0.5379713315719945], [0.7500896396191532, 0.5053019365918097], [0.8603391516660379, 0.3453276784968727], [0.0, 0.5316200739762219], [0.836560688264349, 0.0], [0.0, 0.5306157331571996]]
0.8613, [[0.2995787498370953, 0.9997806574923475], [1.0, 0.40162202087683163], [0.3683198070194666, 0.6523665252435794], [0.4254, 0.5282072628797885], [0.9944101261442687, 0.02067924425887958], [0.8900729806755613, 0.498686715984148], [0.8075148437293767, 0.41733784133611873], [0.4954923850054248, 0.5075076935270808], [0.4254, 0.49559527344782095], [0.5724176490662178, 0.5023927054161165]]
0.6450, [[1.0, 0.40162202087683163], [0.0, 0.5294991439894323], [0.8267354099871604, 0.4335651983298567], [0.7369104370285245, 0.4875405574636729], [0.728611624304247, 0.49347793130779405], [0.6648655628340809, 0.505701981505945], [0.4254, 0.5098572206076618], [0.9578609509337183, 0.3842601670146211], [0.0, 0.5264438361955085], [0.4982013238739712, 0.48693498018494047]]
0.5757, [[0.9578609509337183, 0.3842601670146211], [0.0, 0.5387757780713343], [0.22680861155192897, 0.5033024808454429], [0.36411713738843376, 0.49073732892998667], [0.4254, 0.48853695376486184], [0.0, 0.5220138705416119], [0.0, 0.5329173368560103], [0.8625966007231601, 0.16467424634656752], [0.21802868651840113, 0.4927993157199471], [0.8243704633558896, 0.0]]
0.6466, [[0.0, 0.5438777304236201], [1.0, 0.40162202087683163], [0.5630868596301123, 0.5028135085865261], [0.42645744288714255, 0.5082834372523118], [0.0, 0.5416012073976223], [0.7624088616165923, 0.5002533236459707], [0.08371925019879178, 0.5234787371202115], [0.11102715551935025, 0.5214656988110967], [0.34197089568055694, 0.5075166631439898], [0.5222592809684456, 0.49715316776750385]]
0.5762, [[0.8603391516660379, 0.3453276784968727], [0.19281414427772114, 0.5258051994715982], [0.33746673018468887, 0.513950697490093], [0.0, 0.5369493077939234], [0.0, 0.5323481505944518], [0.009891880925365585, 0.5188657912813738], [0.0, 0.5344416591809773], [0.0, 0.5303727846763538], [0.7569909838794979, 0.5125588692206079], [0.32552566668955885, 0.5131011466314404]]
0.5741, [[0.0, 0.5439026957637998], [0.8603391516660379, 0.3453276784968727], [0.7569909838794979, 0.5125588692206079], [0.0, 0.5345746657859972], [0.0, 0.5345746657859972], [0.8067838602251652, 0.2540513277661922], [0.7500896396191532, 0.5053019365918097], [0.6691439662851986, 0.0], [0.4786152658640824, 0.5046197331572], [0.6362927076253619, 0.4991926023778073]]
0.5544, [[0.0, 0.5460232246469833], [0.6420330780849023, 0.5022684121532364], [0.41927260817657597, 0.5127615825627477], [0.09763628479857565, 0.5187640501981506], [0.8603391516660379, 0.3453276784968727], [0.4254, 0.4862053659180979], [0.4254, 0.48712462351387054], [0.0905988429168326, 0.5290427186261559], [0.8312718076162344, 0.0], [0.6908154772335727, 0.11173274739039994]]
0.6591, [[1.0, 0.40162202087683163], [0.6670155143170544, 0.5073488031704094], [0.0, 0.5364380396301186], [0.9944101261442687, 0.02067924425887958], [0.8900729806755613, 0.498686715984148], [0.0, 0.5231835085865256], [0.7383939035517766, 0.498096002642008], [0.7609038955785108, 0.4976416274768825], [0.8101592840534346, 0.49677054953764915], [0.10923819833071993, 0.5221491836195509]]
0.5751, [[0.8603391516660379, 0.3453276784968727], [0.006208733772303789, 0.5351848560105679], [0.7569909838794979, 0.5125588692206079], [0.8067838602251652, 0.2540513277661922], [0.7500896396191532, 0.5053019365918097], [0.09694569470737657, 0.5219200739762222], [0.6670155143170544, 0.5073488031704094], [0.15114542641886466, 0.5202348110964339], [0.4061986511287326, 0.5143548428005283], [0.33231389176750936, 0.0]]
0.6515, [[0.22778618905306025, 0.5444091193838255], [1.0, 0.40162202087683163], [0.8267354099871604, 0.4335651983298567], [0.49089148883186107, 0.4983958441215329], [0.7383939035517766, 0.498096002642008], [0.749509152718751, 0.49763932100396346], [0.9068641017575845, 0.19793931524008493], [0.0, 0.5201307635402908], [0.9944101261442687, 0.02067924425887958], [0.8546847792658168, 0.20638220041754396]]
0.5138, [[0.8432470373763981, 0.13993309812108992], [0.0, 0.5355587608982827], [0.6648655628340809, 0.505701981505945], [0.4254, 0.5098572206076618], [0.1948439832976658, 0.521407524438574], [0.6831186509245267, 0.1764547807933318], [0.009799802246539422, 0.5298607476882428], [0.46199614090069613, 0.503453682959049], [0.4254, 0.5088005997357992], [0.5179378784876676, 0.0]]
0.6708, [[0.9068641017575845, 0.19793931524008493], [0.8900729806755613, 0.498686715984148], [0.3683198070194666, 0.6523665252435794], [0.4954923850054248, 0.5075076935270808], [0.020829512560261793, 0.5406637542932626], [0.3164625182678529, 0.5112772391017175], [0.32494094743654545, 0.5097880264200791], [0.4254, 0.4954604729194192], [0.7369104370285245, 0.4875405574636729], [0.27239844081030684, 0.5111047661822989]]
0.4828, [[0.8788072349047795, 0.0], [0.6362927076253619, 0.4991926023778073], [0.0, 0.5997391926483632], [0.5360834690039646, 0.502175128137385], [0.4254, 0.508252171730515], [0.39720859261365354, 0.5091765548216649], [0.2428153011031668, 0.5206907239101721], [0.8707664163584596, 0.0], [0.0, 0.5279007582562746], [0.4254, 0.5048221902245709]]
0.5512, [[0.5982600658915609, 0.5039003698811101], [0.0, 0.5797933830823743], [0.8267354099871604, 0.4335651983298567], [0.47910975470516537, 0.5009501347424047], [0.47910975470516537, 0.5009501347424047], [0.4254, 0.5014529458388377], [0.0, 0.5693687949512841], [0.6494074116715007, 0.0], [0.6477089499999529, 0.0], [0.4254, 0.2412730438413486]]
0.6143, [[0.8900729806755613, 0.498686715984148], [0.35611379261281484, 0.5431155350066048], [0.7624088616165923, 0.5002533236459707], [0.8267354099871604, 0.4335651983298567], [0.4254, 0.5094346235138704], [0.8101592840534346, 0.49677054953764915], [0.4254, 0.5005823804491416], [0.8075148437293767, 0.41733784133611873], [0.8075148437293767, 0.41733784133611873], [0.756625492127393, 0.1583686722338285]]
0.8524, [[1.0, 0.40162202087683163], [0.2995787498370953, 0.9997806574923475], [0.8900729806755613, 0.498686715984148], [0.5724176490662178, 0.5023927054161165], [0.4254, 0.5282072628797885], [0.9538620411753878, 0.021368045929032024], [0.0, 0.5310616512549543], [0.749509152718751, 0.49763932100396346], [0.49089148883186107, 0.4983958441215329], [0.6843871222994815, 0.0]]
0.6099, [[0.0, 0.5448451655969192], [0.7569909838794979, 0.5125588692206079], [0.8900729806755613, 0.498686715984148], [0.4061986511287326, 0.5143548428005283], [0.4254, 0.5126580475561429], [0.0, 0.5287990013210039], [0.1489103227789253, 0.5234733553500661], [0.08352851579265146, 0.5072383487450464], [0.8603391516660379, 0.3453276784968727], [0.7383939035517766, 0.498096002642008]]
0.8594, [[1.0, 0.40162202087683163], [0.2995787498370953, 0.9997806574923475], [0.9068641017575845, 0.19793931524008493], [0.3683198070194666, 0.6523665252435794], [0.8900729806755613, 0.498686715984148], [0.0, 0.5307912813738443], [0.4254, 0.38539972860126176], [0.5724176490662178, 0.5023927054161165], [0.4254, 0.5014529458388377], [0.4254, 0.49559527344782095]]
0.5884, [[0.07735924431127275, 0.5245730303830918], [0.981617914820576, 0.0], [0.3647932190247305, 0.5223255006605021], [0.7569909838794979, 0.5125588692206079], [0.8603391516660379, 0.3453276784968727], [0.7500896396191532, 0.5053019365918097], [0.8625966007231601, 0.16467424634656752], [0.7550560275448217, 0.0], [0.7464132225832687, 0.0], [0.6831186509245267, 0.1764547807933318]]
0.6644, [[1.0, 0.40162202087683163], [0.0, 0.5383185838837515], [0.8900729806755613, 0.498686715984148], [0.43086484342723835, 0.4987333579920746], [0.4254, 0.5282072628797885], [0.9944101261442687, 0.02067924425887958], [0.8101592840534346, 0.49677054953764915], [0.2932473366755608, 0.5070335852047556], [0.8334862576436978, 0.0], [0.2970297393434905, 0.49065429590488785]]
0.6643, [[0.8900729806755613, 0.498686715984148], [0.7569909838794979, 0.5125588692206079], [0.4254, 0.5152333527080579], [0.0, 0.5469266649550706], [0.0, 0.5440010885750963], [1.0, 0.40162202087683163], [0.0, 0.5380487265521798], [0.7500896396191532, 0.5053019365918097], [0.981617914820576, 0.0], [0.9749960642530169, 0.0]]
0.8481, [[0.2995787498370953, 0.9997806574923475], [1.0, 0.40162202087683163], [0.9749960642530169, 0.0], [0.8900729806755613, 0.498686715984148], [0.7563459984346059, 0.1292870605427983], [0.9944101261442687, 0.02067924425887958], [0.9538620411753878, 0.021368045929032024], [0.8101592840534346, 0.49677054953764915], [0.8432470373763981, 0.13993309812108992], [0.8101592840534346, 0.49677054953764915]]
0.5782, [[0.8603391516660379, 0.3453276784968727], [0.0, 0.5679786058458826], [0.06769098303448555, 0.2185223298538616], [0.5110795332569831, 0.0], [0.46064167146642215, 0.5048403857331569], [0.4786152658640824, 0.5046197331572], [0.6648655628340809, 0.505701981505945], [0.7569909838794979, 0.5125588692206079], [0.7500896396191532, 0.5053019365918097], [0.22949466562045812, 0.5197632655217967]]
0.6585, [[0.5630868596301123, 0.5028135085865261], [0.08371925019879178, 0.5234787371202115], [0.414850668825663, 0.5085476565389699], [0.023795761428173964, 0.5253936221928667], [0.0, 0.5447177406931965], [1.0, 0.40162202087683163], [0.0, 0.5297541373844125], [0.9068641017575845, 0.19793931524008493], [0.8900729806755613, 0.498686715984148], [0.7383939035517766, 0.498096002642008]]
0.6586, [[0.0, 0.5393331756935275], [1.0, 0.40162202087683163], [0.38028827922958186, 0.5125319603698809], [0.4254, 0.5113907688243068], [0.023795761428173964, 0.5253936221928667], [0.8900729806755613, 0.498686715984148], [0.0, 0.5195692655217967], [0.8334862576436978, 0.0], [0.0, 0.5144819550858657], [0.7624088616165923, 0.5002533236459707]]
0.6536, [[0.7569909838794979, 0.5125588692206079], [1.0, 0.40162202087683163], [0.4241787681588901, 0.5147528375165128], [0.8267354099871604, 0.4335651983298567], [0.8101592840534346, 0.49677054953764915], [0.9944101261442687, 0.02067924425887958], [0.9578609509337183, 0.3842601670146211], [0.3119857614869701, 0.5147492496697492], [0.9538620411753878, 0.021368045929032024], [0.0, 0.4559765762004265]]
0.5959, [[0.9944101261442687, 0.02067924425887958], [0.0, 0.5358901241743725], [0.749509152718751, 0.49763932100396346], [0.5887572803368168, 0.49973206076618254], [0.9068641017575845, 0.19793931524008493], [0.3240090511270552, 0.5247770250990753], [0.8603391516660379, 0.3453276784968727], [0.0, 0.5221817305151913], [0.6831186509245267, 0.1764547807933318], [0.41927260817657597, 0.5127615825627477]]
0.6168, [[0.0, 0.5440829319640565], [0.1948439832976658, 0.521407524438574], [1.0, 0.40162202087683163], [0.46064167146642215, 0.5048403857331569], [0.0, 0.543491163029525], [0.06916424189571035, 0.5158194531043598], [0.8432470373763981, 0.13993309812108992], [0.7552710226931191, 0.38302437578287757], [0.4254, 0.5038588533685606], [0.5958091212009708, 0.2346838455114869]]
0.6564, [[1.0, 0.40162202087683163], [0.0, 0.5365026208718632], [0.4254, 0.5098572206076618], [0.8900729806755613, 0.498686715984148], [0.9068641017575845, 0.19793931524008493], [0.5590664503569523, 0.49380160634081954], [0.8546847792658168, 0.20638220041754396], [0.8267354099871604, 0.4335651983298567], [0.7369104370285245, 0.4875405574636729], [0.4254, 0.4971339471598414]]
0.6226, [[0.9944101261442687, 0.02067924425887958], [0.09627483576164003, 0.5236030303830916], [0.7569909838794979, 0.5125588692206079], [0.9068641017575845, 0.19793931524008493], [0.8900729806755613, 0.498686715984148], [0.27727719207763574, 0.5135967820343461], [0.42645744288714255, 0.5082834372523118], [0.7609038955785108, 0.4976416274768825], [0.6670155143170544, 0.5073488031704094], [0.7464132225832687, 0.0]]
0.6452, [[0.9944101261442687, 0.02067924425887958], [0.9578609509337183, 0.3842601670146211], [0.7569909838794979, 0.5125588692206079], [0.7569909838794979, 0.5125588692206079], [0.7500896396191532, 0.5053019365918097], [0.34251906998025683, 0.5198396354029067], [0.4061986511287326, 0.5143548428005283], [0.5724176490662178, 0.5023927054161165], [0.5887572803368168, 0.49973206076618254], [0.8900729806755613, 0.498686715984148]]
0.5285, [[0.7569909838794979, 0.5125588692206079], [0.0, 0.5476119127086008], [0.0, 0.5383219154557469], [0.4254, 0.0], [0.0, 0.541318792602378], [0.5904557420083664, 0.0], [0.4254, 0.0], [0.4254, 0.0], [0.4254, 0.49841967767503353], [0.35851662329316647, 0.40575989561587833]]
0.5938, [[0.020829512560261793, 0.5406637542932626], [0.6648655628340809, 0.505701981505945], [0.8101592840534346, 0.49677054953764915], [0.9944101261442687, 0.02067924425887958], [0.9944101261442687, 0.02067924425887958], [0.0, 0.5281165416116252], [0.46199614090069613, 0.503453682959049], [0.981617914820576, 0.0], [0.4254, 0.5082924068692208], [0.8603391516660379, 0.3453276784968727]]
0.6698, [[0.35611379261281484, 0.5431155350066048], [1.0, 0.40162202087683163], [0.8900729806755613, 0.498686715984148], [0.9538620411753878, 0.021368045929032024], [0.7383939035517766, 0.498096002642008], [0.5982600658915609, 0.5039003698811101], [0.4030009677138163, 0.5121608745046233], [0.5724176490662178, 0.5023927054161165], [0.5590664503569523, 0.49380160634081954], [0.6723043949651691, 0.192818885177463]]
