mean:0.254313,,,,,,,,,,,,,,,,,,,,,,,,,,,,,,
mean:0.254438,,,,,,,,,,,,,,,,,,,,,,,,,,,,,,
0.3011, [[0.0,0.9756992084432724, 0.4917], [0.36752592592590405,0.9756992084432724, 0.4917], [0.36752592592590405,0.9878496042216364, 0.4275652173913011], [0.36752592592590405,0.0, 0.4917], [0.36752592592590405,0.9878496042216364, 0.3206739130434758], [0.0,0.9878496042216364, 0.4275652173913011], [0.36752592592590405,0.9878496042216364, 0.3206739130434758], [0.36752592592590405,0.9878496042216364, 0.3206739130434758], [0.0,0.9878496042216364, 0.3206739130434758], [0.0,1.0, 0.3206739130434758]]
0.1819, [[0.36752592592590405,0.0, 0.4275652173913011], [0.36752592592590405,0.0, 0.4275652173913011], [0.0,0.9878496042216364, 0.3206739130434758], [0.0,0.9878496042216364, 0.3206739130434758], [0.36752592592590405,0.0, 0.4275652173913011], [0.36752592592590405,1.0, 0.21378260869565055], [0.36752592592590405,0.0, 0.3206739130434758], [0.0,0.9878496042216364, 0.21378260869565055], [0.36752592592590405,1.0, 0.10689130434782528], [0.36752592592590405,0.0, 0.3206739130434758]]
0.2818, [[0.5529411764706459,0.0, 0.10689130434782528], [0.0,0.9878496042216364, 0.4917], [0.0,1.0, 0.21378260869565055], [0.36752592592590405,0.0, 0.4917], [0.0,1.0, 0.21378260869565055], [0.36752592592590405,1.0, 0.0], [0.36752592592590405,0.9878496042216364, 0.3206739130434758], [0.36752592592590405,0.9756992084432724, 0.4275652173913011], [0.36752592592590405,0.0, 0.21378260869565055], [0.0,1.0, 0.0]]
0.2387, [[0.36752592592590405,0.0, 0.4917], [0.0,0.9756992084432724, 0.4917], [0.36752592592590405,0.0, 0.4917], [0.36752592592590405,0.0, 0.4917], [0.36752592592590405,1.0, 0.0], [0.0,0.9878496042216364, 0.3206739130434758], [0.36752592592590405,0.0, 0.4917], [0.36752592592590405,0.0, 0.4917], [0.36752592592590405,0.9878496042216364, 0.21378260869565055], [0.36752592592590405,0.9756992084432724, 0.3206739130434758]]
0.1613, [[0.36752592592590405,1.0, 0.0], [0.5529411764706459,0.0, 0.21378260869565055], [0.0,1.0, 0.4275652173913011], [0.36752592592590405,0.9756992084432724, 0.10689130434782528], [0.36752592592590405,0.0, 0.4917], [0.36752592592590405,0.9878496042216364, 0.0], [0.5529411764706459,0.0, 0.10689130434782528], [0.0,1.0, 0.10689130434782528], [0.0,0.9878496042216364, 0.4275652173913011], [0.36752592592590405,0.0, 0.4275652173913011]]
0.277, [[0.0,0.9756992084432724, 0.4917], [0.36752592592590405,1.0, 0.3206739130434758], [0.36752592592590405,0.9756992084432724, 0.4275652173913011], [0.36752592592590405,0.0, 0.3206739130434758], [0.36752592592590405,0.9878496042216364, 0.21378260869565055], [0.0,0.9878496042216364, 0.3206739130434758], [0.36752592592590405,0.9878496042216364, 0.21378260869565055], [0.36752592592590405,1.0, 0.0], [0.36752592592590405,0.9878496042216364, 0.21378260869565055], [0.36752592592590405,0.9878496042216364, 0.21378260869565055]]
0.3033, [[0.36752592592590405,0.9878496042216364, 0.4917], [0.36752592592590405,0.9878496042216364, 0.4917], [0.36752592592590405,1.0, 0.3206739130434758], [0.36752592592590405,0.0, 0.4917], [0.36752592592590405,0.0, 0.4917], [0.36752592592590405,0.0, 0.4917], [0.36752592592590405,0.9878496042216364, 0.4275652173913011], [0.36752592592590405,1.0, 0.21378260869565055], [0.36752592592590405,1.0, 0.21378260869565055], [0.0,0.9878496042216364, 0.4275652173913011]]
0.2543, [[0.36752592592590405,0.0, 0.4917], [0.36752592592590405,0.0, 0.4917], [0.36752592592590405,0.0, 0.4917], [0.0,1.0, 0.4917], [0.36752592592590405,1.0, 0.0], [0.36752592592590405,0.0, 0.4917], [0.36752592592590405,0.9878496042216364, 0.21378260869565055], [0.36752592592590405,0.0, 0.4917], [0.193571428571429,0.9878496042216364, 0.4917], [0.36752592592590405,0.0, 0.10689130434782528]]
0.3011, [[0.36752592592590405,0.9756992084432724, 0.4917], [0.36752592592590405,0.9878496042216364, 0.3206739130434758], [0.36752592592590405,0.9878496042216364, 0.3206739130434758], [0.0,0.9756992084432724, 0.3206739130434758], [0.36752592592590405,0.9878496042216364, 0.21378260869565055], [0.36752592592590405,0.9878496042216364, 0.21378260869565055], [0.36752592592590405,1.0, 0.10689130434782528], [0.0,0.9878496042216364, 0.10689130434782528], [0.36752592592590405,0.9756992084432724, 0.0], [0.0,1.0, 0.0]]
0.272, [[0.0,0.0, 0.4917], [0.36752592592590405,1.0, 0.21378260869565055], [0.36752592592590405,1.0, 0.4275652173913011], [0.36752592592590405,1.0, 0.0], [0.36752592592590405,1.0, 0.0], [0.36752592592590405,1.0, 0.0], [0.36752592592590405,0.9878496042216364, 0.0], [0.0,1.0, 0.0], [0.0,1.0, 0.0], [0.36752592592590405,0.9878496042216364, 0.3206739130434758]]
0.24, [[0.0,1.0, 0.4917], [0.0,0.9756992084432724, 0.4275652173913011], [0.0,1.0, 0.3206739130434758], [0.36752592592590405,0.0, 0.4917], [0.36752592592590405,0.0, 0.4917], [0.36752592592590405,0.0, 0.4917], [0.36752592592590405,0.0, 0.4275652173913011], [0.0,1.0, 0.0], [0.36752592592590405,0.9878496042216364, 0.3206739130434758], [0.36752592592590405,1.0, 0.0]]
0.3015, [[0.36752592592590405,0.9878496042216364, 0.4917], [0.36752592592590405,1.0, 0.0], [0.0,1.0, 0.0], [0.36752592592590405,0.9878496042216364, 0.21378260869565055], [0.0,0.9878496042216364, 0.3206739130434758], [0.36752592592590405,0.9756992084432724, 0.4917], [0.0,1.0, 0.0], [0.0,1.0, 0.0], [0.0,1.0, 0.0], [0.0,1.0, 0.0]]
0.3036, [[0.36752592592590405,0.9756992084432724, 0.4917], [0.36752592592590405,0.9756992084432724, 0.4917], [0.36752592592590405,1.0, 0.4275652173913011], [0.36752592592590405,0.0, 0.4917], [0.36752592592590405,0.9756992084432724, 0.4275652173913011], [0.36752592592590405,1.0, 0.3206739130434758], [0.36752592592590405,1.0, 0.3206739130434758], [0.0,1.0, 0.0], [0.36752592592590405,0.9878496042216364, 0.3206739130434758], [0.36752592592590405,0.9878496042216364, 0.3206739130434758]]
0.2219, [[0.36752592592590405,0.9878496042216364, 0.21378260869565055], [0.36752592592590405,0.0, 0.4917], [0.36752592592590405,0.9756992084432724, 0.3206739130434758], [0.36752592592590405,0.0, 0.4275652173913011], [0.36752592592590405,1.0, 0.0], [0.0,0.9756992084432724, 0.3206739130434758], [0.0,1.0, 0.0], [0.36752592592590405,0.0, 0.4917], [0.0,0.9878496042216364, 0.21378260869565055], [0.36752592592590405,0.0, 0.4917]]
0.303, [[0.36752592592590405,1.0, 0.0], [0.36752592592590405,0.9878496042216364, 0.4275652173913011], [0.36752592592590405,0.9756992084432724, 0.4917], [0.5529411764706459,0.0, 0.0], [0.0,1.0, 0.0], [0.0,1.0, 0.0], [0.0,1.0, 0.0], [0.36752592592590405,0.9878496042216364, 0.3206739130434758], [0.36752592592590405,0.0, 0.4917], [0.36752592592590405,0.9756992084432724, 0.4275652173913011]]
0.2783, [[0.36752592592590405,1.0, 0.21378260869565055], [0.0,1.0, 0.21378260869565055], [0.36752592592590405,0.9878496042216364, 0.4275652173913011], [0.0,0.9878496042216364, 0.4917], [0.0,0.9878496042216364, 0.0], [0.0,0.9878496042216364, 0.0], [0.0,0.9756992084432724, 0.3206739130434758], [0.0,0.9756992084432724, 0.3206739130434758], [0.36752592592590405,0.0, 0.0], [0.193571428571429,0.0, 0.4917]]
0.1276, [[0.36752592592590405,0.0, 0.4917], [0.0,0.9756992084432724, 0.4917], [0.0,1.0, 0.21378260869565055], [0.193571428571429,0.9878496042216364, 0.10689130434782528], [0.5529411764706459,0.0, 0.0], [0.0,0.0, 0.4917], [0.0,1.0, 0.0], [0.0,0.9756992084432724, 0.4275652173913011], [0.36752592592590405,0.0, 0.4917], [0.0,0.9878496042216364, 0.21378260869565055]]
0.202, [[0.0,0.9878496042216364, 0.4917], [0.0,1.0, 0.0], [0.0,1.0, 0.0], [0.5529411764706459,0.0, 0.0], [0.0,1.0, 0.0], [0.36752592592590405,0.9878496042216364, 0.21378260869565055], [0.36752592592590405,0.0, 0.4917], [0.36752592592590405,0.9878496042216364, 0.0], [0.36752592592590405,0.9878496042216364, 0.0], [0.36752592592590405,0.9878496042216364, 0.0]]
0.3022, [[0.36752592592590405,0.9878496042216364, 0.4917], [0.36752592592590405,1.0, 0.10689130434782528], [0.36752592592590405,0.0, 0.4917], [0.36752592592590405,1.0, 0.0], [0.36752592592590405,0.9878496042216364, 0.3206739130434758], [0.36752592592590405,0.0, 0.4917], [0.36752592592590405,0.0, 0.4917], [0.0,1.0, 0.0], [0.0,1.0, 0.21378260869565055], [0.0,0.0, 0.3206739130434758]]
0.2993, [[0.36752592592590405,0.9878496042216364, 0.10689130434782528], [0.36752592592590405,1.0, 0.0], [0.36752592592590405,1.0, 0.0], [0.36752592592590405,0.9878496042216364, 0.10689130434782528], [0.36752592592590405,0.9756992084432724, 0.4917], [0.0,0.9756992084432724, 0.3206739130434758], [0.36752592592590405,0.9756992084432724, 0.21378260869565055], [0.36752592592590405,0.9878496042216364, 0.0], [0.0,0.9878496042216364, 0.10689130434782528], [0.0,1.0, 0.0]]
0.2716, [[0.36752592592590405,0.9878496042216364, 0.4275652173913011], [0.0,1.0, 0.0], [0.0,1.0, 0.10689130434782528], [0.36752592592590405,0.9878496042216364, 0.0], [0.36752592592590405,0.9878496042216364, 0.21378260869565055], [0.0,1.0, 0.0], [0.36752592592590405,0.9878496042216364, 0.3206739130434758], [0.36752592592590405,0.0, 0.4917], [0.36752592592590405,0.0, 0.0], [0.36752592592590405,0.0, 0.0]]
0.2336, [[0.36752592592590405,0.0, 0.4917], [0.0,0.9756992084432724, 0.4275652173913011], [0.36752592592590405,1.0, 0.10689130434782528], [0.36752592592590405,0.9878496042216364, 0.3206739130434758], [0.0,0.9756992084432724, 0.4275652173913011], [0.0,1.0, 0.0], [0.36752592592590405,0.0, 0.3206739130434758], [0.0,0.9878496042216364, 0.3206739130434758], [0.36752592592590405,0.9878496042216364, 0.21378260869565055], [0.0,0.0, 0.21378260869565055]]
0.3043, [[0.36752592592590405,1.0, 0.4917], [0.0,0.0, 0.4917], [0.36752592592590405,0.9878496042216364, 0.4275652173913011], [0.36752592592590405,1.0, 0.10689130434782528], [0.36752592592590405,0.9878496042216364, 0.3206739130434758], [0.36752592592590405,0.9756992084432724, 0.4275652173913011], [0.36752592592590405,1.0, 0.0], [0.0,1.0, 0.10689130434782528], [0.0,1.0, 0.0], [0.36752592592590405,0.9878496042216364, 0.21378260869565055]]
0.2238, [[0.36752592592590405,0.9878496042216364, 0.3206739130434758], [0.36752592592590405,0.9878496042216364, 0.21378260869565055], [0.5529411764706459,0.0, 0.0], [0.36752592592590405,0.0, 0.0], [0.0,0.9878496042216364, 0.0], [0.36752592592590405,0.0, 0.4917], [0.0,0.9878496042216364, 0.3206739130434758], [0.36752592592590405,0.0, 0.0], [0.36752592592590405,0.0, 0.10689130434782528], [0.36752592592590405,0.0, 0.0]]
0.1962, [[0.0,1.0, 0.0], [0.36752592592590405,0.0, 0.4917], [0.5529411764706459,0.0, 0.0], [0.0,1.0, 0.4275652173913011], [0.0,1.0, 0.0], [0.0,1.0, 0.10689130434782528], [0.36752592592590405,0.9878496042216364, 0.21378260869565055], [0.36752592592590405,0.9878496042216364, 0.21378260869565055], [0.36752592592590405,0.9878496042216364, 0.0], [0.193571428571429,0.0, 0.4917]]
0.08, [[0.36752592592590405,0.0, 0.4917], [0.0,1.0, 0.10689130434782528], [0.36752592592590405,0.0, 0.4275652173913011], [0.0,1.0, 0.0], [0.0,1.0, 0.10689130434782528], [0.0,1.0, 0.0], [0.36752592592590405,0.0, 0.10689130434782528], [0.0,1.0, 0.0], [0.0,0.9878496042216364, 0.4275652173913011], [0.0,0.9878496042216364, 0.0]]
0.3043, [[0.36752592592590405,1.0, 0.4917], [0.36752592592590405,0.9878496042216364, 0.4275652173913011], [0.36752592592590405,0.9756992084432724, 0.4917], [0.36752592592590405,0.9756992084432724, 0.4917], [0.36752592592590405,0.9756992084432724, 0.4917], [0.36752592592590405,1.0, 0.3206739130434758], [0.36752592592590405,0.9878496042216364, 0.4275652173913011], [0.0,1.0, 0.3206739130434758], [0.36752592592590405,0.9756992084432724, 0.4275652173913011], [0.36752592592590405,0.9878496042216364, 0.3206739130434758]]
0.3013, [[0.0,1.0, 0.4275652173913011], [0.0,0.0, 0.4986714285714131], [0.36752592592590405,0.9756992084432724, 0.4917], [0.36752592592590405,1.0, 0.10689130434782528], [0.0,1.0, 0.0], [0.36752592592590405,1.0, 0.0], [0.36752592592590405,0.0, 0.4917], [0.36752592592590405,0.0, 0.4917], [0.36752592592590405,0.0, 0.4917], [0.36752592592590405,0.9878496042216364, 0.21378260869565055]]
0.1952, [[0.36752592592590405,0.0, 0.4917], [0.36752592592590405,1.0, 0.21378260869565055], [0.0,0.9756992084432724, 0.4275652173913011], [0.0,0.0, 0.4917], [0.36752592592590405,0.0, 0.4275652173913011], [0.0,1.0, 0.10689130434782528], [0.36752592592590405,0.9878496042216364, 0.21378260869565055], [0.36752592592590405,0.9878496042216364, 0.21378260869565055], [0.36752592592590405,0.9878496042216364, 0.10689130434782528], [0.36752592592590405,0.9878496042216364, 0.0]]
0.3029, [[0.0,1.0, 0.0], [0.5529411764706459,0.0, 0.0], [0.0,1.0, 0.0], [0.0,1.0, 0.0], [0.0,1.0, 0.0], [0.0,0.9878496042216364, 0.0], [0.36752592592590405,0.9878496042216364, 0.10689130434782528], [0.36752592592590405,0.9878496042216364, 0.0], [0.0,0.9878496042216364, 0.0], [0.36752592592590405,0.9878496042216364, 0.4917]]
0.3043, [[0.36752592592590405,1.0, 0.4917], [0.0,0.9878496042216364, 0.4917], [0.36752592592590405,1.0, 0.0], [0.0,1.0, 0.4275652173913011], [0.36752592592590405,0.9878496042216364, 0.4275652173913011], [0.36752592592590405,0.9756992084432724, 0.4917], [0.0,1.0, 0.0], [0.36752592592590405,0.0, 0.4917], [0.0,1.0, 0.0], [0.36752592592590405,0.0, 0.4917]]
0.2701, [[0.36752592592590405,1.0, 0.21378260869565055], [0.36752592592590405,1.0, 0.21378260869565055], [0.36752592592590405,0.9878496042216364, 0.10689130434782528], [0.0,0.9878496042216364, 0.0], [0.36752592592590405,0.9878496042216364, 0.0], [0.36752592592590405,0.9878496042216364, 0.0], [0.0,0.9878496042216364, 0.21378260869565055], [0.36752592592590405,0.9878496042216364, 0.3206739130434758], [0.36752592592590405,0.9878496042216364, 0.21378260869565055], [0.36752592592590405,0.9878496042216364, 0.4275652173913011]]
0.2141, [[0.0,1.0, 0.0], [0.0,0.9878496042216364, 0.10689130434782528], [0.0,0.9878496042216364, 0.21378260869565055], [0.0,0.9878496042216364, 0.0], [0.36752592592590405,0.9878496042216364, 0.10689130434782528], [0.0,0.9878496042216364, 0.0], [0.36752592592590405,0.9878496042216364, 0.3206739130434758], [0.0,0.9756992084432724, 0.0], [0.0,0.9756992084432724, 0.0], [0.36752592592590405,0.0, 0.0]]
0.2276, [[0.5529411764706459,0.0, 0.10689130434782528], [0.36752592592590405,1.0, 0.21378260869565055], [0.36752592592590405,1.0, 0.0], [0.36752592592590405,1.0, 0.0], [0.36752592592590405,1.0, 0.0], [0.36752592592590405,0.9878496042216364, 0.3206739130434758], [0.36752592592590405,0.9756992084432724, 0.0], [0.0,0.9878496042216364, 0.0], [0.36752592592590405,0.0, 0.0], [0.36752592592590405,0.0, 0.4917]]
0.3016, [[0.36752592592590405,0.9878496042216364, 0.0], [0.0,0.0, 0.0], [0.0,0.1011795217442269, 0.0], [0.36752592592590405,0.9878496042216364, 0.4917], [0.0,0.093044484820068, 0.0], [0.36752592592590405,1.0, 0.0], [0.0,1.0, 0.10689130434782528], [0.0,1.0, 0.0], [0.36752592592590405,1.0, 0.0], [0.0,0.9878496042216364, 0.4917]]
0.2037, [[0.0,0.9878496042216364, 0.4275652173913011], [0.36752592592590405,0.0, 0.4917], [0.0,0.9756992084432724, 0.4917], [0.36752592592590405,1.0, 0.21378260869565055], [0.5529411764706459,0.0, 0.0], [0.0,1.0, 0.3206739130434758], [0.36752592592590405,0.0, 0.4275652173913011], [0.0,0.0, 0.4917], [0.0,1.0, 0.0], [0.0,0.9878496042216364, 0.21378260869565055]]
0.3011, [[0.0,1.0, 0.0], [0.0,0.9878496042216364, 0.0], [0.0,0.9756992084432724, 0.0], [0.0,1.0, 0.0], [0.0,0.9756992084432724, 0.10689130434782528], [0.36752592592590405,0.9878496042216364, 0.4917], [0.0,0.9756992084432724, 0.10689130434782528], [0.0,0.9756992084432724, 0.0], [0.0,0.9878496042216364, 0.0], [0.0,0.9756992084432724, 0.0]]
0.3088, [[0.36752592592590405,1.0, 0.3206739130434758], [0.5529411764706459,0.0, 0.21378260869565055], [0.36752592592590405,0.9878496042216364, 0.4275652173913011], [0.36752592592590405,0.9878496042216364, 0.4275652173913011], [0.36752592592590405,0.9878496042216364, 0.4275652173913011], [0.36752592592590405,0.9878496042216364, 0.3206739130434758], [0.36752592592590405,0.9756992084432724, 0.4917], [0.0,0.0, 0.10689130434782528], [0.36752592592590405,0.0, 0.0], [0.193571428571429,0.0, 0.0]]
0.3005, [[0.36752592592590405,0.0, 0.4917], [0.0,1.0, 0.0], [0.36752592592590405,0.9756992084432724, 0.4917], [0.36752592592590405,0.9878496042216364, 0.3206739130434758], [0.36752592592590405,1.0, 0.0], [0.36752592592590405,1.0, 0.0], [0.36752592592590405,1.0, 0.0], [0.36752592592590405,0.9878496042216364, 0.21378260869565055], [0.36752592592590405,0.0, 0.4917], [0.0,1.0, 0.0]]
0.2743, [[0.36752592592590405,1.0, 0.4275652173913011], [0.36752592592590405,1.0, 0.3206739130434758], [0.36752592592590405,0.9878496042216364, 0.4275652173913011], [0.0,1.0, 0.0], [0.36752592592590405,0.9878496042216364, 0.3206739130434758], [0.0,0.9878496042216364, 0.0], [0.36752592592590405,0.9756992084432724, 0.0], [0.36752592592590405,0.9756992084432724, 0.0], [0.36752592592590405,0.0, 0.4917], [0.36752592592590405,0.0, 0.0]]
0.0693, [[0.0,1.0, 0.0], [0.0,1.0, 0.0], [0.0,1.0, 0.0], [0.0,1.0, 0.0], [0.0,0.9878496042216364, 0.3206739130434758], [0.36752592592590405,0.0, 0.4917], [0.0,0.9878496042216364, 0.3206739130434758], [0.0,1.0, 0.0], [0.0,1.0, 0.0], [0.36752592592590405,0.0, 0.4275652173913011]]
0.272, [[0.36752592592590405,0.9756992084432724, 0.21378260869565055], [0.36752592592590405,0.0, 0.4917], [0.0,1.0, 0.0], [0.36752592592590405,0.9878496042216364, 0.0], [0.0,1.0, 0.10689130434782528], [0.36752592592590405,0.9878496042216364, 0.4275652173913011], [0.36752592592590405,0.9756992084432724, 0.0], [0.36752592592590405,0.9878496042216364, 0.0], [0.36752592592590405,1.0, 0.0], [0.36752592592590405,0.9878496042216364, 0.0]]
0.0865, [[0.36752592592590405,0.0, 0.4917], [0.0,1.0, 0.0], [0.0,0.9878496042216364, 0.4917], [0.0,1.0, 0.21378260869565055], [0.0,1.0, 0.0], [0.0,0.9878496042216364, 0.0], [0.0,0.9878496042216364, 0.0], [0.0,0.9878496042216364, 0.21378260869565055], [0.0,0.9878496042216364, 0.0], [0.0,0.9878496042216364, 0.0]]
0.2796, [[0.36752592592590405,1.0, 0.3206739130434758], [0.0,0.9878496042216364, 0.4917], [0.0,0.9878496042216364, 0.0], [0.36752592592590405,0.9756992084432724, 0.4275652173913011], [0.36752592592590405,0.0, 0.4275652173913011], [0.36752592592590405,0.0, 0.0], [0.36752592592590405,0.0, 0.0], [0.36752592592590405,0.0, 0.4917], [0.36752592592590405,0.0, 0.4917], [0.36752592592590405,0.0, 0.4917]]
0.2743, [[0.0,1.0, 0.21378260869565055], [0.36752592592590405,0.0, 0.4917], [0.36752592592590405,0.0, 0.4917], [0.36752592592590405,0.9878496042216364, 0.10689130434782528], [0.0,0.9878496042216364, 0.0], [0.36752592592590405,0.9756992084432724, 0.0], [0.36752592592590405,1.0, 0.10689130434782528], [0.0,0.9756992084432724, 0.4275652173913011], [0.36752592592590405,1.0, 0.0], [0.36752592592590405,1.0, 0.4275652173913011]]
0.3033, [[0.36752592592590405,0.9878496042216364, 0.0], [0.36752592592590405,0.9756992084432724, 0.0], [0.36752592592590405,0.0, 0.0], [0.36752592592590405,1.0, 0.0], [0.36752592592590405,1.0, 0.3206739130434758], [0.36752592592590405,0.9878496042216364, 0.4917], [0.36752592592590405,0.9756992084432724, 0.10689130434782528], [0.36752592592590405,0.9756992084432724, 0.3206739130434758], [0.36752592592590405,0.9756992084432724, 0.10689130434782528], [0.36752592592590405,1.0, 0.0]]
0.3024, [[0.36752592592590405,0.9878496042216364, 0.4917], [0.36752592592590405,0.9878496042216364, 0.4275652173913011], [0.36752592592590405,0.9878496042216364, 0.4275652173913011], [0.0,1.0, 0.3206739130434758], [0.36752592592590405,1.0, 0.10689130434782528], [0.36752592592590405,0.9878496042216364, 0.10689130434782528], [0.0,0.9756992084432724, 0.10689130434782528], [0.0,0.9756992084432724, 0.10689130434782528], [0.36752592592590405,0.9756992084432724, 0.10689130434782528], [0.36752592592590405,0.0, 0.0]]
0.3229, [[0.5529411764706459,0.9878496042216364, 0.0], [0.36752592592590405,1.0, 0.21378260869565055], [0.36752592592590405,1.0, 0.21378260869565055], [0.36752592592590405,1.0, 0.10689130434782528], [0.36752592592590405,1.0, 0.0], [0.36752592592590405,1.0, 0.21378260869565055], [0.36752592592590405,1.0, 0.21378260869565055], [0.36752592592590405,1.0, 0.0], [0.36752592592590405,1.0, 0.21378260869565055], [0.36752592592590405,0.9878496042216364, 0.4917]]
0.194, [[0.36752592592590405,0.0, 0.4917], [0.36752592592590405,0.0, 0.4917], [0.36752592592590405,0.0, 0.4917], [0.36752592592590405,0.0, 0.4917], [0.36752592592590405,1.0, 0.0], [0.0,0.9756992084432724, 0.4275652173913011], [0.36752592592590405,0.9878496042216364, 0.21378260869565055], [0.36752592592590405,0.0, 0.4275652173913011], [0.0,0.9878496042216364, 0.21378260869565055], [0.36752592592590405,0.0, 0.4275652173913011]]
0.302, [[0.36752592592590405,1.0, 0.0], [0.0,1.0, 0.4275652173913011], [0.36752592592590405,1.0, 0.0], [0.36752592592590405,0.9878496042216364, 0.4917], [0.0,1.0, 0.21378260869565055], [0.0,0.9878496042216364, 0.4917], [0.0,0.9878496042216364, 0.4917], [0.36752592592590405,0.9878496042216364, 0.3206739130434758], [0.36752592592590405,0.9756992084432724, 0.4917], [0.36752592592590405,0.9878496042216364, 0.21378260869565055]]
0.2408, [[0.36752592592590405,1.0, 0.0], [0.36752592592590405,1.0, 0.0], [0.36752592592590405,0.0, 0.4917], [0.0,0.9878496042216364, 0.4917], [0.5529411764706459,0.0, 0.0], [0.36752592592590405,0.9878496042216364, 0.21378260869565055], [0.36752592592590405,0.9756992084432724, 0.3206739130434758], [0.36752592592590405,0.9756992084432724, 0.3206739130434758], [0.36752592592590405,0.9756992084432724, 0.3206739130434758], [0.36752592592590405,0.9878496042216364, 0.21378260869565055]]
0.3043, [[0.36752592592590405,1.0, 0.4917], [0.36752592592590405,0.9756992084432724, 0.4275652173913011], [0.193571428571429,0.0, 0.4917], [0.0,1.0, 0.10689130434782528], [0.0,1.0, 0.0], [0.0,0.9878496042216364, 0.3206739130434758], [0.36752592592590405,0.9878496042216364, 0.21378260869565055], [0.0,1.0, 0.10689130434782528], [0.36752592592590405,0.9878496042216364, 0.21378260869565055], [0.36752592592590405,0.0, 0.4275652173913011]]
0.2802, [[0.36752592592590405,0.0, 0.4917], [0.36752592592590405,0.9878496042216364, 0.4275652173913011], [0.36752592592590405,0.9878496042216364, 0.4275652173913011], [0.0,0.9878496042216364, 0.4917], [0.0,0.9878496042216364, 0.4917], [0.36752592592590405,1.0, 0.3206739130434758], [0.0,1.0, 0.4275652173913011], [0.0,0.9878496042216364, 0.3206739130434758], [0.0,0.0, 0.4275652173913011], [0.0,1.0, 0.21378260869565055]]
0.2753, [[0.0,1.0, 0.0], [0.0,1.0, 0.0], [0.36752592592590405,0.9878496042216364, 0.4275652173913011], [0.0,0.9756992084432724, 0.4917], [0.0,1.0, 0.0], [0.0,1.0, 0.0], [0.0,1.0, 0.0], [0.0,0.9756992084432724, 0.4917], [0.36752592592590405,0.9878496042216364, 0.3206739130434758], [0.36752592592590405,0.0, 0.4275652173913011]]
0.3043, [[0.36752592592590405,0.9756992084432724, 0.4917], [0.36752592592590405,1.0, 0.4917], [0.36752592592590405,0.9878496042216364, 0.4275652173913011], [0.36752592592590405,0.9878496042216364, 0.4275652173913011], [0.0,0.9878496042216364, 0.4275652173913011], [0.0,1.0, 0.4275652173913011], [0.0,0.9756992084432724, 0.0], [0.0,0.9756992084432724, 0.0], [0.0,0.9756992084432724, 0.0], [0.0,0.9756992084432724, 0.0]]
0.0951, [[0.0,1.0, 0.0], [0.0,0.9878496042216364, 0.21378260869565055], [0.36752592592590405,0.9878496042216364, 0.0], [0.36752592592590405,0.0, 0.4917], [0.36752592592590405,0.0, 0.4917], [0.0,1.0, 0.0], [0.0,1.0, 0.0], [0.0,1.0, 0.0], [0.0,0.0, 0.4917], [0.36752592592590405,0.0, 0.4275652173913011]]
0.2743, [[0.36752592592590405,1.0, 0.4275652173913011], [0.36752592592590405,0.9878496042216364, 0.3206739130434758], [0.36752592592590405,0.0, 0.4917], [0.36752592592590405,0.0, 0.4917], [0.36752592592590405,0.0, 0.4917], [0.36752592592590405,0.0, 0.4917], [0.36752592592590405,0.0, 0.0], [0.36752592592590405,0.0, 0.21378260869565055], [0.36752592592590405,0.0, 0.3206739130434758], [0.36752592592590405,0.0, 0.0]]
0.3043, [[0.36752592592590405,1.0, 0.4917], [0.36752592592590405,1.0, 0.0], [0.36752592592590405,0.9878496042216364, 0.4917], [0.36752592592590405,1.0, 0.0], [0.0,0.9878496042216364, 0.4917], [0.36752592592590405,0.0, 0.4917], [0.0,0.9878496042216364, 0.4917], [0.36752592592590405,0.0, 0.4917], [0.36752592592590405,0.9878496042216364, 0.3206739130434758], [0.193571428571429,1.0, 0.0]]
0.3022, [[0.36752592592590405,1.0, 0.10689130434782528], [0.0,1.0, 0.21378260869565055], [0.36752592592590405,1.0, 0.10689130434782528], [0.36752592592590405,0.9878496042216364, 0.4917], [0.0,1.0, 0.10689130434782528], [0.36752592592590405,1.0, 0.0], [0.0,0.9878496042216364, 0.3206739130434758], [0.36752592592590405,0.0, 0.4917], [0.36752592592590405,0.0, 0.4917], [0.36752592592590405,0.9878496042216364, 0.21378260869565055]]
0.1238, [[0.36752592592590405,1.0, 0.0], [0.36752592592590405,0.9878496042216364, 0.0], [0.0,1.0, 0.0], [0.36752592592590405,0.9878496042216364, 0.10689130434782528], [0.0,1.0, 0.0], [0.36752592592590405,0.9878496042216364, 0.10689130434782528], [0.36752592592590405,0.0, 0.0], [0.36752592592590405,0.0, 0.10689130434782528], [0.36752592592590405,0.0, 0.4917], [0.36752592592590405,0.0, 0.0]]
0.3036, [[0.36752592592590405,1.0, 0.4275652173913011], [0.36752592592590405,0.9756992084432724, 0.4917], [0.36752592592590405,0.9756992084432724, 0.0], [0.0,0.9878496042216364, 0.0], [0.0,0.9878496042216364, 0.0], [0.0,0.9878496042216364, 0.0], [0.36752592592590405,0.0, 0.4917], [0.36752592592590405,0.0, 0.0], [0.36752592592590405,0.0, 0.0], [0.36752592592590405,0.0, 0.3206739130434758]]
0.2689, [[0.36752592592590405,0.9756992084432724, 0.0], [0.36752592592590405,0.9756992084432724, 0.10689130434782528], [0.0,0.9756992084432724, 0.0], [0.36752592592590405,0.9878496042216364, 0.0], [0.36752592592590405,1.0, 0.0], [0.36752592592590405,0.9878496042216364, 0.4275652173913011], [0.36752592592590405,0.9878496042216364, 0.0], [0.0,0.9756992084432724, 0.0], [0.36752592592590405,1.0, 0.0], [0.0,0.3553, 0.0]]
0.3017, [[0.0,1.0, 0.4917], [0.36752592592590405,0.9878496042216364, 0.4917], [0.0,1.0, 0.10689130434782528], [0.0,1.0, 0.0], [0.36752592592590405,0.0, 0.4917], [0.36752592592590405,0.9878496042216364, 0.10689130434782528], [0.36752592592590405,0.9878496042216364, 0.10689130434782528], [0.36752592592590405,0.9756992084432724, 0.3206739130434758], [0.36752592592590405,0.0, 0.4917], [0.0,0.9878496042216364, 0.4275652173913011]]
0.3036, [[0.36752592592590405,0.9756992084432724, 0.0], [0.36752592592590405,1.0, 0.4275652173913011], [0.36752592592590405,0.9756992084432724, 0.4917], [0.36752592592590405,0.9878496042216364, 0.4275652173913011], [0.36752592592590405,0.9878496042216364, 0.3206739130434758], [0.36752592592590405,0.9878496042216364, 0.4275652173913011], [0.36752592592590405,0.9878496042216364, 0.10689130434782528], [0.36752592592590405,1.0, 0.3206739130434758], [0.0,0.0, 0.0], [0.36752592592590405,0.9756992084432724, 0.0]]
0.2803, [[0.0,1.0, 0.4917], [0.0,1.0, 0.3206739130434758], [0.0,0.9878496042216364, 0.4917], [0.0,0.9878496042216364, 0.4917], [0.36752592592590405,1.0, 0.3206739130434758], [0.36752592592590405,0.0, 0.4917], [0.36752592592590405,0.9878496042216364, 0.4275652173913011], [0.0,1.0, 0.0], [0.36752592592590405,1.0, 0.10689130434782528], [0.36752592592590405,0.0, 0.4917]]
0.0887, [[0.0,1.0, 0.21378260869565055], [0.5529411764706459,0.0, 0.0], [0.0,0.9878496042216364, 0.0], [0.0,0.9878496042216364, 0.0], [0.0,1.0, 0.4917], [0.36752592592590405,0.0, 0.4917], [0.36752592592590405,0.0, 0.0], [0.0,1.0, 0.10689130434782528], [0.0,0.9878496042216364, 0.3206739130434758], [0.36752592592590405,0.0, 0.0]]
0.3117, [[0.5529411764706459,0.0, 0.3206739130434758], [0.36752592592590405,0.9878496042216364, 0.4917], [0.36752592592590405,1.0, 0.4275652173913011], [0.36752592592590405,0.0, 0.4917], [0.36752592592590405,1.0, 0.10689130434782528], [0.36752592592590405,0.9878496042216364, 0.21378260869565055], [0.0,0.9878496042216364, 0.4275652173913011], [0.36752592592590405,0.0, 0.21378260869565055], [0.0,0.0, 0.4917], [0.0,1.0, 0.0]]
0.3043, [[0.36752592592590405,1.0, 0.4917], [0.0,0.9756992084432724, 0.4275652173913011], [0.36752592592590405,0.9878496042216364, 0.21378260869565055], [0.0,0.9756992084432724, 0.4275652173913011], [0.36752592592590405,1.0, 0.10689130434782528], [0.36752592592590405,0.0, 0.4917], [0.0,0.3533105951427808, 0.0], [0.36752592592590405,0.0, 0.4275652173913011], [0.0,0.0, 0.4917], [0.36752592592590405,0.0, 0.4275652173913011]]
0.3024, [[0.36752592592590405,1.0, 0.3206739130434758], [0.0,1.0, 0.3206739130434758], [0.36752592592590405,0.9878496042216364, 0.3206739130434758], [0.36752592592590405,0.9878496042216364, 0.21378260869565055], [0.36752592592590405,0.9756992084432724, 0.4917], [0.36752592592590405,0.9756992084432724, 0.4275652173913011], [0.0,0.9878496042216364, 0.3206739130434758], [0.0,0.9878496042216364, 0.0], [0.0,0.9878496042216364, 0.0], [0.36752592592590405,0.0, 0.10689130434782528]]
0.3097, [[0.36752592592590405,0.9878496042216364, 0.4917], [0.193571428571429,1.0, 0.10689130434782528], [0.0,1.0, 0.0], [0.0,0.9878496042216364, 0.10689130434782528], [0.0,1.0, 0.0], [0.36752592592590405,0.9756992084432724, 0.10689130434782528], [0.5529411764706459,0.0, 0.3206739130434758], [0.36752592592590405,0.9756992084432724, 0.0], [0.0,0.9878496042216364, 0.21378260869565055], [0.36752592592590405,1.0, 0.0]]
0.1982, [[0.36752592592590405,0.0, 0.4275652173913011], [0.0,0.9756992084432724, 0.4917], [0.36752592592590405,0.0, 0.4275652173913011], [0.36752592592590405,0.9878496042216364, 0.21378260869565055], [0.36752592592590405,0.0, 0.4275652173913011], [0.0,0.9878496042216364, 0.4275652173913011], [0.0,0.9878496042216364, 0.4275652173913011], [0.36752592592590405,0.0, 0.4275652173913011], [0.36752592592590405,1.0, 0.0], [0.0,1.0, 0.0]]
0.2794, [[0.0,0.9878496042216364, 0.4275652173913011], [0.36752592592590405,0.0, 0.4917], [0.36752592592590405,0.9878496042216364, 0.4275652173913011], [0.0,0.9878496042216364, 0.3206739130434758], [0.36752592592590405,0.9878496042216364, 0.10689130434782528], [0.0,1.0, 0.10689130434782528], [0.5529411764706459,0.0, 0.3206739130434758], [0.0,0.9756992084432724, 0.0], [0.0,1.0, 0.0], [0.0,1.0, 0.10689130434782528]]
0.3014, [[0.36752592592590405,0.9878496042216364, 0.4917], [0.0,1.0, 0.3206739130434758], [0.0,1.0, 0.0], [0.36752592592590405,0.9878496042216364, 0.4275652173913011], [0.0,1.0, 0.0], [0.0,0.0, 0.4917], [0.0,1.0, 0.0], [0.0,1.0, 0.0], [0.0,1.0, 0.0], [0.0,1.0, 0.0]]
0.2237, [[0.36752592592590405,1.0, 0.21378260869565055], [0.36752592592590405,0.0, 0.4917], [0.36752592592590405,1.0, 0.0], [0.36752592592590405,1.0, 0.0], [0.36752592592590405,1.0, 0.0], [0.36752592592590405,1.0, 0.0], [0.0,1.0, 0.0], [0.193571428571429,0.0, 0.4917], [0.0,1.0, 0.10689130434782528], [0.36752592592590405,0.9878496042216364, 0.3206739130434758]]
0.3008, [[0.0,1.0, 0.10689130434782528], [0.36752592592590405,0.9756992084432724, 0.4917], [0.36752592592590405,0.9878496042216364, 0.4275652173913011], [0.0,0.9756992084432724, 0.4275652173913011], [0.0,1.0, 0.0], [0.36752592592590405,0.9878496042216364, 0.21378260869565055], [0.36752592592590405,0.9878496042216364, 0.21378260869565055], [0.36752592592590405,0.0, 0.4917], [0.0,1.0, 0.0], [0.0,1.0, 0.0]]
0.1728, [[0.0,1.0, 0.10689130434782528], [0.36752592592590405,0.0, 0.4917], [0.36752592592590405,0.0, 0.4917], [0.36752592592590405,0.0, 0.4917], [0.36752592592590405,0.9878496042216364, 0.21378260869565055], [0.0,1.0, 0.10689130434782528], [0.0,1.0, 0.0], [0.36752592592590405,0.0, 0.4275652173913011], [0.0,0.9756992084432724, 0.21378260869565055], [0.0,1.0, 0.0]]
0.2717, [[0.36752592592590405,0.9878496042216364, 0.4275652173913011], [0.0,1.0, 0.21378260869565055], [0.0,1.0, 0.0], [0.36752592592590405,0.9756992084432724, 0.0], [0.0,0.9878496042216364, 0.3206739130434758], [0.0,0.9878496042216364, 0.3206739130434758], [0.36752592592590405,0.0, 0.0], [0.0,0.9756992084432724, 0.0], [0.36752592592590405,0.0, 0.4917], [0.36752592592590405,0.0, 0.0]]
0.3015, [[0.36752592592590405,0.0, 0.4917], [0.36752592592590405,0.0, 0.4917], [0.36752592592590405,1.0, 0.0], [0.36752592592590405,0.9878496042216364, 0.4917], [0.36752592592590405,1.0, 0.0], [0.36752592592590405,1.0, 0.0], [0.36752592592590405,0.9878496042216364, 0.4275652173913011], [0.36752592592590405,0.9878496042216364, 0.4275652173913011], [0.0,1.0, 0.0], [0.36752592592590405,0.0, 0.4275652173913011]]
0.3052, [[0.5529411764706459,0.0, 0.0], [0.36752592592590405,0.9878496042216364, 0.4917], [0.36752592592590405,1.0, 0.3206739130434758], [0.36752592592590405,0.9756992084432724, 0.4917], [0.36752592592590405,1.0, 0.21378260869565055], [0.36752592592590405,0.9878496042216364, 0.3206739130434758], [0.36752592592590405,0.9756992084432724, 0.4275652173913011], [0.36752592592590405,0.0, 0.4917], [0.36752592592590405,1.0, 0.0], [0.0,1.0, 0.10689130434782528]]
0.3027, [[0.36752592592590405,1.0, 0.0], [0.36752592592590405,0.9878496042216364, 0.10689130434782528], [0.36752592592590405,1.0, 0.21378260869565055], [0.36752592592590405,0.9878496042216364, 0.0], [0.0,0.9756992084432724, 0.10689130434782528], [0.36752592592590405,0.9756992084432724, 0.10689130434782528], [0.36752592592590405,0.9878496042216364, 0.4917], [0.36752592592590405,0.9878496042216364, 0.4275652173913011], [0.36752592592590405,0.9878496042216364, 0.3206739130434758], [0.0,0.9878496042216364, 0.10689130434782528]]
0.2726, [[0.36752592592590405,1.0, 0.10689130434782528], [0.0,1.0, 0.21378260869565055], [0.36752592592590405,0.9878496042216364, 0.4275652173913011], [0.36752592592590405,0.9878496042216364, 0.10689130434782528], [0.0,0.9878496042216364, 0.10689130434782528], [0.36752592592590405,0.0, 0.0], [0.0,1.0, 0.0], [0.0,0.9878496042216364, 0.0], [0.36752592592590405,0.0, 0.4917], [0.36752592592590405,0.0, 0.0]]
0.3409, [[0.5529411764706459,0.9756992084432724, 0.21378260869565055], [0.36752592592590405,1.0, 0.4275652173913011], [0.0,0.9878496042216364, 0.4917], [0.5529411764706459,0.9756992084432724, 0.0], [0.5529411764706459,0.9756992084432724, 0.0], [0.36752592592590405,0.9878496042216364, 0.4275652173913011], [0.36752592592590405,0.9878496042216364, 0.4275652173913011], [0.36752592592590405,1.0, 0.21378260869565055], [0.36752592592590405,0.9878496042216364, 0.4275652173913011], [0.36752592592590405,0.9756992084432724, 0.4275652173913011]]
0.2348, [[0.36752592592590405,0.0, 0.4917], [0.0,0.9756992084432724, 0.4275652173913011], [0.36752592592590405,1.0, 0.3206739130434758], [0.36752592592590405,1.0, 0.0], [0.0,1.0, 0.3206739130434758], [0.0,1.0, 0.21378260869565055], [0.36752592592590405,0.0, 0.4275652173913011], [0.36752592592590405,0.0, 0.4275652173913011], [0.36752592592590405,0.9878496042216364, 0.3206739130434758], [0.0,0.9878496042216364, 0.0]]
0.2393, [[0.36752592592590405,0.0, 0.4917], [0.36752592592590405,1.0, 0.0], [0.0,0.9878496042216364, 0.4275652173913011], [0.0,0.9878496042216364, 0.4275652173913011], [0.36752592592590405,1.0, 0.0], [0.0,0.9756992084432724, 0.4917], [0.36752592592590405,0.0, 0.4917], [0.36752592592590405,0.0, 0.4917], [0.36752592592590405,0.0, 0.4917], [0.36752592592590405,0.9878496042216364, 0.3206739130434758]]
0.3027, [[0.36752592592590405,0.9878496042216364, 0.4917], [0.36752592592590405,0.9756992084432724, 0.4917], [0.36752592592590405,0.9878496042216364, 0.21378260869565055], [0.36752592592590405,0.9756992084432724, 0.21378260869565055], [0.36752592592590405,0.9756992084432724, 0.0], [0.36752592592590405,1.0, 0.21378260869565055], [0.0,0.9756992084432724, 0.0], [0.0,1.0, 0.0], [0.0,0.9756992084432724, 0.10689130434782528], [0.0,0.0, 0.0]]
0.3122, [[0.5529411764706459,0.0, 0.4917], [0.0,1.0, 0.4275652173913011], [0.36752592592590405,0.9756992084432724, 0.4917], [0.36752592592590405,1.0, 0.0], [0.36752592592590405,0.9878496042216364, 0.3206739130434758], [0.5529411764706459,0.0, 0.0], [0.0,0.0, 0.4917], [0.36752592592590405,0.9878496042216364, 0.10689130434782528], [0.36752592592590405,0.9756992084432724, 0.3206739130434758], [0.36752592592590405,0.9756992084432724, 0.10689130434782528]]
0.0277, [[0.36752592592590405,0.0, 0.4917], [0.0,0.0, 0.4917], [0.36752592592590405,0.0, 0.4917], [0.36752592592590405,0.0, 0.4917], [0.36752592592590405,0.0, 0.4917], [0.36752592592590405,0.0, 0.4275652173913011], [0.36752592592590405,0.0, 0.3206739130434758], [0.36752592592590405,0.0, 0.3206739130434758], [0.36752592592590405,0.0, 0.3206739130434758], [0.36752592592590405,0.0, 0.3206739130434758]]
0.2331, [[0.36752592592590405,0.0, 0.4917], [0.0,0.9878496042216364, 0.4275652173913011], [0.0,1.0, 0.0], [0.0,1.0, 0.0], [0.0,1.0, 0.0], [0.0,1.0, 0.0], [0.0,1.0, 0.0], [0.36752592592590405,1.0, 0.0], [0.36752592592590405,0.0, 0.4917], [0.36752592592590405,0.9878496042216364, 0.3206739130434758]]
0.3043, [[0.36752592592590405,0.0, 0.3206739130434758], [0.36752592592590405,0.9756992084432724, 0.21378260869565055], [0.36752592592590405,0.9878496042216364, 0.10689130434782528], [0.0,0.9878496042216364, 0.21378260869565055], [0.0,0.9878496042216364, 0.21378260869565055], [0.0,0.9878496042216364, 0.10689130434782528], [0.36752592592590405,0.9878496042216364, 0.21378260869565055], [0.0,0.9878496042216364, 0.10689130434782528], [0.36752592592590405,1.0, 0.4917], [0.36752592592590405,1.0, 0.21378260869565055]]
0.1893, [[0.5529411764706459,0.0, 0.21378260869565055], [0.36752592592590405,0.9878496042216364, 0.21378260869565055], [0.0,1.0, 0.0], [0.36752592592590405,0.9878496042216364, 0.0], [0.36752592592590405,0.0, 0.21378260869565055], [0.0,1.0, 0.21378260869565055], [0.0,0.9878496042216364, 0.3206739130434758], [0.36752592592590405,0.0, 0.4917], [0.0,0.9878496042216364, 0.0], [0.36752592592590405,0.0, 0.0]]
0.3033, [[0.0,0.9756992084432724, 0.0], [0.36752592592590405,0.9756992084432724, 0.0], [0.36752592592590405,0.9878496042216364, 0.0], [0.36752592592590405,0.9878496042216364, 0.4917], [0.0,1.0, 0.0], [0.0,0.9878496042216364, 0.0], [0.36752592592590405,1.0, 0.3206739130434758], [0.36752592592590405,0.9878496042216364, 0.3206739130434758], [0.36752592592590405,0.0, 0.0], [0.36752592592590405,0.9878496042216364, 0.10689130434782528]]
0.3135, [[0.36752592592590405,0.9878496042216364, 0.4917], [0.36752592592590405,0.0, 0.4986714285714131], [0.36752592592590405,0.9878496042216364, 0.4917], [0.5529411764706459,0.0, 0.4917], [0.0,1.0, 0.21378260869565055], [0.36752592592590405,1.0, 0.10689130434782528], [0.36752592592590405,0.9878496042216364, 0.4275652173913011], [0.36752592592590405,0.0, 0.4917], [0.36752592592590405,1.0, 0.0], [0.36752592592590405,0.0, 0.4275652173913011]]
0.3011, [[0.36752592592590405,0.9878496042216364, 0.4275652173913011], [0.36752592592590405,0.9756992084432724, 0.4917], [0.36752592592590405,1.0, 0.0], [0.36752592592590405,1.0, 0.0], [0.0,0.9878496042216364, 0.3206739130434758], [0.36752592592590405,0.9878496042216364, 0.21378260869565055], [0.36752592592590405,0.9756992084432724, 0.3206739130434758], [0.36752592592590405,0.0, 0.4917], [0.0,1.0, 0.0], [0.0,1.0, 0.0]]
0.2853, [[0.36752592592590405,1.0, 0.4275652173913011], [0.5529411764706459,0.0, 0.4917], [0.0,1.0, 0.0], [0.36752592592590405,0.9878496042216364, 0.0], [0.36752592592590405,0.9878496042216364, 0.0], [0.0,1.0, 0.0], [0.36752592592590405,0.9878496042216364, 0.0], [0.36752592592590405,0.9878496042216364, 0.0], [0.0,0.0, 0.4275652173913011], [0.36752592592590405,0.0, 0.0]]
0.0277, [[0.36752592592590405,0.0, 0.4917], [0.36752592592590405,0.0, 0.4917], [0.193571428571429,0.0, 0.0], [0.36752592592590405,0.0, 0.0], [0.0,0.0, 0.0], [0.36752592592590405,0.0, 0.0], [0.193571428571429,0.0, 0.0], [0.36752592592590405,0.0, 0.3206739130434758], [0.36752592592590405,0.0, 0.21378260869565055], [0.36752592592590405,0.0, 0.4275652173913011]]
0.0887, [[0.5529411764706459,0.0, 0.0], [0.0,0.9878496042216364, 0.4275652173913011], [0.0,1.0, 0.10689130434782528], [0.0,1.0, 0.4917], [0.0,0.9878496042216364, 0.4275652173913011], [0.0,1.0, 0.0], [0.0,0.9878496042216364, 0.10689130434782528], [0.36752592592590405,0.0, 0.4917], [0.0,0.9878496042216364, 0.21378260869565055], [0.36752592592590405,0.0, 0.4275652173913011]]
0.2274, [[0.36752592592590405,1.0, 0.21378260869565055], [0.36752592592590405,0.9878496042216364, 0.3206739130434758], [0.0,0.9878496042216364, 0.4275652173913011], [0.36752592592590405,1.0, 0.10689130434782528], [0.36752592592590405,0.0, 0.3206739130434758], [0.36752592592590405,0.0, 0.3206739130434758], [0.0,0.9756992084432724, 0.3206739130434758], [0.0,0.9878496042216364, 0.21378260869565055], [0.36752592592590405,0.9878496042216364, 0.10689130434782528], [0.0,1.0, 0.10689130434782528]]
0.2243, [[0.36752592592590405,1.0, 0.3206739130434758], [0.36752592592590405,1.0, 0.10689130434782528], [0.36752592592590405,0.0, 0.4917], [0.0,1.0, 0.0], [0.36752592592590405,0.9878496042216364, 0.0], [0.0,0.9878496042216364, 0.0], [0.36752592592590405,0.9878496042216364, 0.10689130434782528], [0.193571428571429,0.9878496042216364, 0.0], [0.36752592592590405,0.9878496042216364, 0.10689130434782528], [0.36752592592590405,0.9878496042216364, 0.3206739130434758]]
0.3216, [[0.0,0.9878496042216364, 0.4275652173913011], [0.36752592592590405,0.9756992084432724, 0.4917], [0.5529411764706459,0.9878496042216364, 0.0], [0.36752592592590405,0.9756992084432724, 0.4917], [0.0,0.9878496042216364, 0.4275652173913011], [0.36752592592590405,0.9878496042216364, 0.3206739130434758], [0.0,1.0, 0.21378260869565055], [0.36752592592590405,1.0, 0.10689130434782528], [0.36752592592590405,0.0, 0.3206739130434758], [0.36752592592590405,0.9878496042216364, 0.21378260869565055]]
0.2796, [[0.36752592592590405,0.0, 0.4917], [0.36752592592590405,1.0, 0.3206739130434758], [0.36752592592590405,0.0, 0.4917], [0.0,0.9878496042216364, 0.4917], [0.0,0.9878496042216364, 0.3206739130434758], [0.36752592592590405,0.9878496042216364, 0.10689130434782528], [0.36752592592590405,0.9756992084432724, 0.4275652173913011], [0.36752592592590405,0.9756992084432724, 0.4275652173913011], [0.36752592592590405,0.0, 0.4275652173913011], [0.36752592592590405,0.0, 0.4917]]
0.2769, [[0.0,1.0, 0.21378260869565055], [0.0,0.9878496042216364, 0.4917], [0.0,1.0, 0.10689130434782528], [0.0,1.0, 0.10689130434782528], [0.0,1.0, 0.0], [0.36752592592590405,0.9878496042216364, 0.4275652173913011], [0.193571428571429,0.0, 0.4917], [0.36752592592590405,0.9878496042216364, 0.3206739130434758], [0.36752592592590405,0.0, 0.4275652173913011], [0.0,0.9878496042216364, 0.21378260869565055]]
0.3013, [[0.36752592592590405,1.0, 0.10689130434782528], [0.36752592592590405,0.9756992084432724, 0.4917], [0.36752592592590405,1.0, 0.10689130434782528], [0.36752592592590405,0.9878496042216364, 0.3206739130434758], [0.0,0.9878496042216364, 0.4917], [0.0,1.0, 0.0], [0.0,1.0, 0.0], [0.36752592592590405,0.9878496042216364, 0.10689130434782528], [0.0,0.9878496042216364, 0.21378260869565055], [0.0,0.0, 0.3206739130434758]]
0.3043, [[0.36752592592590405,1.0, 0.4917], [0.36752592592590405,0.0, 0.4917], [0.0,1.0, 0.4917], [0.36752592592590405,1.0, 0.4275652173913011], [0.36752592592590405,1.0, 0.3206739130434758], [0.0,0.9878496042216364, 0.4275652173913011], [0.0,0.0, 0.4275652173913011], [0.36752592592590405,0.0, 0.3206739130434758], [0.36752592592590405,1.0, 0.21378260869565055], [0.36752592592590405,0.9878496042216364, 0.21378260869565055]]
0.3009, [[0.36752592592590405,0.9878496042216364, 0.4917], [0.36752592592590405,0.9878496042216364, 0.4275652173913011], [0.36752592592590405,0.0, 0.4917], [0.36752592592590405,0.0, 0.4917], [0.36752592592590405,0.9878496042216364, 0.3206739130434758], [0.0,0.0, 0.4917], [0.0,0.0, 0.4917], [0.36752592592590405,0.9878496042216364, 0.3206739130434758], [0.36752592592590405,0.0, 0.4275652173913011], [0.36752592592590405,0.0, 0.4275652173913011]]
0.0945, [[0.0,0.9878496042216364, 0.21378260869565055], [0.36752592592590405,0.0, 0.4917], [0.36752592592590405,0.0, 0.4275652173913011], [0.36752592592590405,0.9756992084432724, 0.0], [0.36752592592590405,0.0, 0.4275652173913011], [0.36752592592590405,0.0, 0.10689130434782528], [0.36752592592590405,0.0, 0.10689130434782528], [0.36752592592590405,0.0, 0.21378260869565055], [0.36752592592590405,0.0, 0.10689130434782528], [0.36752592592590405,0.0, 0.10689130434782528]]
0.3027, [[0.36752592592590405,0.9878496042216364, 0.4917], [0.0,0.9878496042216364, 0.4917], [0.36752592592590405,0.9756992084432724, 0.3206739130434758], [0.36752592592590405,0.9878496042216364, 0.21378260869565055], [0.36752592592590405,1.0, 0.21378260869565055], [0.36752592592590405,0.9878496042216364, 0.10689130434782528], [0.0,0.0, 0.21378260869565055], [0.36752592592590405,0.9878496042216364, 0.10689130434782528], [0.0,0.9756992084432724, 0.21378260869565055], [0.36752592592590405,0.9756992084432724, 0.0]]
0.3043, [[0.36752592592590405,1.0, 0.4917], [0.0,0.0, 0.4917], [0.0,0.9878496042216364, 0.4917], [0.36752592592590405,0.9878496042216364, 0.4275652173913011], [0.36752592592590405,1.0, 0.3206739130434758], [0.36752592592590405,0.9878496042216364, 0.4275652173913011], [0.36752592592590405,0.0, 0.4917], [0.36752592592590405,1.0, 0.0], [0.36752592592590405,0.9878496042216364, 0.3206739130434758], [0.0,0.9878496042216364, 0.4275652173913011]]
0.1058, [[0.0,0.9756992084432724, 0.3206739130434758], [0.36752592592590405,0.0, 0.4917], [0.193571428571429,1.0, 0.0], [0.36752592592590405,0.9756992084432724, 0.0], [0.36752592592590405,0.0, 0.0], [0.0,0.0, 0.4917], [0.0,1.0, 0.21378260869565055], [0.36752592592590405,0.0, 0.21378260869565055], [0.0,1.0, 0.0], [0.36752592592590405,0.0, 0.0]]
0.2222, [[0.0,1.0, 0.0], [0.0,1.0, 0.10689130434782528], [0.36752592592590405,0.0, 0.4917], [0.36752592592590405,0.0, 0.4917], [0.0,1.0, 0.0], [0.36752592592590405,0.9878496042216364, 0.3206739130434758], [0.36752592592590405,0.0, 0.4275652173913011], [0.0,1.0, 0.10689130434782528], [0.36752592592590405,0.9756992084432724, 0.3206739130434758], [0.36752592592590405,0.9756992084432724, 0.3206739130434758]]
0.2544, [[0.193571428571429,0.9878496042216364, 0.4917], [0.36752592592590405,0.0, 0.4917], [0.0,0.9756992084432724, 0.4917], [0.36752592592590405,1.0, 0.0], [0.36752592592590405,1.0, 0.10689130434782528], [0.0,1.0, 0.0], [0.36752592592590405,0.9878496042216364, 0.21378260869565055], [0.36752592592590405,0.9878496042216364, 0.0], [0.36752592592590405,0.9878496042216364, 0.10689130434782528], [0.36752592592590405,0.9878496042216364, 0.0]]
0.2806, [[0.36752592592590405,1.0, 0.4275652173913011], [0.36752592592590405,0.0, 0.4917], [0.36752592592590405,0.0, 0.4917], [0.0,0.9756992084432724, 0.4917], [0.36752592592590405,1.0, 0.0], [0.36752592592590405,1.0, 0.0], [0.36752592592590405,0.9878496042216364, 0.21378260869565055], [0.36752592592590405,0.9878496042216364, 0.21378260869565055], [0.36752592592590405,0.0, 0.4917], [0.193571428571429,0.0, 0.3206739130434758]]
0.2225, [[0.36752592592590405,0.0, 0.4917], [0.36752592592590405,0.0, 0.0], [0.36752592592590405,0.0, 0.21378260869565055], [0.36752592592590405,0.0, 0.10689130434782528], [0.36752592592590405,0.0, 0.4275652173913011], [0.36752592592590405,0.9878496042216364, 0.3206739130434758], [0.36752592592590405,0.0, 0.3206739130434758], [0.36752592592590405,0.0, 0.21378260869565055], [0.36752592592590405,1.0, 0.0], [0.36752592592590405,0.0, 0.0]]
0.3036, [[0.36752592592590405,0.0, 0.4917], [0.5529411764706459,0.0, 0.0], [0.36752592592590405,0.9756992084432724, 0.4917], [0.36752592592590405,0.0, 0.4917], [0.36752592592590405,0.9878496042216364, 0.4275652173913011], [0.36752592592590405,0.9878496042216364, 0.3206739130434758], [0.36752592592590405,0.0, 0.4275652173913011], [0.36752592592590405,0.0, 0.4275652173913011], [0.36752592592590405,1.0, 0.10689130434782528], [0.36752592592590405,0.9878496042216364, 0.10689130434782528]]
0.2412, [[0.36752592592590405,1.0, 0.3206739130434758], [0.0,0.9878496042216364, 0.4917], [0.0,1.0, 0.10689130434782528], [0.0,0.9878496042216364, 0.3206739130434758], [0.0,0.9756992084432724, 0.4917], [0.0,1.0, 0.0], [0.0,1.0, 0.0], [0.36752592592590405,0.0, 0.4917], [0.36752592592590405,0.9756992084432724, 0.10689130434782528], [0.0,0.0, 0.4917]]
0.3021, [[0.0,1.0, 0.4917], [0.36752592592590405,0.9878496042216364, 0.4917], [0.36752592592590405,1.0, 0.0], [0.36752592592590405,1.0, 0.0], [0.36752592592590405,0.9756992084432724, 0.4917], [0.36752592592590405,0.9756992084432724, 0.4917], [0.36752592592590405,0.9878496042216364, 0.3206739130434758], [0.36752592592590405,0.0, 0.4275652173913011], [0.0,0.9878496042216364, 0.3206739130434758], [0.36752592592590405,0.9878496042216364, 0.21378260869565055]]
0.1053, [[0.0,1.0, 0.0], [0.0,1.0, 0.0], [0.36752592592590405,0.9878496042216364, 0.0], [0.36752592592590405,0.0, 0.4275652173913011], [0.0,0.9756992084432724, 0.0], [0.36752592592590405,0.0, 0.4917], [0.0,0.9756992084432724, 0.3206739130434758], [0.36752592592590405,0.0, 0.0], [0.0,1.0, 0.0], [0.36752592592590405,0.0, 0.0]]
0.3227, [[0.0,0.9878496042216364, 0.4917], [0.36752592592590405,1.0, 0.3206739130434758], [0.36752592592590405,0.9756992084432724, 0.4917], [0.36752592592590405,0.9878496042216364, 0.3206739130434758], [0.36752592592590405,0.9878496042216364, 0.3206739130434758], [0.36752592592590405,1.0, 0.21378260869565055], [0.36752592592590405,0.9756992084432724, 0.4917], [0.0,0.9878496042216364, 0.10689130434782528], [0.36752592592590405,0.0, 0.4917], [0.5529411764706459,0.9878496042216364, 0.0]]
0.3013, [[0.36752592592590405,0.9878496042216364, 0.4917], [0.0,1.0, 0.21378260869565055], [0.36752592592590405,0.9878496042216364, 0.3206739130434758], [0.36752592592590405,0.9878496042216364, 0.3206739130434758], [0.0,1.0, 0.0], [0.0,1.0, 0.0], [0.36752592592590405,0.9756992084432724, 0.3206739130434758], [0.36752592592590405,0.9878496042216364, 0.21378260869565055], [0.36752592592590405,0.9878496042216364, 0.21378260869565055], [0.36752592592590405,0.9878496042216364, 0.21378260869565055]]
0.2731, [[0.36752592592590405,1.0, 0.21378260869565055], [0.36752592592590405,0.9878496042216364, 0.4275652173913011], [0.36752592592590405,0.0, 0.4917], [0.36752592592590405,1.0, 0.21378260869565055], [0.0,0.9878496042216364, 0.3206739130434758], [0.0,0.9878496042216364, 0.3206739130434758], [0.36752592592590405,0.0, 0.4275652173913011], [0.0,1.0, 0.10689130434782528], [0.36752592592590405,0.0, 0.3206739130434758], [0.0,1.0, 0.0]]
0.2743, [[0.36752592592590405,0.0, 0.4917], [0.36752592592590405,1.0, 0.4275652173913011], [0.36752592592590405,0.0, 0.4917], [0.36752592592590405,0.0, 0.4917], [0.0,1.0, 0.21378260869565055], [0.0,0.9878496042216364, 0.4275652173913011], [0.36752592592590405,0.0, 0.4917], [0.36752592592590405,1.0, 0.10689130434782528], [0.36752592592590405,0.9878496042216364, 0.3206739130434758], [0.36752592592590405,0.9878496042216364, 0.3206739130434758]]
0.3018, [[0.36752592592590405,0.9878496042216364, 0.4917], [0.0,1.0, 0.21378260869565055], [0.36752592592590405,0.9878496042216364, 0.3206739130434758], [0.36752592592590405,0.0, 0.4917], [0.36752592592590405,0.9878496042216364, 0.3206739130434758], [0.36752592592590405,1.0, 0.0], [0.0,1.0, 0.0], [0.36752592592590405,0.0, 0.3206739130434758], [0.36752592592590405,0.0, 0.3206739130434758], [0.36752592592590405,0.9878496042216364, 0.0]]
0.3016, [[0.36752592592590405,0.9878496042216364, 0.4917], [0.0,1.0, 0.10689130434782528], [0.36752592592590405,0.0, 0.4917], [0.0,0.9878496042216364, 0.4917], [0.36752592592590405,0.9878496042216364, 0.4275652173913011], [0.36752592592590405,1.0, 0.0], [0.36752592592590405,0.0, 0.4917], [0.36752592592590405,0.9878496042216364, 0.3206739130434758], [0.36752592592590405,0.0, 0.4275652173913011], [0.36752592592590405,0.9878496042216364, 0.3206739130434758]]
0.2392, [[0.36752592592590405,0.0, 0.4917], [0.0,1.0, 0.21378260869565055], [0.0,0.9878496042216364, 0.4917], [0.36752592592590405,0.9878496042216364, 0.3206739130434758], [0.0,1.0, 0.0], [0.0,0.0, 0.4917], [0.0,1.0, 0.21378260869565055], [0.36752592592590405,0.0, 0.4275652173913011], [0.0,1.0, 0.21378260869565055], [0.36752592592590405,0.9878496042216364, 0.10689130434782528]]
0.3016, [[0.36752592592590405,0.9878496042216364, 0.4917], [0.0,1.0, 0.10689130434782528], [0.36752592592590405,0.0, 0.4917], [0.0,0.9756992084432724, 0.4917], [0.36752592592590405,0.9756992084432724, 0.4917], [0.36752592592590405,1.0, 0.0], [0.36752592592590405,0.9878496042216364, 0.10689130434782528], [0.0,1.0, 0.0], [0.0,0.0, 0.3206739130434758], [0.36752592592590405,0.9756992084432724, 0.10689130434782528]]
0.2000, [[0.0,0.9878496042216364, 0.4917], [0.36752592592590405,0.0, 0.4917], [0.36752592592590405,0.0, 0.4917], [0.36752592592590405,0.9878496042216364, 0.21378260869565055], [0.36752592592590405,0.9756992084432724, 0.21378260869565055], [0.36752592592590405,0.9878496042216364, 0.10689130434782528], [0.36752592592590405,0.9756992084432724, 0.10689130434782528], [0.36752592592590405,0.9878496042216364, 0.10689130434782528], [0.36752592592590405,0.0, 0.10689130434782528], [0.0,0.9878496042216364, 0.10689130434782528]]
0.3132, [[0.5529411764706459,0.0, 0.4917], [0.0,1.0, 0.21378260869565055], [0.36752592592590405,0.0, 0.4917], [0.0,0.9878496042216364, 0.4917], [0.36752592592590405,0.9878496042216364, 0.4917], [0.0,1.0, 0.10689130434782528], [0.36752592592590405,1.0, 0.10689130434782528], [0.36752592592590405,0.9878496042216364, 0.4275652173913011], [0.36752592592590405,0.9878496042216364, 0.4275652173913011], [0.193571428571429,0.0, 0.21378260869565055]]
0.2369, [[0.0,0.9756992084432724, 0.4917], [0.0,0.9878496042216364, 0.4275652173913011], [0.0,0.9878496042216364, 0.3206739130434758], [0.36752592592590405,0.0, 0.4917], [0.36752592592590405,0.0, 0.4917], [0.36752592592590405,0.9756992084432724, 0.3206739130434758], [0.0,0.0, 0.4917], [0.0,0.9878496042216364, 0.0], [0.36752592592590405,0.0, 0.4275652173913011], [0.36752592592590405,0.9756992084432724, 0.0]]
0.2714, [[0.36752592592590405,0.9878496042216364, 0.4275652173913011], [0.36752592592590405,0.9878496042216364, 0.4275652173913011], [0.36752592592590405,0.0, 0.4917], [0.36752592592590405,0.9878496042216364, 0.4275652173913011], [0.0,1.0, 0.0], [0.36752592592590405,0.0, 0.4917], [0.36752592592590405,0.0, 0.4917], [0.36752592592590405,0.0, 0.4917], [0.0,0.9878496042216364, 0.3206739130434758], [0.36752592592590405,0.0, 0.4917]]
0.2221, [[0.36752592592590405,0.9878496042216364, 0.3206739130434758], [0.36752592592590405,0.0, 0.4917], [0.193571428571429,0.9878496042216364, 0.0], [0.36752592592590405,0.0, 0.21378260869565055], [0.36752592592590405,0.0, 0.0], [0.0,0.9756992084432724, 0.21378260869565055], [0.193571428571429,0.0, 0.0], [0.0,0.9878496042216364, 0.10689130434782528], [0.0,0.9756992084432724, 0.0], [0.0,1.0, 0.0]]
0.3043, [[0.36752592592590405,1.0, 0.4917], [0.36752592592590405,0.0, 0.4275652173913011], [0.0,1.0, 0.3206739130434758], [0.36752592592590405,0.0, 0.4275652173913011], [0.36752592592590405,1.0, 0.10689130434782528], [0.36752592592590405,0.9756992084432724, 0.21378260869565055], [0.0,0.9878496042216364, 0.21378260869565055], [0.0,1.0, 0.0], [0.36752592592590405,0.9756992084432724, 0.10689130434782528], [0.0,0.0, 0.0]]
0.3245, [[0.5529411764706459,0.9878496042216364, 0.0], [0.36752592592590405,1.0, 0.4917], [0.0,0.9878496042216364, 0.4917], [0.36752592592590405,0.9756992084432724, 0.4275652173913011], [0.0,1.0, 0.4275652173913011], [0.36752592592590405,0.9756992084432724, 0.3206739130434758], [0.0,0.9878496042216364, 0.4275652173913011], [0.36752592592590405,0.9878496042216364, 0.3206739130434758], [0.36752592592590405,0.9878496042216364, 0.21378260869565055], [0.36752592592590405,0.9878496042216364, 0.21378260869565055]]
0.2743, [[0.36752592592590405,0.0, 0.4917], [0.36752592592590405,1.0, 0.4275652173913011], [0.0,0.0, 0.4917], [0.36752592592590405,0.0, 0.4917], [0.36752592592590405,0.9878496042216364, 0.0], [0.0,0.9756992084432724, 0.10689130434782528], [0.36752592592590405,0.0, 0.4275652173913011], [0.36752592592590405,0.9878496042216364, 0.0], [0.0,0.0, 0.4275652173913011], [0.0,0.9878496042216364, 0.0]]
0.2995, [[0.36752592592590405,0.9878496042216364, 0.21378260869565055], [0.36752592592590405,0.9756992084432724, 0.4917], [0.0,1.0, 0.0], [0.36752592592590405,0.0, 0.4275652173913011], [0.36752592592590405,0.0, 0.4917], [0.0,1.0, 0.0], [0.0,1.0, 0.0], [0.36752592592590405,0.9756992084432724, 0.3206739130434758], [0.0,1.0, 0.0], [0.0,0.9878496042216364, 0.0]]
0.2780, [[0.36752592592590405,0.0, 0.4917], [0.0,1.0, 0.0], [0.0,0.9878496042216364, 0.4917], [0.0,1.0, 0.21378260869565055], [0.36752592592590405,0.9878496042216364, 0.4275652173913011], [0.36752592592590405,0.0, 0.4917], [0.36752592592590405,0.9878496042216364, 0.21378260869565055], [0.0,0.9756992084432724, 0.4275652173913011], [0.36752592592590405,0.9756992084432724, 0.10689130434782528], [0.0,0.9878496042216364, 0.0]]
0.2395, [[0.0,0.9878496042216364, 0.4917], [0.36752592592590405,0.0, 0.4917], [0.36752592592590405,1.0, 0.0], [0.36752592592590405,0.0, 0.4275652173913011], [0.0,1.0, 0.0], [0.0,1.0, 0.0], [0.36752592592590405,0.9878496042216364, 0.0], [0.0,1.0, 0.10689130434782528], [0.36752592592590405,0.9878496042216364, 0.3206739130434758], [0.0,1.0, 0.0]]
0.3015, [[0.36752592592590405,0.9878496042216364, 0.4917], [0.36752592592590405,1.0, 0.0], [0.36752592592590405,0.0, 0.4917], [0.36752592592590405,0.0, 0.4917], [0.0,0.9878496042216364, 0.4275652173913011], [0.36752592592590405,0.9878496042216364, 0.3206739130434758], [0.0,1.0, 0.0], [0.0,1.0, 0.0], [0.0,1.0, 0.0], [0.0,1.0, 0.0]]
0.2021, [[0.0,1.0, 0.10689130434782528], [0.5529411764706459,0.0, 0.0], [0.0,0.0, 0.4917], [0.0,1.0, 0.0], [0.36752592592590405,0.9878496042216364, 0.21378260869565055], [0.36752592592590405,0.0, 0.4917], [0.0,0.9756992084432724, 0.4917], [0.0,0.9878496042216364, 0.4917], [0.0,1.0, 0.0], [0.0,0.0, 0.4917]]
0.3046, [[0.5529411764706459,0.0, 0.0], [0.36752592592590405,1.0, 0.21378260869565055], [0.36752592592590405,0.9878496042216364, 0.4917], [0.36752592592590405,0.9878496042216364, 0.3206739130434758], [0.0,1.0, 0.0], [0.36752592592590405,0.9878496042216364, 0.4275652173913011], [0.36752592592590405,0.9878496042216364, 0.0], [0.0,0.9878496042216364, 0.21378260869565055], [0.0,0.9878496042216364, 0.0], [0.0,0.9878496042216364, 0.0]]
0.3026, [[0.36752592592590405,0.9756992084432724, 0.4917], [0.36752592592590405,0.9756992084432724, 0.4917], [0.36752592592590405,0.0, 0.4917], [0.0,0.9878496042216364, 0.4917], [0.36752592592590405,1.0, 0.3206739130434758], [0.36752592592590405,0.0, 0.4917], [0.36752592592590405,1.0, 0.21378260869565055], [0.36752592592590405,0.0, 0.3206739130434758], [0.0,0.9756992084432724, 0.21378260869565055], [0.36752592592590405,0.9878496042216364, 0.0]]
0.2687, [[0.0,1.0, 0.21378260869565055], [0.0,1.0, 0.0], [0.36752592592590405,0.9878496042216364, 0.4275652173913011], [0.0,1.0, 0.0], [0.0,1.0, 0.0], [0.0,1.0, 0.0], [0.36752592592590405,0.9878496042216364, 0.21378260869565055], [0.0,1.0, 0.0], [0.36752592592590405,0.9878496042216364, 0.10689130434782528], [0.0,1.0, 0.0]]
0.2389, [[0.5529411764706459,0.0, 0.21378260869565055], [0.36752592592590405,0.0, 0.4917], [0.0,0.9878496042216364, 0.4275652173913011], [0.36752592592590405,0.9878496042216364, 0.3206739130434758], [0.36752592592590405,0.9878496042216364, 0.3206739130434758], [0.36752592592590405,1.0, 0.0], [0.36752592592590405,0.9878496042216364, 0.3206739130434758], [0.36752592592590405,0.0, 0.4917], [0.0,1.0, 0.0], [0.36752592592590405,0.0, 0.4275652173913011]]
0.2801, [[0.5529411764706459,0.0, 0.21378260869565055], [0.36752592592590405,1.0, 0.4275652173913011], [0.36752592592590405,0.0, 0.4917], [0.36752592592590405,0.9878496042216364, 0.4275652173913011], [0.36752592592590405,1.0, 0.21378260869565055], [0.36752592592590405,0.0, 0.4917], [0.0,0.9878496042216364, 0.4275652173913011], [0.36752592592590405,1.0, 0.0], [0.36752592592590405,0.9878496042216364, 0.21378260869565055], [0.0,1.0, 0.0]]
0.3043, [[0.36752592592590405,0.0, 0.4917], [0.36752592592590405,1.0, 0.4917], [0.36752592592590405,0.0, 0.4917], [0.36752592592590405,0.0, 0.4917], [0.36752592592590405,1.0, 0.4275652173913011], [0.36752592592590405,1.0, 0.4275652173913011], [0.0,0.9878496042216364, 0.3206739130434758], [0.0,0.9878496042216364, 0.3206739130434758], [0.193571428571429,0.0, 0.4275652173913011], [0.36752592592590405,1.0, 0.10689130434782528]]
0.3028, [[0.36752592592590405,1.0, 0.21378260869565055], [0.36752592592590405,1.0, 0.0], [0.36752592592590405,0.9878496042216364, 0.4275652173913011], [0.36752592592590405,0.9878496042216364, 0.3206739130434758], [0.36752592592590405,0.9878496042216364, 0.21378260869565055], [0.36752592592590405,0.9878496042216364, 0.0], [0.0,1.0, 0.4917], [0.36752592592590405,0.9756992084432724, 0.4917], [0.36752592592590405,0.9756992084432724, 0.21378260869565055], [0.36752592592590405,0.9756992084432724, 0.4275652173913011]]
0.0697, [[0.36752592592590405,0.0, 0.4917], [0.36752592592590405,0.0, 0.4917], [0.36752592592590405,0.0, 0.4917], [0.36752592592590405,0.0, 0.4917], [0.0,0.0, 0.4917], [0.36752592592590405,0.0, 0.3206739130434758], [0.36752592592590405,0.0, 0.3206739130434758], [0.0,0.0, 0.3206739130434758], [0.0,1.0, 0.3206739130434758], [0.36752592592590405,0.0, 0.21378260869565055]]
0.3649, [[0.36752592592590405,0.9756992084432724, 0.4917], [0.5529411764706459,0.9756992084432724, 0.21378260869565055], [0.36752592592590405,1.0, 0.3206739130434758], [0.36752592592590405,0.0, 0.4917], [0.36752592592590405,0.9878496042216364, 0.10689130434782528], [0.0,1.0, 0.21378260869565055], [0.36752592592590405,0.9878496042216364, 0.10689130434782528], [0.36752592592590405,0.9878496042216364, 0.0], [0.36752592592590405,0.9878496042216364, 0.0], [0.36752592592590405,0.9756992084432724, 0.4275652173913011]]
0.3057, [[0.36752592592590405,0.9878496042216364, 0.4986714285714131], [0.36752592592590405,1.0, 0.10689130434782528], [0.36752592592590405,0.9756992084432724, 0.3206739130434758], [0.36752592592590405,0.0, 0.4917], [0.0,0.9878496042216364, 0.10689130434782528], [0.36752592592590405,0.0, 0.4917], [0.36752592592590405,0.9878496042216364, 0.0], [0.0,0.9756992084432724, 0.0], [0.36752592592590405,0.9878496042216364, 0.0], [0.36752592592590405,0.9756992084432724, 0.0]]
0.2711, [[0.0,0.9878496042216364, 0.4275652173913011], [0.36752592592590405,0.0, 0.4917], [0.36752592592590405,1.0, 0.10689130434782528], [0.36752592592590405,0.9756992084432724, 0.4275652173913011], [0.36752592592590405,0.0, 0.4917], [0.0,1.0, 0.0], [0.36752592592590405,0.9878496042216364, 0.10689130434782528], [0.36752592592590405,0.9878496042216364, 0.10689130434782528], [0.36752592592590405,0.0, 0.4275652173913011], [0.36752592592590405,0.0, 0.4275652173913011]]
0.1943, [[0.36752592592590405,0.0, 0.4917], [0.36752592592590405,1.0, 0.0], [0.36752592592590405,0.9878496042216364, 0.21378260869565055], [0.36752592592590405,0.9878496042216364, 0.0], [0.36752592592590405,0.9878496042216364, 0.0], [0.0,0.9878496042216364, 0.4275652173913011], [0.36752592592590405,0.0, 0.10689130434782528], [0.0,0.0, 0.4917], [0.36752592592590405,0.0, 0.0], [0.0,0.9878496042216364, 0.3206739130434758]]
0.0482, [[0.36752592592590405,0.0, 0.0], [0.0,0.9878496042216364, 0.10689130434782528], [0.0,1.0, 0.0], [0.36752592592590405,0.0, 0.0], [0.0,0.9878496042216364, 0.0], [0.0,0.9878496042216364, 0.0], [0.36752592592590405,0.0, 0.0], [0.36752592592590405,0.0, 0.0], [0.36752592592590405,0.0, 0.4917], [0.36752592592590405,0.0, 0.21378260869565055]]
0.3021, [[0.36752592592590405,1.0, 0.10689130434782528], [0.36752592592590405,1.0, 0.0], [0.36752592592590405,0.9878496042216364, 0.0], [0.36752592592590405,0.9878496042216364, 0.4275652173913011], [0.36752592592590405,0.9878496042216364, 0.4917], [0.36752592592590405,0.9878496042216364, 0.21378260869565055], [0.36752592592590405,0.9878496042216364, 0.10689130434782528], [0.36752592592590405,0.9878496042216364, 0.3206739130434758], [0.36752592592590405,0.9878496042216364, 0.21378260869565055], [0.36752592592590405,0.9878496042216364, 0.0]]
0.2713, [[0.36752592592590405,0.0, 0.4917], [0.36752592592590405,0.9878496042216364, 0.3206739130434758], [0.36752592592590405,0.9756992084432724, 0.4275652173913011], [0.36752592592590405,1.0, 0.0], [0.36752592592590405,0.0, 0.4275652173913011], [0.36752592592590405,0.9756992084432724, 0.3206739130434758], [0.0,1.0, 0.0], [0.36752592592590405,0.9878496042216364, 0.0], [0.36752592592590405,0.9878496042216364, 0.0], [0.36752592592590405,0.9878496042216364, 0.21378260869565055]]
0.3007, [[0.0,1.0, 0.10689130434782528], [0.36752592592590405,0.9756992084432724, 0.4917], [0.36752592592590405,0.9878496042216364, 0.3206739130434758], [0.0,0.9878496042216364, 0.3206739130434758], [0.36752592592590405,0.9878496042216364, 0.3206739130434758], [0.0,0.9756992084432724, 0.4275652173913011], [0.36752592592590405,1.0, 0.0], [0.36752592592590405,0.0, 0.4275652173913011], [0.0,0.9878496042216364, 0.10689130434782528], [0.193571428571429,0.0, 0.4275652173913011]]
0.2687, [[0.36752592592590405,0.9878496042216364, 0.0], [0.0,1.0, 0.0], [0.36752592592590405,0.9878496042216364, 0.0], [0.36752592592590405,0.9878496042216364, 0.10689130434782528], [0.36752592592590405,0.9878496042216364, 0.4275652173913011], [0.36752592592590405,0.9756992084432724, 0.10689130434782528], [0.0,1.0, 0.21378260869565055], [0.36752592592590405,0.9756992084432724, 0.0], [0.36752592592590405,0.9756992084432724, 0.0], [0.36752592592590405,0.9756992084432724, 0.0]]
0.3010, [[0.36752592592590405,0.9878496042216364, 0.4275652173913011], [0.36752592592590405,0.9878496042216364, 0.4275652173913011], [0.0,1.0, 0.21378260869565055], [0.36752592592590405,0.0, 0.4917], [0.36752592592590405,0.9878496042216364, 0.21378260869565055], [0.0,0.9878496042216364, 0.4917], [0.0,1.0, 0.0], [0.36752592592590405,0.9756992084432724, 0.4917], [0.0,1.0, 0.0], [0.0,0.9878496042216364, 0.3206739130434758]]
0.3161, [[0.193571428571429,0.0, 1.0], [0.36752592592590405,1.0, 0.0], [0.36752592592590405,0.9756992084432724, 0.4917], [0.0,1.0, 0.0], [0.0,1.0, 0.0], [0.36752592592590405,0.9878496042216364, 0.4275652173913011], [0.36752592592590405,0.0, 0.4917], [0.0,0.9878496042216364, 0.21378260869565055], [0.0,0.9756992084432724, 0.4275652173913011], [0.36752592592590405,0.9878496042216364, 0.21378260869565055]]
0.2737, [[0.36752592592590405,0.0, 0.4917], [0.36752592592590405,1.0, 0.3206739130434758], [0.36752592592590405,0.9878496042216364, 0.4275652173913011], [0.36752592592590405,0.9878496042216364, 0.4275652173913011], [0.36752592592590405,1.0, 0.0], [0.36752592592590405,0.9878496042216364, 0.21378260869565055], [0.36752592592590405,0.9878496042216364, 0.21378260869565055], [0.36752592592590405,0.0, 0.4275652173913011], [0.36752592592590405,0.0, 0.4275652173913011], [0.36752592592590405,0.0, 0.21378260869565055]]
0.0799, [[0.36752592592590405,0.0, 0.4917], [0.0,1.0, 0.0], [0.0,1.0, 0.0], [0.0,1.0, 0.0], [0.0,1.0, 0.0], [0.0,1.0, 0.0], [0.0,0.9878496042216364, 0.4275652173913011], [0.0,0.0, 0.4917], [0.0,0.9756992084432724, 0.4275652173913011], [0.0,0.9756992084432724, 0.4275652173913011]]
0.3007, [[0.36752592592590405,0.9756992084432724, 0.4917], [0.36752592592590405,0.9878496042216364, 0.4275652173913011], [0.36752592592590405,0.9756992084432724, 0.0], [0.0,0.9878496042216364, 0.4275652173913011], [0.36752592592590405,0.9756992084432724, 0.0], [0.0,0.0, 0.10689130434782528], [0.0,1.0, 0.0], [0.0,0.9878496042216364, 0.10689130434782528], [0.0,1.0, 0.0], [0.0,1.0, 0.0]]
0.3043, [[0.36752592592590405,1.0, 0.4917], [0.36752592592590405,1.0, 0.3206739130434758], [0.36752592592590405,0.9878496042216364, 0.4917], [0.36752592592590405,1.0, 0.10689130434782528], [0.36752592592590405,1.0, 0.10689130434782528], [0.36752592592590405,0.9756992084432724, 0.4917], [0.36752592592590405,0.9878496042216364, 0.3206739130434758], [0.36752592592590405,1.0, 0.0], [0.36752592592590405,0.0, 0.4917], [0.36752592592590405,0.9756992084432724, 0.4275652173913011]]
0.2743, [[0.36752592592590405,0.0, 0.4917], [0.5529411764706459,0.0, 0.0], [0.0,0.0, 0.4917], [0.36752592592590405,0.9878496042216364, 0.4275652173913011], [0.36752592592590405,0.9878496042216364, 0.4275652173913011], [0.36752592592590405,1.0, 0.10689130434782528], [0.36752592592590405,1.0, 0.10689130434782528], [0.36752592592590405,0.0, 0.4275652173913011], [0.0,0.0, 0.4917], [0.36752592592590405,0.9878496042216364, 0.10689130434782528]]
0.3016, [[0.36752592592590405,0.9878496042216364, 0.4917], [0.36752592592590405,1.0, 0.0], [0.0,1.0, 0.10689130434782528], [0.0,1.0, 0.0], [0.0,1.0, 0.0], [0.0,1.0, 0.0], [0.0,1.0, 0.0], [0.0,1.0, 0.0], [0.36752592592590405,0.9878496042216364, 0.0], [0.36752592592590405,0.9756992084432724, 0.4917]]
0.3043, [[0.0,0.0, 0.4917], [0.36752592592590405,1.0, 0.4917], [0.36752592592590405,1.0, 0.3206739130434758], [0.36752592592590405,0.0, 0.4917], [0.0,0.9756992084432724, 0.3206739130434758], [0.0,0.9878496042216364, 0.21378260869565055], [0.36752592592590405,0.0, 0.4275652173913011], [0.36752592592590405,0.9756992084432724, 0.21378260869565055], [0.0,0.9878496042216364, 0.10689130434782528], [0.36752592592590405,0.0, 0.3206739130434758]]
0.2223, [[0.36752592592590405,0.0, 0.4917], [0.0,1.0, 0.21378260869565055], [0.36752592592590405,0.9878496042216364, 0.3206739130434758], [0.0,0.9878496042216364, 0.3206739130434758], [0.0,1.0, 0.0], [0.36752592592590405,0.0, 0.4917], [0.0,1.0, 0.0], [0.36752592592590405,0.0, 0.4917], [0.0,1.0, 0.0], [0.0,0.9756992084432724, 0.3206739130434758]]
0.2749, [[0.36752592592590405,0.9878496042216364, 0.21378260869565055], [0.5529411764706459,0.0, 0.21378260869565055], [0.0,1.0, 0.0], [0.36752592592590405,0.9878496042216364, 0.3206739130434758], [0.0,0.0, 0.4917], [0.36752592592590405,0.9878496042216364, 0.0], [0.36752592592590405,0.9878496042216364, 0.10689130434782528], [0.36752592592590405,0.9878496042216364, 0.3206739130434758], [0.36752592592590405,0.9878496042216364, 0.4275652173913011], [0.36752592592590405,0.9878496042216364, 0.0]]
0.2686, [[0.36752592592590405,0.9878496042216364, 0.21378260869565055], [0.36752592592590405,0.9878496042216364, 0.21378260869565055], [0.36752592592590405,0.9878496042216364, 0.4275652173913011], [0.36752592592590405,0.9878496042216364, 0.0], [0.36752592592590405,0.9878496042216364, 0.0], [0.36752592592590405,0.9756992084432724, 0.21378260869565055], [0.36752592592590405,0.9756992084432724, 0.0], [0.36752592592590405,0.9756992084432724, 0.10689130434782528], [0.36752592592590405,0.0, 0.3206739130434758], [0.0,1.0, 0.10689130434782528]]
0.0953, [[0.36752592592590405,0.9878496042216364, 0.0], [0.36752592592590405,0.9878496042216364, 0.0], [0.36752592592590405,0.0, 0.4917], [0.0,1.0, 0.21378260869565055], [0.0,1.0, 0.0], [0.36752592592590405,0.9878496042216364, 0.0], [0.36752592592590405,0.9878496042216364, 0.0], [0.36752592592590405,0.0, 0.4917], [0.0,0.0, 0.4917], [0.36752592592590405,0.0, 0.4917]]
0.2737, [[0.36752592592590405,0.9878496042216364, 0.4275652173913011], [0.36752592592590405,1.0, 0.3206739130434758], [0.36752592592590405,0.0, 0.4917], [0.36752592592590405,0.9878496042216364, 0.3206739130434758], [0.36752592592590405,1.0, 0.0], [0.0,0.0, 0.4917], [0.36752592592590405,0.0, 0.4917], [0.0,0.0, 0.4275652173913011], [0.0,0.9878496042216364, 0.0], [0.36752592592590405,0.0, 0.4275652173913011]]
0.3018, [[0.36752592592590405,0.9878496042216364, 0.4917], [0.0,1.0, 0.21378260869565055], [0.0,0.9756992084432724, 0.4917], [0.0,0.9756992084432724, 0.4917], [0.36752592592590405,0.9878496042216364, 0.4275652173913011], [0.0,1.0, 0.0], [0.36752592592590405,1.0, 0.0], [0.0,1.0, 0.0], [0.0,1.0, 0.0], [0.0,0.0, 0.4917]]
0.2720, [[0.0,0.0, 0.4917], [0.36752592592590405,1.0, 0.0], [0.0,1.0, 0.0], [0.36752592592590405,0.0, 0.4917], [0.36752592592590405,0.9878496042216364, 0.21378260869565055], [0.36752592592590405,0.9878496042216364, 0.0], [0.36752592592590405,0.9878496042216364, 0.4275652173913011], [0.36752592592590405,0.9878496042216364, 0.0], [0.0,1.0, 0.10689130434782528], [0.0,0.0, 0.4917]]
0.3043, [[0.0,0.0, 0.4917], [0.36752592592590405,1.0, 0.4917], [0.0,0.9878496042216364, 0.4917], [0.36752592592590405,0.0, 0.4917], [0.36752592592590405,0.9756992084432724, 0.3206739130434758], [0.36752592592590405,1.0, 0.21378260869565055], [0.0,0.9878496042216364, 0.3206739130434758], [0.36752592592590405,0.0, 0.21378260869565055], [0.36752592592590405,1.0, 0.0], [0.36752592592590405,0.9878496042216364, 0.0]]
0.2325, [[0.36752592592590405,0.0, 0.4917], [0.0,0.9878496042216364, 0.4275652173913011], [0.0,1.0, 0.3206739130434758], [0.0,1.0, 0.0], [0.0,1.0, 0.0], [0.0,1.0, 0.0], [0.0,1.0, 0.0], [0.36752592592590405,0.9756992084432724, 0.3206739130434758], [0.36752592592590405,0.9878496042216364, 0.0], [0.36752592592590405,0.9878496042216364, 0.21378260869565055]]
0.2396, [[0.0,1.0, 0.4917], [0.36752592592590405,0.9878496042216364, 0.3206739130434758], [0.36752592592590405,0.0, 0.4917], [0.36752592592590405,0.9878496042216364, 0.21378260869565055], [0.193571428571429,0.0, 0.3206739130434758], [0.36752592592590405,0.9878496042216364, 0.10689130434782528], [0.36752592592590405,0.9878496042216364, 0.0], [0.36752592592590405,0.9878496042216364, 0.0], [0.36752592592590405,0.0, 0.10689130434782528], [0.36752592592590405,0.0, 0.0]]
0.2732, [[0.5529411764706459,0.0, 0.0], [0.36752592592590405,0.0, 0.4917], [0.5529411764706459,0.0, 0.0], [0.36752592592590405,0.9878496042216364, 0.4275652173913011], [0.36752592592590405,0.9878496042216364, 0.3206739130434758], [0.36752592592590405,0.0, 0.4275652173913011], [0.36752592592590405,0.9756992084432724, 0.3206739130434758], [0.0,0.9878496042216364, 0.21378260869565055], [0.36752592592590405,0.9878496042216364, 0.0], [0.0,0.9878496042216364, 0.0]]
0.3001, [[0.0,1.0, 0.0], [0.36752592592590405,0.9756992084432724, 0.4917], [0.0,0.9878496042216364, 0.3206739130434758], [0.36752592592590405,0.9878496042216364, 0.3206739130434758], [0.36752592592590405,0.0, 0.4917], [0.0,1.0, 0.0], [0.36752592592590405,0.0, 0.4917], [0.0,1.0, 0.0], [0.36752592592590405,0.0, 0.4275652173913011], [0.36752592592590405,0.9878496042216364, 0.21378260869565055]]
0.3213, [[0.0,1.0, 0.21378260869565055], [0.5529411764706459,0.9756992084432724, 0.0], [0.36752592592590405,0.9878496042216364, 0.4917], [0.36752592592590405,0.9756992084432724, 0.4917], [0.36752592592590405,0.9878496042216364, 0.21378260869565055], [0.36752592592590405,0.9878496042216364, 0.0], [0.36752592592590405,0.9878496042216364, 0.21378260869565055], [0.36752592592590405,0.9878496042216364, 0.21378260869565055], [0.36752592592590405,0.0, 0.4917], [0.0,0.9878496042216364, 0.0]]
0.0819, [[0.0,0.0, 0.6913445945945947], [0.36752592592590405,0.0, 0.4917], [0.0,0.9878496042216364, 0.4275652173913011], [0.0,1.0, 0.0], [0.0,1.0, 0.0], [0.0,1.0, 0.0], [0.36752592592590405,0.0, 0.0], [0.0,0.9878496042216364, 0.21378260869565055], [0.0,0.9878496042216364, 0.0], [0.0,0.9878496042216364, 0.0]]
0.1836, [[0.36752592592590405,1.0, 0.0], [0.36752592592590405,0.0, 0.4917], [0.36752592592590405,0.9878496042216364, 0.10689130434782528], [0.0,1.0, 0.0], [0.0,1.0, 0.3206739130434758], [0.0,0.9878496042216364, 0.0], [0.0,0.9878496042216364, 0.0], [0.36752592592590405,0.9756992084432724, 0.21378260869565055], [0.0,0.9878496042216364, 0.0], [0.0,0.9878496042216364, 0.0]]
0.2780, [[0.36752592592590405,0.9878496042216364, 0.4275652173913011], [0.0,0.9756992084432724, 0.4917], [0.36752592592590405,0.0, 0.4917], [0.36752592592590405,0.0, 0.4917], [0.36752592592590405,0.0, 0.4917], [0.0,1.0, 0.21378260869565055], [0.0,1.0, 0.0], [0.36752592592590405,0.9878496042216364, 0.0], [0.0,0.9878496042216364, 0.4275652173913011], [0.0,0.9878496042216364, 0.4275652173913011]]
0.3010, [[0.0,1.0, 0.21378260869565055], [0.36752592592590405,0.9878496042216364, 0.4275652173913011], [0.0,0.0, 0.4917], [0.36752592592590405,0.0, 0.4917], [0.36752592592590405,0.9756992084432724, 0.4917], [0.36752592592590405,0.9878496042216364, 0.3206739130434758], [0.36752592592590405,0.9756992084432724, 0.4275652173913011], [0.36752592592590405,0.0, 0.4917], [0.36752592592590405,0.0, 0.4275652173913011], [0.36752592592590405,0.9878496042216364, 0.21378260869565055]]
0.2375, [[0.0,0.9756992084432724, 0.4917], [0.0,1.0, 0.0], [0.0,1.0, 0.0], [0.36752592592590405,0.9756992084432724, 0.3206739130434758], [0.36752592592590405,0.9878496042216364, 0.0], [0.0,0.9878496042216364, 0.3206739130434758], [0.0,1.0, 0.0], [0.0,1.0, 0.10689130434782528], [0.0,1.0, 0.10689130434782528], [0.36752592592590405,0.0, 0.4917]]
0.2199, [[0.0,0.0, 0.4917], [0.0,0.9878496042216364, 0.3206739130434758], [0.0,1.0, 0.21378260869565055], [0.36752592592590405,0.0, 0.4275652173913011], [0.36752592592590405,0.0, 0.4275652173913011], [0.36752592592590405,0.9756992084432724, 0.3206739130434758], [0.36752592592590405,1.0, 0.0], [0.36752592592590405,0.9878496042216364, 0.21378260869565055], [0.36752592592590405,0.0, 0.3206739130434758], [0.0,0.9878496042216364, 0.21378260869565055]]
0.2412, [[0.36752592592590405,0.0, 0.4917], [0.0,0.9878496042216364, 0.4917], [0.0,0.0, 0.4917], [0.36752592592590405,1.0, 0.3206739130434758], [0.0,1.0, 0.10689130434782528], [0.36752592592590405,0.0, 0.4917], [0.36752592592590405,0.0, 0.4917], [0.36752592592590405,0.9878496042216364, 0.3206739130434758], [0.0,0.9878496042216364, 0.3206739130434758], [0.0,0.9878496042216364, 0.0]]
0.3213, [[0.0,1.0, 0.3206739130434758], [0.36752592592590405,0.9756992084432724, 0.4917], [0.5529411764706459,0.9878496042216364, 0.0], [0.36752592592590405,0.9878496042216364, 0.4275652173913011], [0.0,1.0, 0.10689130434782528], [0.0,1.0, 0.0], [0.36752592592590405,0.0, 0.4917], [0.0,0.9878496042216364, 0.3206739130434758], [0.36752592592590405,0.9878496042216364, 0.0], [0.36752592592590405,0.9756992084432724, 0.3206739130434758]]
0.3013, [[0.0,1.0, 0.21378260869565055], [0.36752592592590405,0.9878496042216364, 0.4917], [0.0,0.9878496042216364, 0.0], [0.0,1.0, 0.0], [0.0,0.9878496042216364, 0.0], [0.36752592592590405,0.9756992084432724, 0.0], [0.0,0.9878496042216364, 0.0], [0.0,1.0, 0.0], [0.0,0.9878496042216364, 0.21378260869565055], [0.0,0.9878496042216364, 0.0]]
0.0951, [[0.0,0.9878496042216364, 0.21378260869565055], [0.36752592592590405,0.0, 0.4917], [0.0,1.0, 0.0], [0.36752592592590405,0.9878496042216364, 0.0], [0.36752592592590405,0.9878496042216364, 0.0], [0.36752592592590405,0.0, 0.3206739130434758], [0.36752592592590405,0.0, 0.3206739130434758], [0.0,0.9878496042216364, 0.10689130434782528], [0.0,1.0, 0.0], [0.0,0.9756992084432724, 0.10689130434782528]]
0.2732, [[0.36752592592590405,0.0, 0.4917], [0.0,0.9878496042216364, 0.4275652173913011], [0.36752592592590405,1.0, 0.3206739130434758], [0.36752592592590405,0.9756992084432724, 0.4275652173913011], [0.36752592592590405,0.0, 0.4917], [0.0,1.0, 0.21378260869565055], [0.0,0.9878496042216364, 0.3206739130434758], [0.36752592592590405,0.9878496042216364, 0.0], [0.0,0.9756992084432724, 0.4275652173913011], [0.36752592592590405,0.0, 0.3206739130434758]]
0.1055, [[0.0,1.0, 0.21378260869565055], [0.0,0.9878496042216364, 0.3206739130434758], [0.36752592592590405,0.0, 0.4917], [0.0,0.9756992084432724, 0.3206739130434758], [0.36752592592590405,0.0, 0.4275652173913011], [0.0,0.9756992084432724, 0.0], [0.0,0.9756992084432724, 0.0], [0.36752592592590405,0.9756992084432724, 0.0], [0.0,0.0, 0.3206739130434758], [0.193571428571429,0.0, 0.10689130434782528]]
0.2714, [[0.36752592592590405,0.0, 0.4917], [0.36752592592590405,1.0, 0.0], [0.0,1.0, 0.0], [0.0,0.9878496042216364, 0.4275652173913011], [0.36752592592590405,0.0, 0.4917], [0.36752592592590405,0.9756992084432724, 0.4275652173913011], [0.36752592592590405,0.9878496042216364, 0.3206739130434758], [0.36752592592590405,0.9878496042216364, 0.21378260869565055], [0.0,0.9756992084432724, 0.3206739130434758], [0.36752592592590405,0.9878496042216364, 0.21378260869565055]]
0.0844, [[0.36752592592590405,0.9756992084432724, 0.0], [0.36752592592590405,0.9878496042216364, 0.0], [0.0,0.9878496042216364, 0.0], [0.0,0.9756992084432724, 0.0], [0.36752592592590405,0.0, 0.4275652173913011], [0.0,0.9878496042216364, 0.10689130434782528], [0.36752592592590405,0.0, 0.4917], [0.36752592592590405,0.0, 0.0], [0.36752592592590405,0.0, 0.0], [0.36752592592590405,0.0, 0.0]]
0.2737, [[0.0,0.0, 0.4917], [0.36752592592590405,1.0, 0.3206739130434758], [0.36752592592590405,0.9878496042216364, 0.4275652173913011], [0.36752592592590405,0.0, 0.4917], [0.36752592592590405,0.0, 0.4917], [0.0,1.0, 0.0], [0.0,1.0, 0.0], [0.0,1.0, 0.0], [0.36752592592590405,0.9878496042216364, 0.3206739130434758], [0.193571428571429,0.0, 0.4275652173913011]]
0.2367, [[0.36752592592590405,0.0, 0.4917], [0.0,0.9878496042216364, 0.4275652173913011], [0.0,1.0, 0.0], [0.36752592592590405,0.9878496042216364, 0.3206739130434758], [0.0,1.0, 0.0], [0.5529411764706459,0.0, 0.10689130434782528], [0.36752592592590405,0.0, 0.4917], [0.0,1.0, 0.21378260869565055], [0.36752592592590405,0.0, 0.4917], [0.36752592592590405,0.9878496042216364, 0.21378260869565055]]
0.1074, [[0.5529411764706459,0.0, 0.0], [0.36752592592590405,0.0, 0.4917], [0.0,0.9756992084432724, 0.4917], [0.0,0.0, 0.4917], [0.0,1.0, 0.3206739130434758], [0.193571428571429,0.9878496042216364, 0.0], [0.0,0.0, 0.4917], [0.36752592592590405,0.0, 0.4917], [0.0,1.0, 0.10689130434782528], [0.0,1.0, 0.0]]
0.2005, [[0.0,0.9878496042216364, 0.4917], [0.0,1.0, 0.3206739130434758], [0.36752592592590405,0.0, 0.4917], [0.0,0.9878496042216364, 0.3206739130434758], [0.0,0.9878496042216364, 0.3206739130434758], [0.0,1.0, 0.0], [0.0,0.9756992084432724, 0.3206739130434758], [0.36752592592590405,0.0, 0.4275652173913011], [0.36752592592590405,0.9878496042216364, 0.21378260869565055], [0.0,0.9878496042216364, 0.21378260869565055]]
0.2390, [[0.0,1.0, 0.0], [0.0,1.0, 0.0], [0.0,0.9878496042216364, 0.4917], [0.0,1.0, 0.0], [0.36752592592590405,0.9878496042216364, 0.3206739130434758], [0.0,1.0, 0.0], [0.36752592592590405,0.0, 0.4917], [0.0,1.0, 0.0], [0.36752592592590405,0.0, 0.4275652173913011], [0.0,0.0, 0.4917]]
0.3207, [[0.5529411764706459,0.9756992084432724, 0.0], [0.36752592592590405,1.0, 0.0], [0.36752592592590405,0.9878496042216364, 0.3206739130434758], [0.36752592592590405,0.9756992084432724, 0.4917], [0.36752592592590405,1.0, 0.0], [0.0,0.9878496042216364, 0.4917], [0.36752592592590405,0.9878496042216364, 0.10689130434782528], [0.36752592592590405,0.9756992084432724, 0.4275652173913011], [0.36752592592590405,0.0, 0.4275652173913011], [0.0,0.9878496042216364, 0.4275652173913011]]
0.3013, [[0.0,1.0, 0.21378260869565055], [0.36752592592590405,0.9878496042216364, 0.4917], [0.0,1.0, 0.21378260869565055], [0.36752592592590405,0.0, 0.4917], [0.36752592592590405,0.0, 0.4917], [0.36752592592590405,0.9756992084432724, 0.3206739130434758], [0.0,0.9878496042216364, 0.4275652173913011], [0.36752592592590405,0.9878496042216364, 0.10689130434782528], [0.36752592592590405,0.0, 0.4917], [0.0,1.0, 0.10689130434782528]]
0.3043, [[0.36752592592590405,1.0, 0.4917], [0.36752592592590405,0.9756992084432724, 0.4917], [0.36752592592590405,0.9756992084432724, 0.4917], [0.36752592592590405,1.0, 0.21378260869565055], [0.0,1.0, 0.10689130434782528], [0.0,1.0, 0.3206739130434758], [0.36752592592590405,0.0, 0.4917], [0.36752592592590405,0.9878496042216364, 0.3206739130434758], [0.36752592592590405,0.9878496042216364, 0.3206739130434758], [0.0,0.9878496042216364, 0.10689130434782528]]
0.2219, [[0.36752592592590405,0.0, 0.4917], [0.36752592592590405,0.9878496042216364, 0.3206739130434758], [0.36752592592590405,0.0, 0.4917], [0.36752592592590405,0.9756992084432724, 0.3206739130434758], [0.36752592592590405,0.9878496042216364, 0.0], [0.36752592592590405,0.9756992084432724, 0.3206739130434758], [0.36752592592590405,0.9878496042216364, 0.0], [0.36752592592590405,0.9878496042216364, 0.10689130434782528], [0.36752592592590405,0.9878496042216364, 0.10689130434782528], [0.36752592592590405,0.0, 0.4275652173913011]]
0.2784, [[0.0,1.0, 0.4917], [0.36752592592590405,0.9878496042216364, 0.4275652173913011], [0.36752592592590405,0.0, 0.4917], [0.36752592592590405,0.9878496042216364, 0.0], [0.36752592592590405,0.0, 0.4917], [0.0,0.9878496042216364, 0.21378260869565055], [0.0,0.9878496042216364, 0.21378260869565055], [0.0,0.9878496042216364, 0.0], [0.36752592592590405,0.0, 0.4275652173913011], [0.36752592592590405,0.0, 0.4917]]
