1.1111, [[0.9584304751302211, 0.9178330462763089], [0.9697327302233265, 0.2845116781500502], [0.94096089671754, 0.9038152062871024], [0.9671094106927093, 0.2837344270189272], [0.9127494013807252, 0.9458640795556756], [0.9243165108495177, 0.9381146365803201], [0.9285109393297899, 0.911940227648858], [0.9230390839626994, 0.9047488353570787], [0.9409374742217311, 0.8780830380014395], [0.9646446434414149, 0.42242869709458064]]
1.1224, [[0.9353196786884456, 0.9560683200215867], [0.9630807414135473, 0.9443363878845115], [0.9431680165149342, 0.9468212995592732], [0.9166627599112889, 0.9473053604964923], [0.9499767558735899, 0.9386434666756611], [0.9520163147394265, 0.9204742478863104], [0.9189473541178975, 0.9304670635456022], [0.9629257925951178, 0.8866940862115487], [0.9210986202714392, 0.9265423900431737], [0.94096089671754, 0.9038152062871024]]
1.1487, [[0.9948884907222795, 0.2782160036952442], [0.9754370088180608, 0.9598106999460335], [0.9833772348973396, 0.480390419328251], [0.96214023812029, 0.955506069436949], [0.9712227613028731, 0.49138056681434134], [0.9329846360293247, 0.9590605261288002], [0.9595151168592264, 0.9279233532559815], [0.9403591187482915, 0.9440719728368414], [0.9127494013807252, 0.9458640795556756], [0.954722513870599, 0.8795063576632488]]
1.1585, [[0.9344782705697652, 0.9569241168825331], [0.9546990913747896, 0.9538873203363913], [0.9963659096886985, 0.949740588235294], [0.9691453660976526, 0.9527091140492893], [0.9485155524811925, 0.9487840831084728], [0.9595151168592264, 0.9279233532559815], [0.953246896634627, 0.9241722160910237], [0.9403591187482915, 0.9440719728368414], [0.9401915578167344, 0.9107809655963304], [0.891007920078557, 0.8630878720992985]]
1.1333, [[0.9811232701083271, 0.9296815926875337], [0.9485155524811925, 0.9487840831084728], [0.9659094582151055, 0.9355677987048031], [0.9383826204480946, 0.9449947000359779], [0.9629257925951178, 0.8866940862115487], [0.9543927971988247, 0.9087310564400075], [0.9346512366926631, 0.9104864363644543], [0.9341467521675446, 0.9061852908796548], [0.9189473541178975, 0.9304670635456022], [0.9208067399390494, 0.8566982141122503]]
1.1374, [[0.9543927971988247, 0.9087310564400075], [0.9528054726751481, 0.9416729357348443], [0.9486578891864937, 0.9747631519607847], [0.9658193716927629, 0.2827488958639452], [0.9282749126412526, 0.95082720093542], [0.9361322591199756, 0.9276383855009898], [0.9241399412657263, 0.923344746222342], [0.9042668544369443, 0.9130079854740065], [0.922945393979463, 0.9127340983090482], [0.9273848578005071, 0.906523427594891]]
1.2025, [[0.99314801911062, 0.9999964256161181], [0.9754370088180608, 0.9598106999460335], [0.9825556458135748, 0.3913193733772924], [0.9282550936063372, 0.9731494963572584], [0.9691453660976526, 0.9527091140492893], [0.9692768924202725, 0.4585748880589323], [0.96214023812029, 0.955506069436949], [0.9637870197487136, 0.9064715990286021], [0.9228499022657799, 0.9493723373358518], [0.9452904549813267, 0.5056476812796209]]
1.1727, [[0.9833772348973396, 0.480390419328251], [0.9445661593416919, 0.9868476970678184], [0.9754370088180608, 0.9598106999460335], [0.94859122515996, 0.9780342493703905], [0.9691453660976526, 0.9527091140492893], [0.96214023812029, 0.955506069436949], [0.9486578891864937, 0.9747631519607847], [0.936836735724695, 0.9609160781615396], [0.9258281626944267, 0.9265131694549378], [0.9216661653621977, 0.9124678960694371]]
1.1419, [[0.94859122515996, 0.9780342493703905], [0.9486578891864937, 0.9747631519607847], [0.936836735724695, 0.9609160781615396], [0.9215166217351092, 0.9564601618546502], [0.9357214645780935, 0.9392680008994423], [0.9519514524433397, 0.937984797085807], [0.9389141309299162, 0.931794232280986], [0.9518974005299341, 0.9110978347274691], [0.9544216248859745, 0.3635547982175972], [0.9724515414676267, 0.2776181959352314]]
1.1254, [[0.972739818339123, 0.9490463535258141], [0.9329774291075374, 0.9348618578881096], [0.9510037422282958, 0.93023964337111], [0.9604538184220366, 0.9222020156952693], [0.9507208705481397, 0.933599028062601], [0.9615979172557879, 0.8976476068987231], [0.932786445680171, 0.9321948313545605], [0.9460886215692821, 0.9133765938118366], [0.9030272638895096, 0.9132749025903941], [0.9040074052525972, 0.9128499083468251]]
1.1714, [[0.9870113252086411, 0.47104352122398496], [0.9445661593416919, 0.9868476970678184], [0.9691453660976526, 0.9527091140492893], [0.936836735724695, 0.9609160781615396], [0.96214023812029, 0.955506069436949], [0.9510451820285731, 0.9429405909785933], [0.938045696854533, 0.9570311696797988], [0.9282749126412526, 0.95082720093542], [0.9191977946500098, 0.9449920192480661], [0.4356, 0.42768630836595956]]
1.2025, [[0.99314801911062, 0.9999964256161181], [0.9689561844007331, 0.9266372005756436], [0.9595151168592264, 0.9279233532559815], [0.9290928982641236, 0.9383404482820652], [0.9494074090523844, 0.9380064221082931], [0.9637870197487136, 0.9064715990286021], [0.9520163147394265, 0.9204742478863104], [0.9188969056653858, 0.9317831516909518], [0.9189473541178975, 0.9304670635456022], [0.937006098386699, 0.2682487901857806]]
1.0984, [[0.9870113252086411, 0.47104352122398496], [0.9237417588369718, 0.9366086592912397], [0.9833772348973396, 0.480390419328251], [0.9833772348973396, 0.480390419328251], [0.641628607199269, 0.7529755809498111], [0.9791143406600866, 0.46401859607459306], [0.6493400135117973, 0.720636074698687], [0.9712227613028731, 0.49138056681434134], [0.9592899005533699, 0.47897638666804065], [0.9089657674423351, 0.3053972094941589]]
1.1293, [[0.9595151168592264, 0.9279233532559815], [0.9452850497899858, 0.9600216779546682], [0.9722569545793663, 0.42249617607665413], [0.9038614650864025, 0.9430077000359779], [0.9350512208518642, 0.9192200859417161], [0.9540270459181139, 0.2732214954391376], [0.9453481103556256, 0.3774942008551409], [0.930725266048972, 0.41136622908510245], [0.9006706004650268, 0.42151742824026384], [0.933370206344951, 0.40991301019987675]]
1.1509, [[0.9963659096886985, 0.949740588235294], [0.9525442217603546, 0.9465736841158485], [0.9630807414135473, 0.9443363878845115], [0.9692768924202725, 0.4585748880589323], [0.9341251314021821, 0.9299150893146253], [0.9520163147394265, 0.9204742478863104], [0.9548071952016007, 0.4338887766845247], [0.9040074052525972, 0.9128499083468251], [0.949290296573339, 0.4098989394704311], [0.9447985825693357, 0.46780574046981227]]
1.1368, [[0.9282550936063372, 0.9731494963572584], [0.9519514524433397, 0.937984797085807], [0.9604538184220366, 0.9222020156952693], [0.9259560855561534, 0.9222547378575283], [0.94096089671754, 0.9038152062871024], [0.9271632449555445, 0.9015243836571325], [0.9309540858157218, 0.8664415377765791], [0.9120863645762838, 0.8718762991095521], [0.9115404402508871, 0.8229395881003779], [0.8730356588712043, 0.8343306133747077]]
1.1554, [[0.9754370088180608, 0.9598106999460335], [0.9486578891864937, 0.9747631519607847], [0.9452850497899858, 0.9600216779546682], [0.9494074090523844, 0.9380064221082931], [0.9634915359554294, 0.41748623990315314], [0.9487569843610706, 0.952261601187264], [0.9344782705697652, 0.9569241168825331], [0.9350512208518642, 0.9192200859417161], [0.9228499022657799, 0.9493723373358518], [0.9499767558735899, 0.9386434666756611]]
1.1752, [[0.9282550936063372, 0.9731494963572584], [0.9329846360293247, 0.9590605261288002], [0.9963659096886985, 0.949740588235294], [0.96214023812029, 0.955506069436949], [0.9839303661445234, 0.93767999150027], [0.9370295208825083, 0.9550891175571146], [0.9504668265551334, 0.9024069883971939], [0.9282749126412526, 0.95082720093542], [0.930343299194239, 0.9349192267494155], [0.9349160910683502, 0.8943799945134021]]
1.1296, [[0.972739818339123, 0.9490463535258141], [0.9842384620509348, 0.27252002007652354], [0.9659094582151055, 0.9355677987048031], [0.9403591187482915, 0.9440719728368414], [0.9683129666312065, 0.2776698657055152], [0.9271632449555445, 0.9015243836571325], [0.9007949198658596, 0.8739673136805184], [0.9369160118643564, 0.912032446753013], [0.94096089671754, 0.9038152062871024], [0.8779651933737926, 0.9170270227109195]]
1.1388, [[0.9757360960722384, 0.27433909124634476], [0.9486578891864937, 0.9747631519607847], [0.9510145526109764, 0.915557325418241], [0.9756045697496184, 0.278488577316438], [0.9215166217351092, 0.9564601618546502], [0.9357214645780935, 0.9392680008994423], [0.9361322591199756, 0.9276383855009898], [0.943818441206248, 0.9120882071415722], [0.9442652703570678, 0.909770129834503], [0.9262695866539056, 0.9377216330724949]]
0.6531, [[0.9692768924202725, 0.4585748880589323], [0.9825556458135748, 0.3913193733772924], [0.9685976400418095, 0.4475988113022875], [0.9584412855129023, 0.4665000372965179], [0.9530919478161975, 0.46580361183803815], [0.9452904549813267, 0.5056476812796209], [0.9447985825693357, 0.46780574046981227], [0.9388456651729353, 0.4698317742118284], [0.9349539274077342, 0.4700684045435811], [0.9517784863204423, 0.2843120392801548]]
1.1471, [[0.9839303661445234, 0.93767999150027], [0.9811232701083271, 0.9296815926875337], [0.953246896634627, 0.9241722160910237], [0.9517856932422296, 0.944144890268034], [0.9517856932422296, 0.944144890268034], [0.9487569843610706, 0.952261601187264], [0.9385447761883113, 0.9385689407717219], [0.9329846360293247, 0.9590605261288002], [0.915255608432297, 0.9198503391797085], [0.9237417588369718, 0.9366086592912397]]
1.1464, [[0.9971676797375478, 0.2783558434176644], [0.9569620648160364, 0.9701793620705165], [0.9658193716927629, 0.2827488958639452], [0.9329846360293247, 0.9590605261288002], [0.9282749126412526, 0.95082720093542], [0.930343299194239, 0.9349192267494155], [0.9267542521441088, 0.9283139440546864], [0.9341701746633534, 0.4562588157325366], [0.955515275267214, 0.2838738730669072], [0.9479299900859655, 0.2837614921366949]]
1.1682, [[0.9445661593416919, 0.9868476970678184], [0.9569620648160364, 0.9701793620705165], [0.9754370088180608, 0.9598106999460335], [0.9756045697496184, 0.278488577316438], [0.9652266023757485, 0.9547482106943699], [0.9691453660976526, 0.9527091140492893], [0.9712227613028731, 0.49138056681434134], [0.9485155524811925, 0.9487840831084728], [0.9383826204480946, 0.9449947000359779], [0.9120863645762838, 0.8718762991095521]]
1.1610, [[0.9640320550894851, 0.9617491776848354], [0.9499767558735899, 0.9386434666756611], [0.9752478271211413, 0.8901240649847094], [0.906697388809748, 0.857359028332434], [0.936836735724695, 0.9609160781615396], [0.9811232701083271, 0.9296815926875337], [0.9486578891864937, 0.9747631519607847], [0.9510451820285731, 0.9429405909785933], [0.9659094582151055, 0.9355677987048031], [0.953509949279867, 0.9330204246717039]]
1.1539, [[0.9870113252086411, 0.47104352122398496], [0.9582809315031325, 0.9302316010073755], [0.9486578891864937, 0.9747631519607847], [0.9569620648160364, 0.9701793620705165], [0.9833772348973396, 0.480390419328251], [0.9282550936063372, 0.9731494963572584], [0.9582430951637485, 0.2854768169690268], [0.9215166217351092, 0.9564601618546502], [0.9387916132595299, 0.9451170333243387], [0.9442652703570678, 0.909770129834503]]
1.1475, [[0.9652266023757485, 0.9547482106943699], [0.9652266023757485, 0.9547482106943699], [0.9691453660976526, 0.9527091140492893], [0.9640320550894851, 0.9617491776848354], [0.9811232701083271, 0.9296815926875337], [0.9487569843610706, 0.952261601187264], [0.9752478271211413, 0.8901240649847094], [0.9735668126142283, 0.9286119583108474], [0.9387916132595299, 0.9451170333243387], [0.9519748749391491, 0.2855833649562826]]
1.2025, [[0.99314801911062, 0.9999964256161181], [0.9353196786884456, 0.9560683200215867], [0.9659094582151055, 0.9355677987048031], [0.9228499022657799, 0.9493723373358518], [0.9604538184220366, 0.9222020156952693], [0.9584304751302211, 0.9178330462763089], [0.9518974005299341, 0.9110978347274691], [0.9420815730554825, 0.8985218118366614], [0.9389141309299162, 0.931794232280986], [0.9361322591199756, 0.9276383855009898]]
1.1328, [[0.9652266023757485, 0.9547482106943699], [0.9353196786884456, 0.9560683200215867], [0.972739818339123, 0.9490463535258141], [0.9722569545793663, 0.42249617607665413], [0.9383826204480946, 0.9449947000359779], [0.963583424208219, 0.37583657814753735], [0.9494074090523844, 0.9380064221082931], [0.9530919478161975, 0.46580361183803815], [0.925118280898367, 0.9249717164058285], [0.8964203183409021, 0.8943891985518979]]
1.1593, [[0.9628501199163503, 0.990708299739162], [0.9604538184220366, 0.9222020156952693], [0.9518974005299341, 0.9110978347274691], [0.9486578891864937, 0.9747631519607847], [0.9403591187482915, 0.9440719728368414], [0.9389141309299162, 0.931794232280986], [0.936836735724695, 0.9609160781615396], [0.9347791595543898, 0.914140439647419], [0.934301700985974, 0.9447479781885233], [0.9215166217351092, 0.9564601618546502]]
1.1197, [[0.9659094582151055, 0.9355677987048031], [0.9510451820285731, 0.9429405909785933], [0.9499767558735899, 0.9386434666756611], [0.9347791595543898, 0.914140439647419], [0.9341467521675446, 0.9061852908796548], [0.9341251314021821, 0.9299150893146253], [0.9341251314021821, 0.9299150893146253], [0.9325107809218023, 0.9211867119535887], [0.9282749126412526, 0.95082720093542], [0.925593937736336, 0.9185463145799606]]
1.1762, [[0.9445661593416919, 0.9868476970678184], [0.9839303661445234, 0.93767999150027], [0.9510451820285731, 0.9429405909785933], [0.9329846360293247, 0.9590605261288002], [0.9387916132595299, 0.9451170333243387], [0.9543927971988247, 0.9087310564400075], [0.9442652703570678, 0.909770129834503], [0.9282749126412526, 0.95082720093542], [0.9319738652486405, 0.8730839940636804], [0.9191977946500098, 0.9449920192480661]]
1.1622, [[0.9839303661445234, 0.93767999150027], [0.9282550936063372, 0.9731494963572584], [0.9811232701083271, 0.9296815926875337], [0.9569620648160364, 0.9701793620705165], [0.9329846360293247, 0.9590605261288002], [0.9425626350847922, 0.9512154683846016], [0.9282749126412526, 0.95082720093542], [0.9485155524811925, 0.9487840831084728], [0.9385447761883113, 0.9385689407717219], [0.9421482370820161, 0.2738651859551624]]
1.1901, [[0.9963659096886985, 0.949740588235294], [0.9445661593416919, 0.9868476970678184], [0.94859122515996, 0.9780342493703905], [0.9754370088180608, 0.9598106999460335], [0.9569620648160364, 0.9701793620705165], [0.9652266023757485, 0.9547482106943699], [0.9370295208825083, 0.9550891175571146], [0.953509949279867, 0.9330204246717039], [0.9341251314021821, 0.9299150893146253], [0.4356, 0.198005957783495]]
1.1566, [[0.95977636777402, 0.9351952585447025], [0.9880797513636244, 0.4758791619101589], [0.9519514524433397, 0.937984797085807], [0.9637870197487136, 0.9064715990286021], [0.9486578891864937, 0.9747631519607847], [0.9685976400418095, 0.4475988113022875], [0.9629257925951178, 0.8866940862115487], [0.9282550936063372, 0.9731494963572584], [0.9379826362888932, 0.4276463656501135], [0.9215166217351092, 0.9564601618546502]]
1.1715, [[0.9445661593416919, 0.9868476970678184], [0.9754370088180608, 0.9598106999460335], [0.9825556458135748, 0.3913193733772924], [0.9510037422282958, 0.93023964337111], [0.9646914884330332, 0.49346878410261746], [0.9203184709879523, 0.912012519562871], [0.9546198152351283, 0.4331097424273648], [0.937800661513761, 0.4297613627137853], [0.9480453008345638, 0.277990716935566], [0.9324585307388435, 0.4654060002575723]]
1.1764, [[0.9445661593416919, 0.9868476970678184], [0.9569620648160364, 0.9701793620705165], [0.9754370088180608, 0.9598106999460335], [0.9971676797375478, 0.2783558434176644], [0.94859122515996, 0.9780342493703905], [0.9486578891864937, 0.9747631519607847], [0.9652266023757485, 0.9547482106943699], [0.9584304751302211, 0.9178330462763089], [0.954722513870599, 0.8795063576632488], [0.925593937736336, 0.9185463145799606]]
1.1450, [[0.9811232701083271, 0.9296815926875337], [0.9825556458135748, 0.3913193733772924], [0.972739818339123, 0.9490463535258141], [0.9329846360293247, 0.9590605261288002], [0.9510451820285731, 0.9429405909785933], [0.9243165108495177, 0.9381146365803201], [0.8996201916145115, 0.941245350062961], [0.9288532681146918, 0.8948600342687534], [0.9444184174450503, 0.4617170483721412], [0.9114557589198855, 0.9123742472117291]]
1.1396, [[0.9811232701083271, 0.9296815926875337], [0.9757360960722384, 0.27433909124634476], [0.9504668265551334, 0.9024069883971939], [0.9624591444093832, 0.2752889620582801], [0.9370295208825083, 0.9550891175571146], [0.9383826204480946, 0.9449947000359779], [0.9442652703570678, 0.909770129834503], [0.9243165108495177, 0.9381146365803201], [0.932786445680171, 0.9321948313545605], [0.9244912787028626, 0.9255304819661812]]
1.1583, [[0.9344782705697652, 0.9569241168825331], [0.9963659096886985, 0.949740588235294], [0.9615979172557879, 0.8976476068987231], [0.9329774291075374, 0.9348618578881096], [0.9520163147394265, 0.9204742478863104], [0.9309937238855528, 0.9316429464831804], [0.9501515237269342, 0.9057728069796729], [0.8714321187735057, 0.7481725919679801], [0.8937861884276037, 0.8622509301133299], [0.8681367537862127, 0.3079674246184733]]
1.1586, [[0.9963659096886985, 0.949740588235294], [0.938045696854533, 0.9570311696797988], [0.9691453660976526, 0.9527091140492893], [0.9700210070948229, 0.27529434883687093], [0.9344782705697652, 0.9569241168825331], [0.9507208705481397, 0.933599028062601], [0.9621474450420779, 0.2842749813928452], [0.932786445680171, 0.9321948313545605], [0.922945393979463, 0.9127340983090482], [0.9203184709879523, 0.912012519562871]]
1.1720, [[0.9948884907222795, 0.2782160036952442], [0.9637870197487136, 0.9064715990286021], [0.9639671927933988, 0.2865418966059036], [0.9628501199163503, 0.990708299739162], [0.96214023812029, 0.955506069436949], [0.9546990913747896, 0.9538873203363913], [0.9215166217351092, 0.9564601618546502], [0.9442652703570678, 0.909770129834503], [0.9166627599112889, 0.9473053604964923], [0.9086000161616243, 0.2677734873503353]]
1.1473, [[0.9640320550894851, 0.9617491776848354], [0.96214023812029, 0.955506069436949], [0.9389141309299162, 0.931794232280986], [0.9501515237269342, 0.9057728069796729], [0.9370295208825083, 0.9550891175571146], [0.9166627599112889, 0.9473053604964923], [0.9401915578167344, 0.9107809655963304], [0.9586304672098218, 0.9360876928404389], [0.9510037422282958, 0.93023964337111], [0.9811232701083271, 0.9296815926875337]]
1.2058, [[0.9963659096886985, 0.949740588235294], [0.99314801911062, 0.9999964256161181], [0.9754370088180608, 0.9598106999460335], [0.9282550936063372, 0.9731494963572584], [0.96214023812029, 0.955506069436949], [0.9657004574832705, 0.28130523920159445], [0.9487569843610706, 0.952261601187264], [0.953509949279867, 0.9330204246717039], [0.9425626350847922, 0.9512154683846016], [0.9309937238855528, 0.9316429464831804]]
1.1371, [[0.9452850497899858, 0.9600216779546682], [0.9735668126142283, 0.9286119583108474], [0.938045696854533, 0.9570311696797988], [0.9465012178416111, 0.9122241230886854], [0.9525874632910789, 0.2724084133727105], [0.9350512208518642, 0.9192200859417161], [0.944124735382213, 0.8793867051627989], [0.9341467521675446, 0.9061852908796548], [0.9294334253185785, 0.8951296321730526], [0.925118280898367, 0.9249717164058285]]
1.1740, [[0.9811232701083271, 0.9296815926875337], [0.9754370088180608, 0.9598106999460335], [0.9445661593416919, 0.9868476970678184], [0.9569620648160364, 0.9701793620705165], [0.9597637556608918, 0.9243151914463033], [0.9510451820285731, 0.9429405909785933], [0.9387916132595299, 0.9451170333243387], [0.930343299194239, 0.9349192267494155], [0.9288532681146918, 0.8948600342687534], [0.915255608432297, 0.9198503391797085]]
1.1394, [[0.9966127467599175, 0.28194217163972823], [0.9510037422282958, 0.93023964337111], [0.9290928982641236, 0.9383404482820652], [0.9325107809218023, 0.9211867119535887], [0.9092882771923216, 0.9318531202554416], [0.9258281626944267, 0.9265131694549378], [0.889631398017162, 0.8900020891347364], [0.9691453660976526, 0.9527091140492893], [0.9519514524433397, 0.937984797085807], [0.9870113252086411, 0.47104352122398496]]
1.1617, [[0.9282550936063372, 0.9731494963572584], [0.938045696854533, 0.9570311696797988], [0.9546990913747896, 0.9538873203363913], [0.9425626350847922, 0.9512154683846016], [0.9431680165149342, 0.9468212995592732], [0.9525442217603546, 0.9465736841158485], [0.9839303661445234, 0.93767999150027], [0.9659094582151055, 0.9355677987048031], [0.9689561844007331, 0.9266372005756436], [0.9615979172557879, 0.8976476068987231]]
1.1043, [[0.9604538184220366, 0.9222020156952693], [1.0, 0.27199923472074716], [0.9880797513636244, 0.4758791619101589], [0.944124735382213, 0.8793867051627989], [0.9099693313012323, 0.8674155573844221], [0.9324585307388435, 0.4654060002575723], [0.8686268244677567, 0.8040588881993165], [0.9317702697081462, 0.4220235206058114], [0.908576593665815, 0.45369885076241523], [0.9109981193863845, 0.39593593431897783]]
1.1332, [[0.9691453660976526, 0.9527091140492893], [0.9652266023757485, 0.9547482106943699], [0.96214023812029, 0.955506069436949], [0.9582809315031325, 0.9302316010073755], [0.9453499120860727, 0.9486227890357981], [0.9452850497899858, 0.9600216779546682], [0.9191977946500098, 0.9449920192480661], [0.9357214645780935, 0.9392680008994423], [0.932786445680171, 0.9321948313545605], [0.9350512208518642, 0.9192200859417161]]
1.1602, [[0.9628501199163503, 0.990708299739162], [0.9519514524433397, 0.937984797085807], [0.9389141309299162, 0.931794232280986], [0.9460886215692821, 0.9133765938118366], [0.9518974005299341, 0.9110978347274691], [0.9637870197487136, 0.9064715990286021], [0.8798245791949445, 0.9059392839089768], [0.9384853190835649, 0.3651847333608076], [0.9415068210429366, 0.34498264573459714], [0.9351413073742068, 0.48561232423243417]]
1.1220, [[0.9584304751302211, 0.9178330462763089], [0.9700210070948229, 0.27529434883687093], [0.9215166217351092, 0.9564601618546502], [0.9357214645780935, 0.9392680008994423], [0.9543927971988247, 0.9087310564400075], [0.9622861782864852, 0.38779231052956975], [0.9228499022657799, 0.9493723373358518], [0.932786445680171, 0.9321948313545605], [0.9608592077725785, 0.44234967272820935], [0.9124611245092289, 0.919099897283684]]
1.1373, [[0.972739818339123, 0.9490463535258141], [0.9743415567063748, 0.8816292736103619], [0.9329846360293247, 0.9590605261288002], [0.9510451820285731, 0.9429405909785933], [0.9629257925951178, 0.8866940862115487], [0.9370295208825083, 0.9550891175571146], [0.9193365278944177, 0.9413322075912938], [0.8996201916145115, 0.941245350062961], [0.9243165108495177, 0.9381146365803201], [0.9427860496602019, 0.9216052723061705]]
1.1661, [[0.9628501199163503, 0.990708299739162], [0.9652266023757485, 0.9547482106943699], [0.9757360960722384, 0.27433909124634476], [0.9756045697496184, 0.278488577316438], [0.96850575178902, 0.381803929116011], [0.94859122515996, 0.9780342493703905], [0.9584304751302211, 0.9178330462763089], [0.9507208705481397, 0.933599028062601], [0.9217508466932001, 0.9458712283234394], [0.9530919478161975, 0.46580361183803815]]
1.1456, [[0.9754370088180608, 0.9598106999460335], [0.9811232701083271, 0.9296815926875337], [0.9344782705697652, 0.9569241168825331], [0.9528054726751481, 0.9416729357348443], [0.9510451820285731, 0.9429405909785933], [0.9485155524811925, 0.9487840831084728], [0.9499767558735899, 0.9386434666756611], [0.9453499120860727, 0.9486227890357981], [0.930343299194239, 0.9349192267494155], [0.4356, 0.4228338735833509]]
1.1361, [[0.9735668126142283, 0.9286119583108474], [0.9329846360293247, 0.9590605261288002], [0.9525442217603546, 0.9465736841158485], [0.9501515237269342, 0.9057728069796729], [0.9255146615966745, 0.9260980047670443], [0.944124735382213, 0.8793867051627989], [0.9397411252050213, 0.8992007660550462], [0.9279145665518822, 0.9041473559093361], [0.922945393979463, 0.9127340983090482], [0.8783003152369072, 0.8756269001169277]]
1.1618, [[0.9628501199163503, 0.990708299739162], [0.9652266023757485, 0.9547482106943699], [0.9569620648160364, 0.9701793620705165], [0.9582809315031325, 0.9302316010073755], [0.9353196786884456, 0.9560683200215867], [0.9543927971988247, 0.9087310564400075], [0.9510145526109764, 0.915557325418241], [0.9217508466932001, 0.9458712283234394], [0.9237417588369718, 0.9366086592912397], [0.9420815730554825, 0.8985218118366614]]
1.1173, [[0.9671094106927093, 0.2837344270189272], [0.943818441206248, 0.9120882071415722], [0.9518974005299341, 0.9110978347274691], [0.9547405311750675, 0.2779044825494275], [0.9389141309299162, 0.931794232280986], [0.9544216248859745, 0.3635547982175972], [0.938045696854533, 0.9570311696797988], [0.9329774291075374, 0.9348618578881096], [0.930343299194239, 0.9349192267494155], [0.892315976382972, 0.8668450857168556]]
1.1725, [[0.9569620648160364, 0.9701793620705165], [0.9963659096886985, 0.949740588235294], [0.96214023812029, 0.955506069436949], [0.9597691608522327, 0.9373624968519516], [0.9361214487372949, 0.9490854036697247], [0.9383826204480946, 0.9449947000359779], [0.9543927971988247, 0.9087310564400075], [0.9485479836292356, 0.28246431517232345], [0.9353196786884456, 0.9560683200215867], [0.9347791595543898, 0.914140439647419]]
1.1492, [[0.9754370088180608, 0.9598106999460335], [0.9640320550894851, 0.9617491776848354], [0.9948884907222795, 0.2782160036952442], [0.9840546855453561, 0.2838237714331437], [0.9127494013807252, 0.9458640795556756], [0.9383826204480946, 0.9449947000359779], [0.9403591187482915, 0.9440719728368414], [0.9586304672098218, 0.9360876928404389], [0.9510037422282958, 0.93023964337111], [0.9347323145627715, 0.9163041035707862]]
1.1714, [[0.9445661593416919, 0.9868476970678184], [0.9691453660976526, 0.9527091140492893], [0.9870113252086411, 0.47104352122398496], [0.9201040650647769, 0.9428598992624573], [0.9504668265551334, 0.9024069883971939], [0.9597853764262543, 0.48023155625386404], [0.9065352330695314, 0.9226841107213533], [0.9530919478161975, 0.46580361183803815], [0.9106215577229925, 0.9039585390807697], [0.8897503122266543, 0.8806379182406912]]
1.1613, [[0.9811232701083271, 0.9296815926875337], [0.9754370088180608, 0.9598106999460335], [0.9486578891864937, 0.9747631519607847], [0.9517856932422296, 0.944144890268034], [0.953509949279867, 0.9330204246717039], [0.9282749126412526, 0.95082720093542], [0.9387916132595299, 0.9451170333243387], [0.953246896634627, 0.9241722160910237], [0.934301700985974, 0.9447479781885233], [0.4356, 0.44291325839686835]]
1.2025, [[0.99314801911062, 0.9999964256161181], [0.9628501199163503, 0.990708299739162], [0.9689561844007331, 0.9266372005756436], [0.936836735724695, 0.9609160781615396], [0.9431680165149342, 0.9468212995592732], [0.9637870197487136, 0.9064715990286021], [0.9344782705697652, 0.9569241168825331], [0.9389141309299162, 0.931794232280986], [0.9166627599112889, 0.9473053604964923], [0.9216661653621977, 0.9124678960694371]]
1.1550, [[1.0, 0.27199923472074716], [0.9839303661445234, 0.93767999150027], [0.9880797513636244, 0.4758791619101589], [0.96643916696648, 0.8780827699226483], [0.9452850497899858, 0.9600216779546682], [0.9237417588369718, 0.9366086592912397], [0.9262695866539056, 0.9377216330724949], [0.9155943337563051, 0.9372211299694189], [0.9425626350847922, 0.9512154683846016], [0.9385447761883113, 0.9385689407717219]]
1.1509, [[0.9963659096886985, 0.949740588235294], [0.9689561844007331, 0.9266372005756436], [0.9166627599112889, 0.9473053604964923], [0.9431680165149342, 0.9468212995592732], [0.9510037422282958, 0.93023964337111], [0.9108900155595734, 0.9330144375787015], [0.9347323145627715, 0.9163041035707862], [0.9283361714764455, 0.9151214293038314], [0.9310387671467242, 0.9108544191851053], [0.9647689628422481, 0.27770176645765743]]
1.0656, [[0.9124611245092289, 0.919099897283684], [0.9722569545793663, 0.42249617607665413], [0.9392546579843711, 0.4651111201318774], [0.9595655653117381, 0.4287901797856994], [0.9756045697496184, 0.278488577316438], [0.8920258977810287, 0.9138972921838463], [0.9042668544369443, 0.9130079854740065], [0.937800661513761, 0.4297613627137853], [0.9669688757178545, 0.28079180243536955], [0.928375809546276, 0.4209971138471049]]
1.1227, [[0.9630807414135473, 0.9443363878845115], [0.9735668126142283, 0.9286119583108474], [0.9752478271211413, 0.8901240649847094], [0.9361881127638281, 0.9384160465011695], [0.9597691608522327, 0.9373624968519516], [0.9427860496602019, 0.9216052723061705], [0.9325107809218023, 0.9211867119535887], [0.915255608432297, 0.9198503391797085], [0.925593937736336, 0.9185463145799606], [0.8923736317572715, 0.8917271761557837]]
1.1222, [[0.9518974005299341, 0.9110978347274691], [0.9842384620509348, 0.27252002007652354], [0.9353196786884456, 0.9560683200215867], [0.9397663494312771, 0.872620128395395], [0.9546054013915536, 0.2752537872470431], [0.8779651933737926, 0.9170270227109195], [0.9491299425635693, 0.27314039850444444], [0.922945393979463, 0.9127340983090482], [0.946018354081855, 0.2720968397369684], [0.9203184709879523, 0.912012519562871]]
1.1221, [[0.9743415567063748, 0.8816292736103619], [0.9517856932422296, 0.944144890268034], [0.9217508466932001, 0.9458712283234394], [0.9294334253185785, 0.8951296321730526], [0.920087849490755, 0.9250418636895128], [0.921617518640133, 0.8638605645349888], [0.9133079378192495, 0.9083754052437493], [0.8515211956053401, 0.8112218641392339], [0.8753202530778135, 0.2821500645503877], [0.8344840324999037, 0.7973888197967259]]
1.1118, [[0.953246896634627, 0.9241722160910237], [0.9353196786884456, 0.9560683200215867], [0.9526361100131436, 0.3678130851019989], [0.9038614650864025, 0.9430077000359779], [0.9389141309299162, 0.931794232280986], [0.9283361714764455, 0.9151214293038314], [0.9108359636461678, 0.9074258701654976], [0.8798245791949445, 0.9059392839089768], [0.9397663494312771, 0.872620128395395], [0.9171672444364076, 0.8557564533189428]]
1.1611, [[0.9754370088180608, 0.9598106999460335], [0.94859122515996, 0.9780342493703905], [0.9813881244840146, 0.27598546400046553], [0.9486578891864937, 0.9747631519607847], [0.9353196786884456, 0.9560683200215867], [0.9383826204480946, 0.9449947000359779], [0.95977636777402, 0.9351952585447025], [0.9584304751302211, 0.9178330462763089], [0.9405446969843175, 0.2752621462676578], [0.9040074052525972, 0.9128499083468251]]
1.0793, [[0.9757360960722384, 0.27433909124634476], [0.9510145526109764, 0.915557325418241], [0.96850575178902, 0.381803929116011], [0.9442652703570678, 0.909770129834503], [0.9592899005533699, 0.47897638666804065], [0.9245381236944803, 0.9051518471397737], [0.8892458277015356, 0.8605255750134916], [0.6594927645798105, 0.7547074593002341], [0.9544216248859745, 0.3635547982175972], [0.9121656407159452, 0.27624810390328347]]
1.1618, [[0.9628501199163503, 0.990708299739162], [0.94859122515996, 0.9780342493703905], [0.9486578891864937, 0.9747631519607847], [0.9215166217351092, 0.9564601618546502], [0.9652266023757485, 0.9547482106943699], [0.9546990913747896, 0.9538873203363913], [0.934301700985974, 0.9447479781885233], [0.9584304751302211, 0.9178330462763089], [0.9494074090523844, 0.9380064221082931], [0.925118280898367, 0.9249717164058285]]
1.1578, [[0.9752478271211413, 0.8901240649847094], [0.94859122515996, 0.9780342493703905], [0.9735668126142283, 0.9286119583108474], [0.9452850497899858, 0.9600216779546682], [0.9528054726751481, 0.9416729357348443], [0.9647689628422481, 0.27770176645765743], [0.9517856932422296, 0.944144890268034], [0.9494074090523844, 0.9380064221082931], [0.9431680165149342, 0.9468212995592732], [0.9128322809812806, 0.9348434498111174]]
1.1220, [[0.9791143406600866, 0.46401859607459306], [0.9659094582151055, 0.9355677987048031], [0.9127494013807252, 0.9458640795556756], [0.9528054726751481, 0.9416729357348443], [0.9597691608522327, 0.9373624968519516], [0.9586304672098218, 0.9360876928404389], [0.95977636777402, 0.9351952585447025], [0.9188969056653858, 0.9317831516909518], [0.9520163147394265, 0.9204742478863104], [0.4356, 0.30492143424938534]]
1.1478, [[0.9445661593416919, 0.9868476970678184], [0.9658193716927629, 0.2827488958639452], [0.9609673115993895, 0.5473937199670311], [0.9370295208825083, 0.9550891175571146], [0.9592899005533699, 0.47897638666804065], [0.9282749126412526, 0.95082720093542], [0.9544216248859745, 0.3635547982175972], [0.9361214487372949, 0.9490854036697247], [0.8997318989022166, 0.9280287975805002], [0.9357052490040719, 0.28351413336339965]]
1.1636, [[0.9628501199163503, 0.990708299739162], [0.9652266023757485, 0.9547482106943699], [0.9685976400418095, 0.4475988113022875], [0.9445661593416919, 0.9868476970678184], [0.9586304672098218, 0.9360876928404389], [0.9282550936063372, 0.9731494963572584], [0.953509949279867, 0.9330204246717039], [0.9361881127638281, 0.9384160465011695], [0.932786445680171, 0.9321948313545605], [0.9267542521441088, 0.9283139440546864]]
1.1419, [[0.9811232701083271, 0.9296815926875337], [0.9425626350847922, 0.9512154683846016], [0.9519514524433397, 0.937984797085807], [0.9971676797375478, 0.2783558434176644], [0.9510451820285731, 0.9429405909785933], [0.9629257925951178, 0.8866940862115487], [0.9597637556608918, 0.9243151914463033], [0.9282749126412526, 0.95082720093542], [0.9592070209528145, 0.2768437398926342], [0.9427860496602019, 0.9216052723061705]]
1.1621, [[0.9839303661445234, 0.93767999150027], [0.9811232701083271, 0.9296815926875337], [0.9640320550894851, 0.9617491776848354], [0.9282550936063372, 0.9731494963572584], [0.9329846360293247, 0.9590605261288002], [0.930343299194239, 0.9349192267494155], [0.8973644250950527, 0.9069524430203273], [0.9525424200299076, 0.2714303948382967], [0.896611301768268, 0.8932823905828388], [0.9146394166194733, 0.27537790623681563]]
1.1139, [[0.9546990913747896, 0.9538873203363913], [0.9353196786884456, 0.9560683200215867], [0.9548071952016007, 0.4338887766845247], [0.9370295208825083, 0.9550891175571146], [0.9166627599112889, 0.9473053604964923], [0.9038614650864025, 0.9430077000359779], [0.9201040650647769, 0.9428598992624573], [0.9385447761883113, 0.9385689407717219], [0.9389141309299162, 0.931794232280986], [0.9501515237269342, 0.9057728069796729]]
1.2025, [[0.99314801911062, 0.9999964256161181], [0.9637870197487136, 0.9064715990286021], [0.9628501199163503, 0.990708299739162], [0.9452850497899858, 0.9600216779546682], [0.9499767558735899, 0.9386434666756611], [0.9510145526109764, 0.915557325418241], [0.9228499022657799, 0.9493723373358518], [0.9504181798330688, 0.8455297835941715], [0.9385447761883113, 0.9385689407717219], [0.943744570257927, 0.2759059483247741]]
1.1483, [[0.9452850497899858, 0.9600216779546682], [0.9839303661445234, 0.93767999150027], [0.9453499120860727, 0.9486227890357981], [0.9842384620509348, 0.27252002007652354], [0.9659094582151055, 0.9355677987048031], [0.9525442217603546, 0.9465736841158485], [0.8996201916145115, 0.941245350062961], [0.9273848578005071, 0.906523427594891], [0.9243165108495177, 0.9381146365803201], [0.9128322809812806, 0.9348434498111174]]
1.1376, [[0.9791143406600866, 0.46401859607459306], [0.936836735724695, 0.9609160781615396], [0.9113476550930744, 0.8694786024015112], [0.9259560855561534, 0.9222547378575283], [0.919554537278487, 0.8631461345565752], [0.9595151168592264, 0.9279233532559815], [0.9361214487372949, 0.9490854036697247], [0.9329774291075374, 0.9348618578881096], [0.9659094582151055, 0.9355677987048031], [0.9520163147394265, 0.9204742478863104]]
1.1338, [[0.9595151168592264, 0.9279233532559815], [0.9569620648160364, 0.9701793620705165], [0.9482579050272922, 0.8623828248785758], [0.9290928982641236, 0.9383404482820652], [0.9316423468464197, 0.8892469111800683], [0.925593937736336, 0.9185463145799606], [0.9047010714746353, 0.9169202379924447], [0.919554537278487, 0.8631461345565752], [0.4356, 0.1387390808642485], [0.4356, 0.3932857956418708]]
1.1326, [[0.9353196786884456, 0.9560683200215867], [0.972739818339123, 0.9490463535258141], [0.9485155524811925, 0.9487840831084728], [0.9630807414135473, 0.9443363878845115], [0.9543927971988247, 0.9087310564400075], [0.9357214645780935, 0.9392680008994423], [0.9504668265551334, 0.9024069883971939], [0.9420815730554825, 0.8985218118366614], [0.9341467521675446, 0.9061852908796548], [0.8841973789894549, 0.3009732732880399]]
1.1115, [[0.9517856932422296, 0.944144890268034], [0.9453499120860727, 0.9486227890357981], [0.9427860496602019, 0.9216052723061705], [0.9425626350847922, 0.9512154683846016], [0.9344782705697652, 0.9569241168825331], [0.9337053282080656, 0.7924956669814714], [0.9283361714764455, 0.9151214293038314], [0.9318675631522761, 0.4039971006078715], [0.925118280898367, 0.9249717164058285], [0.9134286537591888, 0.9155288197067817]]
1.1504, [[0.9659094582151055, 0.9355677987048031], [0.9840546855453561, 0.2838237714331437], [0.9569620648160364, 0.9701793620705165], [0.9282550936063372, 0.9731494963572584], [0.9485155524811925, 0.9487840831084728], [0.9525442217603546, 0.9465736841158485], [0.953509949279867, 0.9330204246717039], [0.9519514524433397, 0.937984797085807], [0.9403591187482915, 0.9440719728368414], [0.9477858516502172, 0.2758209605743631]]
1.1465, [[0.9754370088180608, 0.9598106999460335], [0.9938777199415952, 0.2656249303577403], [0.9691453660976526, 0.9527091140492893], [0.972739818339123, 0.9490463535258141], [0.9361881127638281, 0.9384160465011695], [0.9629257925951178, 0.8866940862115487], [0.9262695866539056, 0.9377216330724949], [0.9309937238855528, 0.9316429464831804], [0.925593937736336, 0.9185463145799606], [0.9120863645762838, 0.8718762991095521]]
1.1602, [[0.9637870197487136, 0.9064715990286021], [0.9628501199163503, 0.990708299739162], [0.9543927971988247, 0.9087310564400075], [0.9528054726751481, 0.9416729357348443], [0.9460886215692821, 0.9133765938118366], [0.9217508466932001, 0.9458712283234394], [0.9166627599112889, 0.9473053604964923], [0.9094414242803042, 0.9310630920579245], [0.9030272638895096, 0.9132749025903941], [0.4356, 0.4374653140325573]]
1.1481, [[0.9452850497899858, 0.9600216779546682], [0.9385447761883113, 0.9385689407717219], [0.9519514524433397, 0.937984797085807], [0.9839303661445234, 0.93767999150027], [0.920087849490755, 0.9250418636895128], [0.9465012178416111, 0.9122241230886854], [0.9518974005299341, 0.9110978347274691], [0.9442652703570678, 0.909770129834503], [0.9637870197487136, 0.9064715990286021], [0.9461552855958159, 0.2820676488063197]]
1.1338, [[0.938045696854533, 0.9570311696797988], [0.96214023812029, 0.955506069436949], [0.972739818339123, 0.9490463535258141], [0.9215166217351092, 0.9564601618546502], [0.96643916696648, 0.8780827699226483], [0.9582809315031325, 0.9302316010073755], [0.9425626350847922, 0.9512154683846016], [0.9629257925951178, 0.8866940862115487], [0.9510451820285731, 0.9429405909785933], [0.4356, 0.4738703761590767]]
1.1375, [[0.9938777199415952, 0.2656249303577403], [0.9735668126142283, 0.9286119583108474], [0.9691453660976526, 0.9527091140492893], [0.9756045697496184, 0.278488577316438], [0.96643916696648, 0.8780827699226483], [0.9510451820285731, 0.9429405909785933], [0.9645923932584562, 0.27612700964546016], [0.943818441206248, 0.9120882071415722], [0.9325107809218023, 0.9211867119535887], [0.9028290735403558, 0.9071321451699947]]
1.2058, [[0.99314801911062, 0.9999964256161181], [0.9963659096886985, 0.949740588235294], [0.9628501199163503, 0.990708299739162], [0.9344782705697652, 0.9569241168825331], [0.9403591187482915, 0.9440719728368414], [0.9595151168592264, 0.9279233532559815], [0.9389141309299162, 0.931794232280986], [0.9108900155595734, 0.9330144375787015], [0.9274100820267634, 0.921060000044972], [0.9349160910683502, 0.8943799945134021]]
1.1756, [[0.9963659096886985, 0.949740588235294], [0.9691453660976526, 0.9527091140492893], [0.96214023812029, 0.955506069436949], [0.9569620648160364, 0.9701793620705165], [0.9282550936063372, 0.9731494963572584], [0.9839303661445234, 0.93767999150027], [0.9546990913747896, 0.9538873203363913], [0.9525442217603546, 0.9465736841158485], [0.9425626350847922, 0.9512154683846016], [0.9403591187482915, 0.9440719728368414]]
1.1158, [[0.9525442217603546, 0.9465736841158485], [0.9370295208825083, 0.9550891175571146], [0.9353196786884456, 0.9560683200215867], [0.9520163147394265, 0.9204742478863104], [0.9166627599112889, 0.9473053604964923], [0.9643725821439406, 0.2719853314517654], [0.9583493972601127, 0.27821993387840604], [0.9210986202714392, 0.9265423900431737], [0.8779651933737926, 0.9170270227109195], [0.9226300911512637, 0.9054435168645439]]
1.1455, [[0.9282550936063372, 0.9731494963572584], [0.9819016176613675, 0.2704858123863421], [0.9569620648160364, 0.9701793620705165], [0.9586304672098218, 0.9360876928404389], [0.9646446434414149, 0.42242869709458064], [0.9683129666312065, 0.2776698657055152], [0.9290928982641236, 0.9383404482820652], [0.9347323145627715, 0.9163041035707862], [0.9369160118643564, 0.912032446753013], [0.9543927971988247, 0.9087310564400075]]
1.1525, [[0.9640320550894851, 0.9617491776848354], [0.9825556458135748, 0.3913193733772924], [0.9486578891864937, 0.9747631519607847], [0.9383826204480946, 0.9449947000359779], [0.9517856932422296, 0.944144890268034], [0.9494074090523844, 0.9380064221082931], [0.9262695866539056, 0.9377216330724949], [0.925593937736336, 0.9185463145799606], [0.9504181798330688, 0.8455297835941715], [0.8939141112893303, 0.78701631520957]]
1.1507, [[0.9652266023757485, 0.9547482106943699], [0.9724515414676267, 0.2776181959352314], [0.94859122515996, 0.9780342493703905], [0.9595151168592264, 0.9279233532559815], [0.9486578891864937, 0.9747631519607847], [0.9543927971988247, 0.9087310564400075], [0.9494074090523844, 0.9380064221082931], [0.9453499120860727, 0.9486227890357981], [0.9357214645780935, 0.9392680008994423], [0.9290928982641236, 0.9383404482820652]]
1.1197, [[0.953509949279867, 0.9330204246717039], [0.9215166217351092, 0.9564601618546502], [0.96850575178902, 0.381803929116011], [0.934301700985974, 0.9447479781885233], [0.9442652703570678, 0.909770129834503], [0.9389141309299162, 0.931794232280986], [0.9228499022657799, 0.9493723373358518], [0.9564864079780674, 0.2770367978381367], [0.9108359636461678, 0.9074258701654976], [0.9548071952016007, 0.4338887766845247]]
1.1094, [[0.9827574396236225, 0.4332280575932417], [0.9499767558735899, 0.9386434666756611], [0.9646914884330332, 0.49346878410261746], [0.9329774291075374, 0.9348618578881096], [0.963583424208219, 0.37583657814753735], [0.9510037422282958, 0.93023964337111], [0.9622861782864852, 0.38779231052956975], [0.8779651933737926, 0.9170270227109195], [0.9465012178416111, 0.9122241230886854], [0.9397663494312771, 0.872620128395395]]
