0.1302, [[0.0, 0.0, 0.9904842153169412], [1.0, 0.8213599125385129, 0.0], [0.9579764656976626, 1.0, 0.0], [0.9579764656976626, 1.0, 0.0], [0.9582729821197473, 0.9667646348908862, 0.0], [0.0, 0.0, 0.9900697009925558], [0.9854911447262731, 0.6901635739080201, 0.0], [0.9621685944236864, 0.7989260410898608, 0.0], [0.0, 0.0, 0.9895835231220389], [0.0, 0.0, 0.9754763367922401]]
0.1292, [[0.9575265787124305, 0.875367380840823, 0.0], [0.9988650578327107, 0.7316244267439059, 0.0], [0.9621685944236864, 0.7989260410898608, 0.0], [0.0, 0.0, 0.9758050463568692], [0.9570051187977302, 0.9966764634890879, 0.0], [0.9968814652160065, 0.6945346519653142, 0.0], [0.0, 0.0, 0.9716566624182269], [0.9332020073972822, 0.983382317445443, 0.0], [0.993210796404683, 0.6854474107409397, 0.0], [0.0, 0.0, 0.9701836193322808]]
0.1109, [[0.9988650578327107, 0.7316244267439059, 0.0], [0.9876076584977047, 0.8280069855603354, 0.0], [0.0, 0.0, 0.9076244953961872], [0.0, 0.0, 0.0], [0.993210796404683, 0.6854474107409397, 0.0], [0.0, 0.0, 0.9054728009337311], [0.00977655542304393, 0.065462363623888, 0.0], [0.0, 0.0, 0.0], [0.5876785780350221, 0.5126212840538531, 0.0], [0.0, 0.0, 0.0]]
0.1302, [[0.9579764656976626, 1.0, 0.0], [0.0, 0.0, 0.9948003052109178], [0.9582729821197473, 0.9667646348908862, 0.0], [0.0, 0.0, 0.9932865324836456], [1.0, 0.8213599125385129, 0.0], [0.0, 0.0, 0.9904842153169412], [0.0, 0.0, 0.9895835231220389], [0.0, 0.0, 0.9893809796977219], [0.0, 0.0, 0.9872284218362279], [0.0, 0.0, 0.9842095673358897]]
0.1224, [[0.0, 0.0, 0.9832146003834873], [0.9327009968910012, 0.9526396047195124, 0.0], [0.9361058233928692, 0.9144189348440321, 0.0], [0.0, 0.0, 0.9815661915181594], [0.0, 0.0, 0.9805618707421608], [0.0, 0.0, 0.9792896770809841], [0.9710129635651759, 0.9052792094390247, 0.0], [0.0, 0.0, 0.9079976267669563], [0.9580378139229213, 0.7789848220243936, 0.0], [0.9309218983584935, 0.8255143331771522, 0.0]]
0.1152, [[0.0, 0.0, 0.9999996317392283], [0.9361058233928692, 0.9144189348440321, 0.0], [0.9375577313906629, 0.7432568045320946, 0.0], [0.0, 0.0, 0.9932865324836456], [0.0, 0.0, 0.9900697009925558], [0.0, 0.0, 0.9900085697044895], [0.0, 0.0, 0.961362816377171], [0.9290201033754679, 0.7266391219775378, 0.0], [0.9338870625793398, 0.6746347439676331, 0.0], [0.921024384683393, 0.6991357867624659, 0.0]]
0.1284, [[0.9790393563698803, 0.8537643935198997, 0.0], [0.0, 0.0, 0.9948003052109178], [0.9710129635651759, 0.9052792094390247, 0.0], [0.9579764656976626, 1.0, 0.0], [0.0, 0.0, 0.9932865324836456], [0.9570051187977302, 0.9966764634890879, 0.0], [0.9575265787124305, 0.875367380840823, 0.0], [0.0, 0.0, 0.9835238657793817], [0.0, 0.0, 0.9798835344010828], [0.0, 0.0, 0.9792896770809841]]
0.1235, [[0.9703176836789087, 0.6934993966359552, 0.0], [0.0, 0.0, 0.9948003052109178], [0.9327009968910012, 0.9526396047195124, 0.0], [0.9491729953730124, 0.7006311555715403, 0.0], [0.9375372819822432, 0.7374406156380012, 0.0], [0.993210796404683, 0.6854474107409397, 0.0], [0.0, 0.0, 0.9834496980600043], [0.9230897749337754, 0.769014212491659, 0.0], [0.9498784999634893, 0.685792495850726, 0.0], [0.0, 0.0, 0.9832146003834873]]
0.1265, [[0.0, 0.0, 0.9936998683735622], [0.9570051187977302, 0.9966764634890879, 0.0], [0.0, 0.0, 0.9870741205729753], [0.0, 0.0, 0.9863258883374687], [0.0, 0.0, 0.9834496980600043], [0.9646020740256223, 0.7972642728344047, 0.0], [0.9327009968910012, 0.9526396047195124, 0.0], [0.9581707350776492, 0.7623671394698366, 0.0], [0.9014338514173885, 0.6685382403614072, 0.0], [0.8950740853988839, 0.7640289077252909, 0.0]]
0.1204, [[0.0, 0.0, 0.9999996317392283], [0.9988650578327107, 0.7316244267439059, 0.0], [0.994877423190883, 0.8878306427567407, 0.0], [0.9710129635651759, 0.9052792094390247, 0.0], [0.9876076584977047, 0.8280069855603354, 0.0], [0.9915339449142737, 0.7038519499295465, 0.0], [0.9912272037879792, 0.6982155598030355, 0.0], [0.990583047422761, 0.690853744127593, 0.0], [0.0, 0.0, 0.9932865324836456], [0.0, 0.0, 0.9724222765621476]]
0.1284, [[0.9790393563698803, 0.8537643935198997, 0.0], [0.9601850018069822, 0.9842132015731702, 0.0], [0.0, 0.0, 0.9948003052109178], [0.9579764656976626, 1.0, 0.0], [0.8943379066957772, 0.6876329497695866, 0.0], [0.9621685944236864, 0.7989260410898608, 0.0], [0.9582729821197473, 0.9667646348908862, 0.0], [0.0, 0.0, 0.9936998683735622], [0.9562484906862037, 0.9493160682086021, 0.0], [0.0, 0.0, 0.9818340644033385]]
0.1113, [[1.0, 0.8213599125385129, 0.0], [0.0, 0.0, 0.9999996317392283], [0.0, 0.0, 0.9808326160613576], [0.0, 0.0, 0.0], [0.9324147051731264, 0.8005878093453168, 0.0], [0.9988650578327107, 0.7316244267439059, 0.0], [0.0, 0.0, 0.9893809796977219], [0.0, 0.0, 0.9758050463568692], [0.5904596975800913, 0.598140877964986, 0.0], [0.0, 0.0, 0.9716566624182269]]
0.1010, [[0.0, 0.0, 0.9792896770809841], [0.9581707350776492, 0.7623671394698366, 0.0], [0.0, 0.0, 0.9748131727949467], [0.9306662807532482, 0.7001710420918251, 0.0], [0.0, 0.0, 0.9060946652833615], [0.8920782470654083, 0.6831468433423639, 0.0], [0.0, 0.0, 0.8993689000129683], [0.8519974065629357, 0.6646272757838281, 0.0], [0.8623243578148483, 0.6530094104210201, 0.0], [0.0, 0.0, 0.0]]
0.1285, [[1.0, 0.8213599125385129, 0.0], [0.0, 0.0, 0.9870741205729753], [0.994877423190883, 0.8878306427567407, 0.0], [0.0, 0.0, 0.9832146003834873], [0.9922292248005409, 0.7073028010274103, 0.0], [0.9562484906862037, 0.9493160682086021, 0.0], [0.0, 0.0, 0.9792896770809841], [0.9854911447262731, 0.6901635739080201, 0.0], [0.9230897749337754, 0.769014212491659, 0.0], [0.9332020073972822, 0.983382317445443, 0.0]]
0.1298, [[0.9579764656976626, 1.0, 0.0], [0.9988650578327107, 0.7316244267439059, 0.0], [0.0, 0.0, 0.9999996317392283], [0.9601850018069822, 0.9842132015731702, 0.0], [0.0, 0.0, 0.9895835231220389], [0.0, 0.0, 0.9893809796977219], [0.0, 0.0, 0.9870741205729753], [0.0, 0.0, 0.9842095673358897], [0.0, 0.0, 0.9834496980600043], [0.0, 0.0, 0.9678983402887433]]
0.1281, [[0.9570051187977302, 0.9966764634890879, 0.0], [0.9710129635651759, 0.9052792094390247, 0.0], [0.9790393563698803, 0.8537643935198997, 0.0], [0.0, 0.0, 0.9999996317392283], [0.9562484906862037, 0.9493160682086021, 0.0], [0.9575265787124305, 0.875367380840823, 0.0], [0.9646020740256223, 0.7972642728344047, 0.0], [0.0, 0.0, 0.9936998683735622], [0.9621685944236864, 0.7989260410898608, 0.0], [0.0, 0.0, 0.9932865324836456]]
0.1259, [[0.0, 0.0, 0.9904842153169412], [0.9710129635651759, 0.9052792094390247, 0.0], [0.0, 0.0, 0.9870741205729753], [0.9601850018069822, 0.9842132015731702, 0.0], [0.0, 0.0, 0.9900697009925558], [0.0, 0.0, 0.9845792274983082], [0.0, 0.0, 0.9842095673358897], [0.9398991886547106, 0.7623671394698366, 0.0], [0.9324147051731264, 0.8005878093453168, 0.0], [0.0, 0.0, 0.9699826962553574]]
0.1274, [[0.0, 0.0, 0.9999996317392283], [0.9570051187977302, 0.9966764634890879, 0.0], [0.0, 0.0, 0.9948003052109178], [0.0, 0.0, 0.9870741205729753], [0.0, 0.0, 0.9797774752988945], [0.9601850018069822, 0.9842132015731702, 0.0], [0.9710129635651759, 0.9052792094390247, 0.0], [0.9324147051731264, 0.8005878093453168, 0.0], [0.9578639939513547, 0.7798157061521207, 0.0], [0.8950740853988839, 0.7640289077252909, 0.0]]
0.1183, [[0.0, 0.0, 0.9936998683735622], [0.994877423190883, 0.8878306427567407, 0.0], [0.9968814652160065, 0.6945346519653142, 0.0], [0.0, 0.0, 0.9842095673358897], [0.0, 0.0, 0.9806957703586733], [0.0, 0.0, 0.9637653496503501], [0.0, 0.0, 0.9797774752988945], [0.9876076584977047, 0.8280069855603354, 0.0], [0.9922292248005409, 0.7073028010274103, 0.0], [0.0, 0.0, 0.0]]
0.1303, [[0.9988650578327107, 0.7316244267439059, 0.0], [0.0, 0.0, 0.9904842153169412], [0.9579764656976626, 1.0, 0.0], [0.994877423190883, 0.8878306427567407, 0.0], [0.0, 0.0, 0.9818340644033385], [0.9582729821197473, 0.9667646348908862, 0.0], [0.9912272037879792, 0.6982155598030355, 0.0], [0.9790393563698803, 0.8537643935198997, 0.0], [0.0, 0.0, 0.9797774752988945], [0.5903881246506228, 0.6191910696619551, 0.0]]
0.1285, [[1.0, 0.8213599125385129, 0.0], [0.0, 0.0, 0.9900697009925558], [0.9601850018069822, 0.9842132015731702, 0.0], [0.0, 0.0, 0.9832146003834873], [0.0, 0.0, 0.9758050463568692], [0.0, 0.0, 0.9728619062711479], [0.9988650578327107, 0.7316244267439059, 0.0], [0.9646020740256223, 0.7972642728344047, 0.0], [0.9582729821197473, 0.9667646348908862, 0.0], [0.9272921283640094, 0.7030467513400449, 0.0]]
0.1200, [[0.0, 0.0, 0.9999996317392283], [0.9710129635651759, 0.9052792094390247, 0.0], [0.172895299958898, 0.09324580865030534, 0.0], [0.9988650578327107, 0.7316244267439059, 0.0], [0.0, 0.09248461837560923, 0.0], [0.0, 0.0, 0.9900085697044895], [0.9279465094334374, 0.8113893030057785, 0.0], [0.993210796404683, 0.6854474107409397, 0.0], [0.1648802860535183, 0.0053283319228749374, 0.0], [0.8943379066957772, 0.6876329497695866, 0.0]]
0.1281, [[0.0, 0.0, 0.9999996317392283], [0.9790393563698803, 0.8537643935198997, 0.0], [0.9710129635651759, 0.9052792094390247, 0.0], [0.9601850018069822, 0.9842132015731702, 0.0], [0.9570051187977302, 0.9966764634890879, 0.0], [0.9580378139229213, 0.7789848220243936, 0.0], [0.9579048927681937, 0.7071877726574813, 0.0], [0.9646020740256223, 0.7972642728344047, 0.0], [0.0, 0.0, 0.9948003052109178], [0.0, 0.0, 0.9932865324836456]]
0.1012, [[0.9988650578327107, 0.7316244267439059, 0.0], [0.0, 0.0, 0.9835238657793817], [0.9553180426031107, 0.7037369215596175, 0.0], [0.0, 0.0, 0.9818340644033385], [0.9333656026646391, 0.6830318149724349, 0.0], [0.0, 0.0, 0.9763977988946541], [0.9165766383521237, 0.680731247573859, 0.0], [0.0, 0.0, 0.9754763367922401], [0.9338870625793398, 0.6746347439676331, 0.0], [0.0, 0.0, 0.9716566624182269]]
0.1284, [[0.0, 0.0, 0.9948003052109178], [0.9790393563698803, 0.8537643935198997, 0.0], [0.0, 0.0, 0.9932865324836456], [0.0, 0.0, 0.9904842153169412], [0.9601850018069822, 0.9842132015731702, 0.0], [0.0, 0.0, 0.9815661915181594], [0.9579764656976626, 1.0, 0.0], [0.0, 0.0, 0.9936998683735622], [0.0, 0.0, 0.8873636363636364], [0.9621685944236864, 0.7989260410898608, 0.0]]
0.1280, [[0.0, 0.0, 0.9936998683735622], [0.9570051187977302, 0.9966764634890879, 0.0], [0.9790393563698803, 0.8537643935198997, 0.0], [0.0, 0.0, 0.9932865324836456], [0.9361058233928692, 0.9144189348440321, 0.0], [0.9578639939513547, 0.7798157061521207, 0.0], [0.0, 0.0, 0.9895835231220389], [0.8979676766902613, 0.893646831650836, 0.0], [0.9309218983584935, 0.8255143331771522, 0.0], [0.9382939100937697, 0.7091905552952537, 0.0]]
0.1099, [[0.9889164206365608, 0.8263452173048793, 0.0], [0.0, 0.0, 0.9043260344961744], [0.9388664935295192, 0.6800410773542864, 0.0], [0.0, 0.0, 0.0], [0.0, 0.0, 0.0], [0.0, 0.0, 0.0], [0.0, 0.0, 0.0], [0.0, 0.0, 0.0], [0.9239895489042391, 0.6611764246859644, 0.0], [0.9094091207010438, 0.6695734956907664, 0.0]]
0.1283, [[0.0, 0.0, 0.9904842153169412], [0.9579764656976626, 1.0, 0.0], [0.9790393563698803, 0.8537643935198997, 0.0], [0.9601850018069822, 0.9842132015731702, 0.0], [0.0, 0.0, 0.9900085697044895], [0.9570051187977302, 0.9966764634890879, 0.0], [0.9646020740256223, 0.7972642728344047, 0.0], [0.9582729821197473, 0.9667646348908862, 0.0], [0.9562484906862037, 0.9493160682086021, 0.0], [0.0, 0.0, 0.9872284218362279]]
0.1280, [[0.0, 0.0, 0.9893809796977219], [0.9570051187977302, 0.9966764634890879, 0.0], [0.0, 0.0, 0.9845792274983082], [0.9601850018069822, 0.9842132015731702, 0.0], [0.0, 0.0, 0.9583514007444168], [0.9710129635651759, 0.9052792094390247, 0.0], [0.9790393563698803, 0.8537643935198997, 0.0], [0.0, 0.0, 0.9792896770809841], [0.0, 0.0, 0.0], [0.9332020073972822, 0.983382317445443, 0.0]]
0.1283, [[0.0, 0.0, 0.9948003052109178], [0.9790393563698803, 0.8537643935198997, 0.0], [0.0, 0.0, 0.9936998683735622], [0.9579764656976626, 1.0, 0.0], [0.0, 0.0, 0.9932865324836456], [0.9332020073972822, 0.983382317445443, 0.0], [0.0, 0.0, 0.9904842153169412], [0.0, 0.0, 0.9818340644033385], [0.0, 0.0, 0.9792896770809841], [0.8979676766902613, 0.893646831650836, 0.0]]
0.1053, [[0.9922292248005409, 0.7073028010274103, 0.0], [0.9968814652160065, 0.6945346519653142, 0.0], [0.9578639939513547, 0.7798157061521207, 0.0], [0.0, 0.0, 0.9037999201141228], [0.0, 0.0, 0.0], [0.0, 0.0, 0.0], [0.0, 0.0, 0.0], [0.0, 0.0, 0.0], [0.0, 0.0, 0.0], [0.0, 0.0, 0.0]]
0.1284, [[0.0, 0.0, 0.9999996317392283], [0.9790393563698803, 0.8537643935198997, 0.0], [0.0, 0.0, 0.9932865324836456], [0.9579764656976626, 1.0, 0.0], [0.0, 0.0, 0.9900085697044895], [0.9562484906862037, 0.9493160682086021, 0.0], [0.0, 0.0, 0.9895835231220389], [0.9332020073972822, 0.983382317445443, 0.0], [0.0, 0.0, 0.9870741205729753], [0.9309218983584935, 0.8255143331771522, 0.0]]
0.1277, [[0.9601850018069822, 0.9842132015731702, 0.0], [0.0, 0.0, 0.9832146003834873], [0.9922292248005409, 0.7073028010274103, 0.0], [0.9876076584977047, 0.8280069855603354, 0.0], [0.0, 0.0, 0.9815661915181594], [0.9646020740256223, 0.7972642728344047, 0.0], [0.0, 0.0, 0.9008323304370379], [0.8567518940204992, 0.6469129068147942, 0.0], [0.0, 0.0, 0.0], [0.8492571858347053, 0.6296586513254753, 0.0]]
0.1268, [[0.0, 0.0, 0.9999996317392283], [0.9601850018069822, 0.9842132015731702, 0.0], [0.9710129635651759, 0.9052792094390247, 0.0], [0.9790393563698803, 0.8537643935198997, 0.0], [0.0, 0.0, 0.9936998683735622], [0.0, 0.11037258983097366, 0.0], [0.0, 0.0, 0.9948003052109178], [0.9582729821197473, 0.9667646348908862, 0.0], [0.0, 0.0, 0.9870741205729753], [0.0, 0.0426266553829969, 0.0]]
0.1152, [[0.9361058233928692, 0.9144189348440321, 0.0], [0.0, 0.0, 0.9948003052109178], [0.9375577313906629, 0.7432568045320946, 0.0], [0.0, 0.0, 0.9936998683735622], [0.9375372819822432, 0.7374406156380012, 0.0], [0.0, 0.0, 0.9895835231220389], [0.9277011165324021, 0.7067276591777664, 0.0], [0.0, 0.0, 0.9863258883374687], [0.8996138540680416, 0.7036218931896889, 0.0], [0.8941947608368399, 0.7051172619987631, 0.0]]
0.1147, [[1.0, 0.8213599125385129, 0.0], [0.0, 0.0, 0.9815661915181594], [0.0, 0.0, 0.9682450209790215], [0.0, 0.0, 0.9076244953961872], [0.9790393563698803, 0.8537643935198997, 0.0], [0.0, 0.0, 0.9842095673358897], [0.0, 0.0, 0.9763977988946541], [0.9876076584977047, 0.8280069855603354, 0.0], [0.0, 0.0, 0.0], [0.9922292248005409, 0.7073028010274103, 0.0]]
0.1288, [[0.0, 0.0, 0.9054728009337311], [0.9570051187977302, 0.9966764634890879, 0.0], [0.0, 0.0, 0.8965015479185579], [0.9710129635651759, 0.9052792094390247, 0.0], [0.9575265787124305, 0.875367380840823, 0.0], [0.9790393563698803, 0.8537643935198997, 0.0], [0.9578639939513547, 0.7798157061521207, 0.0], [0.8950740853988839, 0.7640289077252909, 0.0], [0.9491729953730124, 0.7006311555715403, 0.0], [0.9988650578327107, 0.7316244267439059, 0.0]]
0.1191, [[0.9790393563698803, 0.8537643935198997, 0.0], [0.0, 0.0, 0.9904842153169412], [0.9309218983584935, 0.8255143331771522, 0.0], [0.9361058233928692, 0.9144189348440321, 0.0], [0.9382939100937697, 0.7091905552952537, 0.0], [0.9344187471982499, 0.749903877553919, 0.0], [0.0, 0.0, 0.9900085697044895], [0.8974257673671412, 0.68636763770037, 0.0], [0.8979676766902613, 0.893646831650836, 0.0], [0.0, 0.0, 0.9872284218362279]]
0.1269, [[0.9968814652160065, 0.6945346519653142, 0.0], [0.0, 0.0, 0.9900085697044895], [0.9332020073972822, 0.983382317445443, 0.0], [0.9854911447262731, 0.6901635739080201, 0.0], [0.0, 0.0, 0.9872284218362279], [0.9327009968910012, 0.9526396047195124, 0.0], [0.0, 0.0, 0.9834496980600043], [0.8974257673671412, 0.68636763770037, 0.0], [0.0, 0.0, 0.9794235766974966], [0.0, 0.0, 0.9739069566884726]]
0.1267, [[0.0, 0.0, 0.9999996317392283], [0.9601850018069822, 0.9842132015731702, 0.0], [0.9790393563698803, 0.8537643935198997, 0.0], [0.0, 0.0, 0.9895835231220389], [0.9327009968910012, 0.9526396047195124, 0.0], [0.9562484906862037, 0.9493160682086021, 0.0], [0.9578639939513547, 0.7798157061521207, 0.0], [0.0, 0.0, 0.0], [0.9361058233928692, 0.9144189348440321, 0.0], [0.5916968867894791, 0.5980258495950573, 0.0]]
0.0786, [[0.0, 0.0, 0.7505446814111888], [0.8439096655329725, 0.6401262329889953, 0.0], [0.8432757338719639, 0.6495585593231564, 0.0], [0.0, 0.0, 0.7846462905027939], [0.0, 0.0, 0.0], [0.33154091373454775, 0.35672191725389435, 0.0], [0.32916220288884035, 0.3617513952294022, 0.0], [0.0, 0.0, 0.7292611537460764], [0.0, 0.0, 0.7037895521542812], [0.0, 0.0, 0.0]]
0.1283, [[0.0, 0.0, 0.9904842153169412], [0.9582729821197473, 0.9667646348908862, 0.0], [0.9790393563698803, 0.8537643935198997, 0.0], [0.9579764656976626, 1.0, 0.0], [0.0, 0.0, 0.9872284218362279], [0.9621685944236864, 0.7989260410898608, 0.0], [0.0, 0.0, 0.9842095673358897], [0.9580378139229213, 0.7789848220243936, 0.0], [0.0, 0.0, 0.8931608056023861], [0.9575265787124305, 0.875367380840823, 0.0]]
0.1186, [[0.8979676766902613, 0.893646831650836, 0.0], [0.0, 0.0, 0.9999996317392283], [1.0, 0.8213599125385129, 0.0], [0.9346436906908657, 0.6776254815857818, 0.0], [0.0, 0.0, 0.9948003052109178], [0.9703176836789087, 0.6934993966359552, 0.0], [0.9646020740256223, 0.7972642728344047, 0.0], [0.9580378139229213, 0.7789848220243936, 0.0], [0.9347357130287544, 0.6945346519653142, 0.0], [0.9230897749337754, 0.769014212491659, 0.0]]
0.1297, [[0.9601850018069822, 0.9842132015731702, 0.0], [0.9790393563698803, 0.8537643935198997, 0.0], [0.9710129635651759, 0.9052792094390247, 0.0], [0.9570051187977302, 0.9966764634890879, 0.0], [0.9988650578327107, 0.7316244267439059, 0.0], [0.0, 0.0, 0.9904842153169412], [0.9562484906862037, 0.9493160682086021, 0.0], [0.9014338514173885, 0.6685382403614072, 0.0], [0.9621685944236864, 0.7989260410898608, 0.0], [0.0, 0.0, 0.9893809796977219]]
0.1283, [[0.9790393563698803, 0.8537643935198997, 0.0], [0.9582729821197473, 0.9667646348908862, 0.0], [0.0, 0.0, 0.9834496980600043], [0.0, 0.0, 0.9900697009925558], [0.9579764656976626, 1.0, 0.0], [0.0, 0.0, 0.9893809796977219], [0.0, 0.0, 0.9763977988946541], [0.0, 0.0, 0.9758050463568692], [0.0, 0.0, 0.9721253110760213], [0.0, 0.0, 0.9637653496503501]]
0.1269, [[0.0, 0.0, 0.9900697009925558], [0.9646020740256223, 0.7972642728344047, 0.0], [0.0, 0.0, 0.9870741205729753], [0.9621685944236864, 0.7989260410898608, 0.0], [0.0, 0.0, 0.9835238657793817], [0.9601850018069822, 0.9842132015731702, 0.0], [0.0, 0.0, 0.9758050463568692], [0.9579764656976626, 1.0, 0.0], [0.0, 0.0, 0.9724222765621476], [0.9030595793867492, 0.6622116800153236, 0.0]]
0.1244, [[0.9332020073972822, 0.983382317445443, 0.0], [0.0, 0.0, 0.9832146003834873], [0.9582729821197473, 0.9667646348908862, 0.0], [0.0, 0.0, 0.9794235766974966], [0.9327009968910012, 0.9526396047195124, 0.0], [0.9392550322894924, 0.6773954248459242, 0.0], [0.9382939100937697, 0.7091905552952537, 0.0], [0.0, 0.0, 0.9771470622603203], [0.9324147051731264, 0.8005878093453168, 0.0], [0.9347357130287544, 0.6945346519653142, 0.0]]
0.1205, [[0.0, 0.0, 0.0], [1.0, 0.8213599125385129, 0.0], [0.0, 0.0, 0.0], [0.994877423190883, 0.8878306427567407, 0.0], [0.0, 0.0, 0.0], [0.9579764656976626, 1.0, 0.0], [0.9922292248005409, 0.7073028010274103, 0.0], [0.0, 0.0, 0.0], [0.9375372819822432, 0.7374406156380012, 0.0], [0.9272921283640094, 0.7030467513400449, 0.0]]
0.1284, [[0.0, 0.0, 0.9932865324836456], [0.9601850018069822, 0.9842132015731702, 0.0], [0.9790393563698803, 0.8537643935198997, 0.0], [0.9579764656976626, 1.0, 0.0], [0.9710129635651759, 0.9052792094390247, 0.0], [0.0, 0.0, 0.9904842153169412], [0.0, 0.0, 0.9900085697044895], [0.0, 0.0, 0.9763977988946541], [0.9582729821197473, 0.9667646348908862, 0.0], [0.9570051187977302, 0.9966764634890879, 0.0]]
0.1259, [[0.0, 0.0, 0.9832146003834873], [0.9601850018069822, 0.9842132015731702, 0.0], [0.9710129635651759, 0.9052792094390247, 0.0], [0.0, 0.0, 0.0], [0.0, 0.0, 0.9829053349875929], [0.9562484906862037, 0.9493160682086021, 0.0], [0.9646020740256223, 0.7972642728344047, 0.0], [0.9575265787124305, 0.875367380840823, 0.0], [0.0, 0.0, 0.9815661915181594], [0.9580378139229213, 0.7789848220243936, 0.0]]
0.1215, [[0.0, 0.0, 0.9936998683735622], [0.9562484906862037, 0.9493160682086021, 0.0], [0.0, 0.0, 0.9895835231220389], [0.9361058233928692, 0.9144189348440321, 0.0], [0.9646020740256223, 0.7972642728344047, 0.0], [0.0, 0.0, 0.9758050463568692], [0.9578639939513547, 0.7798157061521207, 0.0], [0.9580378139229213, 0.7789848220243936, 0.0], [0.9581707350776492, 0.7623671394698366, 0.0], [0.9398991886547106, 0.7623671394698366, 0.0]]
0.1270, [[0.0, 0.0, 0.9936998683735622], [0.9601850018069822, 0.9842132015731702, 0.0], [0.9621685944236864, 0.7989260410898608, 0.0], [0.9646020740256223, 0.7972642728344047, 0.0], [0.0, 0.0, 0.9832146003834873], [0.0, 0.0, 0.9797774752988945], [0.9579764656976626, 1.0, 0.0], [0.0, 0.0, 0.9739069566884726], [0.0, 0.0, 0.9904842153169412], [0.0, 0.0, 0.0]]
0.1293, [[0.0, 0.0, 0.9904842153169412], [0.9579764656976626, 1.0, 0.0], [0.0, 0.0, 0.9870741205729753], [0.9582729821197473, 0.9667646348908862, 0.0], [0.0, 0.0, 0.9835238657793817], [0.9710129635651759, 0.9052792094390247, 0.0], [0.9790393563698803, 0.8537643935198997, 0.0], [0.9889164206365608, 0.8263452173048793, 0.0], [0.9621685944236864, 0.7989260410898608, 0.0], [0.0, 0.0, 0.9716566624182269]]
0.1249, [[0.9582729821197473, 0.9667646348908862, 0.0], [0.0, 0.0, 0.9999996317392283], [0.0, 0.0, 0.9818340644033385], [0.0, 0.0, 0.9900697009925558], [0.0, 0.0, 0.9815661915181594], [0.9710129635651759, 0.9052792094390247, 0.0], [0.0, 0.0, 0.9716566624182269], [0.9562484906862037, 0.9493160682086021, 0.0], [0.9575265787124305, 0.875367380840823, 0.0], [0.9790393563698803, 0.8537643935198997, 0.0]]
0.1296, [[0.9570051187977302, 0.9966764634890879, 0.0], [0.9710129635651759, 0.9052792094390247, 0.0], [0.9968814652160065, 0.6945346519653142, 0.0], [0.9601850018069822, 0.9842132015731702, 0.0], [0.9915339449142737, 0.7038519499295465, 0.0], [0.9876076584977047, 0.8280069855603354, 0.0], [0.9790393563698803, 0.8537643935198997, 0.0], [0.0, 0.0, 0.9904842153169412], [0.0, 0.0, 0.9900697009925558], [0.9582729821197473, 0.9667646348908862, 0.0]]
0.1277, [[0.0, 0.0, 0.9999996317392283], [0.9710129635651759, 0.9052792094390247, 0.0], [0.0, 0.0, 0.9948003052109178], [0.0, 0.0, 0.9948003052109178], [0.9582729821197473, 0.9667646348908862, 0.0], [0.0, 0.0, 0.9936998683735622], [0.9579764656976626, 1.0, 0.0], [0.0, 0.0, 0.9904842153169412], [0.0, 0.0, 0.9832146003834873], [0.0, 0.0, 0.9900085697044895]]
0.1280, [[0.0, 0.0, 0.9948003052109178], [0.9582729821197473, 0.9667646348908862, 0.0], [0.9710129635651759, 0.9052792094390247, 0.0], [0.9790393563698803, 0.8537643935198997, 0.0], [0.9570051187977302, 0.9966764634890879, 0.0], [0.0, 0.0, 0.9936998683735622], [0.0, 0.0, 0.9832146003834873], [0.0, 0.0, 0.9524433195353039], [0.0, 0.0, 0.9818340644033385], [0.9309218983584935, 0.8255143331771522, 0.0]]
0.0959, [[0.0, 0.0, 0.9900085697044895], [0.5874331851339863, 0.5732600721378567, 0.0], [0.8950740853988839, 0.7640289077252909, 0.0], [0.0, 0.0, 0.9872284218362279], [0.33825324437477594, 0.36442330540389056, 0.0], [0.3369319944912916, 0.37275337830082544, 0.0], [0.0, 0.0, 0.9863258883374687], [0.33462873455927056, 0.37181035118041766, 0.0], [0.0, 0.0, 0.9798835344010828], [0.3325312582005081, 0.3617513952294022, 0.0]]
0.1280, [[0.0, 0.0, 0.9948003052109178], [0.9790393563698803, 0.8537643935198997, 0.0], [0.9582729821197473, 0.9667646348908862, 0.0], [0.9570051187977302, 0.9966764634890879, 0.0], [0.0, 0.0, 0.9936998683735622], [0.9710129635651759, 0.9052792094390247, 0.0], [0.0, 0.0, 0.9932865324836456], [0.0, 0.0, 0.9895835231220389], [0.0, 0.0, 0.9708065692533279], [0.0, 0.0, 0.9808326160613576]]
0.1281, [[0.9570051187977302, 0.9966764634890879, 0.0], [0.9790393563698803, 0.8537643935198997, 0.0], [0.0, 0.0, 0.9999996317392283], [0.9601850018069822, 0.9842132015731702, 0.0], [0.9710129635651759, 0.9052792094390247, 0.0], [0.0, 0.0, 0.9948003052109178], [0.9332020073972822, 0.983382317445443, 0.0], [0.9575265787124305, 0.875367380840823, 0.0], [0.9621685944236864, 0.7989260410898608, 0.0], [0.9621685944236864, 0.7989260410898608, 0.0]]
0.1281, [[0.9790393563698803, 0.8537643935198997, 0.0], [0.0, 0.0, 0.9999996317392283], [0.9710129635651759, 0.9052792094390247, 0.0], [0.9582729821197473, 0.9667646348908862, 0.0], [0.0, 0.0, 0.9936998683735622], [0.9570051187977302, 0.9966764634890879, 0.0], [0.9579048927681937, 0.7071877726574813, 0.0], [0.0, 0.0, 0.9932865324836456], [0.0, 0.0, 0.9895835231220389], [0.0, 0.0, 0.9893809796977219]]
0.1269, [[0.0, 0.0, 0.9900697009925558], [1.0, 0.8213599125385129, 0.0], [0.9582729821197473, 0.9667646348908862, 0.0], [0.994877423190883, 0.8878306427567407, 0.0], [0.0, 0.0, 0.9845792274983082], [0.9562484906862037, 0.9493160682086021, 0.0], [0.9790393563698803, 0.8537643935198997, 0.0], [0.0, 0.0, 0.9835238657793817], [0.9581707350776492, 0.7623671394698366, 0.0], [0.9579048927681937, 0.7071877726574813, 0.0]]
0.1280, [[0.9570051187977302, 0.9966764634890879, 0.0], [0.0, 0.0, 0.9948003052109178], [0.9790393563698803, 0.8537643935198997, 0.0], [0.9575265787124305, 0.875367380840823, 0.0], [0.9332020073972822, 0.983382317445443, 0.0], [0.9562484906862037, 0.9493160682086021, 0.0], [0.0, 0.0, 0.9895835231220389], [0.9621685944236864, 0.7989260410898608, 0.0], [0.9578639939513547, 0.7798157061521207, 0.0], [0.9309218983584935, 0.8255143331771522, 0.0]]
0.1281, [[0.0, 0.0, 0.9948003052109178], [0.9570051187977302, 0.9966764634890879, 0.0], [0.0, 0.0, 0.9893809796977219], [0.9601850018069822, 0.9842132015731702, 0.0], [0.0, 0.0, 0.9870741205729753], [0.9710129635651759, 0.9052792094390247, 0.0], [0.0, 0.0, 0.9832146003834873], [0.9575265787124305, 0.875367380840823, 0.0], [0.9790393563698803, 0.8537643935198997, 0.0], [0.9646020740256223, 0.7972642728344047, 0.0]]
0.1277, [[0.0, 0.0, 0.9999996317392283], [0.9579764656976626, 1.0, 0.0], [0.9710129635651759, 0.9052792094390247, 0.0], [0.0, 0.0, 0.9948003052109178], [0.9582729821197473, 0.9667646348908862, 0.0], [0.0, 0.0, 0.9870741205729753], [0.9575265787124305, 0.875367380840823, 0.0], [0.0, 0.0, 0.9834496980600043], [0.9212697775844285, 0.6861375809605124, 0.0], [0.8979676766902613, 0.893646831650836, 0.0]]
0.1292, [[0.9601850018069822, 0.9842132015731702, 0.0], [0.994877423190883, 0.8878306427567407, 0.0], [0.9570051187977302, 0.9966764634890879, 0.0], [0.9968814652160065, 0.6945346519653142, 0.0], [0.0, 0.0, 0.9374864819535308], [0.0, 0.0, 0.0], [0.0, 0.0, 0.8873636363636364], [0.0, 0.0, 0.0], [0.0, 0.0, 0.0], [0.9876076584977047, 0.8280069855603354, 0.0]]
0.1303, [[1.0, 0.8213599125385129, 0.0], [0.9710129635651759, 0.9052792094390247, 0.0], [0.9579764656976626, 1.0, 0.0], [0.0, 0.0, 0.9932865324836456], [0.0, 0.0, 0.9904842153169412], [0.0, 0.0, 0.9872284218362279], [0.0, 0.0, 0.9678983402887433], [0.9988650578327107, 0.7316244267439059, 0.0], [0.9621685944236864, 0.7989260410898608, 0.0], [0.9575265787124305, 0.875367380840823, 0.0]]
0.1273, [[0.9332020073972822, 0.983382317445443, 0.0], [0.9361058233928692, 0.9144189348440321, 0.0], [0.9575265787124305, 0.875367380840823, 0.0], [0.9889164206365608, 0.8263452173048793, 0.0], [0.0, 0.0, 0.9900085697044895], [0.9621685944236864, 0.7989260410898608, 0.0], [0.9398991886547106, 0.7623671394698366, 0.0], [0.9579048927681937, 0.7071877726574813, 0.0], [0.9710129635651759, 0.9052792094390247, 0.0], [0.9272921283640094, 0.7030467513400449, 0.0]]
0.1273, [[0.0, 0.0, 0.9999996317392283], [0.9570051187977302, 0.9966764634890879, 0.0], [0.9710129635651759, 0.9052792094390247, 0.0], [0.0, 0.0, 0.9948003052109178], [0.9579048927681937, 0.7071877726574813, 0.0], [0.8950740853988839, 0.7640289077252909, 0.0], [0.9342960507477323, 0.692464141306596, 0.0], [0.9409421084841119, 0.6731393751585588, 0.0], [0.0, 0.0, 0.9834496980600043], [0.921024384683393, 0.6991357867624659, 0.0]]
0.1270, [[0.0, 0.0, 0.9936998683735622], [0.9601850018069822, 0.9842132015731702, 0.0], [0.9621685944236864, 0.7989260410898608, 0.0], [0.9646020740256223, 0.7972642728344047, 0.0], [0.9579764656976626, 1.0, 0.0], [0.0, 0.0, 0.9932865324836456], [0.9582729821197473, 0.9667646348908862, 0.0], [0.0, 0.0, 0.9900085697044895], [0.9327009968910012, 0.9526396047195124, 0.0], [0.9279465094334374, 0.8113893030057785, 0.0]]
0.1280, [[0.0, 0.0, 0.9932865324836456], [0.9790393563698803, 0.8537643935198997, 0.0], [0.9582729821197473, 0.9667646348908862, 0.0], [0.9570051187977302, 0.9966764634890879, 0.0], [0.9316580770615999, 0.6929242547863113, 0.0], [0.8979676766902613, 0.893646831650836, 0.0], [0.0, 0.0, 0.9904842153169412], [0.9230897749337754, 0.769014212491659, 0.0], [0.0, 0.0, 0.9900697009925558], [0.0, 0.0, 0.9794235766974966]]
0.1004, [[0.9988650578327107, 0.7316244267439059, 0.0], [0.0, 0.0, 0.902178061989366], [0.9437027786207617, 0.7071877726574813, 0.0], [0.9475063685868124, 0.6894734036884475, 0.0], [0.9498784999634893, 0.685792495850726, 0.0], [0.0, 0.0, 0.0], [0.9359013293086729, 0.6486383323637261, 0.0], [0.9030595793867492, 0.6622116800153236, 0.0], [0.0, 0.0, 0.0], [0.18280397099576817, 0.02131332769149845, 0.0]]
0.1044, [[0.0, 0.0, 0.9999996317392283], [0.8950740853988839, 0.7640289077252909, 0.0], [0.9437027786207617, 0.7071877726574813, 0.0], [0.9968814652160065, 0.6945346519653142, 0.0], [0.9398991886547106, 0.7623671394698366, 0.0], [0.9344187471982499, 0.749903877553919, 0.0], [0.900043291644854, 0.7590436029589245, 0.0], [0.0, 0.0, 0.9948003052109178], [0.9498784999634893, 0.685792495850726, 0.0], [0.0, 0.0, 0.9758050463568692]]
0.1277, [[0.9601850018069822, 0.9842132015731702, 0.0], [0.9579764656976626, 1.0, 0.0], [0.9710129635651759, 0.9052792094390247, 0.0], [0.0, 0.0, 0.9999996317392283], [0.9570051187977302, 0.9966764634890879, 0.0], [0.9703176836789087, 0.6934993966359552, 0.0], [0.9646020740256223, 0.7972642728344047, 0.0], [0.0, 0.0, 0.9904842153169412], [0.9562484906862037, 0.9493160682086021, 0.0], [0.0, 0.0, 0.9818340644033385]]
0.1284, [[0.9579764656976626, 1.0, 0.0], [0.0, 0.0, 0.9932865324836456], [0.9601850018069822, 0.9842132015731702, 0.0], [0.9710129635651759, 0.9052792094390247, 0.0], [0.9790393563698803, 0.8537643935198997, 0.0], [0.0, 0.0, 0.9895835231220389], [0.9562484906862037, 0.9493160682086021, 0.0], [0.9575265787124305, 0.875367380840823, 0.0], [0.9621685944236864, 0.7989260410898608, 0.0], [0.0, 0.0, 0.9818340644033385]]
0.1265, [[0.9332020073972822, 0.983382317445443, 0.0], [0.9562484906862037, 0.9493160682086021, 0.0], [0.9790393563698803, 0.8537643935198997, 0.0], [0.0, 0.0, 0.9948003052109178], [0.9581707350776492, 0.7623671394698366, 0.0], [0.0, 0.0, 0.9936998683735622], [0.5931999183083219, 0.6018217858027075, 0.0], [0.5578224417423638, 0.4613979276191498, 0.0], [0.0, 0.0, 0.9932865324836456], [0.0, 0.0, 0.9895835231220389]]
0.1293, [[0.9579764656976626, 1.0, 0.0], [0.0, 0.0, 0.9904842153169412], [0.9601850018069822, 0.9842132015731702, 0.0], [0.0, 0.0, 0.9835238657793817], [0.9710129635651759, 0.9052792094390247, 0.0], [0.0, 0.0, 0.9763977988946541], [0.9790393563698803, 0.8537643935198997, 0.0], [0.9889164206365608, 0.8263452173048793, 0.0], [0.9579048927681937, 0.7071877726574813, 0.0], [0.9837631697148146, 0.6901635739080201, 0.0]]
0.1287, [[0.0, 0.0, 0.9948003052109178], [0.994877423190883, 0.8878306427567407, 0.0], [0.9601850018069822, 0.9842132015731702, 0.0], [0.9988650578327107, 0.7316244267439059, 0.0], [0.0, 0.0, 0.9900085697044895], [0.9646020740256223, 0.7972642728344047, 0.0], [0.9968814652160065, 0.6945346519653142, 0.0], [0.0, 0.0, 0.9832146003834873], [0.9703176836789087, 0.6934993966359552, 0.0], [0.900043291644854, 0.7590436029589245, 0.0]]
0.1267, [[0.9790393563698803, 0.8537643935198997, 0.0], [0.0, 0.0, 0.9999996317392283], [0.9601850018069822, 0.9842132015731702, 0.0], [0.0, 0.0, 0.9936998683735622], [0.9562484906862037, 0.9493160682086021, 0.0], [0.9575265787124305, 0.875367380840823, 0.0], [0.0, 0.0, 0.9121617507456881], [0.9309218983584935, 0.8255143331771522, 0.0], [0.9324147051731264, 0.8005878093453168, 0.0], [0.9398991886547106, 0.7623671394698366, 0.0]]
0.1280, [[0.0, 0.0, 0.9932865324836456], [0.9790393563698803, 0.8537643935198997, 0.0], [0.9601850018069822, 0.9842132015731702, 0.0], [0.9570051187977302, 0.9966764634890879, 0.0], [0.0, 0.0, 0.9895835231220389], [0.9646020740256223, 0.7972642728344047, 0.0], [0.9332020073972822, 0.983382317445443, 0.0], [0.9562484906862037, 0.9493160682086021, 0.0], [0.0, 0.0, 0.9710540404917669], [0.0, 0.0, 0.0]]
0.1303, [[0.9579764656976626, 1.0, 0.0], [1.0, 0.8213599125385129, 0.0], [0.9790393563698803, 0.8537643935198997, 0.0], [0.9876076584977047, 0.8280069855603354, 0.0], [0.0, 0.0, 0.9932865324836456], [0.9582729821197473, 0.9667646348908862, 0.0], [0.0, 0.0, 0.9895835231220389], [0.0, 0.0, 0.9818340644033385], [0.9575265787124305, 0.875367380840823, 0.0], [0.18689955502434083, 0.08220854966720807, 0.0]]
0.1196, [[0.0, 0.0, 0.9932865324836456], [0.9922292248005409, 0.7073028010274103, 0.0], [0.0, 0.0, 0.9829053349875929], [0.9915339449142737, 0.7038519499295465, 0.0], [0.9579048927681937, 0.7071877726574813, 0.0], [0.9889982182702397, 0.6776254815857818, 0.0], [0.9553180426031107, 0.7037369215596175, 0.0], [0.9361058233928692, 0.9144189348440321, 0.0], [0.9309218983584935, 0.8255143331771522, 0.0], [0.9290201033754679, 0.7266391219775378, 0.0]]
0.1296, [[0.9710129635651759, 0.9052792094390247, 0.0], [0.0, 0.0, 0.9999996317392283], [0.9968814652160065, 0.6945346519653142, 0.0], [0.9570051187977302, 0.9966764634890879, 0.0], [0.0, 0.0, 0.9948003052109178], [0.9876076584977047, 0.8280069855603354, 0.0], [0.0, 0.0, 0.9808326160613576], [0.0, 0.0, 0.9797774752988945], [0.9279465094334374, 0.8113893030057785, 0.0], [0.0, 0.0, 0.9374864819535308]]
0.1168, [[0.9988650578327107, 0.7316244267439059, 0.0], [0.9790393563698803, 0.8537643935198997, 0.0], [0.9575265787124305, 0.875367380840823, 0.0], [0.0, 0.0, 0.9870741205729753], [0.0, 0.0, 0.9870741205729753], [0.0, 0.0, 0.9904842153169412], [0.0, 0.0, 0.9895835231220389], [0.8464658415854261, 0.6520891834615898, 0.0], [0.0, 0.0, 0.9863258883374687], [0.0, 0.0, 0.9808326160613576]]
0.1283, [[0.0, 0.0, 0.9845792274983082], [0.9579764656976626, 1.0, 0.0], [0.0, 0.0, 0.9815661915181594], [0.0, 0.0, 0.9682450209790215], [0.9790393563698803, 0.8537643935198997, 0.0], [0.0, 0.0, 0.9678983402887433], [0.9601850018069822, 0.9842132015731702, 0.0], [0.0, 0.0, 0.9595917030227837], [0.9710129635651759, 0.9052792094390247, 0.0], [0.9375577313906629, 0.7432568045320946, 0.0]]
0.1300, [[0.0, 0.0, 0.9818340644033385], [0.9579764656976626, 1.0, 0.0], [0.9601850018069822, 0.9842132015731702, 0.0], [0.9710129635651759, 0.9052792094390247, 0.0], [0.994877423190883, 0.8878306427567407, 0.0], [0.9968814652160065, 0.6945346519653142, 0.0], [0.0, 0.0, 0.9792896770809841], [0.9621685944236864, 0.7989260410898608, 0.0], [0.9646020740256223, 0.7972642728344047, 0.0], [0.9580378139229213, 0.7789848220243936, 0.0]]
0.1161, [[0.0, 0.0, 0.9999996317392283], [0.8979676766902613, 0.893646831650836, 0.0], [0.0, 0.0, 0.9806957703586733], [0.0, 0.0, 0.9771470622603203], [0.9854911447262731, 0.6901635739080201, 0.0], [0.8959125111440887, 0.769014212491659, 0.0], [0.9475063685868124, 0.6894734036884475, 0.0], [0.8942663337663087, 0.7174993965725321, 0.0], [0.9409421084841119, 0.6731393751585588, 0.0], [0.8965975663261463, 0.6469129068147942, 0.0]]
0.1273, [[0.0, 0.0, 0.9999996317392283], [0.9710129635651759, 0.9052792094390247, 0.0], [0.9570051187977302, 0.9966764634890879, 0.0], [0.0, 0.0, 0.9900697009925558], [0.9580378139229213, 0.7789848220243936, 0.0], [0.9361058233928692, 0.9144189348440321, 0.0], [0.9332020073972822, 0.983382317445443, 0.0], [0.9309218983584935, 0.8255143331771522, 0.0], [0.9398991886547106, 0.7623671394698366, 0.0], [0.9579048927681937, 0.7071877726574813, 0.0]]
0.1290, [[0.0, 0.0, 0.9999996317392283], [0.9570051187977302, 0.9966764634890879, 0.0], [0.9601850018069822, 0.9842132015731702, 0.0], [0.9710129635651759, 0.9052792094390247, 0.0], [0.9889164206365608, 0.8263452173048793, 0.0], [0.0, 0.0, 0.9932865324836456], [0.9361058233928692, 0.9144189348440321, 0.0], [0.9579048927681937, 0.7071877726574813, 0.0], [0.9398991886547106, 0.7623671394698366, 0.0], [0.5500414418386947, 0.46375549542016903, 0.0]]
0.0998, [[0.0, 0.0, 0.9999996317392283], [0.9398991886547106, 0.7623671394698366, 0.0], [0.8950740853988839, 0.7640289077252909, 0.0], [0.0, 0.0, 0.9948003052109178], [0.9379155960380063, 0.6795809638745711, 0.0], [0.9344187471982499, 0.749903877553919, 0.0], [0.0, 0.0, 0.9900085697044895], [0.9359013293086729, 0.6486383323637261, 0.0], [0.0, 0.0, 0.8936508276488134], [0.9333656026646391, 0.6830318149724349, 0.0]]
0.1264, [[0.9841926072916269, 0.7881245474293992, 0.0], [0.0, 0.0, 0.9936998683735622], [0.9332020073972822, 0.983382317445443, 0.0], [0.9375372819822432, 0.7374406156380012, 0.0], [0.0, 0.0, 0.9900085697044895], [0.0, 0.0, 0.9863258883374687], [0.9327009968910012, 0.9526396047195124, 0.0], [0.9347357130287544, 0.6945346519653142, 0.0], [0.9324147051731264, 0.8005878093453168, 0.0], [0.896883858044021, 0.7199920489557153, 0.0]]
0.1284, [[0.0, 0.0, 0.9999996317392283], [0.9579764656976626, 1.0, 0.0], [0.9790393563698803, 0.8537643935198997, 0.0], [0.9601850018069822, 0.9842132015731702, 0.0], [0.9581707350776492, 0.7623671394698366, 0.0], [0.0, 0.0, 0.9936998683735622], [0.9621685944236864, 0.7989260410898608, 0.0], [0.9582729821197473, 0.9667646348908862, 0.0], [0.900043291644854, 0.7590436029589245, 0.0], [0.5920547514368226, 0.5831394252526663, 0.0]]
0.1301, [[0.0, 0.0, 0.9948003052109178], [0.9968814652160065, 0.6945346519653142, 0.0], [0.9579764656976626, 1.0, 0.0], [0.994877423190883, 0.8878306427567407, 0.0], [0.0, 0.0, 0.9845792274983082], [0.993210796404683, 0.6854474107409397, 0.0], [0.9332020073972822, 0.983382317445443, 0.0], [0.9646020740256223, 0.7972642728344047, 0.0], [0.0, 0.0, 0.8958535448061211], [0.0, 0.0, 0.8946819157048372]]
0.1223, [[0.0, 0.0, 0.9948003052109178], [0.9375577313906629, 0.7432568045320946, 0.0], [0.9361058233928692, 0.9144189348440321, 0.0], [0.9332020073972822, 0.983382317445443, 0.0], [0.0, 0.0, 0.9936998683735622], [0.0, 0.0, 0.9936998683735622], [0.9375372819822432, 0.7374406156380012, 0.0], [0.8979676766902613, 0.893646831650836, 0.0], [0.9309218983584935, 0.8255143331771522, 0.0], [0.8959125111440887, 0.769014212491659, 0.0]]
0.1283, [[0.9790393563698803, 0.8537643935198997, 0.0], [0.0, 0.0, 0.9936998683735622], [0.9582729821197473, 0.9667646348908862, 0.0], [0.9579764656976626, 1.0, 0.0], [0.0, 0.0, 0.0], [0.0, 0.0, 0.9932865324836456], [0.8846960106259222, 0.6952248221848871, 0.0], [0.0, 0.0, 0.9904842153169412], [0.5835375728300473, 0.5562267046985299, 0.0], [0.0, 0.0, 0.9895835231220389]]
0.1267, [[0.0, 0.0, 0.9932865324836456], [0.9601850018069822, 0.9842132015731702, 0.0], [0.9579764656976626, 1.0, 0.0], [0.9621685944236864, 0.7989260410898608, 0.0], [0.0, 0.0, 0.9904842153169412], [0.0, 0.0, 0.9872284218362279], [0.0, 0.0, 0.9763977988946541], [0.9582729821197473, 0.9667646348908862, 0.0], [0.9575265787124305, 0.875367380840823, 0.0], [0.9272921283640094, 0.7030467513400449, 0.0]]
0.1283, [[0.9790393563698803, 0.8537643935198997, 0.0], [0.9579764656976626, 1.0, 0.0], [0.0, 0.0, 0.9948003052109178], [0.9646020740256223, 0.7972642728344047, 0.0], [0.9562484906862037, 0.9493160682086021, 0.0], [0.0, 0.0, 0.9936998683735622], [0.9575265787124305, 0.875367380840823, 0.0], [0.0, 0.0, 0.9932865324836456], [0.900043291644854, 0.7590436029589245, 0.0], [0.0, 0.0, 0.9904842153169412]]
0.1303, [[0.0, 0.0, 0.9932865324836456], [0.9579764656976626, 1.0, 0.0], [0.9790393563698803, 0.8537643935198997, 0.0], [1.0, 0.8213599125385129, 0.0], [0.9582729821197473, 0.9667646348908862, 0.0], [0.0, 0.0, 0.9904842153169412], [0.9621685944236864, 0.7989260410898608, 0.0], [0.9562484906862037, 0.9493160682086021, 0.0], [0.0, 0.0, 0.9900085697044895], [0.9212697775844285, 0.6861375809605124, 0.0]]
0.1284, [[0.9601850018069822, 0.9842132015731702, 0.0], [0.994877423190883, 0.8878306427567407, 0.0], [0.9710129635651759, 0.9052792094390247, 0.0], [0.0, 0.0, 0.9999996317392283], [0.9575265787124305, 0.875367380840823, 0.0], [0.9621685944236864, 0.7989260410898608, 0.0], [0.0, 0.0, 0.9870741205729753], [0.9581707350776492, 0.7623671394698366, 0.0], [0.0, 0.0, 0.9835238657793817], [0.0, 0.09819354543583202, 0.0]]
0.1270, [[0.994877423190883, 0.8878306427567407, 0.0], [1.0, 0.8213599125385129, 0.0], [0.0, 0.0, 0.9895835231220389], [0.0, 0.0, 0.9724222765621476], [0.0, 0.0, 0.0], [0.005020393325346579, 0.0, 0.0], [0.0, 0.0, 0.9999996317392283], [0.0, 0.0, 0.0], [0.9582729821197473, 0.9667646348908862, 0.0], [0.0, 0.0, 0.9872284218362279]]
