0.1156, [[0.993210796404683, 0.6854474107409397, 0.0], [0.0, 0.0, 0.0], [0.9582729821197473, 0.9667646348908862, 0.0], [0.9855627176557418, 0.681306389423503, 0.0], [0.0, 0.0, 0.0], [0.9342960507477323, 0.692464141306596, 0.0], [0.9279465094334374, 0.8113893030057785, 0.0], [0.0, 0.0, 0.0], [0.9272921283640094, 0.7030467513400449, 0.0], [0.8979676766902613, 0.893646831650836, 0.0]]
0.1263, [[0.8617517743790988, 0.6884381483590882, 0.0], [0.0, 0.0, 0.9904842153169412], [0.0, 0.0, 0.9870741205729753], [0.9579764656976626, 1.0, 0.0], [0.0, 0.0, 0.9845792274983082], [0.0, 0.0, 0.9547632150913606], [0.0, 0.0, 0.0], [0.0, 0.0, 0.9835238657793817], [0.0, 0.0, 0.9671418590119564], [0.0, 0.0, 0.0]]
0.1013, [[1.0, 0.8213599125385129, 0.0], [0.0, 0.0, 0.0], [0.9553180426031107, 0.7037369215596175, 0.0], [0.9889982182702397, 0.6776254815857818, 0.0], [0.9854911447262731, 0.6901635739080201, 0.0], [0.0, 0.0, 0.0], [0.5493461619524275, 0.5129619514026398, 0.0], [0.0, 0.0, 0.0], [0.0, 0.0, 0.0], [0.16289855184614427, 0.009134283296356788, 0.0]]
0.0809, [[0.0, 0.0, 0.0], [0.9379155960380063, 0.6795809638745711, 0.0], [0.20442689312511525, 0.0776414080190301, 0.0], [0.19821745927534395, 0.0, 0.0], [0.18729590186581627, 0.02435808879028419, 0.0], [0.1839930115201929, 0.05023855812996061, 0.0], [0.1587589292796306, 0.03539534777338147, 0.0], [0.0, 0.0, 0.0], [0.17320356972448983, 0.0, 0.0], [0.0, 0.0, 0.0]]
0.1249, [[0.0, 0.0, 0.9999996317392283], [0.9601850018069822, 0.9842132015731702, 0.0], [0.0, 0.0, 0.9900697009925558], [0.9562484906862037, 0.9493160682086021, 0.0], [0.0, 0.0, 0.9872284218362279], [0.8979676766902613, 0.893646831650836, 0.0], [0.0, 0.0, 0.9870741205729753], [0.8959125111440887, 0.769014212491659, 0.0], [0.0, 0.0, 0.9842095673358897], [0.9382939100937697, 0.7091905552952537, 0.0]]
0.0961, [[0.0, 0.0, 0.9806957703586733], [0.990583047422761, 0.690853744127593, 0.0], [0.0, 0.0, 0.0], [0.0, 0.0, 0.0], [0.9030595793867492, 0.6622116800153236, 0.0], [0.0, 0.0, 0.0], [0.0, 0.0, 0.897926886785112], [0.8539809991796398, 0.6511689565021596, 0.0], [0.8584696443277481, 0.6485233039937973, 0.0], [0.0, 0.0, 0.0]]
0.0982, [[0.0, 0.0, 0.9999996317392283], [0.9922292248005409, 0.7073028010274103, 0.0], [0.0, 0.0, 0.9671418590119564], [0.9703176836789087, 0.6934993966359552, 0.0], [0.9553180426031107, 0.7037369215596175, 0.0], [0.0, 0.0, 0.8994106922578133], [0.9491729953730124, 0.7006311555715403, 0.0], [0.9014338514173885, 0.6685382403614072, 0.0], [0.0, 0.0, 0.0], [0.0, 0.0, 0.0]]
0.1112, [[0.0, 0.0, 0.9863258883374687], [1.0, 0.8213599125385129, 0.0], [0.0, 0.0, 0.0], [0.9491729953730124, 0.7006311555715403, 0.0], [0.0, 0.10123830653461732, 0.0], [0.8519974065629357, 0.6646272757838281, 0.0], [0.0, 0.07878319343107448, 0.0], [0.0, 0.11037258983097366, 0.0], [0.0, 0.0426266553829969, 0.0], [0.0, 0.09971592598522466, 0.0]]
0.0964, [[0.8959125111440887, 0.769014212491659, 0.0], [0.0, 0.0, 0.9842095673358897], [0.0, 0.0, 0.9842095673358897], [0.8920782470654083, 0.6831468433423639, 0.0], [0.0, 0.0, 0.9758050463568692], [0.0, 0.0, 0.0], [0.0, 0.0, 0.9721253110760213], [0.0, 0.0, 0.0], [0.0, 0.0, 0.8976470382570354], [0.0, 0.0, 0.9016631560108934]]
0.1256, [[0.9915339449142737, 0.7038519499295465, 0.0], [0.0, 0.0, 0.9999996317392283], [0.9582729821197473, 0.9667646348908862, 0.0], [0.0, 0.0, 0.9900085697044895], [0.0, 0.0, 0.9671418590119564], [0.0, 0.0, 0.8983858358189598], [0.990583047422761, 0.690853744127593, 0.0], [0.9309218983584935, 0.8255143331771522, 0.0], [0.9333656026646391, 0.6830318149724349, 0.0], [0.9165766383521237, 0.680731247573859, 0.0]]
0.0806, [[0.8432757338719639, 0.6495585593231564, 0.0], [0.0, 0.0, 0.9936998683735622], [0.30721211864924325, 0.2932247578131088, 0.0], [0.31653854929181885, 0.24586445872692764, 0.0], [0.0, 0.0, 0.9748131727949467], [0.3072839510064651, 0.23368541433178597, 0.0], [0.3053020844949178, 0.2401555316667049, 0.0], [0.30755832705946007, 0.2135138720523319, 0.0], [0.0, 0.0, 0.7292611537460764], [0.0, 0.0, 0.7037895521542812]]
0.0906, [[0.9403388509357327, 0.6746347439676331, 0.0], [0.0, 0.0, 0.9741212844574778], [0.9346436906908657, 0.6776254815857818, 0.0], [0.0, 0.0, 0.9716566624182269], [0.5941099169829951, 0.5855240966941722, 0.0], [0.5920547514368226, 0.5831394252526663, 0.0], [0.5818198225227981, 0.5671280598596992, 0.0], [0.5904596975800913, 0.598140877964986, 0.0], [0.0, 0.0, 0.9682450209790215], [0.5808893744397051, 0.5092146105659877, 0.0]]
0.1068, [[0.9922292248005409, 0.7073028010274103, 0.0], [0.9841926072916269, 0.7881245474293992, 0.0], [0.0, 0.0, 0.9900085697044895], [0.9889982182702397, 0.6776254815857818, 0.0], [0.0, 0.0, 0.9716566624182269], [0.910503164051494, 0.7022415527505433, 0.0], [0.9348890835919015, 0.6972953328436052, 0.0], [0.9392550322894924, 0.6773954248459242, 0.0], [0.0, 0.0, 0.9037999201141228], [0.0, 0.0, 0.900730327583971]]
0.0847, [[0.0, 0.0, 0.0], [0.15607257846518927, 0.08943985727682349, 0.0], [0.9889982182702397, 0.6776254815857818, 0.0], [0.0, 0.0, 0.0], [0.83411439889997, 0.6244823746786796, 0.0], [0.0, 0.0, 0.0], [0.8228365501565447, 0.6179257575927385, 0.0], [0.8112417355826153, 0.6218367221703174, 0.0], [0.3104575281001193, 0.3155430663294244, 0.0], [0.0, 0.0, 0.0]]
0.1177, [[0.0, 0.0, 0.9999996317392283], [0.9710129635651759, 0.9052792094390247, 0.0], [0.0, 0.0, 0.0], [0.0, 0.0, 0.9870741205729753], [0.9398991886547106, 0.7623671394698366, 0.0], [0.0, 0.0, 0.0], [0.0, 0.0, 0.9374864819535308], [0.8942663337663087, 0.7174993965725321, 0.0], [0.0, 0.0, 0.0], [0.0, 0.0, 0.0]]
0.1166, [[0.0, 0.0, 0.9798835344010828], [0.9361058233928692, 0.9144189348440321, 0.0], [0.0, 0.0, 0.0], [0.9579355668808232, 0.6989057300226085, 0.0], [0.0, 0.0, 0.7646340952016535], [0.0, 0.0, 0.0], [0.8507397679451285, 0.6380557223302771, 0.0], [0.0, 0.0, 0.7062425116706216], [0.0, 0.0, 0.0], [0.0, 0.0, 0.6656196794979719]]
0.1212, [[0.0, 0.0, 0.9845792274983082], [1.0, 0.8213599125385129, 0.0], [0.9361058233928692, 0.9144189348440321, 0.0], [0.0, 0.0, 0.0], [0.0, 0.0, 0.9808326160613576], [0.994877423190883, 0.8878306427567407, 0.0], [0.0, 0.0, 0.9806957703586733], [0.9854911447262731, 0.6901635739080201, 0.0], [0.9841926072916269, 0.7881245474293992, 0.0], [0.9272921283640094, 0.7030467513400449, 0.0]]
0.1058, [[0.0, 0.0, 0.9834496980600043], [0.2092270937607552, 0.02055213741680234, 0.0], [0.9374452596443552, 0.6726792616788435, 0.0], [0.9309218983584935, 0.8255143331771522, 0.0], [0.16289855184614427, 0.009134283296356788, 0.0], [0.0, 0.0, 0.9671418590119564], [0.8974257673671412, 0.68636763770037, 0.0], [0.0, 0.0, 0.9626029713512297], [0.83411439889997, 0.6244823746786796, 0.0], [0.0, 0.0, 0.902178061989366]]
0.0513, [[0.3288948923136049, 0.3320460409365593, 0.0], [0.0, 0.0, 0.0], [0.0, 0.0, 0.9798835344010828], [0.3316127460917696, 0.33126018500288623, 0.0], [0.5808893744397051, 0.5092146105659877, 0.0], [0.0, 0.0, 0.0], [0.0, 0.0, 0.6974926938088302], [0.0, 0.025880469339676842, 0.0], [0.14193620778592184, 0.017126781180668328, 0.0], [0.0, 0.011798449257793824, 0.0]]
0.0200, [[0.3321332362867214, 0.36300876472327903, 0.0], [0.0, 0.0, 0.0], [0.0, 0.0, 0.0], [0.0, 0.0, 0.0], [0.0, 0.0, 0.0], [0.3325312582005081, 0.3617513952294022, 0.0], [0.0, 0.0, 0.0], [0.33099098404893124, 0.34807750198349036, 0.0], [0.31360048812348224, 0.23520779488117866, 0.0], [0.0, 0.0, 0.0]]
0.0830, [[0.0, 0.0, 0.9047153510569317], [0.0, 0.0, 0.0], [0.8545024590943402, 0.6749798290774194, 0.0], [0.0, 0.0, 0.0], [0.8221412702702774, 0.635985211671559, 0.0], [0.8461386510507121, 0.6352950414519861, 0.0], [0.0, 0.0, 0.0], [0.0, 0.0, 0.0], [0.14977506753953435, 0.02055213741680234, 0.0], [0.0, 0.0, 0.0]]
0.1101, [[0.9889164206365608, 0.8263452173048793, 0.0], [0.9912272037879792, 0.6982155598030355, 0.0], [0.0, 0.0, 0.9038335240565425], [0.8430405656751383, 0.6528943820510915, 0.0], [0.9080799091537679, 0.6495585593231564, 0.0], [0.8539809991796398, 0.6511689565021596, 0.0], [0.0, 0.0, 0.7292611537460764], [0.8439096655329725, 0.6401262329889953, 0.0], [0.0, 0.0, 0.6773907932960891], [0.0, 0.0, 0.0]]
0.1246, [[0.0, 0.0, 0.9893809796977219], [0.0, 0.0, 0.9870741205729753], [0.0, 0.0, 0.9724222765621476], [0.0, 0.0, 0.9808326160613576], [0.9332020073972822, 0.983382317445443, 0.0], [0.0, 0.0, 0.0], [0.0, 0.0, 0.9678983402887433], [0.9646020740256223, 0.7972642728344047, 0.0], [0.0, 0.0, 0.8884988966411619], [0.5835375728300473, 0.5562267046985299, 0.0]]
0.1280, [[0.0, 0.0, 0.9936998683735622], [0.9570051187977302, 0.9966764634890879, 0.0], [0.0, 0.0, 0.9900085697044895], [0.9562484906862037, 0.9493160682086021, 0.0], [0.0, 0.0, 0.9893809796977219], [0.9575265787124305, 0.875367380840823, 0.0], [0.0, 0.0, 0.9872284218362279], [0.9790393563698803, 0.8537643935198997, 0.0], [0.0, 0.0, 0.9808326160613576], [0.9306662807532482, 0.7001710420918251, 0.0]]
0.0989, [[0.0, 0.0, 0.9547632150913606], [0.900043291644854, 0.7590436029589245, 0.0], [0.0, 0.0, 0.7292611537460764], [0.9272921283640094, 0.7030467513400449, 0.0], [0.0, 0.0, 0.6773907932960891], [0.9433653633818375, 0.6686532687313358, 0.0], [0.0, 0.0, 0.0], [0.8492265117220761, 0.6604862544663916, 0.0], [0.8610360450844117, 0.644267254306432, 0.0], [0.8588479583835114, 0.6473730202945094, 0.0]]
0.0961, [[0.9230897749337754, 0.769014212491659, 0.0], [0.0, 0.0, 0.7207208514578701], [0.5882716108791912, 0.5926781110186896, 0.0], [0.0, 0.0, 0.7062425116706216], [0.3275630497559341, 0.3461914477426749, 0.0], [0.0, 0.0, 0.6393854819009729], [0.3262830207018331, 0.30642713749881667, 0.0], [0.0, 0.0, 0.5925176617433241], [0.3055258246239695, 0.2656554058690334, 0.0], [0.0, 0.0, 0.0]]
0.1010, [[0.9375372819822432, 0.7374406156380012, 0.0], [0.990583047422761, 0.690853744127593, 0.0], [0.0, 0.0, 0.9900697009925558], [0.0, 0.0, 0.961362816377171], [0.0, 0.0, 0.9595917030227837], [0.0, 0.0, 0.9017613943716768], [0.0, 0.0, 0.8994106922578133], [0.9703176836789087, 0.6934993966359552, 0.0], [0.0, 0.0, 0.0], [0.9347357130287544, 0.6945346519653142, 0.0]]
0.0996, [[0.9475063685868124, 0.6894734036884475, 0.0], [0.0, 0.0, 0.8975649638179224], [0.9025278947678388, 0.6960300207743887, 0.0], [0.8959125111440887, 0.769014212491659, 0.0], [0.896883858044021, 0.7199920489557153, 0.0], [0.0, 0.0, 0.7064967781434154], [0.0, 0.0, 0.7020395885819246], [0.0, 0.0, 0.8949419421605499], [0.8957080170598923, 0.6932693398960975, 0.0], [0.9346436906908657, 0.6776254815857818, 0.0]]
0.1231, [[0.9582729821197473, 0.9667646348908862, 0.0], [0.0, 0.0, 0.961362816377171], [0.0, 0.054805699778139, 0.0], [0.0, 0.12140984881407138, 0.0], [0.9646020740256223, 0.7972642728344047, 0.0], [0.9327009968910012, 0.9526396047195124, 0.0], [0.0, 0.0, 0.0], [0.0, 0.09971592598522466, 0.0], [0.0, 0.0, 0.0], [0.0, 0.0, 0.0]]
0.1129, [[0.0, 0.09819354543583202, 0.0], [0.9575265787124305, 0.875367380840823, 0.0], [0.0, 0.0, 0.9741212844574778], [0.0, 0.07345486150819998, 0.0], [0.9398991886547106, 0.7623671394698366, 0.0], [0.9324147051731264, 0.8005878093453168, 0.0], [0.0, 0.0, 0.9595917030227837], [0.0, 0.027022254751721226, 0.0], [0.9344187471982499, 0.749903877553919, 0.0], [0.0, 0.0, 0.9515958778479582]]
0.1201, [[0.994877423190883, 0.8878306427567407, 0.0], [0.0, 0.0, 0.9699826962553574], [0.9988650578327107, 0.7316244267439059, 0.0], [0.9710129635651759, 0.9052792094390247, 0.0], [0.0, 0.0, 0.0], [0.9968814652160065, 0.6945346519653142, 0.0], [0.9912272037879792, 0.6982155598030355, 0.0], [0.9398991886547106, 0.7623671394698366, 0.0], [0.0, 0.0, 0.0], [0.0, 0.0, 0.0]]
0.0808, [[0.8447378665739673, 0.650823871392373, 0.0], [0.0, 0.0, 0.0], [0.0, 0.0, 0.0], [0.8430405656751383, 0.6528943820510915, 0.0], [0.0, 0.0, 0.9699826962553574], [0.8432757338719639, 0.6495585593231564, 0.0], [0.0, 0.0, 0.9091169996109455], [0.0, 0.0, 0.0], [0.0, 0.0, 0.7292611537460764], [0.0, 0.0, 0.0]]
0.0859, [[0.900043291644854, 0.7590436029589245, 0.0], [0.6664088004505935, 0.6032021262418531, 0.0], [0.6676255402515612, 0.5961853956761967, 0.0], [0.06918454310632381, 0.047193797031175294, 0.0], [0.0, 0.0, 0.0], [0.0, 0.0, 0.0], [0.0, 0.0, 0.0], [0.0, 0.0, 0.0], [0.0, 0.0, 0.0], [0.0, 0.0, 0.0]]
0.1170, [[0.9437027786207617, 0.7071877726574813, 0.0], [0.0, 0.0, 0.9948003052109178], [0.9912272037879792, 0.6982155598030355, 0.0], [0.9968814652160065, 0.6945346519653142, 0.0], [0.8979676766902613, 0.893646831650836, 0.0], [0.9277011165324021, 0.7067276591777664, 0.0], [0.0, 0.0, 0.9870741205729753], [0.8656167125704085, 0.6920040278268809, 0.0], [0.0, 0.0, 0.9863258883374687], [0.0, 0.0, 0.9739069566884726]]
0.1248, [[0.9601850018069822, 0.9842132015731702, 0.0], [0.0, 0.0, 0.9792896770809841], [0.0, 0.0, 0.9805618707421608], [0.0, 0.0, 0.9763977988946541], [0.0, 0.0, 0.9374864819535308], [0.9392550322894924, 0.6773954248459242, 0.0], [0.0, 0.0, 0.0], [0.0, 0.0, 0.0], [0.0, 0.0, 0.0], [0.0, 0.0, 0.0]]
0.0267, [[0.0, 0.0, 0.6659787037575583], [0.3321332362867214, 0.36300876472327903, 0.0], [0.0, 0.0, 0.0], [0.0, 0.0, 0.0], [0.0, 0.0, 0.0], [0.0, 0.0, 0.6393854819009729], [0.3300654064624332, 0.34430539350185957, 0.0], [0.0, 0.0, 0.0], [0.0, 0.0, 0.0], [0.0, 0.0, 0.0]]
0.0304, [[0.0, 0.0, 0.9893809796977219], [0.33462873455927056, 0.37181035118041766, 0.0], [0.0, 0.0, 0.9845792274983082], [0.33389669070490763, 0.3702386393130715, 0.0], [0.33389669070490763, 0.3702386393130715, 0.0], [0.0, 0.0, 0.9808326160613576], [0.0, 0.09400699892500189, 0.0], [0.16289855184614427, 0.009134283296356788, 0.0], [0.0, 0.0, 0.9547632150913606], [0.0, 0.0, 0.9016631560108934]]
0.1009, [[0.0, 0.0, 0.0], [0.19284475764646292, 0.05214153381670153, 0.0], [0.9876076584977047, 0.8280069855603354, 0.0], [0.0, 0.0, 0.0], [0.9578639939513547, 0.7798157061521207, 0.0], [0.0, 0.0, 0.0], [0.9374452596443552, 0.6726792616788435, 0.0], [0.0, 0.03539534777338147, 0.0], [0.8492571858347053, 0.6296586513254753, 0.0], [0.0, 0.04414903593238955, 0.0]]
0.0938, [[0.0, 0.0, 0.8958535448061211], [0.0, 0.0, 0.0], [0.21719806912819234, 0.10732782873218835, 0.0], [0.0, 0.0, 0.0], [0.9553180426031107, 0.7037369215596175, 0.0], [0.0, 0.0, 0.0], [0.0, 0.0, 0.0], [0.17994146602956124, 0.0015223805493930864, 0.0], [0.0, 0.0, 0.0], [0.9106974334314804, 0.674174630487918, 0.0]]
0.0937, [[0.0, 0.0, 0.9721253110760213], [0.9491729953730124, 0.7006311555715403, 0.0], [0.9403388509357327, 0.6746347439676331, 0.0], [0.9338870625793398, 0.6746347439676331, 0.0], [0.8519974065629357, 0.6646272757838281, 0.0], [0.8965975663261463, 0.6469129068147942, 0.0], [0.17263106873124878, 0.022835708240891102, 0.0], [0.11542500794505116, 0.065462363623888, 0.0], [0.14193620778592184, 0.017126781180668328, 0.0], [0.1614893186320113, 0.016365590905972217, 0.0]]
0.0820, [[0.8430405656751383, 0.6528943820510915, 0.0], [0.0, 0.0, 0.9626029713512297], [0.8571097586678429, 0.6517440983518036, 0.0], [0.8596148111992474, 0.6465678217050077, 0.0], [0.8610769439012508, 0.6449574245260047, 0.0], [0.0, 0.0, 0.0], [0.8447378665739673, 0.650823871392373, 0.0], [0.0, 0.0, 0.0], [0.8198202624146493, 0.6494435309532276, 0.0], [0.0, 0.0, 0.0]]
0.0788, [[0.0, 0.0, 0.9936998683735622], [0.8435211267729992, 0.6296586513254753, 0.0], [0.0, 0.0, 0.9739069566884726], [0.1531219964230987, 0.1594693625488899, 0.0], [0.0, 0.1941035200475744, 0.0], [0.2149961422311101, 0.046813201893827025, 0.0], [0.0, 0.0, 0.9710540404917669], [0.17826800158777906, 0.022835708240891102, 0.0], [0.0, 0.0, 0.9017613943716768], [0.1779597318221872, 0.04833558244321968, 0.0]]
0.1251, [[0.0, 0.0, 0.9805618707421608], [0.9646020740256223, 0.7972642728344047, 0.0], [0.0, 0.0, 0.9797774752988945], [0.0, 0.0, 0.9792896770809841], [0.0, 0.0, 0.9091169996109455], [0.0, 0.0, 0.900730327583971], [0.9601850018069822, 0.9842132015731702, 0.0], [0.0, 0.0, 0.9583514007444168], [0.0, 0.0, 0.9043260344961744], [0.9279465094334374, 0.8113893030057785, 0.0]]
0.1215, [[0.9646020740256223, 0.7972642728344047, 0.0], [0.9562484906862037, 0.9493160682086021, 0.0], [0.0, 0.0, 0.9900697009925558], [0.0, 0.0, 0.0], [0.0, 0.0, 0.0], [0.9382939100937697, 0.7091905552952537, 0.0], [0.0, 0.0, 0.9829053349875929], [0.9277011165324021, 0.7067276591777664, 0.0], [0.0, 0.0, 0.0], [0.6732389028627495, 0.6268979704471842, 0.0]]
0.1183, [[0.9710129635651759, 0.9052792094390247, 0.0], [0.9912272037879792, 0.6982155598030355, 0.0], [0.0, 0.0, 0.9043260344961744], [0.0, 0.0, 0.9037999201141228], [0.0, 0.0, 0.9017613943716768], [0.9579048927681937, 0.7071877726574813, 0.0], [0.0, 0.0, 0.0], [0.0, 0.0, 0.0], [0.0, 0.0, 0.0], [0.0, 0.0, 0.0]]
0.0639, [[0.0, 0.0, 0.9829053349875929], [0.6647626230728131, 0.6069980624495032, 0.0], [0.0, 0.0, 0.9671418590119564], [0.0, 0.11646211202854471, 0.0], [0.631706154362483, 0.5913154416235435, 0.0], [0.0, 0.0, 0.7846462905027939], [0.30784212374946773, 0.2618494544955516, 0.0], [0.0, 0.0, 0.0], [0.30755832705946007, 0.2135138720523319, 0.0], [0.3073710918988326, 0.22264815534868826, 0.0]]
0.0260, [[0.0, 0.0, 0.9758050463568692], [0.3174311546487724, 0.2900134946593172, 0.0], [0.15682123361019754, 0.0, 0.0], [0.0, 0.0, 0.9079976267669563], [0.0, 0.04529082134443437, 0.0], [0.0, 0.013320829807186478, 0.0], [0.16206181962525396, 0.0, 0.0], [0.20667285856014012, 0.10009652112257293, 0.0], [0.0, 0.03387296722398882, 0.0], [0.0, 0.10123830653461732, 0.0]]
0.0767, [[0.0, 0.0, 0.6748928794673593], [0.0, 0.05899224628896869, 0.0], [0.8580606561593556, 0.6304638499149768, 0.0], [0.0, 0.0, 0.0], [0.0, 0.0, 0.0], [0.0, 0.001141785412044815, 0.0], [0.3295614023822536, 0.336289662978394, 0.0], [0.0, 0.0, 0.0], [0.0, 0.0, 0.0], [0.0, 0.0, 0.0]]
0.0614, [[0.6631062209908231, 0.6023969276523514, 0.0], [0.0, 0.0, 0.7846462905027939], [0.3104575281001193, 0.3155430663294244, 0.0], [0.30721211864924325, 0.2932247578131088, 0.0], [0.3074782516448521, 0.2675583815557744, 0.0], [0.3100006272050032, 0.31192812903452827, 0.0], [0.30579078003995175, 0.30029746121616663, 0.0], [0.30687415329641254, 0.23292422405708943, 0.0], [0.3063772146939925, 0.29589666798759723, 0.0], [0.0, 0.0, 0.7037895521542812]]
0.0268, [[0.0, 0.0, 0.9792896770809841], [0.30980161624810987, 0.27060314265455965, 0.0], [0.3056047224589509, 0.31491438158248597, 0.0], [0.0, 0.0, 0.7064967781434154], [0.3072839510064651, 0.23368541433178597, 0.0], [0.0, 0.0, 0.7060631012474172], [0.0, 0.0, 0.7060631012474172], [0.3066657217025065, 0.19296173463553, 0.0], [0.30588616398970536, 0.2268347018595184, 0.0], [0.2878020736641961, 0.07459664692024436, 0.0]]
0.1282, [[0.9790393563698803, 0.8537643935198997, 0.0], [0.0, 0.0, 0.9829053349875929], [0.9582729821197473, 0.9667646348908862, 0.0], [0.9582729821197473, 0.9667646348908862, 0.0], [0.0, 0.0, 0.9748131727949467], [0.9579764656976626, 1.0, 0.0], [0.0, 0.0, 0.9721253110760213], [0.9562484906862037, 0.9493160682086021, 0.0], [0.0, 0.0, 0.904896918687589], [0.0, 0.0, 0.8990201634029308]]
0.1257, [[0.0, 0.0, 0.9999996317392283], [0.9710129635651759, 0.9052792094390247, 0.0], [0.0, 0.0, 0.9792896770809841], [0.0, 0.0, 0.9741212844574778], [0.9332020073972822, 0.983382317445443, 0.0], [0.0, 0.0, 0.9845792274983082], [0.9646020740256223, 0.7972642728344047, 0.0], [0.9575265787124305, 0.875367380840823, 0.0], [0.0, 0.0, 0.9754763367922401], [0.9581707350776492, 0.7623671394698366, 0.0]]
0.0939, [[0.0, 0.0, 0.9900085697044895], [0.9382939100937697, 0.7091905552952537, 0.0], [0.0, 0.0, 0.9798835344010828], [0.0, 0.0, 0.9724222765621476], [0.8941947608368399, 0.7051172619987631, 0.0], [0.9080799091537679, 0.6495585593231564, 0.0], [0.0, 0.0, 0.9043260344961744], [0.8663119924566758, 0.6411614883183546, 0.0], [0.8610360450844117, 0.644267254306432, 0.0], [0.0, 0.0, 0.8946819157048372]]
0.1296, [[0.0, 0.0, 0.9900697009925558], [0.9570051187977302, 0.9966764634890879, 0.0], [0.0, 0.0, 0.9741212844574778], [0.9601850018069822, 0.9842132015731702, 0.0], [0.0, 0.0, 0.9721253110760213], [0.994877423190883, 0.8878306427567407, 0.0], [0.17263106873124878, 0.022835708240891102, 0.0], [0.9324147051731264, 0.8005878093453168, 0.0], [0.9230897749337754, 0.769014212491659, 0.0], [0.9437027786207617, 0.7071877726574813, 0.0]]
0.1257, [[0.9332020073972822, 0.983382317445443, 0.0], [0.0, 0.0, 0.9932865324836456], [0.9361058233928692, 0.9144189348440321, 0.0], [0.9710129635651759, 0.9052792094390247, 0.0], [0.0, 0.0, 0.9895835231220389], [0.896883858044021, 0.7199920489557153, 0.0], [0.921024384683393, 0.6991357867624659, 0.0], [0.0, 0.09096223782621658, 0.0], [0.0, 0.0, 0.0], [0.8974257673671412, 0.68636763770037, 0.0]]
0.1228, [[0.0, 0.0, 0.9932865324836456], [0.9582729821197473, 0.9667646348908862, 0.0], [0.9327009968910012, 0.9526396047195124, 0.0], [0.9344187471982499, 0.749903877553919, 0.0], [0.9306662807532482, 0.7001710420918251, 0.0], [0.9230897749337754, 0.769014212491659, 0.0], [0.9316580770615999, 0.6929242547863113, 0.0], [0.0, 0.0, 0.9900085697044895], [0.0, 0.0, 0.9895835231220389], [0.0, 0.0, 0.0]]
0.1050, [[0.9855627176557418, 0.681306389423503, 0.0], [0.0, 0.0, 0.9845792274983082], [0.9580378139229213, 0.7789848220243936, 0.0], [0.0, 0.0, 0.9794235766974966], [0.8920782470654083, 0.6831468433423639, 0.0], [0.0, 0.0, 0.9708065692533279], [0.8588479583835114, 0.6473730202945094, 0.0], [0.0, 0.0, 0.0], [0.8338587812947246, 0.6350649847121285, 0.0], [0.0, 0.1941035200475744, 0.0]]
0.0971, [[0.0, 0.0, 0.9637653496503501], [0.9854911447262731, 0.6901635739080201, 0.0], [0.0, 0.0, 0.0], [0.0, 0.0, 0.9038111285177018], [0.9703176836789087, 0.6934993966359552, 0.0], [0.0, 0.0, 0.0], [0.0, 0.0, 0.0], [0.9316580770615999, 0.6929242547863113, 0.0], [0.0, 0.0, 0.0], [0.9277011165324021, 0.7067276591777664, 0.0]]
0.0269, [[0.0, 0.0, 0.7037895521542812], [0.33227336826228543, 0.3315745273763555, 0.0], [0.0, 0.0, 0.7060631012474172], [0.33099098404893124, 0.34807750198349036, 0.0], [0.0, 0.0, 0.7064967781434154], [0.0, 0.0, 0.6755061701997396], [0.0, 0.0, 0.7505446814111888], [0.0, 0.0, 0.6722306077906172], [0.0, 0.0, 0.0], [0.0, 0.0, 0.0]]
0.0875, [[0.8920782470654083, 0.6831468433423639, 0.0], [0.0, 0.0, 0.9842095673358897], [0.0, 0.0426266553829969, 0.0], [0.6732389028627495, 0.6268979704471842, 0.0], [0.0, 0.0, 0.9758050463568692], [0.0, 0.07345486150819998, 0.0], [0.0, 0.053283319228745914, 0.0], [0.6674312708715748, 0.6174656441130233, 0.0], [0.0, 0.0, 0.9626029713512297], [0.0, 0.0, 0.0]]
0.1112, [[0.0, 0.0, 0.9936998683735622], [0.0, 0.0, 0.9936998683735622], [0.9915339449142737, 0.7038519499295465, 0.0], [0.9876076584977047, 0.8280069855603354, 0.0], [0.0, 0.0, 0.9829053349875929], [0.0, 0.0, 0.9794235766974966], [0.9579048927681937, 0.7071877726574813, 0.0], [0.0, 0.0, 0.9748131727949467], [0.9553180426031107, 0.7037369215596175, 0.0], [0.8920782470654083, 0.6831468433423639, 0.0]]
0.0956, [[0.9475063685868124, 0.6894734036884475, 0.0], [0.896883858044021, 0.7199920489557153, 0.0], [0.0, 0.0, 0.9818340644033385], [0.005416740166822027, 0.0, 0.0], [0.9409421084841119, 0.6731393751585588, 0.0], [0.0, 0.0, 0.9792896770809841], [0.17826800158777906, 0.022835708240891102, 0.0], [0.8370693384166065, 0.6227569491297478, 0.0], [0.0, 0.0, 0.9754763367922401], [0.1996707310274179, 0.07916378856842277, 0.0]]
0.1076, [[0.9988650578327107, 0.7316244267439059, 0.0], [0.0, 0.0, 0.9091169996109455], [0.9324147051731264, 0.8005878093453168, 0.0], [0.9375577313906629, 0.7432568045320946, 0.0], [0.9579048927681937, 0.7071877726574813, 0.0], [0.0, 0.0, 0.8965015479185579], [0.9475063685868124, 0.6894734036884475, 0.0], [0.921024384683393, 0.6991357867624659, 0.0], [0.0, 0.0, 0.0], [0.0, 0.11037258983097366, 0.0]]
0.1228, [[0.0, 0.0, 0.9904842153169412], [0.9582729821197473, 0.9667646348908862, 0.0], [0.0, 0.0, 0.904896918687589], [0.9392550322894924, 0.6773954248459242, 0.0], [0.8955853206093746, 0.7316244267439059, 0.0], [0.9277011165324021, 0.7067276591777664, 0.0], [0.0, 0.0, 0.0], [0.909961254728374, 0.666467729702689, 0.0], [0.0, 0.0, 0.0], [0.903713960456177, 0.6852173540010821, 0.0]]
0.0949, [[0.8425906786899063, 0.6478331337742245, 0.0], [0.0, 0.0, 0.8912901932304499], [0.8950740853988839, 0.7640289077252909, 0.0], [0.0, 0.0, 0.8873636363636364], [0.3295614023822536, 0.336289662978394, 0.0], [0.3302208469731428, 0.32104405786513607, 0.0], [0.32940478429191744, 0.3667808732049098, 0.0], [0.31699191744805516, 0.2652748107316852, 0.0], [0.0, 0.0, 0.0], [0.0, 0.0, 0.0]]
0.1285, [[0.9579764656976626, 1.0, 0.0], [0.0, 0.0, 0.9932865324836456], [0.9621685944236864, 0.7989260410898608, 0.0], [0.0, 0.0, 0.0], [0.0, 0.0, 0.0], [0.9854911447262731, 0.6901635739080201, 0.0], [0.8955853206093746, 0.7316244267439059, 0.0], [0.0, 0.0, 0.9904842153169412], [0.0, 0.0, 0.0], [0.0, 0.0, 0.9815661915181594]]
0.0905, [[0.0, 0.0, 0.9798835344010828], [0.0, 0.0, 0.0], [0.9025278947678388, 0.6960300207743887, 0.0], [0.0, 0.0, 0.9678983402887433], [0.0, 0.0, 0.0], [0.8941947608368399, 0.7051172619987631, 0.0], [0.0, 0.0, 0.0], [0.0, 0.0, 0.9079976267669563], [0.586185771220389, 0.5460066842349337, 0.0], [0.0, 0.0, 0.8946819157048372]]
0.1263, [[0.0, 0.0, 0.9900085697044895], [0.9579764656976626, 1.0, 0.0], [0.0, 0.0, 0.8949419421605499], [0.9570051187977302, 0.9966764634890879, 0.0], [0.0, 0.0, 0.6656196794979719], [0.9361058233928692, 0.9144189348440321, 0.0], [0.9375577313906629, 0.7432568045320946, 0.0], [0.0, 0.0, 0.0], [0.9375372819822432, 0.7374406156380012, 0.0], [0.8920782470654083, 0.6831468433423639, 0.0]]
0.0884, [[0.20398650774569882, 0.05214153381670153, 0.0], [0.0, 0.0, 0.9932865324836456], [0.8974257673671412, 0.68636763770037, 0.0], [0.1587589292796306, 0.03539534777338147, 0.0], [0.0, 0.0, 0.9895835231220389], [0.31885838115619686, 0.2929104154396395, 0.0], [0.30996765497545875, 0.31774346294370925, 0.0], [0.17320356972448983, 0.0, 0.0], [0.0, 0.0, 0.9893809796977219], [0.31716855439204333, 0.2903940897966655, 0.0]]
0.1165, [[0.0, 0.0, 0.9900697009925558], [0.9988650578327107, 0.7316244267439059, 0.0], [0.9575265787124305, 0.875367380840823, 0.0], [0.0, 0.0, 0.9832146003834873], [0.9398991886547106, 0.7623671394698366, 0.0], [0.0, 0.0, 0.9758050463568692], [0.9344187471982499, 0.749903877553919, 0.0], [0.9346436906908657, 0.6776254815857818, 0.0], [0.0, 0.0, 0.9741212844574778], [0.8955853206093746, 0.7316244267439059, 0.0]]
0.1115, [[0.9988650578327107, 0.7316244267439059, 0.0], [0.0, 0.0, 0.9792896770809841], [0.9889164206365608, 0.8263452173048793, 0.0], [0.0, 0.0, 0.9754763367922401], [0.9837631697148146, 0.6901635739080201, 0.0], [0.9837631697148146, 0.6901635739080201, 0.0], [0.0, 0.0, 0.9374864819535308], [0.9579048927681937, 0.7071877726574813, 0.0], [0.0, 0.0, 0.8883063970950589], [0.0, 0.0, 0.0]]
0.0271, [[0.0, 0.0, 0.9999996317392283], [0.3104575281001193, 0.3155430663294244, 0.0], [0.0, 0.0, 0.0], [0.0, 0.0, 0.0], [0.0, 0.0, 0.9932865324836456], [0.3054846093370389, 0.2966825239212703, 0.0], [0.0, 0.0, 0.0], [0.0, 0.0, 0.9741212844574778], [0.2798734300383802, 0.0, 0.0], [0.0, 0.0, 0.0]]
0.1187, [[0.9327009968910012, 0.9526396047195124, 0.0], [0.0, 0.0, 0.9999996317392283], [0.0, 0.0, 0.0], [0.6685968871514936, 0.6211465519507445, 0.0], [0.0, 0.0, 0.9832146003834873], [0.0, 0.0, 0.0], [0.0, 0.0, 0.0], [0.0, 0.0, 0.0], [0.0, 0.0, 0.9008323304370379], [0.5818198225227981, 0.5671280598596992, 0.0]]
0.1250, [[0.0, 0.0, 0.9682450209790215], [0.9889982182702397, 0.6776254815857818, 0.0], [0.9582729821197473, 0.9667646348908862, 0.0], [0.9703176836789087, 0.6934993966359552, 0.0], [0.0, 0.0, 0.9637653496503501], [0.9347357130287544, 0.6945346519653142, 0.0], [0.0, 0.0, 0.9043260344961744], [0.9239895489042391, 0.6611764246859644, 0.0], [0.9191430391087873, 0.6926941980464536, 0.0], [0.0, 0.0, 0.6722306077906172]]
0.0995, [[0.9398991886547106, 0.7623671394698366, 0.0], [0.0, 0.0, 0.9794235766974966], [0.0, 0.0, 0.9758050463568692], [0.0, 0.0, 0.8994106922578133], [0.0, 0.0, 0.7276458496977127], [0.0, 0.0, 0.6046715991428789], [0.0, 0.0, 0.6420327010025261], [0.0, 0.0, 0.5275891754991107], [0.0, 0.0, 0.9721253110760213], [0.900043291644854, 0.7590436029589245, 0.0]]
0.1229, [[0.9582729821197473, 0.9667646348908862, 0.0], [0.0, 0.0, 0.9999996317392283], [0.8930393692611309, 0.6953398505548157, 0.0], [0.0, 0.0, 0.0], [0.8950740853988839, 0.7640289077252909, 0.0], [0.8959125111440887, 0.769014212491659, 0.0], [0.9553180426031107, 0.7037369215596175, 0.0], [0.0, 0.0, 0.9845792274983082], [0.8942663337663087, 0.7174993965725321, 0.0], [0.921024384683393, 0.6991357867624659, 0.0]]
0.1241, [[0.9988650578327107, 0.7316244267439059, 0.0], [0.0, 0.0, 0.9895835231220389], [0.9344187471982499, 0.749903877553919, 0.0], [0.9344187471982499, 0.749903877553919, 0.0], [0.9327009968910012, 0.9526396047195124, 0.0], [0.9855627176557418, 0.681306389423503, 0.0], [0.9854911447262731, 0.6901635739080201, 0.0], [0.0, 0.0, 0.9832146003834873], [0.9342960507477323, 0.692464141306596, 0.0], [0.9316580770615999, 0.6929242547863113, 0.0]]
0.0205, [[0.0, 0.0, 0.0], [0.0, 0.0, 0.0], [0.33462873455927056, 0.37181035118041766, 0.0], [0.0, 0.0, 0.0], [0.0, 0.0, 0.0], [0.32626064668892796, 0.3194723459977899, 0.0], [0.0, 0.0, 0.0], [0.1668620202608923, 0.11988746826467829, 0.0], [0.0, 0.0, 0.0], [0.0, 0.0, 0.0]]
0.1049, [[0.0, 0.0, 0.9036544235507715], [0.9578639939513547, 0.7798157061521207, 0.0], [0.9579355668808232, 0.6989057300226085, 0.0], [0.993210796404683, 0.6854474107409397, 0.0], [0.0, 0.0, 0.8961818850992089], [0.9855627176557418, 0.681306389423503, 0.0], [0.0, 0.0, 0.7064967781434154], [0.9403388509357327, 0.6746347439676331, 0.0], [0.8492571858347053, 0.6296586513254753, 0.0], [0.0, 0.0, 0.7062425116706216]]
0.1062, [[0.9279465094334374, 0.8113893030057785, 0.0], [0.0, 0.0, 0.9893809796977219], [0.9581707350776492, 0.7623671394698366, 0.0], [0.0, 0.0, 0.9863258883374687], [0.921024384683393, 0.6991357867624659, 0.0], [0.0, 0.0, 0.9682450209790215], [0.9348890835919015, 0.6972953328436052, 0.0], [0.0, 0.0, 0.9583514007444168], [0.9342960507477323, 0.692464141306596, 0.0], [0.0, 0.0, 0.9054728009337311]]
0.0155, [[0.20174054231067556, 0.06470117334919147, 0.0], [0.0, 0.0, 0.9999996317392283], [0.0, 0.0860145010406899, 0.0], [0.17994146602956124, 0.0015223805493930864, 0.0], [0.17826800158777906, 0.022835708240891102, 0.0], [0.1779597318221872, 0.04833558244321968, 0.0], [0.0, 0.0, 0.9845792274983082], [0.0, 0.12140984881407138, 0.0], [0.0, 0.03387296722398882, 0.0], [0.0, 0.0, 0.9763977988946541]]
0.1104, [[0.0, 0.0, 0.9008323304370379], [1.0, 0.8213599125385129, 0.0], [0.0, 0.0, 0.0], [0.0, 0.0, 0.0], [0.9889982182702397, 0.6776254815857818, 0.0], [0.9498784999634893, 0.685792495850726, 0.0], [0.9491729953730124, 0.7006311555715403, 0.0], [0.0, 0.0, 0.0], [0.9239895489042391, 0.6611764246859644, 0.0], [0.0, 0.0, 0.0]]
0.1029, [[0.9580378139229213, 0.7789848220243936, 0.0], [0.0, 0.0, 0.9900085697044895], [0.3091916300015374, 0.29982594765596265, 0.0], [0.0, 0.0, 0.9798835344010828], [0.3053020844949178, 0.2401555316667049, 0.0], [0.0, 0.0, 0.9792896770809841], [0.14902641239452605, 0.0, 0.0], [0.0, 0.0, 0.9754763367922401], [0.0, 0.0, 0.7276458496977127], [0.0, 0.0, 0.0]]
0.0946, [[0.0, 0.0, 0.7459080814264936], [0.9912272037879792, 0.6982155598030355, 0.0], [0.2013882340071427, 0.046813201893827025, 0.0], [0.0, 0.0, 0.0], [0.9342960507477323, 0.692464141306596, 0.0], [0.0, 0.0, 0.0], [0.9177729287446719, 0.6770503397361379, 0.0], [0.0, 0.0, 0.0], [0.0, 0.0, 0.0], [0.9106974334314804, 0.674174630487918, 0.0]]
0.0278, [[0.33021495907500986, 0.33676117653859783, 0.0], [0.0, 0.0, 0.9034305319673194], [0.16289855184614427, 0.009134283296356788, 0.0], [0.0, 0.0, 0.0], [0.0, 0.0, 0.8990201634029308], [0.3260027567507052, 0.330159986695744, 0.0], [0.13422946364613395, 0.05975343656366523, 0.0], [0.0, 0.0, 0.8948523174685513], [0.2013882340071427, 0.046813201893827025, 0.0], [0.2149961422311101, 0.046813201893827025, 0.0]]
0.1245, [[0.9332020073972822, 0.983382317445443, 0.0], [0.0, 0.0, 0.9895835231220389], [0.0, 0.0, 0.9872284218362279], [0.0, 0.0, 0.9708065692533279], [0.9582729821197473, 0.9667646348908862, 0.0], [0.0, 0.0, 0.8948523174685513], [0.9361058233928692, 0.9144189348440321, 0.0], [0.0, 0.0, 0.8873673583192841], [0.0, 0.0, 0.0], [0.9309218983584935, 0.8255143331771522, 0.0]]
0.0825, [[0.0, 0.0, 0.0], [0.9348890835919015, 0.6972953328436052, 0.0], [0.0, 0.12140984881407138, 0.0], [0.0, 0.0, 0.0], [0.0, 0.0, 0.0], [0.0, 0.0, 0.0], [0.0, 0.0, 0.0], [0.0, 0.0, 0.0], [0.9165766383521237, 0.680731247573859, 0.0], [0.0, 0.0, 0.0]]
0.0862, [[0.990583047422761, 0.690853744127593, 0.0], [0.0, 0.09248461837560923, 0.0], [0.0, 0.0, 0.0], [0.909961254728374, 0.666467729702689, 0.0], [0.0, 0.0426266553829969, 0.0], [0.0, 0.0, 0.0], [0.8571097586678429, 0.6517440983518036, 0.0], [0.8663119924566758, 0.6411614883183546, 0.0], [0.0, 0.0, 0.0], [0.0, 0.0, 0.0]]
0.1192, [[0.0, 0.0, 0.9999996317392283], [0.9327009968910012, 0.9526396047195124, 0.0], [0.9327009968910012, 0.9526396047195124, 0.0], [0.9382939100937697, 0.7091905552952537, 0.0], [0.0, 0.0, 0.9895835231220389], [0.8979676766902613, 0.893646831650836, 0.0], [0.0, 0.0, 0.9870741205729753], [0.8950740853988839, 0.7640289077252909, 0.0], [0.0, 0.0, 0.9739069566884726], [0.8930393692611309, 0.6953398505548157, 0.0]]
0.1268, [[0.0, 0.0, 0.9835238657793817], [0.9579764656976626, 1.0, 0.0], [0.0, 0.0, 0.9834496980600043], [0.0, 0.0, 0.9808326160613576], [0.0, 0.0, 0.9798835344010828], [0.9646020740256223, 0.7972642728344047, 0.0], [0.9327009968910012, 0.9526396047195124, 0.0], [0.0, 0.0, 0.9017613943716768], [0.9581707350776492, 0.7623671394698366, 0.0], [0.0, 0.0, 0.0]]
0.0811, [[0.9388664935295192, 0.6800410773542864, 0.0], [0.9392550322894924, 0.6773954248459242, 0.0], [0.0, 0.0, 0.0], [0.9359013293086729, 0.6486383323637261, 0.0], [0.8545024590943402, 0.6749798290774194, 0.0], [0.9030595793867492, 0.6622116800153236, 0.0], [0.0, 0.0, 0.0], [0.9080799091537679, 0.6495585593231564, 0.0], [0.8364558561640176, 0.6583007154377445, 0.0], [0.0, 0.0, 0.0]]
0.0998, [[0.9498784999634893, 0.685792495850726, 0.0], [0.900043291644854, 0.7590436029589245, 0.0], [0.9491729953730124, 0.7006311555715403, 0.0], [0.9277011165324021, 0.7067276591777664, 0.0], [0.0, 0.0, 0.9842095673358897], [0.9433653633818375, 0.6686532687313358, 0.0], [0.0, 0.0, 0.9834496980600043], [0.9347357130287544, 0.6945346519653142, 0.0], [0.0, 0.0, 0.9739069566884726], [0.9338870625793398, 0.6746347439676331, 0.0]]
0.0647, [[0.0, 0.0, 0.9948003052109178], [0.6676050908431415, 0.6134396511655156, 0.0], [0.0, 0.0, 0.9936998683735622], [0.17826800158777906, 0.022835708240891102, 0.0], [0.0, 0.0, 0.9895835231220389], [0.14902641239452605, 0.0, 0.0], [0.0, 0.0, 0.9834496980600043], [0.0, 0.0, 0.9832146003834873], [0.0, 0.0, 0.9682450209790215], [0.0, 0.0, 0.8946819157048372]]
0.1189, [[0.0, 0.0, 0.9806957703586733], [0.9327009968910012, 0.9526396047195124, 0.0], [0.0, 0.0, 0.9798835344010828], [0.9361058233928692, 0.9144189348440321, 0.0], [0.0, 0.0, 0.9748131727949467], [0.9344187471982499, 0.749903877553919, 0.0], [0.0, 0.0, 0.9741212844574778], [0.8955853206093746, 0.7316244267439059, 0.0], [0.9290201033754679, 0.7266391219775378, 0.0], [0.8941947608368399, 0.7051172619987631, 0.0]]
0.1227, [[0.9582729821197473, 0.9667646348908862, 0.0], [0.0, 0.0, 0.9845792274983082], [0.9279465094334374, 0.8113893030057785, 0.0], [0.0, 0.0, 0.9805618707421608], [0.9277011165324021, 0.7067276591777664, 0.0], [0.0, 0.0, 0.9763977988946541], [0.8941947608368399, 0.7051172619987631, 0.0], [0.0, 0.0, 0.9374864819535308], [0.9272921283640094, 0.7030467513400449, 0.0], [0.8545126837985498, 0.6693434389509088, 0.0]]
0.0991, [[0.9375577313906629, 0.7432568045320946, 0.0], [0.0, 0.0, 0.8969480549863831], [0.9703176836789087, 0.6934993966359552, 0.0], [0.9375372819822432, 0.7374406156380012, 0.0], [0.0, 0.0, 0.8956147441317598], [0.9392550322894924, 0.6773954248459242, 0.0], [0.9347357130287544, 0.6945346519653142, 0.0], [0.0, 0.0, 0.0], [0.9374452596443552, 0.6726792616788435, 0.0], [0.8584696443277481, 0.6485233039937973, 0.0]]
0.0962, [[0.990583047422761, 0.690853744127593, 0.0], [0.0, 0.0, 0.9999996317392283], [0.18729590186581627, 0.02435808879028419, 0.0], [0.17505318831803926, 0.016365590905972217, 0.0], [0.8430405656751383, 0.6528943820510915, 0.0], [0.8539809991796398, 0.6511689565021596, 0.0], [0.0, 0.0, 0.9805618707421608], [0.17826800158777906, 0.022835708240891102, 0.0], [0.8389506839912124, 0.6404713180987818, 0.0], [0.0, 0.0, 0.9748131727949467]]
0.0274, [[0.0, 0.0, 0.6768224568761009], [0.33141962303300926, 0.3763683155957216, 0.0], [0.0, 0.0, 0.6651261991275732], [0.3325312582005081, 0.3617513952294022, 0.0], [0.0, 0.0, 0.0], [0.33213794660522783, 0.3598653409885867, 0.0], [0.0, 0.0, 0.0], [0.3261782161150668, 0.3513780969049174, 0.0], [0.0, 0.0, 0.0], [0.33227336826228543, 0.3315745273763555, 0.0]]
0.1277, [[0.0, 0.0, 0.9999996317392283], [0.9710129635651759, 0.9052792094390247, 0.0], [0.0, 0.0, 0.9932865324836456], [0.9601850018069822, 0.9842132015731702, 0.0], [0.0, 0.0, 0.9870741205729753], [0.9582729821197473, 0.9667646348908862, 0.0], [0.9582729821197473, 0.9667646348908862, 0.0], [0.0, 0.0, 0.9758050463568692], [0.9579764656976626, 1.0, 0.0], [0.0, 0.0, 0.9724222765621476]]
0.1205, [[0.9562484906862037, 0.9493160682086021, 0.0], [0.0, 0.0, 0.9678983402887433], [0.9498784999634893, 0.685792495850726, 0.0], [0.9375577313906629, 0.7432568045320946, 0.0], [0.0, 0.0, 0.0], [0.9375372819822432, 0.7374406156380012, 0.0], [0.0, 0.0, 0.0], [0.9239895489042391, 0.6611764246859644, 0.0], [0.921024384683393, 0.6991357867624659, 0.0], [0.0, 0.0, 0.0]]
