1.2047, [[1.0, 0.9478004122560719], [0.9856518868246233, 0.990368423382002], [0.9566022586715195, 0.9959877200266742], [0.9684765592304524, 0.98927368222659], [0.9687592806723315, 0.9855518688052787], [0.9677697556257541, 0.9897115786887547], [0.9735655451842806, 0.9820489014460201], [0.9195657497853243, 0.9891202243436754], [0.9867120922316709, 0.9613726483574336], [0.9826833116848895, 0.9537641207005475]]
1.1434, [[0.9705969700445476, 0.9575165848308297], [0.9609137606601799, 0.9681125349220833], [0.9301678038558001, 0.9614640896391968], [0.9350447487282187, 0.9543742741471289], [0.9371651595423138, 0.8971497070054752], [0.9205552748319018, 0.9505119783097009], [0.8423121157917908, 0.9408994051312648], [0.9027438239935026, 0.9300971757686367], [0.9160317317618324, 0.9251851953179839], [0.9120029512150511, 0.9292760432753053]]
1.1768, [[0.9826833116848895, 0.986938404710094], [0.976039357800725, 0.9768675012635125], [0.9676283949048144, 0.9355643427277832], [0.9366703970190251, 0.9636081067317142], [0.9638116554394428, 0.9536722707426647], [0.9562488568691703, 0.9252226913519586], [0.9551886514621226, 0.9332855646848237], [0.9344793058444598, 0.9348181001333707], [0.9295316806115712, 0.9250220313772286], [0.9242306535763333, 0.9272401210164256]]
1.1933, [[0.96501322156743, 0.9959876178576442], [0.9891859048481153, 0.9727807400673874], [0.9835314760105281, 0.9793746270883055], [0.9867120922316709, 0.9613726483574336], [0.9821885491616008, 0.9766956529552154], [0.976039357800725, 0.9768675012635125], [0.9812697044754928, 0.9538135705110207], [0.9745550702308582, 0.9770792976625018], [0.9791492936613977, 0.9402913972343113], [0.9710917325678363, 0.9455151975642285]]
1.1898, [[0.9758273167193153, 0.9925577013547662], [0.9891859048481153, 0.9727807400673874], [0.9657907055325985, 0.991900958830549], [0.9824005902430104, 0.9771711476203846], [0.9723639790562936, 0.9862086113294961], [0.9782304489752902, 0.9769404499508634], [0.9687592806723315, 0.9855518688052787], [0.970667650405017, 0.9836543855819178], [0.9741309880680395, 0.9830705917450513], [0.976039357800725, 0.9768675012635125]]
1.1840, [[0.9895393066504644, 0.9813191080654218], [0.9735655451842806, 0.9820489014460201], [0.9735655451842806, 0.9820489014460201], [0.9609137606601799, 0.9867924051663625], [0.9835314760105281, 0.9757727601081005], [0.9768168417658936, 0.9794217270110909], [0.9792199740218678, 0.9671119936122421], [0.9715158147306556, 0.9791298300926576], [0.9747671113122678, 0.9557062517899761], [0.9616912446253476, 0.9769592490523655]]
1.1821, [[0.9677697556257541, 0.9897115786887547], [0.9826833116848895, 0.986938404710094], [0.9835314760105281, 0.9793746270883055], [0.9849450832199249, 0.9071030138986382], [0.9195657497853243, 0.9891202243436754], [0.9687592806723315, 0.9855518688052787], [0.9824005902430104, 0.9771711476203846], [0.9735655451842806, 0.9820489014460201], [0.968617919951392, 0.978618882774112], [0.9698194860793791, 0.9649720632809209]]
1.1892, [[0.9570263408343387, 0.9945281332654781], [0.98699481367355, 0.9591597693387617], [0.9701022075212589, 0.9939443394286114], [0.9787958918590485, 0.9646189671135756], [0.9614085231834686, 0.9931414951916329], [0.9749791523936775, 0.9510050460480135], [0.9616912446253476, 0.9769592490523655], [0.9564608979505799, 0.975544514495297], [0.9666388698582364, 0.9644000188824933], [0.9666388698582364, 0.9644000188824933]]
1.1934, [[0.9891859048481153, 0.9727807400673874], [0.9835314760105281, 0.9793746270883055], [0.96501322156743, 0.9959876178576442], [0.9701022075212589, 0.9939443394286114], [0.9821885491616008, 0.9283866618699986], [0.9707383307654871, 0.9756362622841499], [0.9609137606601799, 0.9867924051663625], [0.9796440561846871, 0.9655441076793485], [0.9787958918590485, 0.9646189671135756], [0.9715158147306556, 0.9594657655833216]]
1.1687, [[0.9425368669380219, 0.9851542269408957], [0.9624687285905161, 0.9826326952828864], [0.9592174320089033, 0.9653646988628386], [0.9600655963345412, 0.9607652534746596], [0.9599949159740718, 0.9565537438930227], [0.9609844410206493, 0.9518972881861575], [0.9615498839044081, 0.9535145217604942], [0.9782304489752902, 0.9045981357925033], [0.828176043697823, 0.9447095947634423], [0.9591467516484339, 0.9333232650568581]]
1.1988, [[0.9571677015552783, 0.9851466664326829], [0.9856518868246233, 0.990368423382002], [0.9821885491616008, 0.9766956529552154], [0.9421127847752025, 0.975553914046048], [0.9787958918590485, 0.9646189671135756], [0.9350447487282187, 0.9543742741471289], [0.9465656474848025, 0.9510826945107399], [0.7268247443575921, 0.8383696163835463], [0.7088852528214785, 0.7853570696686789], [1.0, 0.9478004122560719]]
1.1810, [[0.9687592806723315, 0.9855518688052787], [0.9882670601620072, 0.9667847462094623], [0.9457174831591646, 0.9624531880176892], [0.9710917325678363, 0.9455151975642285], [0.9406284972053357, 0.9587124733258459], [0.951159870915342, 0.9416709856450933], [0.9317934521466059, 0.9555528960760916], [0.9408405382867453, 0.9058011761196125], [0.931864132507076, 0.9372719958935841], [0.9200605123086131, 0.9436348787378914]]
1.1933, [[0.96501322156743, 0.9959876178576442], [0.9286835162859333, 0.9909270836375123], [0.9312280092628477, 0.9900765264635687], [0.9486860582988976, 0.9877763950933596], [0.9522200763223896, 0.9866465077916609], [0.9835314760105281, 0.9793746270883055], [0.9824005902430104, 0.9771711476203846], [0.9891859048481153, 0.9727807400673874], [0.9758273167193153, 0.9292105529271374], [0.9796440561846871, 0.9093440915695633]]
1.1782, [[0.9779477275334105, 0.9686185781271937], [0.9619739660672274, 0.9932874947353644], [0.970667650405017, 0.9836543855819178], [0.9592881123693734, 0.9512898933033833], [0.9633875732766242, 0.9367060816369507], [0.8313566599189658, 0.9453385473115261], [0.9723639790562936, 0.9212724279797838], [0.8401210246172255, 0.9426609013758247], [0.9602069570554814, 0.9169244205741962], [0.930945287820968, 0.8798222482100239]]
1.2066, [[0.9979502695463749, 0.9551107085146707], [0.9856518868246233, 0.990368423382002], [0.9849450832199249, 0.9994905852169029], [0.98699481367355, 0.9591597693387617], [0.9867120922316709, 0.9613726483574336], [0.9701022075212589, 0.9939443394286114], [0.966850910939646, 0.9962796169451074], [0.9758273167193153, 0.9925577013547662], [0.9769582024868331, 0.9711751537624598], [0.9749791523936775, 0.9510050460480135]]
1.1792, [[0.9677697556257541, 0.9897115786887547], [0.9770288828473025, 0.9557839002527024], [0.9447279581125865, 0.9953308753334269], [0.9578038247995065, 0.9689858757896954], [0.9763220792426042, 0.9121784647971362], [0.9688299610328016, 0.9484013704899621], [0.9302384842162695, 0.9398292867120597], [0.93009712349533, 0.942702995016145], [0.9224636445645873, 0.9444414010599466], [0.9299557627743904, 0.93592632760073]]
1.1814, [[0.9812697044754928, 0.9538135705110207], [0.9560368157877606, 0.9697156691702933], [0.9875602565573088, 0.9331325154780289], [0.9609137606601799, 0.9867924051663625], [0.9665681894977669, 0.9693319222939774], [0.9693954039165604, 0.970450162326267], [0.9564608979505799, 0.975544514495297], [0.9727880612191122, 0.9683479323669801], [0.9782304489752902, 0.9769404499508634], [0.980774941952204, 0.9574929837849221]]
1.1801, [[0.9867120922316709, 0.9613726483574336], [0.9723639790562936, 0.9862086113294961], [0.9741309880680395, 0.9830705917450513], [0.9392148899959389, 0.9815380562965044], [0.9730707826609919, 0.9792027787800084], [0.9665681894977669, 0.9693319222939774], [0.9246547357391526, 0.9667638015583322], [0.9661441073349477, 0.9297614483363751], [0.8184221539529852, 0.9651111153306191], [0.9522200763223896, 0.9587171731012214]]
1.1574, [[0.9745550702308582, 0.9770792976625018], [0.9179401014945179, 0.9681831337217466], [0.9707383307654871, 0.9681101850343956], [0.7999038995098877, 0.9602202838691563], [0.951159870915342, 0.9416709856450933], [0.9221809231227083, 0.9298476789976134], [0.8377178923612513, 0.9396311809630774], [0.8215320898136579, 0.9504822471219991], [0.9335604611583519, 0.9292318040853573], [0.832558226046953, 0.9329263383756844]]
1.1801, [[0.9684765592304524, 0.98927368222659], [0.9835314760105281, 0.9757727601081005], [0.9425368669380219, 0.9851542269408957], [0.9588640302065541, 0.978618882774112], [0.9573090622762178, 0.9809542624596379], [0.9769582024868331, 0.9711751537624598], [0.9696781253584396, 0.9751936660466096], [0.9773116042891823, 0.9440580628597501], [0.9621860071486364, 0.9716859989119753], [0.9654373037302493, 0.8981384988768777]]
1.1605, [[0.9608430802997097, 0.979906621227011], [0.9749791523936775, 0.9506730988698582], [0.9421127847752025, 0.975553914046048], [0.9408405382867453, 0.9736564308226872], [0.9481206154151388, 0.944333408395339], [0.9336311415188219, 0.9356749917871684], [0.9295316806115712, 0.9250220313772286], [0.9294610002511017, 0.926962425593149], [0.9209793569947211, 0.9362842257124807], [0.9220395624017687, 0.9146074313140531]]
1.1934, [[0.9942748908019434, 0.9454846490242874], [0.9543404871364847, 0.9916820105994665], [0.9770288828473025, 0.9557839002527024], [0.9875602565573088, 0.9331325154780289], [0.9580865462413863, 0.9875952494033413], [0.9564608979505799, 0.975544514495297], [0.9492515011826566, 0.9827057461392672], [0.968617919951392, 0.978618882774112], [0.9740603077075694, 0.9626720340797417], [0.9821885491616008, 0.9283866618699986]]
1.1672, [[0.96501322156743, 0.9959876178576442], [0.9424661865775518, 0.9942362363470447], [0.9638116554394428, 0.9536722707426647], [0.9387908078331202, 0.9580745299031307], [0.9620446464276968, 0.9488557161659414], [0.9284714752045236, 0.9419890378351818], [0.9243720142972729, 0.9059987710234452], [0.9231704481692857, 0.9137592240277973], [0.9185055443782768, 0.928689899550751], [0.9184348640178066, 0.9336307938368665]]
1.1562, [[0.9522200763223896, 0.9616880441527447], [0.9421127847752025, 0.975553914046048], [0.9704556093236081, 0.951638289695353], [0.9358222326933872, 0.9808082629159063], [0.9405578168448663, 0.9678181859469326], [0.9456468027986945, 0.9197705432402078], [0.9293903198906316, 0.9635225912536852], [0.9317934521466059, 0.9555528960760916], [0.9405578168448663, 0.9439261626421452], [0.9313693699837873, 0.9430914416678366]]
1.1845, [[0.9856518868246233, 0.990368423382002], [0.9863586904293217, 0.9375183254246806], [0.9821885491616008, 0.9766956529552154], [0.9796440561846871, 0.9655441076793485], [0.9802094990684452, 0.9320732269759933], [0.9699608468003187, 0.975210115260424], [0.9791492936613977, 0.9402913972343113], [0.9564608979505799, 0.975544514495297], [0.9609137606601799, 0.9681125349220833], [0.9578038247995065, 0.9689858757896954]]
1.1746, [[0.9882670601620072, 0.9667847462094623], [0.9835314760105281, 0.9793746270883055], [0.98699481367355, 0.9591597693387617], [0.9840262385338169, 0.9603226572371193], [0.9812697044754928, 0.9538135705110207], [0.9791492936613977, 0.9402913972343113], [0.9702435682421984, 0.9762837074266462], [0.946707008205742, 0.9644387409448266], [0.9406284972053357, 0.9587124733258459], [0.9405578168448663, 0.9678181859469326]]
1.1165, [[0.9486153779384275, 0.964769666432683], [0.8469770195827997, 0.9210293678576442], [0.8545398181530729, 0.8859484054120454], [0.8089509856500271, 0.9118341551663626], [0.8020949906844523, 0.9074514102906079], [0.735331688268166, 0.9180078209672891], [0.7287276133902205, 0.8989271416186999], [0.7343845588854098, 0.8921204365084936], [0.78131496470632, 0.8837622946792081], [0.7204445364246619, 0.8262705555243577]]
1.1946, [[0.9835314760105281, 0.9757727601081005], [0.9835314760105281, 0.9757727601081005], [1.0, 0.9478004122560719], [0.9768168417658936, 0.9794217270110909], [0.9609137606601799, 0.9867924051663625], [0.9883377405224767, 0.933741953741401], [0.9681231574281033, 0.9779621402498947], [0.9541284460550751, 0.9712175539098695], [0.9609137606601799, 0.9681125349220833], [0.9554713729040017, 0.9656289079741682]]
1.2067, [[0.9362463148562058, 1.0], [0.9883377405224767, 0.9948200301839114], [0.9978089088254354, 0.9302157940123544], [0.9400630543215776, 0.9870139076231925], [0.9895393066504644, 0.9813191080654218], [0.9821885491616008, 0.9283866618699986], [0.9775943257310613, 0.9694519709041134], [0.7120839670550596, 0.7685168549768356], [0.9613378428229985, 0.9609183026814545], [0.850086955443473, 0.9229317551944406]]
1.1861, [[0.9358222326933872, 0.9808082629159063], [0.9472017707290308, 0.9777431920188122], [0.9634582536370937, 0.9775242437877298], [0.9835314760105281, 0.9757727601081005], [0.9769582024868331, 0.9711751537624598], [0.9665681894977669, 0.9693319222939774], [0.98699481367355, 0.9591597693387617], [0.9770288828473025, 0.9557839002527024], [0.9979502695463749, 0.9551107085146707], [0.9335604611583519, 0.9292318040853573]]
1.1951, [[0.9891859048481153, 0.9727807400673874], [0.9672749931024653, 0.9908062176751369], [0.9723639790562936, 0.9862086113294961], [0.9900340691737531, 0.8964246134002527], [0.9275526305184155, 0.9969363594693248], [0.9769582024868331, 0.9711751537624598], [0.9773116042891823, 0.9440580628597501], [0.9696781253584396, 0.9751936660466096], [0.9566022586715195, 0.9959877200266742], [0.9312280092628477, 0.9900765264635687]]
1.2022, [[0.966850910939646, 0.9962796169451074], [0.9978089088254354, 0.9302157940123544], [0.9566022586715195, 0.9959877200266742], [0.9684765592304524, 0.98927368222659], [0.9924372014297274, 0.9422665289203987], [0.9741309880680395, 0.9830705917450513], [0.9730707826609919, 0.9792027787800084], [0.968617919951392, 0.978618882774112], [0.968617919951392, 0.9775242437877298], [0.9782304489752902, 0.9769404499508634]]
1.1800, [[0.9566022586715195, 0.9959877200266742], [0.9642357376022621, 0.9881488012073565], [0.9580865462413863, 0.9875952494033413], [0.9609137606601799, 0.9867924051663625], [0.976039357800725, 0.9768675012635125], [0.963246212555684, 0.9749723679278394], [0.9769582024868331, 0.9711751537624598], [0.9747671113122678, 0.9557062517899761], [0.9638116554394428, 0.9536722707426647], [0.9331363789955331, 0.9090736501474097]]
1.1622, [[0.9791492936613977, 0.9402913972343113], [0.9749791523936775, 0.9506730988698582], [0.9757566363588459, 0.9352653961462868], [0.9745550702308582, 0.9770792976625018], [0.9405578168448663, 0.9678181859469326], [0.9602069570554814, 0.9169244205741962], [0.8439377640825971, 0.9378695825494875], [0.8470476999432698, 0.9203952046890356], [0.8127677251153982, 0.926032074406851], [0.8410398693033335, 0.9120102945739155]]
1.1991, [[0.9614085231834686, 0.9931414951916329], [0.98699481367355, 0.9591597693387617], [0.9979502695463749, 0.9551107085146707], [0.9787958918590485, 0.9646189671135756], [0.9669922716605855, 0.9788379331742245], [0.9791492936613977, 0.9116840688614348], [0.9770288828473025, 0.9557839002527024], [0.9693954039165604, 0.970450162326267], [0.9665681894977669, 0.9693319222939774], [0.9609137606601799, 0.9681125349220833]]
1.1910, [[0.966850910939646, 0.9962796169451074], [0.9687592806723315, 0.9855518688052787], [0.9835314760105281, 0.9793746270883055], [0.9580865462413863, 0.9875952494033413], [0.933913862960701, 0.9909522172188685], [0.9826833116848895, 0.9537641207005475], [0.9867120922316709, 0.9613726483574336], [0.9669922716605855, 0.9788379331742245], [0.9749791523936775, 0.9510050460480135], [0.968617919951392, 0.978618882774112]]
1.1842, [[0.9486860582988976, 0.9877763950933596], [0.9492515011826566, 0.9827057461392672], [0.9715158147306556, 0.9791298300926576], [0.9900340691737531, 0.8964246134002527], [0.9670629520210556, 0.9765755021760494], [0.9849450832199249, 0.9071030138986382], [0.9643064179627315, 0.9692048240207778], [0.9785838507776394, 0.9401642989611119], [0.9613378428229985, 0.9609183026814545], [0.9350447487282187, 0.9224141668889513]]
1.1785, [[0.9900340691737531, 0.8964246134002527], [0.9790786133009282, 0.9756998114207497], [0.9564608979505799, 0.975544514495297], [0.9735655451842806, 0.9820489014460201], [0.9707383307654871, 0.9681101850343956], [0.9634582536370937, 0.9775242437877298], [0.9603483177764209, 0.9587783723501333], [0.9578038247995065, 0.9689858757896954], [0.9615498839044081, 0.9535145217604942], [0.9727880612191122, 0.9512357437175347]]
1.1967, [[0.9942748908019434, 0.9454846490242874], [0.9826833116848895, 0.986938404710094], [0.98699481367355, 0.9591597693387617], [0.9424661865775518, 0.9942362363470447], [0.9684765592304524, 0.98927368222659], [0.9875602565573088, 0.9331325154780289], [0.9790786133009282, 0.9756998114207497], [0.9543404871364847, 0.9916820105994665], [0.9616912446253476, 0.9800784695353082], [0.9832487545686484, 0.9428338735434507]]
1.1827, [[0.970667650405017, 0.9836543855819178], [0.9424661865775518, 0.9942362363470447], [0.933913862960701, 0.9909522172188685], [0.9543404871364847, 0.9916820105994665], [0.9814817455569025, 0.9526765313772286], [0.9691126824746807, 0.9729737373648745], [0.9774529650101218, 0.9471866828934438], [0.9715158147306556, 0.9594657655833216], [0.9469190492871516, 0.9815451059595676], [0.9472017707290308, 0.9777431920188122]]
1.1733, [[0.9775943257310613, 0.9694519709041134], [0.9978089088254354, 0.9302157940123544], [0.9770288828473025, 0.9557839002527024], [0.9791492936613977, 0.9116840688614348], [0.9704556093236081, 0.951638289695353], [0.9662854680558872, 0.9486368701038888], [0.9350447487282187, 0.9543742741471289], [0.7477417934831467, 0.954274046328794], [0.964165057241792, 0.9268470767583883], [0.7477417934831467, 0.954274046328794]]
1.1704, [[0.9592881123693734, 0.9782610868313913], [0.9859346082665024, 0.9594751651340727], [0.9515839530781607, 0.9651533111399692], [0.9638116554394428, 0.9536722707426647], [0.9522200763223896, 0.9587171731012214], [0.9396389721587581, 0.9696587610206374], [0.9232411285297558, 0.966980195563667], [0.9710917325678363, 0.9455151975642285], [0.9291075984487526, 0.949866474378773], [0.9409818990076848, 0.9322945250947635]]
1.1852, [[0.9856518868246233, 0.990368423382002], [0.9867120922316709, 0.9613726483574336], [0.98699481367355, 0.9591597693387617], [0.9564608979505799, 0.975544514495297], [0.9408405382867453, 0.9736564308226872], [0.9863586904293217, 0.9375183254246806], [0.9707383307654871, 0.9681101850343956], [0.9698194860793791, 0.9649720632809209], [0.9740603077075694, 0.9626720340797417], [0.9387201274726502, 0.8908218681384248]]
1.1956, [[0.9849450832199249, 0.9994905852169029], [0.9875602565573088, 0.9331325154780289], [0.9571677015552783, 0.9851466664326829], [0.9769582024868331, 0.9711751537624598], [0.9261390233090188, 0.9808258359890496], [0.9707383307654871, 0.9681101850343956], [0.9705969700445476, 0.9575165848308297], [0.968617919951392, 0.978618882774112], [0.9608430802997097, 0.979906621227011], [0.7367222464073943, 0.8775943503439563]]
1.1876, [[0.966850910939646, 0.9962796169451074], [0.9835314760105281, 0.9793746270883055], [0.9677697556257541, 0.9897115786887547], [0.9824005902430104, 0.9771711476203846], [0.9580865462413863, 0.9875952494033413], [0.9814817455569025, 0.9526765313772286], [0.9592881123693734, 0.9782610868313913], [0.9758273167193153, 0.9292105529271374], [0.9612671624625291, 0.9713447543520988], [0.9620446464276968, 0.9488557161659414]]
1.1325, [[0.9431729901822501, 0.9670883925663344], [0.9615498839044081, 0.9535145217604942], [0.9043694722843091, 0.9593477603537834], [0.8147467752085538, 0.9397015754246806], [0.847401101745619, 0.9268071286676961], [0.9271992287160664, 0.9483935034746597], [0.9356101916119776, 0.8951063264074126], [0.9294610002511017, 0.9363556418643829], [0.9192123479829751, 0.9307997921872807], [0.9330656986350632, 0.927413910536291]]
1.1861, [[0.9826833116848895, 0.9537641207005475], [0.9566022586715195, 0.9959877200266742], [0.976039357800725, 0.9768675012635125], [0.9624687285905161, 0.9826326952828864], [0.9672749931024653, 0.9908062176751369], [0.9473431314499703, 0.9714671528499228], [0.963246212555684, 0.9749723679278394], [0.9425368669380219, 0.9851542269408957], [0.9568849801133985, 0.9647460653867752], [0.9568849801133985, 0.9647460653867752]]
1.1851, [[0.9687592806723315, 0.9855518688052787], [0.9286835162859333, 0.9909270836375123], [0.9722932986958235, 0.9815380562965044], [0.9358222326933872, 0.9808082629159063], [0.968617919951392, 0.978618882774112], [0.9707383307654871, 0.9756362622841499], [0.9452227206358752, 0.9726583415695634], [0.953209601368967, 0.963957422644953], [0.98699481367355, 0.9591597693387617], [0.9732828237424016, 0.9582604775375545]]
1.1771, [[0.9701022075212589, 0.9939443394286114], [0.9715158147306556, 0.9594657655833216], [0.9715158147306556, 0.9594657655833216], [0.9757566363588459, 0.9352653961462868], [0.9570263408343387, 0.9945281332654781], [0.9698194860793791, 0.9649720632809209], [0.9741309880680395, 0.9200600902709533], [0.9469190492871516, 0.9815451059595676], [0.9677697556257541, 0.9317459795732136], [0.9612671624625291, 0.9713447543520988]]
1.1764, [[0.9634582536370937, 0.9775242437877298], [0.9740603077075694, 0.9626720340797417], [0.9826833116848895, 0.9537641207005475], [0.9496049029850057, 0.9871573529411765], [0.9704556093236081, 0.951638289695353], [0.9664975091372968, 0.9287303584865927], [0.9132045173430389, 0.9329398246876317], [0.8357388422680956, 0.9356853108591885], [0.7145292829159937, 0.7907127702162009], [0.82520746855809, 0.9287096181735224]]
1.1893, [[0.9486860582988976, 0.9877763950933596], [0.9730707826609919, 0.9792027787800084], [0.9681231574281033, 0.9779621402498947], [0.9276233108788856, 0.9740011491295801], [0.9662854680558872, 0.9486368701038888], [0.9731414630214614, 0.9461955411343536], [0.9942748908019434, 0.9454846490242874], [0.9435263919845993, 0.9664363498174926], [0.9770288828473025, 0.9557839002527024], [0.9728587415795823, 0.9292341539730451]]
1.1819, [[0.976039357800725, 0.9768675012635125], [0.968617919951392, 0.9775242437877298], [0.9978089088254354, 0.9302157940123544], [0.9698194860793791, 0.9649720632809209], [0.9740603077075694, 0.9626720340797417], [0.9710917325678363, 0.9455151975642285], [0.8203305236856707, 0.9375878003650147], [0.8151708573713724, 0.9370240316580094], [0.8047808443823062, 0.9336210877790257], [0.8910815645159793, 0.9023174165379756]]
1.1608, [[0.9573797426366879, 0.9762106565702655], [0.9179401014945179, 0.9681831337217466], [0.9626100893114558, 0.9674533403411484], [0.9246547357391526, 0.9667638015583322], [0.9517959941595703, 0.9645012683911274], [0.9616205642648782, 0.949326511055735], [0.9679817967071637, 0.9500586543240208], [0.9787958918590485, 0.9646189671135756], [0.9361756344957364, 0.9510386596588516], [0.9325709361117743, 0.9494360362557912]]
1.1932, [[0.9614085231834686, 0.9931414951916329], [0.9924372014297274, 0.9422665289203987], [0.9696781253584396, 0.9751936660466096], [0.9612671624625291, 0.9713447543520988], [0.9769582024868331, 0.9711751537624598], [0.9792199740218678, 0.9671119936122421], [0.9796440561846871, 0.9655441076793485], [0.9773116042891823, 0.9440580628597501], [0.9791492936613977, 0.9402913972343113], [0.8090216660104965, 0.9147094981749264]]
1.1486, [[0.9590760712879638, 0.9730067379615331], [0.9705969700445476, 0.9575165848308297], [0.9179401014945179, 0.9681831337217466], [0.9380840042284219, 0.9450420527867471], [0.9043694722843091, 0.9593477603537834], [0.9364583559376155, 0.9334691624315596], [0.8932019753300744, 0.9356249289625158], [0.9192830283434446, 0.9196087074968411], [0.9112254672498833, 0.9314903526603958], [0.927411269797476, 0.8975520486452337]]
1.1851, [[0.9275526305184155, 0.9969363594693248], [0.9275526305184155, 0.9969363594693248], [0.9735655451842806, 0.9820489014460201], [0.9812697044754928, 0.9538135705110207], [0.941900743693793, 0.9867194564790116], [0.9588640302065541, 0.978618882774112], [0.9702435682421984, 0.9762837074266462], [0.9696781253584396, 0.9751936660466096], [0.9699608468003187, 0.9138263490804437], [0.9626100893114558, 0.9674533403411484]]
1.1919, [[0.9275526305184155, 0.9969363594693248], [0.9856518868246233, 0.990368423382002], [0.98699481367355, 0.9591597693387617], [0.9867120922316709, 0.9613726483574336], [0.9609137606601799, 0.9867924051663625], [0.9859346082665024, 0.9594751651340727], [0.9626807696719258, 0.9852598697178157], [0.9802094990684452, 0.9320732269759933], [0.9234531696111654, 0.9835134944896813], [0.944869318833526, 0.9657419069212412]]
1.1863, [[0.966850910939646, 0.9962796169451074], [0.9824005902430104, 0.9771711476203846], [0.9677697556257541, 0.9897115786887547], [0.9424661865775518, 0.9942362363470447], [0.9669922716605855, 0.9788379331742245], [0.9669922716605855, 0.9788379331742245], [0.9580865462413863, 0.9875952494033413], [0.9634582536370937, 0.9775242437877298], [0.9379426435074824, 0.8982043979011652], [0.91263907445928, 0.9180111925452759]]
1.2047, [[1.0, 0.9478004122560719], [0.9856518868246233, 0.990368423382002], [0.9883377405224767, 0.933741953741401], [0.9835314760105281, 0.9757727601081005], [0.9566022586715195, 0.9959877200266742], [0.933913862960701, 0.9909522172188685], [0.9832487545686484, 0.9428338735434507], [0.9425368669380219, 0.977013500807244], [0.9699608468003187, 0.975210115260424], [0.963246212555684, 0.9749723679278394]]
1.1968, [[0.96501322156743, 0.9959876178576442], [0.9856518868246233, 0.990368423382002], [0.9924372014297274, 0.9422665289203987], [0.9684765592304524, 0.98927368222659], [0.968617919951392, 0.978618882774112], [0.9785838507776394, 0.9401642989611119], [0.9643064179627315, 0.9692048240207778], [0.9520080352409799, 0.9764296048013477], [0.9728587415795823, 0.9292341539730451], [0.7111798890078832, 0.7309767861504983]]
1.1890, [[0.9942748908019434, 0.9454846490242874], [0.9496049029850057, 0.9871573529411765], [0.9821885491616008, 0.9766956529552154], [0.970667650405017, 0.9836543855819178], [0.9745550702308582, 0.9770792976625018], [0.9670629520210556, 0.9765755021760494], [0.9643064179627315, 0.9692048240207778], [0.8695947349331481, 0.8845083329355609], [0.9749791523936775, 0.9506730988698582], [0.7567888796232862, 0.8631921952126913]]
1.1286, [[0.9472017707290308, 0.9777431920188122], [0.9425368669380219, 0.977013500807244], [0.9352567898096283, 0.8976111023445177], [0.9214034391575397, 0.926385374912256], [0.9218275213203591, 0.8976588152814825], [0.736791128544322, 0.9482953190369227], [0.7376736809237084, 0.9320466630282185], [0.8938380985743027, 0.909028184929103], [0.9071260063426325, 0.904093114277692], [0.7359559326340734, 0.9475384508634004]]
1.1740, [[0.9707383307654871, 0.9756362622841499], [0.9486860582988976, 0.9877763950933596], [0.9286835162859333, 0.9909270836375123], [0.9275526305184155, 0.9969363594693248], [0.970667650405017, 0.9836543855819178], [0.9613378428229985, 0.9640774712550891], [0.9686886003118621, 0.9439144132037063], [0.9473431314499703, 0.9714671528499228], [0.9676283949048144, 0.9355643427277832], [0.946707008205742, 0.9644387409448266]]
1.1669, [[0.9835314760105281, 0.9757727601081005], [0.9520080352409799, 0.9764296048013477], [0.9693954039165604, 0.970450162326267], [0.9425368669380219, 0.977013500807244], [0.9616205642648782, 0.949326511055735], [0.8845789713527543, 0.951891464551453], [0.9775943257310613, 0.9466027868875473], [0.9481206154151388, 0.944333408395339], [0.9513719119967516, 0.903675345114418], [0.9313693699837873, 0.9430914416678366]]
1.1964, [[0.9883377405224767, 0.933741953741401], [0.9849450832199249, 0.9994905852169029], [0.980774941952204, 0.9574929837849221], [0.9792199740218678, 0.9671119936122421], [0.9787958918590485, 0.9646189671135756], [0.9666388698582364, 0.9644000188824933], [0.9606310392183002, 0.9435542673732977], [0.9771702435682427, 0.8986657932402078], [0.9356101916119776, 0.972215745332023], [0.9633875732766242, 0.9367060816369507]]
1.1940, [[0.9325002557513042, 0.9887628370770744], [0.9978089088254354, 0.9302157940123544], [0.980774941952204, 0.9574929837849221], [0.9723639790562936, 0.9862086113294961], [0.9741309880680395, 0.9830705917450513], [0.9862173297083815, 0.9129200076161729], [0.9769582024868331, 0.9711751537624598], [0.9261390233090188, 0.9808258359890496], [0.976039357800725, 0.9768675012635125], [0.93454998620493, 0.963088270707567]]
1.1745, [[0.9722932986958235, 0.9815380562965044], [0.9486860582988976, 0.9877763950933596], [0.9802094990684452, 0.9320732269759933], [0.9799267776265661, 0.9426620252351537], [0.9744843898703887, 0.9314328314965604], [0.9785838507776394, 0.9401642989611119], [0.9670629520210556, 0.9765755021760494], [0.9496049029850057, 0.9871573529411765], [0.9728587415795823, 0.9292341539730451], [0.9581572266018558, 0.98117321069072]]
1.1752, [[0.9900340691737531, 0.8964246134002527], [0.9775943257310613, 0.9694519709041134], [0.9749791523936775, 0.9506730988698582], [0.9747671113122678, 0.9557062517899761], [0.9715158147306556, 0.9791298300926576], [0.9775943257310613, 0.9466027868875473], [0.9681231574281033, 0.9779621402498947], [0.9425368669380219, 0.977013500807244], [0.9520080352409799, 0.9764296048013477], [0.956743619392459, 0.976721501719781]]
1.1998, [[0.9979502695463749, 0.9551107085146707], [0.9856518868246233, 0.990368423382002], [0.9867120922316709, 0.9613726483574336], [0.9672749931024653, 0.9908062176751369], [0.9859346082665024, 0.9594751651340727], [0.9619739660672274, 0.9932874947353644], [0.963246212555684, 0.9749723679278394], [0.9773116042891823, 0.9440580628597501], [0.9312280092628477, 0.9900765264635687], [0.9758273167193153, 0.9292105529271374]]
1.1110, [[0.9457174831591646, 0.9624531880176892], [0.9341259040421106, 0.9288174065000702], [0.9325709361117743, 0.9494360362557912], [0.7359688480347473, 0.9512468801417941], [0.9011888560631663, 0.9150401171556928], [0.8941208200161825, 0.9385742423487294], [0.8194823593600328, 0.9067092544573915], [0.7366447540033506, 0.9302151809981749], [0.7935426670676022, 0.9064696680822687], [0.7063925804914065, 0.747105802225186]]
1.2000, [[0.9346913469258695, 0.9981769979994385], [0.9715158147306556, 0.9791298300926576], [0.9942748908019434, 0.9454846490242874], [0.9770288828473025, 0.9557839002527024], [0.9447279581125865, 0.9953308753334269], [0.9883377405224767, 0.933741953741401], [0.9662854680558872, 0.9486368701038888], [0.9195657497853243, 0.9891202243436754], [0.9863586904293217, 0.9375183254246806], [0.961479203543938, 0.9500610042117086]]
1.1899, [[0.9566022586715195, 0.9959877200266742], [0.9672749931024653, 0.9908062176751369], [0.9826833116848895, 0.986938404710094], [0.976039357800725, 0.9768675012635125], [0.9592174320089033, 0.9653646988628386], [0.9571677015552783, 0.9851466664326829], [0.9859346082665024, 0.9594751651340727], [0.9774529650101218, 0.9471866828934438], [0.9322882146698952, 0.9671011636950724], [0.9300264431348599, 0.9628079188895129]]
1.1640, [[0.9814817455569025, 0.9526765313772286], [0.9670629520210556, 0.9765755021760494], [0.9728587415795823, 0.9292341539730451], [0.9710917325678363, 0.9455151975642285], [0.9276233108788856, 0.9740011491295801], [0.9281887537626445, 0.9705460990453461], [0.9281887537626445, 0.9705460990453461], [0.946707008205742, 0.9644387409448266], [0.9699608468003187, 0.9412095903060508], [0.9320054932280155, 0.9572113037694792]]
1.1820, [[0.9840262385338169, 0.9603226572371193], [0.9672749931024653, 0.9908062176751369], [0.9486860582988976, 0.9877763950933596], [0.9609137606601799, 0.9867924051663625], [0.968617919951392, 0.9775242437877298], [0.9691126824746807, 0.9729737373648745], [0.9469190492871516, 0.9815451059595676], [0.9773116042891823, 0.9440580628597501], [0.9666388698582364, 0.9644000188824933], [0.9699608468003187, 0.9412095903060508]]
1.1728, [[0.9699608468003187, 0.9412095903060508], [0.966850910939646, 0.9962796169451074], [0.9543404871364847, 0.9916820105994665], [0.9578038247995065, 0.9689858757896954], [0.946707008205742, 0.9644387409448266], [0.9495342226245356, 0.9466573451495156], [0.7361281379763926, 0.9555606609223642], [0.9271992287160664, 0.9483935034746597], [0.7368686209483657, 0.9540470267443493], [0.9252908589833808, 0.9137526852098835]]
1.1303, [[0.9662854680558872, 0.9486368701038888], [0.9779477275334105, 0.9434883683490102], [0.9271992287160664, 0.9483935034746597], [0.9443038759497677, 0.9354184453530816], [0.931864132507076, 0.9372719958935841], [0.7367093310067203, 0.9411510474519164], [0.939285570356409, 0.9259100845851467], [0.8579324754556247, 0.9334305425382563], [0.9357515523329171, 0.8952382266250174], [0.9350447487282187, 0.8931289470026673]]
1.1781, [[0.9895393066504644, 0.9813191080654218], [0.9769582024868331, 0.9711751537624598], [0.9654373037302493, 0.8981384988768777], [0.9486153779384275, 0.964769666432683], [0.9450813599149357, 0.8975452033202302], [0.944869318833526, 0.9657419069212412], [0.9216861605994195, 0.9286135792854135], [0.8967359933535664, 0.9279208732626703], [0.7570009207046958, 0.8815827227642847], [0.7130440118384898, 0.8330286281763302]]
1.1917, [[0.9840262385338169, 0.9603226572371193], [0.9741309880680395, 0.9830705917450513], [0.9362463148562058, 1.0], [0.9769582024868331, 0.9711751537624598], [0.9785838507776394, 0.9401642989611119], [0.970667650405017, 0.9836543855819178], [0.9773116042891823, 0.9440580628597501], [0.9614085231834686, 0.9931414951916329], [0.9702435682421984, 0.9762837074266462], [0.968617919951392, 0.9775242437877298]]
1.1905, [[0.9900340691737531, 0.8964246134002527], [0.9840262385338169, 0.9603226572371193], [0.980774941952204, 0.9574929837849221], [0.9775943257310613, 0.9694519709041134], [0.9286835162859333, 0.9909270836375123], [0.9677697556257541, 0.9897115786887547], [0.9469190492871516, 0.9815451059595676], [0.9614085231834686, 0.9931414951916329], [0.9541284460550751, 0.9712175539098695], [0.9612671624625291, 0.9713447543520988]]
1.1754, [[0.9758273167193153, 0.9925577013547662], [0.9608430802997097, 0.979906621227011], [0.9732828237424016, 0.9582604775375545], [0.9179401014945179, 0.9681831337217466], [0.9599949159740718, 0.9565537438930227], [0.9246547357391526, 0.9667638015583322], [0.9264217447508986, 0.9474652978379896], [0.9192123479829751, 0.9307997921872807], [0.9414059811705042, 0.9243728493612242], [0.9092464171567277, 0.9240033039800646]]
1.1940, [[0.9346913469258695, 0.9981769979994385], [0.9821885491616008, 0.9766956529552154], [0.9882670601620072, 0.9667847462094623], [0.976039357800725, 0.9768675012635125], [0.9769582024868331, 0.9711751537624598], [0.9826833116848895, 0.9537641207005475], [0.968617919951392, 0.978618882774112], [0.968617919951392, 0.9775242437877298], [0.9360342737747962, 0.9809064473536431], [0.949322181543126, 0.974615184999298]]
1.1783, [[0.9634582536370937, 0.9775242437877298], [0.9770288828473025, 0.9557839002527024], [0.9942748908019434, 0.9454846490242874], [0.9431729901822501, 0.9670883925663344], [0.9747671113122678, 0.9557062517899761], [0.9791492936613977, 0.9116840688614348], [0.9526441584852082, 0.929549549768356], [0.9325709361117743, 0.9494360362557912], [0.939285570356409, 0.9345827026884739], [0.9259976625880793, 0.9490062111469886]]
1.1906, [[0.96501322156743, 0.9959876178576442], [0.9642357376022621, 0.9881488012073565], [0.9727880612191122, 0.9683479323669801], [0.9592174320089033, 0.9653646988628386], [0.98699481367355, 0.9591597693387617], [0.9754739149169662, 0.9561864462305208], [0.9749791523936775, 0.9506730988698582], [0.9599949159740718, 0.9417298350063176], [0.9726467004981727, 0.9345874024638495], [0.9699608468003187, 0.9138263490804437]]
1.2027, [[0.966850910939646, 0.9962796169451074], [0.98699481367355, 0.9591597693387617], [0.9979502695463749, 0.9551107085146707], [0.96501322156743, 0.9959876178576442], [0.9942748908019434, 0.9454846490242874], [0.9580865462413863, 0.9875952494033413], [0.9790786133009282, 0.9756998114207497], [0.9735655451842806, 0.9820489014460201], [0.9745550702308582, 0.9770792976625018], [0.9705969700445476, 0.9575165848308297]]
1.1932, [[0.96501322156743, 0.9959876178576442], [0.9570263408343387, 0.9945281332654781], [0.9609137606601799, 0.9867924051663625], [0.9687592806723315, 0.9855518688052787], [0.9891859048481153, 0.9727807400673874], [0.9891859048481153, 0.9727807400673874], [0.9867120922316709, 0.9613726483574336], [0.9840262385338169, 0.9603226572371193], [0.9599949159740718, 0.9417298350063176], [0.7121141029899655, 0.8483966893162993]]
1.1924, [[0.9496049029850057, 0.9871573529411765], [0.9835314760105281, 0.9793746270883055], [0.9978089088254354, 0.9302157940123544], [0.9821885491616008, 0.9766956529552154], [0.9520080352409799, 0.9764296048013477], [0.9792199740218678, 0.9671119936122421], [0.9814817455569025, 0.9526765313772286], [0.9626100893114558, 0.9674533403411484], [0.9710917325678363, 0.9455151975642285], [0.8406864675009843, 0.9419563437456129]]
1.1837, [[0.9891859048481153, 0.9727807400673874], [0.9722932986958235, 0.9815380562965044], [0.9821885491616008, 0.9283866618699986], [0.9496049029850057, 0.9871573529411765], [0.980774941952204, 0.9574929837849221], [0.9643064179627315, 0.9692048240207778], [0.9696781253584396, 0.9689976252281342], [0.9487567386593672, 0.9648789872946791], [0.9568849801133985, 0.9647460653867752], [0.9743430291494491, 0.9623542883967429]]
1.1961, [[0.9312280092628477, 0.9900765264635687], [0.9979502695463749, 0.9551107085146707], [0.9895393066504644, 0.9813191080654218], [0.9460002046010436, 0.9385117149024287], [0.9535630031713163, 0.9497761569563385], [0.7767914216362506, 0.8933661834901026], [0.8094457481733158, 0.9414004420539098], [0.9302384842162695, 0.9398292867120597], [0.9325002557513042, 0.9887628370770744], [0.8682518080842213, 0.8959802802892038]]
1.1915, [[0.9883377405224767, 0.9948200301839114], [0.9684765592304524, 0.98927368222659], [0.9821885491616008, 0.9766956529552154], [0.9677697556257541, 0.9897115786887547], [0.9681231574281033, 0.9779621402498947], [0.9779477275334105, 0.9434883683490102], [0.956743619392459, 0.976721501719781], [0.9740603077075694, 0.9626720340797417], [0.9421127847752025, 0.975553914046048], [0.9662854680558872, 0.9486368701038888]]
1.1933, [[0.96501322156743, 0.9959876178576442], [0.9722932986958235, 0.9815380562965044], [0.9286835162859333, 0.9909270836375123], [0.9824005902430104, 0.9771711476203846], [0.9486860582988976, 0.9877763950933596], [0.9891859048481153, 0.9727807400673874], [0.9796440561846871, 0.9655441076793485], [0.9787958918590485, 0.9646189671135756], [0.9726467004981727, 0.9345874024638495], [0.9785838507776394, 0.9401642989611119]]
1.1595, [[0.963246212555684, 0.9749723679278394], [0.9797854169056266, 0.8983361959497402], [0.9654373037302493, 0.8981384988768777], [0.9271992287160664, 0.9483935034746597], [0.8184221539529852, 0.9651111153306191], [0.92564426078573, 0.9353657261336515], [0.7356674886856885, 0.9474628457812719], [0.9040867508424293, 0.9334632366278254], [0.9096704993195469, 0.9225945973957601], [0.9153956085176035, 0.9149628773690861]]
1.1915, [[0.9883377405224767, 0.9948200301839114], [0.9543404871364847, 0.9916820105994665], [0.98699481367355, 0.9591597693387617], [0.9564608979505799, 0.975544514495297], [0.9452227206358752, 0.9726583415695634], [0.9643064179627315, 0.9692048240207778], [0.9666388698582364, 0.9644000188824933], [0.9611258017415889, 0.9634795780920961], [0.9740603077075694, 0.9626720340797417], [0.9541284460550751, 0.9712175539098695]]
1.1734, [[0.9424661865775518, 0.9942362363470447], [0.9726467004981727, 0.9345874024638495], [0.9360342737747962, 0.9809064473536431], [0.9741309880680395, 0.9200600902709533], [0.957591783718097, 0.9301498949880669], [0.9300264431348599, 0.9628079188895129], [0.9336311415188219, 0.959698506633441], [0.9195657497853243, 0.9891202243436754], [0.9291075984487526, 0.949866474378773], [0.8270451579303054, 0.9372354193808787]]
1.1951, [[0.9684765592304524, 0.98927368222659], [0.9496049029850057, 0.9871573529411765], [0.9741309880680395, 0.9830705917450513], [0.968617919951392, 0.978618882774112], [0.9473431314499703, 0.9714671528499228], [0.9698194860793791, 0.9649720632809209], [0.9613378428229985, 0.9640774712550891], [0.9698194860793791, 0.961360796749965], [0.9979502695463749, 0.9551107085146707], [0.9826833116848895, 0.9537641207005475]]
1.1942, [[0.9900340691737531, 0.8964246134002527], [0.9768168417658936, 0.9794217270110909], [0.9863586904293217, 0.9375183254246806], [0.9580865462413863, 0.9875952494033413], [0.9275526305184155, 0.9969363594693248], [0.956743619392459, 0.976721501719781], [0.9329950182745936, 0.9861356626421451], [0.9539870853341356, 0.9747510698090693], [0.9626807696719258, 0.9852598697178157], [0.9600655963345412, 0.9607652534746596]]
1.1801, [[0.9769582024868331, 0.9711751537624598], [0.9754739149169662, 0.9561864462305208], [0.9715158147306556, 0.9791298300926576], [0.9670629520210556, 0.9765755021760494], [0.9638116554394428, 0.9536722707426647], [0.9486860582988976, 0.9569390233047874], [0.9455761224382244, 0.9571281381791379], [0.9387908078331202, 0.9580745299031307], [0.9614085231834686, 0.9931414951916329], [0.9799267776265661, 0.9426620252351537]]
1.1929, [[0.9849450832199249, 0.9994905852169029], [0.9346913469258695, 0.9981769979994385], [0.9672749931024653, 0.9908062176751369], [0.9400630543215776, 0.9870139076231925], [0.970667650405017, 0.9836543855819178], [0.9702435682421984, 0.9762837074266462], [0.9542698067760147, 0.9721592458584867], [0.9613378428229985, 0.9640774712550891], [0.9774529650101218, 0.9471866828934438], [0.8455634123734029, 0.9466772681103467]]
1.1912, [[0.966850910939646, 0.9962796169451074], [0.9707383307654871, 0.9681101850343956], [0.9731414630214614, 0.9461955411343536], [0.9875602565573088, 0.9331325154780289], [0.970667650405017, 0.9836543855819178], [0.956743619392459, 0.976721501719781], [0.9661441073349477, 0.9297614483363751], [0.9431729901822501, 0.9670883925663344], [0.946707008205742, 0.9644387409448266], [0.9200605123086131, 0.9515919049557771]]
1.1849, [[0.9687592806723315, 0.9855518688052787], [0.9863586904293217, 0.9375183254246806], [0.9543404871364847, 0.9916820105994665], [0.968617919951392, 0.978618882774112], [0.9702435682421984, 0.9513887929243297], [0.9469190492871516, 0.9815451059595676], [0.9634582536370937, 0.9775242437877298], [0.949322181543126, 0.974615184999298], [0.9486153779384275, 0.964769666432683], [0.9554713729040017, 0.9656289079741682]]
1.1857, [[0.9882670601620072, 0.9667847462094623], [0.9792199740218678, 0.9671119936122421], [0.9832487545686484, 0.9428338735434507], [0.9768168417658936, 0.9794217270110909], [0.9797854169056266, 0.8983361959497402], [0.9741309880680395, 0.9830705917450513], [0.9747671113122678, 0.9557062517899761], [0.9715158147306556, 0.9791298300926576], [0.9741309880680395, 0.9200600902709533], [0.9312280092628477, 0.9900765264635687]]
