1.1491, [[0.9919129610200107, 0.9523327572006064], [0.959418653793185, 0.9503665444669024], [0.9821208234599026, 0.9464306000505307], [0.9910360531788068, 0.9413901455280445], [0.9414907601507984, 0.9346321506653191], [0.9814875011301443, 0.9227851691089777], [0.9819746721530351, 0.8622374001179048], [0.9494803649262096, 0.9212969469429005], [0.9769080935149697, 0.8977208686205154], [0.9529879962910243, 0.9149689969681658]]
1.1436, [[0.9726697056158184, 0.9408428023412497], [0.9550828316894554, 0.956876746673404], [0.9670672388525727, 0.9407549752400202], [0.946167601970551, 0.9579965055583629], [0.9513316148131952, 0.9476512354724609], [0.9431471416286273, 0.9463820678794004], [0.9616109233961943, 0.9073189485430353], [0.9611237523733033, 0.9085485279602493], [0.9819259550507464, 0.8770685970186963], [0.9587366143611374, 0.8916295679636179]]
1.1890, [[0.9764209224920787, 0.9883770581943743], [0.9774439816401498, 0.9868059941047668], [0.9901104282353143, 0.9861777150917973], [0.9525982594727118, 0.9857588135421931], [0.9925462833497689, 0.9609376137780025], [0.9841182246537556, 0.9586334353208692], [0.9859694745407412, 0.9505523156476334], [0.9853848693132718, 0.9492246455280444], [0.9860669087453193, 0.8541021766043455], [0.9843618101652011, 0.9197176719723767]]
1.1607, [[0.9556187198146355, 0.9669714382684856], [0.9884540467574848, 0.917960836702038], [0.9753978633440075, 0.9558058132053227], [0.9872361192002574, 0.9320860444669024], [0.9517700687337969, 0.9466256084722924], [0.9670672388525727, 0.9450184751558026], [0.9746183897073822, 0.9220520547414519], [0.9794900999362917, 0.889075544130032], [0.9531341475978916, 0.938593900707428], [0.944900957311035, 0.9191103600303185]]
1.1930, [[0.9919616781222995, 0.9925662203132897], [0.9880643099391719, 0.9812552919824826], [0.952793127881868, 0.9700187014485432], [0.9783696065836425, 0.9677450205490988], [0.978710626299666, 0.9612145843860537], [0.9803670077774954, 0.9418292810341924], [0.9552289829963228, 0.9345224767559372], [0.9709158899334109, 0.9554916003874011], [0.9726697056158184, 0.9454373767054068], [0.949236779414764, 0.9423497922351357]]
1.1941, [[0.9919129610200107, 0.9523327572006064], [0.9798311196523153, 0.9542348957385887], [0.9737901989684677, 0.9903668772107126], [0.9960539147145837, 0.9217649671551288], [0.9960539147145837, 0.9217649671551288], [0.9730594424341313, 0.9810457678962439], [0.9826079944827935, 0.9364339991578239], [0.9711594754448564, 0.9729816564763347], [0.9821208234599026, 0.9464306000505307], [0.9814875011301443, 0.9227851691089777]]
1.1656, [[0.9867489481773665, 0.9389981399696817], [0.9581032920313791, 0.9735052467576217], [0.9845566785743572, 0.923369607882769], [0.9535238844162044, 0.9333258874852619], [0.9548392461780099, 0.906457392538319], [0.9535238844162044, 0.9274356067879401], [0.9395420760592346, 0.9253257036382011], [0.953377733109337, 0.8572407858345966], [0.9530367133933135, 0.9099789807141654], [0.9508444437903043, 0.904089139885464]]
1.1227, [[0.9811464814141206, 0.9061263180899445], [0.9628775680557105, 0.9390353821795521], [0.9794900999362917, 0.889075544130032], [0.9506982924834368, 0.9167484121610242], [0.8829328031993073, 0.9101286826680142], [0.8753329352422085, 0.8997134734714503], [0.8799123428573832, 0.891927359019707], [0.8829815203015962, 0.8901071826680143], [0.8739688563781138, 0.9183194762506317], [0.87094839603619, 0.8866691695300658]]
1.1600, [[0.9861643429498974, 0.9177142170288025], [0.9905001650536267, 0.8750314188142159], [0.979295231527135, 0.9644240124642076], [0.8261286619302235, 0.9343786397170288], [0.9688697716372691, 0.8379263013306384], [0.8828840860970181, 0.8977922739599123], [0.9095323410491525, 0.8254764860860139], [0.8855635267229183, 0.8852535256863736], [0.8558948114288601, 0.8780260443826848], [0.8293927077835928, 0.8269311986693616]]
1.1997, [[0.9901104282353143, 0.9861777150917973], [0.9793926657317136, 0.9913095156644769], [1.0, 0.9250883212059964], [0.9877232902231484, 0.9665559090449721], [0.943342010037784, 0.964148068216271], [0.9859694745407412, 0.869899618241536], [0.9853848693132718, 0.9492246455280444], [0.9791003631179789, 0.9555084620178541], [0.9823156918690592, 0.9459746029139295], [0.9564956276558394, 0.9518260285497726]]
1.1806, [[0.9782721723790643, 0.9846066510021896], [0.9886489151666414, 0.9704005074111505], [0.9877232902231484, 0.9665559090449721], [0.9849951324949594, 0.9669072174498905], [0.9733517450478657, 0.9484475442984672], [0.9595648051000519, 0.9693159380158329], [0.9684800348189562, 0.9600457068384707], [0.963705758794625, 0.9590524834933468], [0.9733517450478657, 0.943913818426815], [0.9731081595364202, 0.8920078549772612]]
1.1896, [[0.9619032260099285, 0.9932993346808152], [0.9840207904491776, 0.9704681005558363], [0.9886489151666414, 0.9652314646286004], [0.9794900999362917, 0.9659647256189996], [0.9855797377224285, 0.9651267758969176], [0.9706235873196767, 0.9658598902644435], [0.9848002640858027, 0.95496449115715], [0.9789054947088226, 0.9575929994104766], [0.9870899678933901, 0.9337178104261411], [0.9824131260736373, 0.9015991902475997]]
1.0121, [[0.8969146115562773, 0.9151846792150917], [0.8732868169460666, 0.8983988527876031], [0.8088828077198844, 0.8385416775307394], [0.28987553202025207, 0.21218772301179284], [0.27803071680494773, 0.5855084734748014], [0.27378203308641474, 0.5312414281298313], [0.0, 0.013722019957665699], [0.0, 0.0], [0.0, 0.0], [0.0, 0.0]]
1.1780, [[0.9793926657317136, 0.9913095156644769], [0.9706235873196767, 0.9225318047835608], [0.9603929958389669, 0.9670120528044467], [0.9596135222023412, 0.9372380789961259], [0.9535238844162044, 0.9333258874852619], [0.9595160879977631, 0.8750686610240862], [0.9573725354970427, 0.8570346340744485], [0.9553264172009008, 0.8713055849755768], [0.9530367133933135, 0.9099789807141654], [0.9455342796407932, 0.9085614307731178]]
1.0817, [[0.9463624703797078, 0.9337257280613105], [0.5945239055267476, 0.8579873895064847], [0.0, 0.003852772905957237], [0.0, 0.0], [0.0, 0.0], [0.0, 0.0], [0.0, 0.0], [0.0, 0.0], [0.0, 0.0], [0.0, 0.0]]
1.1981, [[0.9737901989684677, 0.9903668772107126], [1.0, 0.9250883212059964], [0.9472393782209115, 0.9763402000168435], [0.9908411847696507, 0.9445658503452922], [0.955764871121503, 0.9724579195721746], [0.9905001650536267, 0.8750314188142159], [0.9636083245900469, 0.9680592333670204], [0.988989934882665, 0.94305900707428], [0.9783696065836425, 0.9677450205490988], [0.9884540467574848, 0.917960836702038]]
1.1934, [[0.9901104282353143, 0.9861777150917973], [0.9508444437903043, 0.9869794489641233], [0.9984897698290384, 0.8998526185784067], [0.9925462833497689, 0.9609376137780025], [0.9784670407882206, 0.9792654729661446], [0.9797824025500259, 0.9765423929594071], [0.9919129610200107, 0.9523327572006064], [0.9914257899971197, 0.9040384083712312], [0.9905001650536267, 0.8750314188142159], [0.9534751673139151, 0.983873536634664]]
1.1955, [[0.9793926657317136, 0.9913095156644769], [0.9821208234599026, 0.9464306000505307], [0.9960539147145837, 0.9217649671551288], [0.9914257899971197, 0.9040384083712312], [0.9603442787366776, 0.9917284172140812], [0.9772491132309932, 0.9696302974566281], [0.9735953305593111, 0.9714105923867273], [0.9809516130049645, 0.8870179853461344], [0.9772978303332824, 0.9663834805457302], [0.9777850013561734, 0.9852350766380327]]
1.1950, [[0.9700876991944964, 0.9942419731345798], [0.9764209224920787, 0.9883770581943743], [0.9784670407882206, 0.9792654729661446], [0.9925462833497689, 0.9609376137780025], [0.9534751673139151, 0.983873536634664], [0.9783696065836425, 0.9693159380158329], [0.9908411847696507, 0.9445658503452922], [0.9845566785743572, 0.9561604939363315], [0.9884540467574848, 0.917960836702038], [0.24233073802714417, 0.03150887208950665]]
1.2070, [[0.9985872040336164, 0.9355793344281623], [0.9985872040336164, 0.9355793344281623], [0.9560571737352372, 1.0], [0.9886489151666414, 0.9652314646286004], [0.9500649701536785, 0.9956033665150751], [0.9840207904491776, 0.9704681005558363], [0.9685287519212455, 0.9880628453764526], [0.9791003631179789, 0.9644004061815733], [0.2382291948702919, 0.18940114907771383], [0.9552289829963228, 0.8886564959575542]]
1.1882, [[0.9841182246537556, 0.9586334353208692], [0.9905975992582052, 0.9103324884621864], [0.9814387840278554, 0.9701538877379148], [0.9734004621501549, 0.9901573531244737], [0.9764209224920787, 0.9883770581943743], [0.9586878972588486, 0.9813636462860031], [0.9706235873196767, 0.9658598902644435], [0.9556187198146355, 0.960126789287519], [0.9590289169748721, 0.9538158475661109], [0.9646801008404068, 0.949597800741115]]
1.1735, [[0.9650211205564309, 0.9751809995789119], [0.9501136872559679, 0.9626890240020212], [0.94085743782104, 0.8850935601313794], [0.9910360531788068, 0.9413901455280445], [0.9903052966444704, 0.9418427703385549], [0.9664339165228144, 0.9420522944247938], [0.9608314497595686, 0.9527685203806636], [0.9919129610200107, 0.9523327572006064], [0.9701851333990745, 0.9665930046319691], [0.9470932269140442, 0.9526132467576217]]
1.0941, [[0.9747645410142496, 0.9091668366178204], [0.8254466224981764, 0.9194665069900624], [0.833095207557564, 0.7113195601734735], [0.3796255086178626, 0.8381933015832912], [0.8053751763550693, 0.8031822273220093], [0.7891523812928013, 0.7254231814239253], [0.2914756856285307, 0.21232837012397907], [0.0, 0.04273233746598132], [0.0, 0.0], [0.0, 0.0]]
1.1976, [[0.9549853974848772, 0.9973838080680479], [0.9880643099391719, 0.9812552919824826], [0.9711107583425675, 0.9821979304362474], [0.9919129610200107, 0.9523327572006064], [0.9803670077774954, 0.9700491990062321], [0.9824618431759262, 0.9671064779349842], [0.9845566785743572, 0.923369607882769], [0.9735953305593111, 0.9669341960586153], [0.9827541457896609, 0.9296872942563585], [0.9809516130049645, 0.8870179853461344]]
1.2050, [[0.9919616781222995, 0.9925662203132897], [0.9549853974848772, 0.9973838080680479], [0.9549853974848772, 0.9973838080680479], [0.9855797377224285, 0.9651267758969176], [0.9855797377224285, 0.9651267758969176], [0.9777850013561734, 0.9852350766380327], [0.957421252599332, 0.9871202069226883], [0.979295231527135, 0.9644240124642076], [0.9985872040336164, 0.9355793344281623], [0.9812439156186987, 0.930018368704733]]
1.1916, [[0.9960539147145837, 0.9217649671551288], [0.9685287519212455, 0.9880628453764526], [0.9855797377224285, 0.9651267758969176], [0.9870899678933901, 0.9337178104261411], [0.9824618431759262, 0.9671064779349842], [0.9844592443697792, 0.924207557604851], [0.981779803743879, 0.9742383611251475], [0.9748132581165385, 0.9677450205490988], [0.9684800348189562, 0.9600457068384707], [0.9652647060678763, 0.9815695048004043]]
1.2067, [[0.9560571737352372, 1.0], [0.9984897698290384, 0.8998526185784067], [0.9960539147145837, 0.9217649671551288], [0.9534751673139151, 0.983873536634664], [0.9821695405621919, 0.9757045898601988], [0.9798311196523153, 0.9542348957385887], [0.9919129610200107, 0.9523327572006064], [0.9867489481773665, 0.9389981399696817], [0.9718902319791928, 0.9502948458817584], [0.2944368894323568, 0.6656361207083484]]
1.1978, [[0.9896232572124233, 0.9992689383527034], [0.972426120104373, 0.9163764299309416], [0.9824131260736373, 0.9015991902475997], [0.961075035271014, 0.9518327732019538], [0.9783696065836425, 0.9693159380158329], [0.9646801008404068, 0.949597800741115], [0.9775414158447279, 0.9166129326259053], [0.981779803743879, 0.9742383611251475], [0.9677492782846198, 0.9482752624220987], [0.9741312186844913, 0.9750761642243557]]
1.2009, [[0.9560571737352372, 1.0], [0.9919616781222995, 0.9925662203132897], [0.9777850013561734, 0.9852350766380327], [0.9782721723790643, 0.9846066510021896], [0.9880643099391719, 0.9812552919824826], [0.9704774360128092, 0.9786839666498233], [0.9797824025500259, 0.9765423929594071], [0.979295231527135, 0.9156298262590533], [0.9826567115850828, 0.9070249696816575], [0.9281422741235863, 0.8316451240525516]]
1.1690, [[0.9703800018082311, 0.9921473187636854], [0.9696979623761836, 0.9565389275728482], [0.9590289169748721, 0.9538158475661109], [0.9631698706694451, 0.9297987276402224], [0.9529879962910243, 0.9362139182246927], [0.9590289169748721, 0.9195283818426816], [0.952111088449821, 0.9329239941889843], [0.953864904132228, 0.8958316328954019], [0.922150070542028, 0.8520358204480378], [0.8982299733180827, 0.8955675651002191]]
1.1927, [[0.9905001650536267, 0.8750314188142159], [0.9886489151666414, 0.9704005074111505], [0.9758850343668984, 0.9942418265117062], [0.9711594754448564, 0.9729816564763347], [0.9705748702173873, 0.9726674436584135], [0.9730107253318421, 0.9711639727134915], [0.9863592113590537, 0.90251822241873], [0.979295231527135, 0.9644240124642076], [0.9859694745407412, 0.9505523156476334], [0.9856284548247173, 0.9143121264948627]]
1.1941, [[0.9700876991944964, 0.9942419731345798], [0.9919129610200107, 0.9523327572006064], [0.9814387840278554, 0.9701538877379148], [0.9848002640858027, 0.95496449115715], [0.9856284548247173, 0.9143121264948627], [0.9735953305593111, 0.9669341960586153], [0.9789054947088226, 0.9575929994104766], [0.9798311196523153, 0.9542348957385887], [0.9841669417560445, 0.9365454325416877], [0.8911172763838748, 0.9173082182920667]]
1.1711, [[0.9730594424341313, 0.9810457678962439], [0.9834849023239973, 0.9668025287182078], [0.9776875671515952, 0.9075283260064004], [0.9664339165228144, 0.9420522944247938], [0.9533290160070482, 0.9527868482398518], [0.958493028849692, 0.8921110774802089], [0.8695356000698065, 0.942486884621863], [0.9562033250421046, 0.9045215307394305], [0.9529879962910243, 0.9362139182246927], [0.9505034240742807, 0.936199549183089]]
1.1804, [[0.9896232572124233, 0.8666834455112009], [0.9780285868676188, 0.9683734461849419], [0.9735953305593111, 0.9780086216944585], [0.9445599375950113, 0.9843864234461849], [0.9861643429498974, 0.9177142170288025], [0.9739363502753347, 0.9593665496883947], [0.9711594754448564, 0.9729816564763347], [0.9836797707331535, 0.8739672299983158], [0.9828028628919502, 0.8824808871483915], [0.9821695405621919, 0.8852781583291225]]
1.1890, [[0.9764209224920787, 0.9883770581943743], [0.993130888577238, 0.8513588626410646], [0.9908411847696507, 0.9445658503452922], [0.9711107583425675, 0.9821979304362474], [0.981779803743879, 0.9742383611251475], [0.9748132581165385, 0.9677450205490988], [0.9701851333990745, 0.9665930046319691], [0.9770055277195477, 0.9489104327101229], [0.9732055937409982, 0.9475895072427153], [0.9823156918690592, 0.9459746029139295]]
0.9627, [[0.869292014558361, 0.8932418330806805], [0.0, 0.0215930329603867], [0.0, 0.017275645600241796], [0.0, 0.013122419110976197], [0.0, 0.0], [0.0, 0.0], [0.0, 0.0], [0.0, 0.0], [0.0, 0.0], [0.0, 0.0]]
1.2045, [[0.9919616781222995, 0.9925662203132897], [1.0, 0.9250883212059964], [0.9500649701536785, 0.9956033665150751], [0.9877232902231484, 0.9665559090449721], [0.9886489151666414, 0.9652314646286004], [0.9700876991944964, 0.9942419731345798], [0.9538161870299392, 0.9801032760653529], [0.9834849023239973, 0.9668025287182078], [0.9859694745407412, 0.869899618241536], [0.9794900999362917, 0.9659647256189996]]
1.1779, [[0.9650211205564309, 0.9751809995789119], [0.9919129610200107, 0.9523327572006064], [0.9824618431759262, 0.9671064779349842], [0.9960539147145837, 0.9217649671551288], [0.9848002640858027, 0.95496449115715], [0.9730107253318421, 0.9711639727134915], [0.9908411847696507, 0.9445658503452922], [0.9701851333990745, 0.9665930046319691], [0.9905975992582052, 0.9103324884621864], [0.979636251243159, 0.9305960628263433]]
1.1925, [[0.9849951324949594, 0.9669072174498905], [0.9872361192002574, 0.9320860444669024], [0.9549853974848772, 0.9973838080680479], [0.9730594424341313, 0.9810457678962439], [0.9855797377224285, 0.9651267758969176], [0.9703800018082311, 0.9921473187636854], [0.978710626299666, 0.9612145843860537], [0.9603442787366776, 0.9917284172140812], [0.9508444437903043, 0.9869794489641233], [0.9603929958389669, 0.9786948167424625]]
1.1747, [[0.963705758794625, 0.9590524834933468], [0.9603929958389669, 0.9786948167424625], [0.9645826666358287, 0.9494409142664647], [0.9592237853840284, 0.962194318426815], [0.9702825676036526, 0.9494070443826848], [0.9779311526630408, 0.9283291265790803], [0.9905001650536267, 0.8750314188142159], [0.9848002640858027, 0.9189001028297119], [0.9833387510171299, 0.8984099961259895], [0.9771516790264151, 0.8896025067374096]]
1.1953, [[0.9758850343668984, 0.9942418265117062], [0.9901104282353143, 0.9861777150917973], [0.9764209224920787, 0.9883770581943743], [0.9925462833497689, 0.9609376137780025], [0.9809516130049645, 0.9802079647970356], [0.9599545419183648, 0.9809410791645612], [0.9903052966444704, 0.9418427703385549], [0.9603929958389669, 0.9786948167424625], [0.988989934882665, 0.94305900707428], [0.9595648051000519, 0.9693159380158329]]
1.1990, [[0.981779803743879, 0.9742383611251475], [0.9771516790264151, 0.9946608746841838], [0.9886489151666414, 0.9704005074111505], [0.9737901989684677, 0.9903668772107126], [0.9877232902231484, 0.9665559090449721], [0.952793127881868, 0.9700187014485432], [0.9960539147145837, 0.9217649671551288], [0.9872361192002574, 0.9320860444669024], [0.9798311196523153, 0.9542348957385887], [0.9669210875457053, 0.9661741030823647]]
1.1944, [[0.9758850343668984, 0.9942418265117062], [0.9821695405621919, 0.9757045898601988], [0.9886489151666414, 0.9704005074111505], [0.9919129610200107, 0.9523327572006064], [0.9534751673139151, 0.983873536634664], [0.9809028959026752, 0.9735052467576217], [0.9855797377224285, 0.9651267758969176], [0.9908411847696507, 0.9445658503452922], [0.9856284548247173, 0.9143121264948627], [0.9730107253318421, 0.9711639727134915]]
1.1694, [[0.9821208234599026, 0.9464306000505307], [0.9814387840278554, 0.9701538877379148], [0.9814875011301443, 0.9227851691089777], [0.9748132581165385, 0.9677450205490988], [0.9670672388525727, 0.9808363904328787], [0.9720363832860601, 0.9302177758127], [0.9556187198146355, 0.9669714382684856], [0.8935531314983295, 0.9234764959575542], [0.8743098760941374, 0.9258022279770928], [0.8867814542801455, 0.9077019274886307]]
1.2045, [[0.9985872040336164, 0.9355793344281623], [0.9549853974848772, 0.9973838080680479], [0.9880643099391719, 0.9812552919824826], [0.9777850013561734, 0.9852350766380327], [0.9500649701536785, 0.9956033665150751], [0.9603442787366776, 0.9917284172140812], [0.9886489151666414, 0.9704005074111505], [0.9445599375950113, 0.9843864234461849], [0.9599545419183648, 0.9809410791645612], [0.9735953305593111, 0.9714105923867273]]
1.1106, [[0.9670672388525727, 0.9407549752400202], [0.9498213846422332, 0.9259394669866937], [0.9526956936772899, 0.9183304729661447], [0.8515589893251305, 0.9201208848745157], [0.9500649701536785, 0.9158805513727473], [0.9393959247523672, 0.9097025965976082], [0.9542546409505408, 0.9076871185784068], [0.9463137532774184, 0.9060993394812195], [0.9457778651522387, 0.8779298597776656], [0.9339396092959887, 0.8761038185110326]]
1.1728, [[0.9927898688612145, 0.9731910339397002], [0.9711594754448564, 0.9729816564763347], [0.9886489151666414, 0.9704005074111505], [0.9798311196523153, 0.9542348957385887], [0.9841669417560445, 0.9365454325416877], [0.971938949081482, 0.9300960788276906], [0.9742773699913587, 0.8554264743978441], [0.9578109894176448, 0.9398327173656729], [0.964631383738118, 0.938203150749537], [0.9624878312373976, 0.9384745496883947]]
1.1847, [[0.9734004621501549, 0.9901573531244737], [0.9870899678933901, 0.9337178104261411], [0.9803670077774954, 0.9700491990062321], [0.9841182246537556, 0.9586334353208692], [0.9716466464677473, 0.9693159380158329], [0.9791003631179789, 0.9644004061815733], [0.9826079944827935, 0.9364339991578239], [0.9669210875457053, 0.9661741030823647], [0.9622442457259521, 0.9607619595755432], [0.9742286528890695, 0.9532922572848239]]
1.1990, [[0.9919616781222995, 0.9925662203132897], [0.9700876991944964, 0.9942419731345798], [0.9960539147145837, 0.9217649671551288], [0.9797824025500259, 0.9765423929594071], [0.9735953305593111, 0.9780086216944585], [0.9919129610200107, 0.9523327572006064], [0.9834849023239973, 0.9668025287182078], [0.9855797377224285, 0.9651267758969176], [0.9908411847696507, 0.9445658503452922], [0.9903052966444704, 0.9418427703385549]]
0.8079, [[0.7685937641268032, 0.8301008919487957], [0.2487681376006791, 0.16812642273964268], [0.2399397038998312, 0.14112304807983034], [0.0, 0.0], [0.0, 0.02359039612942242], [0.0, 0.0], [0.0, 0.0], [0.0, 0.0], [0.0, 0.0016002419110974215], [0.0, 0.0]]
0.9470, [[0.8844917504725582, 0.8618948890853966], [0.228113281254737, 0.24104084668884154], [0.22905130233545218, 0.12006081644995424], [0.0, 0.0854947202902934], [0.0, 0.07933150287269379], [0.0, 0.018102110674327338], [0.0, 0.03449468400362826], [0.0, 0.021617853039007796], [0.0, 0.004741070456607003], [0.0, 0.0]]
1.1895, [[0.9758850343668984, 0.9942418265117062], [0.9877232902231484, 0.8972276292740442], [0.9798311196523153, 0.9650355764695975], [0.9863592113590537, 0.90251822241873], [0.9505034240742807, 0.9577306782886981], [0.9797336854477372, 0.9390320098534612], [0.9856284548247173, 0.9143121264948627], [0.9578109894176448, 0.9398327173656729], [0.9852387180064048, 0.9141297276402224], [0.9689672058418471, 0.930917020296446]]
1.2017, [[0.9919616781222995, 0.9925662203132897], [0.9985872040336164, 0.9355793344281623], [0.9984897698290384, 0.8998526185784067], [0.9700876991944964, 0.9942419731345798], [0.9880643099391719, 0.9812552919824826], [0.9886489151666414, 0.9704005074111505], [0.9737901989684677, 0.9903668772107126], [0.9877232902231484, 0.9665559090449721], [0.9919129610200107, 0.9523327572006064], [0.9903052966444704, 0.9418427703385549]]
1.2005, [[0.9919616781222995, 0.9049130138116893], [0.9560571737352372, 1.0], [0.9910360531788068, 0.9413901455280445], [0.9877232902231484, 0.9665559090449721], [0.9793926657317136, 0.9913095156644769], [0.9853848693132718, 0.9492246455280444], [0.9833387510171299, 0.9893195500252652], [0.9753491462417186, 0.9829923331648982], [0.9841182246537556, 0.9586334353208692], [0.9848002640858027, 0.95496449115715]]
1.2008, [[0.9758850343668984, 0.9942418265117062], [0.9984897698290384, 0.8998526185784067], [0.9534751673139151, 0.983873536634664], [0.9784670407882206, 0.9792654729661446], [0.9886489151666414, 0.9704005074111505], [0.9746671068096711, 0.964082821037561], [0.979197797322557, 0.9497313741788782], [0.9821208234599026, 0.9464306000505307], [0.9848002640858027, 0.9189001028297119], [0.9856284548247173, 0.9143121264948627]]
1.1862, [[0.9794900999362917, 0.9659647256189996], [0.9700876991944964, 0.9942419731345798], [0.9823156918690592, 0.9459746029139295], [0.9845566785743572, 0.923369607882769], [0.9841669417560445, 0.9365454325416877], [0.9794900999362917, 0.9302380097692438], [0.971938949081482, 0.968802464712818], [0.9619032260099285, 0.9932993346808152], [0.9742286528890695, 0.9532922572848239], [0.9701851333990745, 0.9665930046319691]]
1.2024, [[1.0, 0.9250883212059964], [0.9700876991944964, 0.9942419731345798], [0.9919129610200107, 0.9523327572006064], [0.9652647060678763, 0.9815695048004043], [0.9908411847696507, 0.9445658503452922], [0.9903052966444704, 0.9418427703385549], [0.9877232902231484, 0.9665559090449721], [0.9824618431759262, 0.9671064779349842], [0.9791003631179789, 0.9644004061815733], [0.9815849353347228, 0.9400995709954523]]
1.1910, [[0.9734004621501549, 0.9901573531244737], [0.9927898688612145, 0.9731910339397002], [0.9646801008404068, 0.949597800741115], [0.9852387180064048, 0.9141297276402224], [0.9596135222023412, 0.9372380789961259], [0.9631698706694451, 0.9297987276402224], [0.9777850013561734, 0.9020485893548932], [0.8628126399539114, 0.8315794370052216], [0.24580693379685298, 0.6561816960607156], [0.9560084566329484, 0.8986284642075122]]
1.1932, [[0.9771516790264151, 0.9946608746841838], [0.9901104282353143, 0.9861777150917973], [0.9700876991944964, 0.9942419731345798], [0.9886489151666414, 0.9704005074111505], [0.9855797377224285, 0.9651267758969176], [0.975056843627984, 0.9335150309920837], [0.9849951324949594, 0.9669072174498905], [0.9603929958389669, 0.9786948167424625], [0.9827541457896609, 0.9296872942563585], [0.9783696065836425, 0.9677450205490988]]
1.1671, [[0.9886489151666414, 0.9704005074111505], [0.9905001650536267, 0.8750314188142159], [0.9592237853840284, 0.962194318426815], [0.9859694745407412, 0.9505523156476334], [0.9867489481773665, 0.9389981399696817], [0.9578109894176448, 0.9398327173656729], [0.9863592113590537, 0.90251822241873], [0.9861643429498974, 0.9177142170288025], [0.9624878312373976, 0.9384745496883947], [0.9758363172646096, 0.9295826055246759]]
1.1844, [[0.9896232572124233, 0.8666834455112009], [0.9764209224920787, 0.9883770581943743], [0.9772978303332824, 0.9663834805457302], [0.9685287519212455, 0.9880628453764526], [0.9730594424341313, 0.954238268064679], [0.9728645740249747, 0.9189946745831228], [0.972426120104373, 0.937650235893549], [0.9446573717995894, 0.9311461918477346], [0.9717440806723254, 0.9209339087081017], [0.9308217147494864, 0.8787817386727305]]
1.1430, [[0.9856771719270065, 0.9528023902644435], [0.8468821475053777, 0.8823763450395824], [0.8204774780646884, 0.8547678444500589], [0.790175440440872, 0.8643665108640727], [0.7954856045903835, 0.8390520717534109], [0.8059110644802495, 0.8201437231658841], [0.8344105693193695, 0.7450919241055297], [0.38835708359773913, 0.8380886128516085], [0.788031887940152, 0.6724643538127936], [0.7815525133357024, 0.8301548491662455]]
1.1880, [[0.9764209224920787, 0.9883770581943743], [0.9809516130049645, 0.9802079647970356], [0.9821695405621919, 0.9757045898601988], [0.9834849023239973, 0.9668025287182078], [0.9919129610200107, 0.9523327572006064], [0.9544495093596971, 0.9870155181910056], [0.9870899678933901, 0.9337178104261411], [0.9670672388525727, 0.9808363904328787], [0.9830951655056844, 0.9371231266632979], [0.9824131260736373, 0.9015991902475997]]
1.1888, [[0.9794900999362917, 0.9659647256189996], [0.9711594754448564, 0.9729816564763347], [0.9700876991944964, 0.9942419731345798], [0.9870899678933901, 0.9337178104261411], [0.9791003631179789, 0.9644004061815733], [0.9670672388525727, 0.9808363904328787], [0.979197797322557, 0.9445488420919658], [0.9833387510171299, 0.8984099961259895], [0.9608314497595686, 0.9527685203806636], [0.965215988965587, 0.9234479044972208]]
1.1928, [[0.9925462833497689, 0.9609376137780025], [0.9703800018082311, 0.9921473187636854], [0.9908411847696507, 0.9445658503452922], [0.9903052966444704, 0.9418427703385549], [0.988989934882665, 0.94305900707428], [0.9793926657317136, 0.9913095156644769], [0.9764209224920787, 0.9883770581943743], [0.9774439816401498, 0.9868059941047668], [0.9634134561808907, 0.9735153637358935], [0.975056843627984, 0.9335150309920837]]
1.0786, [[0.9790516460156895, 0.899622860535624], [0.8571614560883764, 0.8617532513895906], [0.815946787551803, 0.7883220899891578], [0.4728346256365103, 0.5926033859416449], [0.29817424947722143, 0.5903592692307695], [0.3155070774223501, 0.14459132748714834], [0.24019719988277255, 0.5928922161803717], [0.2930942318070195, 0.3880227217928912], [0.23050431538205, 0.5806842877984085], [0.2353967390579366, 0.2583430541276079]]
1.1953, [[0.9833387510171299, 0.9893195500252652], [0.9984897698290384, 0.8998526185784067], [0.9601006932252322, 0.9649173984335522], [0.9670672388525727, 0.9407549752400202], [0.9844592443697792, 0.924207557604851], [0.946167601970551, 0.9579965055583629], [0.9560084566329484, 0.9297355331817415], [0.962146811521374, 0.852967022317669], [0.9548392461780099, 0.906457392538319], [0.7793602437326932, 0.8293696836786255]]
1.1871, [[0.9774439816401498, 0.9868059941047668], [0.9925462833497689, 0.9609376137780025], [0.9730594424341313, 0.9810457678962439], [0.9704774360128092, 0.9786839666498233], [0.9821695405621919, 0.9757045898601988], [0.9886489151666414, 0.9704005074111505], [0.9849951324949594, 0.9669072174498905], [0.9834849023239973, 0.9668025287182078], [0.984264375960623, 0.8545751819942733], [0.9706235873196767, 0.9225318047835608]]
1.2008, [[0.9700876991944964, 0.9942419731345798], [0.9984897698290384, 0.8998526185784067], [0.9947872700550671, 0.9171466398854641], [0.9821695405621919, 0.9757045898601988], [0.9544495093596971, 0.9870155181910056], [0.9783696065836425, 0.9677450205490988], [0.9794900999362917, 0.9659647256189996], [0.9886489151666414, 0.9652314646286004], [0.9628775680557105, 0.9653760347818763], [0.9856771719270065, 0.9528023902644435]]
1.1804, [[0.9927898688612145, 0.9731910339397002], [0.9809516130049645, 0.9802079647970356], [0.9856771719270065, 0.9528023902644435], [0.9803670077774954, 0.9700491990062321], [0.955764871121503, 0.9724579195721746], [0.9716466464677473, 0.9693159380158329], [0.9852387180064048, 0.9141297276402224], [0.9689672058418471, 0.930917020296446], [0.972426120104373, 0.9163764299309416], [0.23280338665831246, 0.5950936458885945]]
1.1562, [[0.9704774360128092, 0.9786839666498233], [0.9592237853840284, 0.962194318426815], [0.9564956276558394, 0.9518260285497726], [0.9718902319791928, 0.9502948458817584], [0.9625852654419761, 0.9461165338554826], [0.9578109894176448, 0.9398327173656729], [0.9611237523733033, 0.9085485279602493], [0.9523546739612664, 0.9432091488967492], [0.9548392461780099, 0.906457392538319], [0.8831763887107528, 0.9382399530907866]]
1.1986, [[0.9896232572124233, 0.9992689383527034], [0.9560571737352372, 1.0], [0.9771516790264151, 0.9946608746841838], [0.9848002640858027, 0.95496449115715], [0.9782721723790643, 0.9846066510021896], [0.9812926327209881, 0.8984438660097693], [0.9704774360128092, 0.9786839666498233], [0.9812439156186987, 0.930018368704733], [0.9797824025500259, 0.9765423929594071], [0.9748132581165385, 0.9677450205490988]]
1.1725, [[0.9809516130049645, 0.9802079647970356], [0.9860669087453193, 0.8541021766043455], [0.9581032920313791, 0.9735052467576217], [0.9769568106172588, 0.955988212059963], [0.9603929958389669, 0.9670120528044467], [0.9701851333990745, 0.9665930046319691], [0.9601006932252322, 0.9649173984335522], [0.9608314497595686, 0.9527685203806636], [0.9523546739612664, 0.9432091488967492], [0.9340857606028561, 0.9416599316152938]]
1.1905, [[0.9774439816401498, 0.9868059941047668], [0.9960539147145837, 0.9217649671551288], [0.9753491462417186, 0.9829923331648982], [0.9886489151666414, 0.9704005074111505], [0.9841182246537556, 0.9586334353208692], [0.9824618431759262, 0.9671064779349842], [0.9789054947088226, 0.9575929994104766], [0.9733030279455768, 0.9588768292908877], [0.9669210875457053, 0.9661741030823647], [0.9797336854477372, 0.9390320098534612]]
1.1978, [[0.9896232572124233, 0.9992689383527034], [0.9772978303332824, 0.9663834805457302], [0.9699902649899184, 0.96490390912919], [0.9646801008404068, 0.949597800741115], [0.9726697056158184, 0.9454373767054068], [0.9590289169748721, 0.9195283818426816], [0.9725722714112404, 0.8807781557183763], [0.8752842181399192, 0.9421835218965808], [0.9807567445958079, 0.9027682144180562], [0.9725722714112404, 0.8807781557183763]]
1.1704, [[0.9797824025500259, 0.9765423929594071], [0.9798311196523153, 0.9650355764695975], [0.9877232902231484, 0.8972276292740442], [0.9860669087453193, 0.8541021766043455], [0.9685774690235344, 0.9358461880579417], [0.9747645410142496, 0.9091668366178204], [0.9492854965170534, 0.930674066195048], [0.8839071452450893, 0.9166004696816575], [0.9353036881600835, 0.9048452740441302], [0.8801559283688286, 0.9126567542529899]]
1.1960, [[0.9771516790264151, 0.9946608746841838], [0.9833387510171299, 0.9893195500252652], [0.9927898688612145, 0.9731910339397002], [0.9619032260099285, 0.9932993346808152], [0.9840207904491776, 0.9704681005558363], [0.9849951324949594, 0.9669072174498905], [0.981779803743879, 0.9742383611251475], [0.9703800018082311, 0.9921473187636854], [0.9849951324949594, 0.8630886925214756], [0.9735953305593111, 0.9714105923867273]]
1.1810, [[0.9853848693132718, 0.9492246455280444], [0.9764209224920787, 0.9883770581943743], [0.9809516130049645, 0.8870179853461344], [0.9552289829963228, 0.9345224767559372], [0.8840532965519562, 0.9140723980966817], [0.8906301053609839, 0.8896079317837291], [0.8896070462129131, 0.8732203330806804], [0.777167974129684, 0.8660520874178879], [0.9557161540192137, 0.8496562778339227], [0.7793602437326932, 0.8346463476503284]]
1.2067, [[0.9896232572124233, 0.9992689383527034], [0.9984897698290384, 0.8998526185784067], [0.9903052966444704, 0.9418427703385549], [0.9821695405621919, 0.9757045898601988], [0.9834849023239973, 0.9668025287182078], [0.9717927977746147, 0.9612619435741958], [0.9718902319791928, 0.9502948458817584], [0.9803670077774954, 0.9418292810341924], [0.9830951655056844, 0.9371231266632979], [0.31772255167097535, 0.5836718236074272]]
1.2021, [[0.9700876991944964, 0.9942419731345798], [0.9703800018082311, 0.9921473187636854], [1.0, 0.9250883212059964], [0.9742773699913587, 0.978846424793667], [0.9984897698290384, 0.8998526185784067], [0.9794900999362917, 0.9659647256189996], [0.961075035271014, 0.9518327732019538], [0.979197797322557, 0.9497313741788782], [0.9677492782846198, 0.9482752624220987], [0.9823156918690592, 0.9459746029139295]]
1.1009, [[0.9517700687337969, 0.9466256084722924], [0.9518675029383754, 0.9446970778170792], [0.9325268133296047, 0.9342962376621189], [0.9448522402087456, 0.8922499293414183], [0.9411984575370635, 0.9337040278760318], [0.9358395762852632, 0.8595137336196732], [0.913527143436858, 0.8883881760990399], [0.9297499384991265, 0.8629583447869295], [0.8607178045554803, 0.8968578463870641], [0.880302079675696, 0.9002001147886137]]
1.1532, [[0.9636083245900469, 0.9680592333670204], [0.9794900999362917, 0.9659647256189996], [0.9797336854477372, 0.9390320098534612], [0.9526469765750006, 0.9383185429509853], [0.9492854965170534, 0.9246073981808994], [0.9489931939033186, 0.9268187643591039], [0.9419779311736892, 0.9029962129863569], [0.9482624373689822, 0.9011132820448038], [0.9485060228804276, 0.8762263952332828], [0.9463137532774184, 0.8914521542866767]]
1.1921, [[0.9960539147145837, 0.9217649671551288], [0.9824618431759262, 0.9671064779349842], [0.9908411847696507, 0.9445658503452922], [0.9764209224920787, 0.9883770581943743], [0.9809028959026752, 0.9735052467576217], [0.9774439816401498, 0.9868059941047668], [0.9670672388525727, 0.9808363904328787], [0.9701851333990745, 0.9665930046319691], [0.9748132581165385, 0.9677450205490988], [0.7922702758393031, 0.9088445595418561]]
0.7683, [[0.8469308646076665, 0.7113195601734735], [0.23179179529675698, 0.20837196250377948], [0.2273959710165432, 0.007970293317205383], [0.0, 0.11901488962806128], [0.0, 0.03254478379195654], [0.0, 0.033204910795282275], [0.0, 0.003530111883882225], [0.0, 0.0], [0.0, 0.0], [0.0, 0.0]]
1.1768, [[0.9685287519212455, 0.9880628453764526], [0.9821208234599026, 0.9464306000505307], [0.9814875011301443, 0.9227851691089777], [0.9767619422081022, 0.9262887226713828], [0.9596135222023412, 0.9372380789961259], [0.9631698706694451, 0.9297987276402224], [0.9590289169748721, 0.9195283818426816], [0.935644707876107, 0.9311615872494525], [0.9489931939033186, 0.9268187643591039], [0.9472880953232004, 0.9104307257874347]]
1.1711, [[0.9832900339148412, 0.9070993074785246], [0.9586878972588486, 0.9813636462860031], [0.9742773699913587, 0.978846424793667], [0.9812439156186987, 0.930018368704733], [0.9798311196523153, 0.9650355764695975], [0.9769568106172588, 0.955988212059963], [0.97150049516088, 0.91123451237999], [0.9706235873196767, 0.9658598902644435], [0.9556187198146355, 0.9669714382684856], [0.24104325811243718, 0.0]]
1.1830, [[0.9500649701536785, 0.9956033665150751], [0.9508444437903043, 0.9869794489641233], [0.9784670407882206, 0.9792654729661446], [0.9800747051637607, 0.9218088073943068], [0.9774439816401498, 0.9868059941047668], [0.9534751673139151, 0.983873536634664], [0.9730107253318421, 0.9711639727134915], [0.9679928637960653, 0.9279237143338386], [0.9667749362388379, 0.9490557359777666], [0.8829328031993073, 0.9101286826680142]]
1.1782, [[0.993130888577238, 0.8513588626410646], [0.9742773699913587, 0.978846424793667], [0.9803670077774954, 0.9700491990062321], [0.9870899678933901, 0.9337178104261411], [0.9826079944827935, 0.9364339991578239], [0.9716466464677473, 0.9693159380158329], [0.9845566785743572, 0.923369607882769], [0.9741799357867802, 0.925147703469766], [0.9634134561808907, 0.9735153637358935], [0.9776388500493061, 0.9079472275560048]]
1.1930, [[0.9919616781222995, 0.9925662203132897], [0.957421252599332, 0.9871202069226883], [0.9711107583425675, 0.9821979304362474], [0.9859694745407412, 0.9505523156476334], [0.9910360531788068, 0.9413901455280445], [0.9730594424341313, 0.954238268064679], [0.9877232902231484, 0.8972276292740442], [0.9856284548247173, 0.9143121264948627], [0.9819259550507464, 0.8770685970186963], [0.967359541466307, 0.8988964908202796]]
1.0795, [[0.9395420760592346, 0.9253257036382011], [0.7902241575431612, 0.9206938870641739], [0.9529879962910243, 0.9149689969681658], [0.9270217807709374, 0.9118478358598618], [0.9464111874819965, 0.9078680512043118], [0.9463137532774184, 0.9060993394812195], [0.9437804639583857, 0.9047534881253159], [0.950211121460546, 0.8820045094323732], [0.9416856285599545, 0.8779631431699513], [0.9503572727674133, 0.8558506543708945]]
1.1458, [[0.978710626299666, 0.9612145843860537], [0.9592237853840284, 0.962194318426815], [0.9728645740249747, 0.9189946745831228], [0.9528905620864461, 0.9304542785076639], [0.9562033250421046, 0.9045215307394305], [0.9582494433382465, 0.8773726928583461], [0.9553751343031901, 0.8530615940710796], [0.9543033580528302, 0.8735838111840998], [0.952793127881868, 0.8929035741115041], [0.9477752663460912, 0.8955822273875695]]
1.1250, [[0.9815849353347228, 0.9400995709954523], [0.9581520091336684, 0.9061195734377632], [0.9074862227530106, 0.9231731332322723], [0.9358882933875525, 0.8608735141485597], [0.8796687573459376, 0.9034548493346808], [0.9274115175892499, 0.8584948512716861], [0.8727509288208865, 0.8989045550783223], [0.8679279356942663, 0.9017282183762844], [0.8800584941642505, 0.8912194637864242], [0.8739688563781138, 0.8692766176520127]]
1.1887, [[0.9549853974848772, 0.9973838080680479], [0.9703800018082311, 0.9921473187636854], [0.9833387510171299, 0.9893195500252652], [0.9586878972588486, 0.9813636462860031], [0.9733517450478657, 0.943913818426815], [0.9533290160070482, 0.9527868482398518], [0.8827379347901507, 0.9116454962944249], [0.9522572397566879, 0.908785030655213], [0.9581520091336684, 0.9061195734377632], [0.9473855295277784, 0.9068930090955029]]
1.2014, [[0.9985872040336164, 0.9355793344281623], [0.9927898688612145, 0.9731910339397002], [0.9700876991944964, 0.9942419731345798], [0.9960539147145837, 0.9217649671551288], [0.9809516130049645, 0.9802079647970356], [0.981779803743879, 0.9742383611251475], [0.9525982594727118, 0.9857588135421931], [0.9599545419183648, 0.9809410791645612], [0.9840207904491776, 0.9704681005558363], [0.9490906281078968, 0.9724831387064174]]
1.2013, [[0.9927898688612145, 0.9731910339397002], [0.9560571737352372, 1.0], [0.9880643099391719, 0.9812552919824826], [0.9886489151666414, 0.9704005074111505], [0.9896232572124233, 0.8666834455112009], [0.9849951324949594, 0.9669072174498905], [0.9636083245900469, 0.9680592333670204], [0.9735953305593111, 0.9669341960586153], [0.9779311526630408, 0.9283291265790803], [0.8817635927443688, 0.8749993084049184]]
1.0127, [[0.8933095459868841, 0.8974889112346304], [0.8261286619302235, 0.9210739335522993], [0.8317311286934693, 0.8492178754421426], [0.7807730396990767, 0.9095418979282466], [0.8286132341469675, 0.8349791815731852], [0.7785807700960675, 0.9014971407276402], [0.8265183987485364, 0.6964594228406219], [0.7789217898120916, 0.8678416195890181], [0.7885677760653318, 0.8707278908539665], [0.819259550507461, 0.8619577902981304]]
0.8115, [[0.8367977073315349, 0.7662568124322369], [0.2620107881519509, 0.6221699562334218], [0.0, 0.13855133958270327], [0.23089055935646216, 0.0], [0.0, 0.0], [0.0, 0.0], [0.0, 0.0], [0.0, 0.0], [0.0, 0.0], [0.0, 0.0]]
1.1793, [[0.957421252599332, 0.9871202069226883], [0.9812439156186987, 0.930018368704733], [0.9861643429498974, 0.9177142170288025], [0.9671646730571508, 0.9499274089607548], [0.9603929958389669, 0.9670120528044467], [0.9717440806723254, 0.9209339087081017], [0.9775414158447279, 0.9166129326259053], [0.9601006932252322, 0.9649173984335522], [0.9592237853840284, 0.962194318426815], [0.9595160879977631, 0.8750686610240862]]
1.1708, [[0.9737901989684677, 0.9903668772107126], [0.9611237523733033, 0.9085485279602493], [0.9359857275921306, 0.9246899468586828], [0.9595160879977631, 0.8750686610240862], [0.9455342796407932, 0.9085614307731178], [0.9508444437903043, 0.904089139885464], [0.9487496083918732, 0.862045030907866], [0.9191296102001039, 0.8728158005726798], [0.9477752663460912, 0.8955822273875695], [0.9272166491800937, 0.7411600668594154]]
0.7338, [[0.7814063620288351, 0.714187566678714], [0.7701527114000546, 0.7328208279725337], [0.6253265044989618, 0.6612179316949762], [0.2958347247683243, 0.5737511962905717], [0.0, 0.0], [0.0, 0.0], [0.0, 0.0], [0.0, 0.0], [0.0, 0.0], [0.0, 0.0]]
