mean:1.178596,,,,,,,,,,,,,,,,,,,,,,,,,,,,,,
0.288, [[0.1453,0.9807831082491998, 0.9859832839610665], [0.1453,0.9778266633644614, 0.9865017456622935], [0.1453,0.9393928798628612, 0.9613175518408801], [0.1453,0.7413110725853838, 0.8680190435886586], [0.1453,0.7368764052582762, 0.8612971328819297], [0.1453,0.7073119564108916, 0.8359556707575116], [0.1453,0.6947740352818148, 0.8473792848074483], [0.1453,0.7043555115261528, 0.8428561151079138], [0.1453,0.6950424671044295, 0.8462958633093527], [0.1453,0.705833733968522, 0.8396390181972071]]
0.9994, [[0.1453,0.9940871102305228, 0.9959137219636054], [0.1453,0.9955653326728922, 0.9911283855268725], [0.735743526217548,0.9926088877881538, 0.9907813161235718], [0.1453,1.0, 0.9878776449428692], [0.1453,0.9911306653457844, 0.9946401819720693], [0.40680078058713676,0.9231324329967996, 0.9682559246720271], [0.4595940607500427,0.9231324329967996, 0.9663466462124418], [0.1453,1.0, 0.9860581887431229], [0.1453,0.9955653326728922, 0.9872395260262378], [0.1453,0.9852177755763076, 0.9855535336436733]]
1.2157, [[0.1453,0.9940871102305228, 0.9935635844265762], [0.9161689122687928,0.9911306653457844, 0.9957601036817603], [0.4259455964703899,0.9201759881120608, 0.9695153406686414], [0.49179216019005356,0.9231324329967996, 0.9681537240795597], [0.40680078058713676,0.9231324329967996, 0.9682559246720271], [0.4494415068725588,0.927567100323907, 0.968226089716462], [0.1453,0.9807831082491998, 0.9822850190435884], [0.32471013066349896,0.9216542105544304, 0.9675860664409648], [0.1453,0.976348440922092, 0.9816648328396106], [0.1453,0.9467839920747072, 0.9644197524333473]]
1.3219, [[0.79955957916172,0.9970435551152608, 0.9892387854422342], [0.7572089258442253,0.9926088877881538, 0.9931814430808295], [0.1453,0.9866959980186764, 0.9999987304274226], [0.1453,1.0, 0.9860581887431229], [0.9344435092482638,0.9748702184797224, 0.9905526343630975], [0.1453,0.9955653326728922, 0.9911283855268725], [0.1453,0.9926088877881538, 0.9955231696995342], [0.1453,0.9926088877881538, 0.9955231696995342], [0.9161689122687928,0.9911306653457844, 0.9957601036817603], [1.0,0.9896524429034148, 0.9846315065594582]]
1.3115, [[0.1453,0.9911306653457844, 0.994729528142192], [0.7838956388936056,0.9955653326728922, 0.9890512060939481], [1.0,0.9896524429034148, 0.9846315065594582], [0.1453,0.927567100323907, 0.9748064430808293], [0.1453,0.9393928798628612, 0.9734468895471857], [0.1453,0.9453057696323376, 0.9622638595006348], [0.1453,0.9364364349781228, 0.9693418853152772], [0.1453,0.937914657420492, 0.9635269255184088], [0.1453,0.9393928798628612, 0.9613175518408801], [0.1453,0.926088877881538, 0.9689643461701225]]
1.0261, [[0.1453,0.9866959980186764, 0.9999987304274226], [0.7572089258442253,0.9926088877881538, 0.9931814430808295], [0.1453,0.9940871102305228, 0.9935635844265762], [0.4259455964703899,0.9201759881120608, 0.9695153406686414], [0.1453,0.9822613306915684, 0.9835812526449429], [0.1453,0.927567100323907, 0.9748064430808293], [0.1453,0.9393928798628612, 0.9734468895471857], [0.1453,0.9408711023052306, 0.9551264811680067], [0.1453,0.937914657420492, 0.9717132881929749], [0.1453,0.9364364349781228, 0.9693418853152772]]
1.2907, [[0.7572089258442253,0.9926088877881538, 0.9931814430808295], [0.79955957916172,0.9970435551152608, 0.9892387854422342], [0.1453,0.9940871102305228, 0.9935635844265762], [0.9161689122687928,0.9911306653457844, 0.9957601036817603], [0.1453,1.0, 0.9894950804062632], [0.9741835058544069,0.988174220461046, 0.995546498095641], [0.735743526217548,0.9926088877881538, 0.9907813161235718], [0.7838956388936056,0.9955653326728922, 0.9890512060939481], [0.793758119803157,0.9955653326728922, 0.9883567498942023], [0.1453,1.0, 0.9878776449428692]]
1.2838, [[0.1453,1.0, 0.9878776449428692], [0.9741835058544069,0.988174220461046, 0.995546498095641], [0.1453,0.9940871102305228, 0.9959137219636054], [0.1453,1.0, 0.9860581887431229], [0.9344435092482638,0.9748702184797224, 0.9905526343630975], [0.1453,0.9940871102305228, 0.9908463817181548], [0.1453,0.9926088877881538, 0.9955231696995342], [0.40680078058713676,0.9231324329967996, 0.9682559246720271], [0.1453,0.9911306653457844, 0.9946401819720693], [0.1453,0.9807831082491998, 0.9859832839610665]]
1.3207, [[0.79955957916172,0.9970435551152608, 0.9892387854422342], [1.0,0.9896524429034148, 0.9846315065594582], [0.7572089258442253,0.9926088877881538, 0.9931814430808295], [0.9161689122687928,0.9911306653457844, 0.9957601036817603], [0.1453,1.0, 0.9894950804062632], [0.1453,0.9955653326728922, 0.9911283855268725], [0.1453,0.9940871102305228, 0.9959137219636054], [0.7859261496690972,0.9778266633644614, 0.9812061997460853], [0.1453,0.9970435551152608, 0.9892978205670756], [0.1453,0.9940871102305228, 0.9944048349555648]]
1.2901, [[0.79955957916172,0.9970435551152608, 0.9892387854422342], [0.1453,0.9926088877881538, 0.9955231696995342], [0.1453,1.0, 0.9894950804062632], [0.9741835058544069,0.988174220461046, 0.995546498095641], [0.7572089258442253,0.9926088877881538, 0.9931814430808295], [0.1453,0.9940871102305228, 0.9935635844265762], [0.1453,0.9911306653457844, 0.9946401819720693], [0.1453,0.9955653326728922, 0.9872395260262378], [0.9344435092482638,0.9748702184797224, 0.9905526343630975], [0.5994092312913621,0.976348440922092, 0.9876946677951755]]
1.3069, [[0.1453,0.9866959980186764, 0.9999987304274226], [0.1453,1.0, 0.9878776449428692], [1.0,0.9896524429034148, 0.9846315065594582], [0.1453,0.9955653326728922, 0.9911283855268725], [0.1453,0.9911306653457844, 0.9888017350825221], [0.1453,0.9822613306915684, 0.9761894837071519], [0.1453,0.976348440922092, 0.9831673719847651], [0.1453,0.9393928798628612, 0.9734468895471857], [0.1453,0.9453057696323376, 0.9622638595006348], [0.1453,0.9364364349781228, 0.9693418853152772]]
1.3224, [[0.1453,0.9866959980186764, 0.9999987304274226], [0.9161689122687928,0.9911306653457844, 0.9957601036817603], [0.79955957916172,0.9970435551152608, 0.9892387854422342], [0.1453,0.9940871102305228, 0.9959137219636054], [0.9741835058544069,0.988174220461046, 0.995546498095641], [0.735743526217548,0.9926088877881538, 0.9907813161235718], [1.0,0.9896524429034148, 0.9846315065594582], [0.1453,1.0, 0.9894950804062632], [0.1453,0.9911306653457844, 0.9946401819720693], [0.1453,0.9940871102305228, 0.9944048349555648]]
1.2907, [[0.735743526217548,0.9926088877881538, 0.9907813161235718], [0.1453,1.0, 0.9894950804062632], [0.9741835058544069,0.988174220461046, 0.995546498095641], [0.9161689122687928,0.9911306653457844, 0.9957601036817603], [0.1453,0.9940871102305228, 0.9959137219636054], [0.79955957916172,0.9970435551152608, 0.9892387854422342], [0.1453,0.9970435551152608, 0.9892978205670756], [0.1453,1.0, 0.9878776449428692], [0.1453,0.9940871102305228, 0.9944048349555648], [0.793758119803157,0.9955653326728922, 0.9883567498942023]]
1.3054, [[0.1453,1.0, 0.9878776449428692], [0.1453,0.9940871102305228, 0.9944048349555648], [1.0,0.9896524429034148, 0.9846315065594582], [0.1453,0.9822613306915684, 0.9873821942446044], [0.4494415068725588,0.927567100323907, 0.968226089716462], [0.1453,0.9778266633644614, 0.9865017456622935], [0.1453,0.9778266633644614, 0.9844561468472279], [0.1453,0.927567100323907, 0.9766035230639017], [0.1453,0.9393928798628612, 0.9734468895471857], [0.1453,0.9349582125357532, 0.9741524545069826]]
1.3161, [[1.0,0.9896524429034148, 0.9846315065594582], [0.9344435092482638,0.9748702184797224, 0.9905526343630975], [0.793758119803157,0.9955653326728922, 0.9883567498942023], [0.7838956388936056,0.9955653326728922, 0.9890512060939481], [0.1453,1.0, 0.9878776449428692], [0.7572089258442253,0.9926088877881538, 0.9931814430808295], [0.7859261496690972,0.9778266633644614, 0.9812061997460853], [0.1453,0.9955653326728922, 0.9872395260262378], [0.1453,0.9822613306915684, 0.991441969953449], [0.735743526217548,0.9926088877881538, 0.9907813161235718]]
1.317, [[0.793758119803157,0.9955653326728922, 0.9883567498942023], [0.1453,0.9955653326728922, 0.9911283855268725], [0.1453,0.9926088877881538, 0.9955231696995342], [0.1453,1.0, 0.9878776449428692], [0.7572089258442253,0.9926088877881538, 0.9931814430808295], [0.1453,0.9940871102305228, 0.9944048349555648], [0.1453,0.9970435551152608, 0.9892978205670756], [1.0,0.9896524429034148, 0.9846315065594582], [0.1453,0.9866959980186764, 0.9999987304274226], [0.1453,1.0, 0.9860581887431229]]
1.3034, [[1.0,0.9896524429034148, 0.9846315065594582], [0.1453,0.9955653326728922, 0.9911283855268725], [0.4259455964703899,0.9201759881120608, 0.9695153406686414], [0.4494415068725588,0.927567100323907, 0.968226089716462], [0.1453,0.9955653326728922, 0.9872395260262378], [0.1453,0.983739553133938, 0.9852037663986457], [0.1453,0.9822613306915684, 0.9761894837071519], [0.1453,0.9807831082491998, 0.9822850190435884], [0.1453,0.976348440922092, 0.9816648328396106], [0.1453,0.926088877881538, 0.9697348180279306]]
1.0419, [[0.1453,0.9940871102305228, 0.9944048349555648], [0.1453,1.0, 0.9822910495133303], [0.7859261496690972,0.9778266633644614, 0.9812061997460853], [0.1453,0.9911306653457844, 0.9946401819720693], [0.1453,0.9940871102305228, 0.9908463817181548], [0.1453,0.927567100323907, 0.9748064430808293], [0.1453,0.937914657420492, 0.9717132881929749], [0.1453,0.9453057696323376, 0.9660249682606856], [0.1453,0.9246106554391688, 0.9732747037663987], [0.1453,0.9364364349781228, 0.9693418853152772]]
1.3179, [[0.1453,1.0, 0.9894950804062632], [0.1453,0.9955653326728922, 0.9911283855268725], [1.0,0.9896524429034148, 0.9846315065594582], [0.793758119803157,0.9955653326728922, 0.9883567498942023], [0.1453,0.9866959980186764, 0.9999987304274226], [0.9344435092482638,0.9748702184797224, 0.9905526343630975], [0.1453,0.9926088877881538, 0.9955231696995342], [0.7572089258442253,0.9926088877881538, 0.9931814430808295], [0.1453,0.9940871102305228, 0.9944048349555648], [0.735743526217548,0.9926088877881538, 0.9907813161235718]]
1.0749, [[0.79955957916172,0.9970435551152608, 0.9892387854422342], [0.40680078058713676,0.9231324329967996, 0.9682559246720271], [0.4259455964703899,0.9201759881120608, 0.9695153406686414], [0.49179216019005356,0.9231324329967996, 0.9681537240795597], [0.1453,0.9955653326728922, 0.9872395260262378], [0.4595940607500427,0.9231324329967996, 0.9663466462124418], [0.1453,0.9822613306915684, 0.9813641028353788], [0.1453,0.937914657420492, 0.9635269255184088], [0.1453,0.9453057696323376, 0.9622638595006348], [0.1453,0.933479990093384, 0.9773738362251374]]
1.321, [[0.1453,0.9955653326728922, 0.9911283855268725], [0.1453,0.9940871102305228, 0.9959137219636054], [0.1453,0.9970435551152608, 0.9892978205670756], [1.0,0.9896524429034148, 0.9846315065594582], [0.1453,0.9866959980186764, 0.9999987304274226], [0.7572089258442253,0.9926088877881538, 0.9931814430808295], [0.793758119803157,0.9955653326728922, 0.9883567498942023], [0.9741835058544069,0.988174220461046, 0.995546498095641], [0.1453,1.0, 0.9878776449428692], [0.1453,0.9926088877881538, 0.9955231696995342]]
1.2433, [[0.1453,0.9866959980186764, 0.9999987304274226], [0.1453,0.9940871102305228, 0.9959137219636054], [0.9344435092482638,0.9748702184797224, 0.9905526343630975], [0.79955957916172,0.9970435551152608, 0.9892387854422342], [0.7572089258442253,0.9926088877881538, 0.9931814430808295], [0.9161689122687928,0.9911306653457844, 0.9957601036817603], [0.4595940607500427,0.9231324329967996, 0.9663466462124418], [0.4494415068725588,0.927567100323907, 0.968226089716462], [0.1453,0.9822613306915684, 0.991441969953449], [0.1453,0.9807831082491998, 0.978685939483707]]
1.3214, [[1.0,0.9896524429034148, 0.9846315065594582], [0.9741835058544069,0.988174220461046, 0.995546498095641], [0.793758119803157,0.9955653326728922, 0.9883567498942023], [0.9161689122687928,0.9911306653457844, 0.9957601036817603], [0.7572089258442253,0.9926088877881538, 0.9931814430808295], [0.7838956388936056,0.9955653326728922, 0.9890512060939481], [0.1453,0.9866959980186764, 0.9999987304274226], [0.1453,0.9940871102305228, 0.9959137219636054], [0.1453,1.0, 0.9894950804062632], [0.1453,0.9940871102305228, 0.9935635844265762]]
0.6, [[0.1453,0.9940871102305228, 0.9908463817181548], [0.4259455964703899,0.9201759881120608, 0.9695153406686414], [0.1453,0.9911306653457844, 0.9946401819720693], [0.1453,0.9349582125357532, 0.9888033220482435], [0.1453,0.9778266633644614, 0.9844561468472279], [0.1453,0.9467839920747072, 0.9644197524333473], [0.1453,0.9364364349781228, 0.9754145683453238], [0.1453,0.927567100323907, 0.9766035230639017], [0.1453,0.9453057696323376, 0.9660249682606856], [0.1453,0.9364364349781228, 0.9681202391028352]]
1.0801, [[0.1453,1.0, 0.9878776449428692], [0.1453,0.9940871102305228, 0.9959137219636054], [0.1453,0.9970435551152608, 0.9892978205670756], [0.7572089258442253,0.9926088877881538, 0.9931814430808295], [0.1453,0.9955653326728922, 0.9911283855268725], [0.79955957916172,0.9970435551152608, 0.9892387854422342], [0.1453,1.0, 0.9860581887431229], [0.1453,0.9926088877881538, 0.9955231696995342], [0.1453,0.9940871102305228, 0.9935635844265762], [0.735743526217548,0.9926088877881538, 0.9907813161235718]]
1.2907, [[0.1453,0.9940871102305228, 0.9959137219636054], [0.9161689122687928,0.9911306653457844, 0.9957601036817603], [0.735743526217548,0.9926088877881538, 0.9907813161235718], [0.79955957916172,0.9970435551152608, 0.9892387854422342], [0.9741835058544069,0.988174220461046, 0.995546498095641], [0.1453,1.0, 0.9894950804062632], [0.1453,0.9940871102305228, 0.9944048349555648], [0.1453,0.9911306653457844, 0.994729528142192], [0.7838956388936056,0.9955653326728922, 0.9890512060939481], [0.1453,1.0, 0.9878776449428692]]
1.3206, [[0.1453,1.0, 0.9878776449428692], [0.9161689122687928,0.9911306653457844, 0.9957601036817603], [1.0,0.9896524429034148, 0.9846315065594582], [0.1453,0.9940871102305228, 0.9959137219636054], [0.1453,0.9955653326728922, 0.9911283855268725], [0.1453,0.9866959980186764, 0.9999987304274226], [0.7572089258442253,0.9926088877881538, 0.9931814430808295], [0.7838956388936056,0.9955653326728922, 0.9890512060939481], [0.1453,0.9926088877881538, 0.9955231696995342], [0.1453,0.9940871102305228, 0.9935635844265762]]
1.283, [[0.1453,0.9911306653457844, 0.994729528142192], [0.1453,0.9970435551152608, 0.9892978205670756], [0.9741835058544069,0.988174220461046, 0.995546498095641], [0.1453,0.9940871102305228, 0.9944048349555648], [0.1453,0.9911306653457844, 0.9946401819720693], [0.1453,0.9940871102305228, 0.9935635844265762], [0.1453,0.9940871102305228, 0.9908463817181548], [0.1453,0.927567100323907, 0.9766035230639017], [0.1453,0.9453057696323376, 0.9660249682606856], [0.1453,0.932001767651015, 0.9753450592467202]]
1.3198, [[1.0,0.9896524429034148, 0.9846315065594582], [0.1453,0.9911306653457844, 0.994729528142192], [0.1453,1.0, 0.9894950804062632], [0.9741835058544069,0.988174220461046, 0.995546498095641], [0.735743526217548,0.9926088877881538, 0.9907813161235718], [0.793758119803157,0.9955653326728922, 0.9883567498942023], [0.1453,0.9955653326728922, 0.9911283855268725], [0.7838956388936056,0.9955653326728922, 0.9890512060939481], [0.1453,0.9970435551152608, 0.9892978205670756], [0.5994092312913621,0.976348440922092, 0.9876946677951755]]
1.3157, [[0.1453,0.9940871102305228, 0.9959137219636054], [0.1453,0.9955653326728922, 0.9911283855268725], [0.9344435092482638,0.9748702184797224, 0.9905526343630975], [0.1453,1.0, 0.9878776449428692], [0.7572089258442253,0.9926088877881538, 0.9931814430808295], [1.0,0.9896524429034148, 0.9846315065594582], [0.1453,0.9866959980186764, 0.9999987304274226], [0.735743526217548,0.9926088877881538, 0.9907813161235718], [0.1453,0.9955653326728922, 0.9872395260262378], [0.1453,1.0, 0.9860581887431229]]
1.3128, [[0.735743526217548,0.9926088877881538, 0.9907813161235718], [1.0,0.9896524429034148, 0.9846315065594582], [0.1453,0.9955653326728922, 0.9911283855268725], [0.1453,0.9866959980186764, 0.9999987304274226], [0.1453,0.9940871102305228, 0.9944048349555648], [0.1453,0.9970435551152608, 0.9892978205670756], [0.1453,1.0, 0.9878776449428692], [0.1453,0.9940871102305228, 0.9935635844265762], [0.1453,0.9393928798628612, 0.9734468895471857], [0.1453,0.927567100323907, 0.9766035230639017]]
1.3224, [[0.9161689122687928,0.9911306653457844, 0.9957601036817603], [0.9741835058544069,0.988174220461046, 0.995546498095641], [0.1453,0.9866959980186764, 0.9999987304274226], [0.1453,0.9940871102305228, 0.9959137219636054], [0.735743526217548,0.9926088877881538, 0.9907813161235718], [0.79955957916172,0.9970435551152608, 0.9892387854422342], [0.1453,1.0, 0.9894950804062632], [0.1453,0.9955653326728922, 0.9911283855268725], [1.0,0.9896524429034148, 0.9846315065594582], [0.1453,0.9926088877881538, 0.9955231696995342]]
1.2216, [[0.1453,0.9940871102305228, 0.9959137219636054], [0.9161689122687928,0.9911306653457844, 0.9957601036817603], [0.79955957916172,0.9970435551152608, 0.9892387854422342], [0.735743526217548,0.9926088877881538, 0.9907813161235718], [0.1453,1.0, 0.9894950804062632], [0.1453,0.9940871102305228, 0.9908463817181548], [0.1453,0.9911306653457844, 0.9946401819720693], [0.7838956388936056,0.9955653326728922, 0.9890512060939481], [0.1453,1.0, 0.9878776449428692], [0.1453,1.0, 0.9860581887431229]]
1.3219, [[0.1453,0.9866959980186764, 0.9999987304274226], [0.1453,0.9940871102305228, 0.9959137219636054], [0.79955957916172,0.9970435551152608, 0.9892387854422342], [0.9161689122687928,0.9911306653457844, 0.9957601036817603], [1.0,0.9896524429034148, 0.9846315065594582], [0.735743526217548,0.9926088877881538, 0.9907813161235718], [0.1453,0.9955653326728922, 0.9911283855268725], [0.9344435092482638,0.9748702184797224, 0.9905526343630975], [0.1453,1.0, 0.9894950804062632], [0.1453,0.9970435551152608, 0.9892978205670756]]
1.3224, [[0.1453,0.9940871102305228, 0.9959137219636054], [1.0,0.9896524429034148, 0.9846315065594582], [0.9741835058544069,0.988174220461046, 0.995546498095641], [0.9161689122687928,0.9911306653457844, 0.9957601036817603], [0.1453,1.0, 0.9878776449428692], [0.1453,0.9866959980186764, 0.9999987304274226], [0.79955957916172,0.9970435551152608, 0.9892387854422342], [0.7572089258442253,0.9926088877881538, 0.9931814430808295], [0.1453,0.9940871102305228, 0.9944048349555648], [0.9344435092482638,0.9748702184797224, 0.9905526343630975]]
1.321, [[0.1453,1.0, 0.9878776449428692], [0.7572089258442253,0.9926088877881538, 0.9931814430808295], [1.0,0.9896524429034148, 0.9846315065594582], [0.1453,0.9940871102305228, 0.9959137219636054], [0.1453,0.9866959980186764, 0.9999987304274226], [0.793758119803157,0.9955653326728922, 0.9883567498942023], [0.9741835058544069,0.988174220461046, 0.995546498095641], [0.1453,0.9955653326728922, 0.9872395260262378], [0.1453,0.9940871102305228, 0.9944048349555648], [0.1453,1.0, 0.9860581887431229]]
1.3221, [[1.0,0.9896524429034148, 0.9846315065594582], [0.9741835058544069,0.988174220461046, 0.995546498095641], [0.1453,0.9866959980186764, 0.9999987304274226], [0.1453,0.9955653326728922, 0.9911283855268725], [0.1453,0.9940871102305228, 0.9959137219636054], [0.79955957916172,0.9970435551152608, 0.9892387854422342], [0.1453,1.0, 0.9878776449428692], [0.735743526217548,0.9926088877881538, 0.9907813161235718], [0.7838956388936056,0.9955653326728922, 0.9890512060939481], [0.1453,0.9926088877881538, 0.9955231696995342]]
1.3224, [[0.1453,0.9940871102305228, 0.9944048349555648], [1.0,0.9896524429034148, 0.9846315065594582], [0.9741835058544069,0.988174220461046, 0.995546498095641], [0.1453,0.9955653326728922, 0.9911283855268725], [0.7572089258442253,0.9926088877881538, 0.9931814430808295], [0.79955957916172,0.9970435551152608, 0.9892387854422342], [0.9161689122687928,0.9911306653457844, 0.9957601036817603], [0.1453,1.0, 0.9894950804062632], [0.1453,0.9926088877881538, 0.9955231696995342], [0.1453,0.9866959980186764, 0.9999987304274226]]
1.2907, [[0.1453,0.9940871102305228, 0.9959137219636054], [0.793758119803157,0.9955653326728922, 0.9883567498942023], [0.9741835058544069,0.988174220461046, 0.995546498095641], [0.9161689122687928,0.9911306653457844, 0.9957601036817603], [0.1453,1.0, 0.9894950804062632], [0.1453,0.9866959980186764, 0.9999987304274226], [0.1453,0.9940871102305228, 0.9908463817181548], [0.7142781265908708,0.971913773594984, 0.984605480321625], [0.1453,0.9970435551152608, 0.9892978205670756], [0.1453,1.0, 0.9878776449428692]]
0.9969, [[0.1453,0.9955653326728922, 0.9911283855268725], [0.735743526217548,0.9926088877881538, 0.9907813161235718], [0.1453,0.9349582125357532, 0.9741524545069826], [0.1453,0.932001767651015, 0.9753450592467202], [0.1453,0.9393928798628612, 0.9575197841726618], [0.1453,0.9231324329967996, 0.9700080935251797], [0.1453,0.9305235452086458, 0.9662811045281422], [0.1453,0.926088877881538, 0.965450486669488], [0.1453,0.7339199603735376, 0.8667631189166315], [0.1453,0.7398328501430146, 0.8593180279305966]]
0.2883, [[0.1453,0.9778266633644614, 0.9904597968683876], [0.1453,0.9231324329967996, 0.9749054697418535], [0.1453,0.9423493247475994, 0.9594481062209055], [0.1453,0.937914657420492, 0.9611694879390604], [0.1453,0.927567100323907, 0.9748064430808293], [0.1453,0.9423493247475994, 0.9584367329665677], [0.1453,0.9246106554391688, 0.9732747037663987], [0.1453,0.6953108989270441, 0.8335161870503598], [0.13396748598957822,0.5373420134130413, 0.21880060681916272], [0.12907327696391702,0.5369293565704083, 0.2176021398359948]]
1.0785, [[0.1453,0.9940871102305228, 0.9959137219636054], [0.79955957916172,0.9970435551152608, 0.9892387854422342], [0.1453,1.0, 0.9894950804062632], [0.735743526217548,0.9926088877881538, 0.9907813161235718], [0.1453,0.9911306653457844, 0.994729528142192], [0.1453,1.0, 0.9878776449428692], [0.7142781265908708,0.971913773594984, 0.984605480321625], [0.1453,1.0, 0.9860581887431229], [0.1453,0.9911306653457844, 0.9946401819720693], [0.49179216019005356,0.9231324329967996, 0.9681537240795597]]
1.2907, [[0.9161689122687928,0.9911306653457844, 0.9957601036817603], [0.79955957916172,0.9970435551152608, 0.9892387854422342], [0.1453,0.9940871102305228, 0.9959137219636054], [0.1453,1.0, 0.9894950804062632], [0.9741835058544069,0.988174220461046, 0.995546498095641], [0.735743526217548,0.9926088877881538, 0.9907813161235718], [0.7838956388936056,0.9955653326728922, 0.9890512060939481], [0.1453,1.0, 0.9860581887431229], [0.1453,0.9778266633644614, 0.9904597968683876], [0.1453,0.9349582125357532, 0.9888033220482435]]
0.293, [[0.1453,0.9911306653457844, 0.994729528142192], [0.1453,0.983739553133938, 0.9832624312314853], [0.1453,0.9793048858068304, 0.9908217837494708], [0.1453,0.9807831082491998, 0.9822850190435884], [0.1453,0.9305235452086458, 0.9713676470588235], [0.1453,0.9290453227662766, 0.96749656157427], [0.1453,0.7413110725853838, 0.8680190435886586], [0.1453,0.7398328501430146, 0.8593180279305966], [0.1453,0.7383546277006454, 0.8662817922132883], [0.1453,0.7339199603735376, 0.8667631189166315]]
1.0775, [[0.1453,1.0, 0.9878776449428692], [0.1453,0.9940871102305228, 0.9959137219636054], [0.79955957916172,0.9970435551152608, 0.9892387854422342], [0.1453,1.0, 0.9860581887431229], [0.1453,0.9940871102305228, 0.9935635844265762], [0.1453,0.9911306653457844, 0.9946401819720693], [0.7859261496690972,0.9778266633644614, 0.9812061997460853], [0.7838956388936056,0.9955653326728922, 0.9890512060939481], [0.1453,0.9852177755763076, 0.9855535336436733], [0.1453,0.9822613306915684, 0.9873821942446044]]
0.6586, [[0.1453,0.9423493247475994, 0.9659226089716462], [0.1453,0.937914657420492, 0.9717132881929749], [0.1453,0.9349582125357532, 0.9888033220482435], [0.40680078058713676,0.9231324329967996, 0.9682559246720271], [0.1453,0.9467839920747072, 0.9644197524333473], [0.49179216019005356,0.9231324329967996, 0.9681537240795597], [0.4259455964703899,0.9201759881120608, 0.9695153406686414], [0.4259455964703899,0.9201759881120608, 0.9695153406686414], [0.4259455964703899,0.9201759881120608, 0.9695153406686414], [0.1453,0.9305235452086458, 0.9677777719001268]]
1.2227, [[0.1453,1.0, 0.9894950804062632], [0.1453,0.9866959980186764, 0.9999987304274226], [0.1453,0.9955653326728922, 0.9911283855268725], [0.79955957916172,0.9970435551152608, 0.9892387854422342], [0.1453,0.9940871102305228, 0.9959137219636054], [0.9161689122687928,0.9911306653457844, 0.9957601036817603], [0.7572089258442253,0.9926088877881538, 0.9931814430808295], [0.1453,0.9940871102305228, 0.9935635844265762], [0.1453,0.9926088877881538, 0.9955231696995342], [0.735743526217548,0.9926088877881538, 0.9907813161235718]]
1.3214, [[0.7838956388936056,0.9955653326728922, 0.9890512060939481], [0.793758119803157,0.9955653326728922, 0.9883567498942023], [0.1453,0.9940871102305228, 0.9959137219636054], [0.1453,1.0, 0.9894950804062632], [0.9161689122687928,0.9911306653457844, 0.9957601036817603], [0.9741835058544069,0.988174220461046, 0.995546498095641], [0.735743526217548,0.9926088877881538, 0.9907813161235718], [0.1453,0.9955653326728922, 0.9911283855268725], [0.1453,0.9866959980186764, 0.9999987304274226], [1.0,0.9896524429034148, 0.9846315065594582]]
1.2918, [[0.1453,0.9940871102305228, 0.9944048349555648], [0.1453,1.0, 0.9894950804062632], [0.1453,0.9866959980186764, 0.9999987304274226], [0.79955957916172,0.9970435551152608, 0.9892387854422342], [0.9161689122687928,0.9911306653457844, 0.9957601036817603], [0.735743526217548,0.9926088877881538, 0.9907813161235718], [0.9741835058544069,0.988174220461046, 0.995546498095641], [0.1453,0.9822613306915684, 0.9873821942446044], [0.1453,0.9793048858068304, 0.9908217837494708], [0.1453,1.0, 0.9822910495133303]]
1.316, [[0.79955957916172,0.9970435551152608, 0.9892387854422342], [0.1453,0.9911306653457844, 0.994729528142192], [0.1453,1.0, 0.9894950804062632], [1.0,0.9896524429034148, 0.9846315065594582], [0.735743526217548,0.9926088877881538, 0.9907813161235718], [0.1453,0.9955653326728922, 0.9911283855268725], [0.9344435092482638,0.9748702184797224, 0.9905526343630975], [0.1453,0.9911306653457844, 0.9946401819720693], [0.1453,1.0, 0.9878776449428692], [0.1453,0.9940871102305228, 0.9908463817181548]]
0.2879, [[0.1453,0.9807831082491998, 0.9859832839610665], [0.1453,0.9393928798628612, 0.9734468895471857], [0.1453,0.9364364349781228, 0.9700034913245873], [0.1453,0.9349582125357532, 0.9660944773592889], [0.1453,0.926088877881538, 0.965450486669488], [0.1453,0.7339199603735376, 0.8627074693186628], [0.1453,0.7353981828159067, 0.8612795175624208], [0.1453,0.6984426217566758, 0.8441150550148118], [0.1453,0.6950424671044295, 0.8464685251798562], [0.1453,0.6947740352818148, 0.8489107067287348]]
1.2907, [[0.9161689122687928,0.9911306653457844, 0.9957601036817603], [0.735743526217548,0.9926088877881538, 0.9907813161235718], [0.9741835058544069,0.988174220461046, 0.995546498095641], [0.79955957916172,0.9970435551152608, 0.9892387854422342], [0.1453,1.0, 0.9894950804062632], [0.1453,0.9940871102305228, 0.9959137219636054], [0.7838956388936056,0.9955653326728922, 0.9890512060939481], [0.1453,1.0, 0.9878776449428692], [0.1453,0.9940871102305228, 0.9908463817181548], [0.1453,0.9911306653457844, 0.994729528142192]]
1.3036, [[0.1453,0.9940871102305228, 0.9935635844265762], [1.0,0.9896524429034148, 0.9846315065594582], [0.1453,0.9778266633644614, 0.9904597968683876], [0.32471013066349896,0.9216542105544304, 0.9675860664409648], [0.4595940607500427,0.9231324329967996, 0.9663466462124418], [0.1453,0.9822613306915684, 0.9813641028353788], [0.1453,0.9822613306915684, 0.9761894837071519], [0.1453,0.9453057696323376, 0.9622638595006348], [0.1453,0.932001767651015, 0.9658505607278882], [0.1453,0.932001767651015, 0.9600008463817181]]
1.3197, [[0.9741835058544069,0.988174220461046, 0.995546498095641], [0.1453,0.9955653326728922, 0.9911283855268725], [0.1453,0.9911306653457844, 0.994729528142192], [0.7838956388936056,0.9955653326728922, 0.9890512060939481], [0.735743526217548,0.9926088877881538, 0.9907813161235718], [1.0,0.9896524429034148, 0.9846315065594582], [0.1453,0.9940871102305228, 0.9944048349555648], [0.1453,1.0, 0.9894950804062632], [0.1453,1.0, 0.9894950804062632], [0.1453,0.9970435551152608, 0.9892978205670756]]
1.3199, [[0.1453,0.9940871102305228, 0.9959137219636054], [0.9161689122687928,0.9911306653457844, 0.9957601036817603], [1.0,0.9896524429034148, 0.9846315065594582], [0.79955957916172,0.9970435551152608, 0.9892387854422342], [0.1453,0.9970435551152608, 0.9892978205670756], [0.7572089258442253,0.9926088877881538, 0.9931814430808295], [0.1453,0.9940871102305228, 0.9935635844265762], [0.1453,0.9911306653457844, 0.994729528142192], [0.793758119803157,0.9955653326728922, 0.9883567498942023], [0.735743526217548,0.9926088877881538, 0.9907813161235718]]
1.3213, [[0.9741835058544069,0.988174220461046, 0.995546498095641], [0.735743526217548,0.9926088877881538, 0.9907813161235718], [0.1453,0.9940871102305228, 0.9959137219636054], [0.9161689122687928,0.9911306653457844, 0.9957601036817603], [0.1453,1.0, 0.9894950804062632], [0.79955957916172,0.9970435551152608, 0.9892387854422342], [1.0,0.9896524429034148, 0.9846315065594582], [0.1453,1.0, 0.9860581887431229], [0.1453,0.9940871102305228, 0.9944048349555648], [0.1453,0.9911306653457844, 0.994729528142192]]
0.579, [[0.1453,0.9955653326728922, 0.9872395260262378], [0.1453,0.9940871102305228, 0.9908463817181548], [0.40680078058713676,0.9231324329967996, 0.9682559246720271], [0.1453,0.9822613306915684, 0.9835812526449429], [0.1453,0.9778266633644614, 0.9868192975031738], [0.1453,0.9822613306915684, 0.9761894837071519], [0.1453,0.9778266633644614, 0.9865017456622935], [0.1453,0.9393928798628612, 0.9734468895471857], [0.1453,0.9408711023052306, 0.9551264811680067], [0.1453,0.927567100323907, 0.9766035230639017]]
1.321, [[0.1453,0.9926088877881538, 0.9955231696995342], [0.1453,1.0, 0.9894950804062632], [1.0,0.9896524429034148, 0.9846315065594582], [0.9741835058544069,0.988174220461046, 0.995546498095641], [0.1453,0.9866959980186764, 0.9999987304274226], [0.1453,0.9955653326728922, 0.9911283855268725], [0.1453,0.9940871102305228, 0.9944048349555648], [0.7838956388936056,0.9955653326728922, 0.9890512060939481], [0.793758119803157,0.9955653326728922, 0.9883567498942023], [0.7572089258442253,0.9926088877881538, 0.9931814430808295]]
1.2383, [[0.1453,1.0, 0.9860581887431229], [0.9344435092482638,0.9748702184797224, 0.9905526343630975], [0.7572089258442253,0.9926088877881538, 0.9931814430808295], [0.79955957916172,0.9970435551152608, 0.9892387854422342], [0.1453,0.9940871102305228, 0.9959137219636054], [0.735743526217548,0.9926088877881538, 0.9907813161235718], [0.7838956388936056,0.9955653326728922, 0.9890512060939481], [0.793758119803157,0.9955653326728922, 0.9883567498942023], [0.1453,0.9926088877881538, 0.9955231696995342], [0.1453,0.9911306653457844, 0.994729528142192]]
1.2365, [[0.9344435092482638,0.9748702184797224, 0.9905526343630975], [0.79955957916172,0.9970435551152608, 0.9892387854422342], [0.1453,1.0, 0.9860581887431229], [0.1453,0.9940871102305228, 0.9959137219636054], [0.4259455964703899,0.9201759881120608, 0.9695153406686414], [0.49179216019005356,0.9231324329967996, 0.9681537240795597], [0.1453,0.9926088877881538, 0.9955231696995342], [0.1453,0.983739553133938, 0.9832624312314853], [0.1453,0.9807831082491998, 0.9859832839610665], [0.1453,0.9793048858068304, 0.9908217837494708]]
1.3224, [[0.9741835058544069,0.988174220461046, 0.995546498095641], [0.1453,1.0, 0.9894950804062632], [0.1453,1.0, 0.9894950804062632], [1.0,0.9896524429034148, 0.9846315065594582], [0.1453,0.9866959980186764, 0.9999987304274226], [0.9161689122687928,0.9911306653457844, 0.9957601036817603], [0.735743526217548,0.9926088877881538, 0.9907813161235718], [0.79955957916172,0.9970435551152608, 0.9892387854422342], [0.1453,0.9940871102305228, 0.9959137219636054], [0.1453,0.9940871102305228, 0.9908463817181548]]
1.2907, [[0.9161689122687928,0.9911306653457844, 0.9957601036817603], [0.735743526217548,0.9926088877881538, 0.9907813161235718], [0.1453,1.0, 0.9894950804062632], [0.9741835058544069,0.988174220461046, 0.995546498095641], [0.1453,0.9940871102305228, 0.9959137219636054], [0.79955957916172,0.9970435551152608, 0.9892387854422342], [0.1453,1.0, 0.9860581887431229], [0.1453,0.9940871102305228, 0.9908463817181548], [0.1453,0.9911306653457844, 0.994729528142192], [0.7838956388936056,0.9955653326728922, 0.9890512060939481]]
1.3221, [[0.735743526217548,0.9926088877881538, 0.9907813161235718], [0.1453,0.9866959980186764, 0.9999987304274226], [0.1453,0.9940871102305228, 0.9944048349555648], [0.1453,0.9926088877881538, 0.9955231696995342], [0.9741835058544069,0.988174220461046, 0.995546498095641], [1.0,0.9896524429034148, 0.9846315065594582], [0.1453,1.0, 0.9894950804062632], [0.1453,0.9955653326728922, 0.9911283855268725], [0.79955957916172,0.9970435551152608, 0.9892387854422342], [0.7838956388936056,0.9955653326728922, 0.9890512060939481]]
1.3224, [[0.79955957916172,0.9970435551152608, 0.9892387854422342], [0.735743526217548,0.9926088877881538, 0.9907813161235718], [0.1453,0.9940871102305228, 0.9959137219636054], [0.1453,1.0, 0.9894950804062632], [0.9161689122687928,0.9911306653457844, 0.9957601036817603], [0.9161689122687928,0.9911306653457844, 0.9957601036817603], [0.9741835058544069,0.988174220461046, 0.995546498095641], [0.1453,0.9866959980186764, 0.9999987304274226], [1.0,0.9896524429034148, 0.9846315065594582], [0.1453,0.9940871102305228, 0.9935635844265762]]
0.2857, [[0.1453,0.9822613306915684, 0.9761894837071519], [0.1453,0.9216542105544304, 0.9673283432077866], [0.1453,0.9349582125357532, 0.9656799619128227], [0.1453,0.933479990093384, 0.9615949534490055], [0.1108985210084033,0.1309374187000064, 0.11690617915590006], [0.09397428571428565,0.1463418209000068, 0.128675077133268], [0.01873532324232566,0.1444162706250069, 0.12905678781668597], [0.09865731092436979,0.1482673711750068, 0.12754902153316106], [0.06450389915966383,0.1598206728250078, 0.11914684448602568], [0.06387223529411763,0.1598206728250078, 0.1213881154177433]]
1.3161, [[0.9741835058544069,0.988174220461046, 0.995546498095641], [0.9161689122687928,0.9911306653457844, 0.9957601036817603], [1.0,0.9896524429034148, 0.9846315065594582], [0.7572089258442253,0.9926088877881538, 0.9931814430808295], [0.40680078058713676,0.9231324329967996, 0.9682559246720271], [0.4259455964703899,0.9201759881120608, 0.9695153406686414], [0.1453,0.9778266633644614, 0.9904597968683876], [0.1453,0.9349582125357532, 0.9888033220482435], [0.1453,0.9778266633644614, 0.9844561468472279], [0.1453,0.9467839920747072, 0.9644197524333473]]
1.321, [[0.9741835058544069,0.988174220461046, 0.995546498095641], [0.1453,0.9926088877881538, 0.9955231696995342], [0.1453,0.9866959980186764, 0.9999987304274226], [1.0,0.9896524429034148, 0.9846315065594582], [0.1453,0.9940871102305228, 0.9944048349555648], [0.793758119803157,0.9955653326728922, 0.9883567498942023], [0.1453,0.9955653326728922, 0.9911283855268725], [0.1453,1.0, 0.9822910495133303], [0.1453,0.9970435551152608, 0.9892978205670756], [0.7572089258442253,0.9926088877881538, 0.9931814430808295]]
1.0441, [[0.1453,0.9955653326728922, 0.9911283855268725], [0.7859261496690972,0.9778266633644614, 0.9812061997460853], [0.5994092312913621,0.976348440922092, 0.9876946677951755], [0.1453,1.0, 0.9822910495133303], [0.1453,0.9778266633644614, 0.9865017456622935], [0.1453,0.9822613306915684, 0.9761894837071519], [0.1453,0.9364364349781228, 0.9700034913245873], [0.1453,0.9393928798628612, 0.9622689377909436], [0.1453,0.937914657420492, 0.9635269255184088], [0.1453,0.933479990093384, 0.9714696889547186]]
1.3187, [[0.1453,0.9940871102305228, 0.9944048349555648], [0.1453,1.0, 0.9894950804062632], [0.9741835058544069,0.988174220461046, 0.995546498095641], [0.735743526217548,0.9926088877881538, 0.9907813161235718], [0.1453,0.9911306653457844, 0.994729528142192], [0.1453,0.9866959980186764, 0.9999987304274226], [1.0,0.9896524429034148, 0.9846315065594582], [0.4494415068725588,0.927567100323907, 0.968226089716462], [0.1453,0.9970435551152608, 0.9892978205670756], [0.1453,0.9911306653457844, 0.9946401819720693]]
0.638, [[0.1453,0.9911306653457844, 0.994729528142192], [0.1453,0.9955653326728922, 0.9872395260262378], [0.4259455964703899,0.9201759881120608, 0.9695153406686414], [0.4595940607500427,0.9231324329967996, 0.9663466462124418], [0.1453,0.9911306653457844, 0.9946401819720693], [0.1453,0.9349582125357532, 0.9888033220482435], [0.1453,0.9453057696323376, 0.9660249682606856], [0.1453,0.9364364349781228, 0.9700034913245873], [0.1453,0.927567100323907, 0.9766035230639017], [0.1453,0.9423493247475994, 0.9659226089716462]]
1.3208, [[0.1453,0.9866959980186764, 0.9999987304274226], [0.9344435092482638,0.9748702184797224, 0.9905526343630975], [0.1453,0.9926088877881538, 0.9955231696995342], [0.793758119803157,0.9955653326728922, 0.9883567498942023], [0.1453,0.9970435551152608, 0.9892978205670756], [0.7572089258442253,0.9926088877881538, 0.9931814430808295], [0.9161689122687928,0.9911306653457844, 0.9957601036817603], [1.0,0.9896524429034148, 0.9846315065594582], [0.1453,1.0, 0.9860581887431229], [0.1453,0.9955653326728922, 0.9911283855268725]]
1.3224, [[0.735743526217548,0.9926088877881538, 0.9907813161235718], [1.0,0.9896524429034148, 0.9846315065594582], [0.1453,1.0, 0.9894950804062632], [0.1453,0.9940871102305228, 0.9959137219636054], [0.1453,0.9866959980186764, 0.9999987304274226], [0.9741835058544069,0.988174220461046, 0.995546498095641], [0.9161689122687928,0.9911306653457844, 0.9957601036817603], [0.79955957916172,0.9970435551152608, 0.9892387854422342], [0.1453,0.9955653326728922, 0.9911283855268725], [0.1453,0.9911306653457844, 0.9946401819720693]]
1.2907, [[0.1453,1.0, 0.9894950804062632], [0.9741835058544069,0.988174220461046, 0.995546498095641], [0.735743526217548,0.9926088877881538, 0.9907813161235718], [0.9161689122687928,0.9911306653457844, 0.9957601036817603], [0.1453,0.9940871102305228, 0.9959137219636054], [0.79955957916172,0.9970435551152608, 0.9892387854422342], [0.1453,1.0, 0.9878776449428692], [0.1453,0.9940871102305228, 0.9908463817181548], [0.1453,0.9911306653457844, 0.994729528142192], [0.7838956388936056,0.9955653326728922, 0.9890512060939481]]
1.2902, [[0.79955957916172,0.9970435551152608, 0.9892387854422342], [0.1453,1.0, 0.9894950804062632], [0.9741835058544069,0.988174220461046, 0.995546498095641], [0.735743526217548,0.9926088877881538, 0.9907813161235718], [0.1453,0.9940871102305228, 0.9959137219636054], [0.1453,0.9955653326728922, 0.9911283855268725], [0.1453,0.9911306653457844, 0.994729528142192], [0.1453,0.9970435551152608, 0.9892978205670756], [0.793758119803157,0.9955653326728922, 0.9883567498942023], [0.1453,1.0, 0.9878776449428692]]
1.3197, [[0.793758119803157,0.9955653326728922, 0.9883567498942023], [1.0,0.9896524429034148, 0.9846315065594582], [0.7572089258442253,0.9926088877881538, 0.9931814430808295], [0.9344435092482638,0.9748702184797224, 0.9905526343630975], [0.9161689122687928,0.9911306653457844, 0.9957601036817603], [0.1453,0.9955653326728922, 0.9911283855268725], [0.1453,0.9940871102305228, 0.9959137219636054], [0.1453,1.0, 0.9878776449428692], [0.5994092312913621,0.976348440922092, 0.9876946677951755], [0.1453,1.0, 0.9860581887431229]]
0.9971, [[0.1453,0.9911306653457844, 0.994729528142192], [0.735743526217548,0.9926088877881538, 0.9907813161235718], [0.1453,0.9911306653457844, 0.9946401819720693], [0.49179216019005356,0.9231324329967996, 0.9681537240795597], [0.4494415068725588,0.927567100323907, 0.968226089716462], [0.1453,0.9453057696323376, 0.9660249682606856], [0.1453,0.9467839920747072, 0.9644197524333473], [0.1453,0.9349582125357532, 0.9888033220482435], [0.1453,0.9364364349781228, 0.9681202391028352], [0.32471013066349896,0.9216542105544304, 0.9675860664409648]]
1.3214, [[0.9161689122687928,0.9911306653457844, 0.9957601036817603], [0.1453,0.9940871102305228, 0.9944048349555648], [0.793758119803157,0.9955653326728922, 0.9883567498942023], [0.1453,1.0, 0.9894950804062632], [0.9741835058544069,0.988174220461046, 0.995546498095641], [0.1453,0.9955653326728922, 0.9911283855268725], [1.0,0.9896524429034148, 0.9846315065594582], [0.1453,0.9866959980186764, 0.9999987304274226], [0.1453,0.9926088877881538, 0.9955231696995342], [0.7572089258442253,0.9926088877881538, 0.9931814430808295]]
1.3224, [[0.1453,0.9940871102305228, 0.9959137219636054], [0.1453,0.9940871102305228, 0.9959137219636054], [0.9161689122687928,0.9911306653457844, 0.9957601036817603], [1.0,0.9896524429034148, 0.9846315065594582], [0.1453,1.0, 0.9894950804062632], [0.79955957916172,0.9970435551152608, 0.9892387854422342], [0.1453,0.9955653326728922, 0.9911283855268725], [0.7572089258442253,0.9926088877881538, 0.9931814430808295], [0.1453,0.9866959980186764, 0.9999987304274226], [0.9741835058544069,0.988174220461046, 0.995546498095641]]
1.3224, [[0.9741835058544069,0.988174220461046, 0.995546498095641], [0.79955957916172,0.9970435551152608, 0.9892387854422342], [0.9161689122687928,0.9911306653457844, 0.9957601036817603], [0.1453,0.9940871102305228, 0.9959137219636054], [0.1453,1.0, 0.9894950804062632], [1.0,0.9896524429034148, 0.9846315065594582], [0.1453,0.9866959980186764, 0.9999987304274226], [0.7572089258442253,0.9926088877881538, 0.9931814430808295], [0.7838956388936056,0.9955653326728922, 0.9890512060939481], [0.1453,0.9926088877881538, 0.9955231696995342]]
1.3213, [[1.0,0.9896524429034148, 0.9846315065594582], [0.1453,0.9955653326728922, 0.9911283855268725], [0.735743526217548,0.9926088877881538, 0.9907813161235718], [0.1453,1.0, 0.9894950804062632], [0.9741835058544069,0.988174220461046, 0.995546498095641], [0.79955957916172,0.9970435551152608, 0.9892387854422342], [0.9161689122687928,0.9911306653457844, 0.9957601036817603], [0.1453,0.9940871102305228, 0.9959137219636054], [0.1453,0.9911306653457844, 0.9946401819720693], [0.7838956388936056,0.9955653326728922, 0.9890512060939481]]
1.3224, [[0.1453,0.9866959980186764, 0.9999987304274226], [0.1453,0.9926088877881538, 0.9955231696995342], [0.1453,0.9955653326728922, 0.9911283855268725], [0.79955957916172,0.9970435551152608, 0.9892387854422342], [0.7572089258442253,0.9926088877881538, 0.9931814430808295], [0.9741835058544069,0.988174220461046, 0.995546498095641], [1.0,0.9896524429034148, 0.9846315065594582], [0.1453,0.9940871102305228, 0.9944048349555648], [0.1453,1.0, 0.9894950804062632], [0.9161689122687928,0.9911306653457844, 0.9957601036817603]]
1.321, [[0.1453,0.9866959980186764, 0.9999987304274226], [0.7572089258442253,0.9926088877881538, 0.9931814430808295], [0.793758119803157,0.9955653326728922, 0.9883567498942023], [0.1453,0.9955653326728922, 0.9911283855268725], [0.7838956388936056,0.9955653326728922, 0.9890512060939481], [1.0,0.9896524429034148, 0.9846315065594582], [0.9741835058544069,0.988174220461046, 0.995546498095641], [0.1453,1.0, 0.9894950804062632], [0.1453,0.9940871102305228, 0.9959137219636054], [0.1453,0.9955653326728922, 0.9872395260262378]]
1.3217, [[0.7572089258442253,0.9926088877881538, 0.9931814430808295], [1.0,0.9896524429034148, 0.9846315065594582], [0.79955957916172,0.9970435551152608, 0.9892387854422342], [0.1453,1.0, 0.9894950804062632], [0.9161689122687928,0.9911306653457844, 0.9957601036817603], [0.1453,0.9940871102305228, 0.9935635844265762], [0.1453,0.9866959980186764, 0.9999987304274226], [0.1453,0.9955653326728922, 0.9911283855268725], [0.1453,0.9926088877881538, 0.9955231696995342], [0.7838956388936056,0.9955653326728922, 0.9890512060939481]]
1.3224, [[1.0,0.9896524429034148, 0.9846315065594582], [0.1453,0.9866959980186764, 0.9999987304274226], [0.7572089258442253,0.9926088877881538, 0.9931814430808295], [0.1453,0.9955653326728922, 0.9911283855268725], [0.79955957916172,0.9970435551152608, 0.9892387854422342], [0.9161689122687928,0.9911306653457844, 0.9957601036817603], [0.9741835058544069,0.988174220461046, 0.995546498095641], [0.1453,0.9940871102305228, 0.9959137219636054], [0.1453,1.0, 0.9894950804062632], [0.1453,0.9955653326728922, 0.9872395260262378]]
1.3214, [[0.793758119803157,0.9955653326728922, 0.9883567498942023], [0.7838956388936056,0.9955653326728922, 0.9890512060939481], [0.9161689122687928,0.9911306653457844, 0.9957601036817603], [0.9741835058544069,0.988174220461046, 0.995546498095641], [0.1453,0.9940871102305228, 0.9959137219636054], [0.1453,0.9955653326728922, 0.9911283855268725], [1.0,0.9896524429034148, 0.9846315065594582], [0.1453,1.0, 0.9894950804062632], [0.1453,0.9866959980186764, 0.9999987304274226], [0.7572089258442253,0.9926088877881538, 0.9931814430808295]]
0.8261, [[0.1453,0.9940871102305228, 0.9944048349555648], [0.1453,0.9970435551152608, 0.9892978205670756], [0.5994092312913621,0.976348440922092, 0.9876946677951755], [0.1453,0.9852177755763076, 0.9855535336436733], [0.1453,0.9822613306915684, 0.9873821942446044], [0.49179216019005356,0.9231324329967996, 0.9681537240795597], [0.1453,0.9852177755763076, 0.9747953343207787], [0.1453,0.983739553133938, 0.9852037663986457], [0.1453,0.9778266633644614, 0.9865017456622935], [0.32471013066349896,0.9216542105544304, 0.9675860664409648]]
1.0574, [[0.1453,1.0, 0.9878776449428692], [0.735743526217548,0.9926088877881538, 0.9907813161235718], [0.7838956388936056,0.9955653326728922, 0.9890512060939481], [0.1453,0.9955653326728922, 0.9872395260262378], [0.1453,0.9349582125357532, 0.9888033220482435], [0.4494415068725588,0.927567100323907, 0.968226089716462], [0.1453,0.9822613306915684, 0.9761894837071519], [0.1453,0.9807831082491998, 0.9859832839610665], [0.1453,0.9778266633644614, 0.9844561468472279], [0.1453,0.9807831082491998, 0.9822850190435884]]
1.319, [[0.7572089258442253,0.9926088877881538, 0.9931814430808295], [0.1453,0.9866959980186764, 0.9999987304274226], [0.1453,0.9926088877881538, 0.9955231696995342], [0.1453,0.9955653326728922, 0.9911283855268725], [0.9344435092482638,0.9748702184797224, 0.9905526343630975], [1.0,0.9896524429034148, 0.9846315065594582], [0.1453,0.9970435551152608, 0.9892978205670756], [0.79955957916172,0.9970435551152608, 0.9892387854422342], [0.1453,0.9940871102305228, 0.9944048349555648], [0.1453,1.0, 0.9860581887431229]]
1.3219, [[1.0,0.9896524429034148, 0.9846315065594582], [0.1453,0.9940871102305228, 0.9959137219636054], [0.9344435092482638,0.9748702184797224, 0.9905526343630975], [0.9161689122687928,0.9911306653457844, 0.9957601036817603], [0.1453,0.9866959980186764, 0.9999987304274226], [0.1453,1.0, 0.9878776449428692], [0.79955957916172,0.9970435551152608, 0.9892387854422342], [0.7572089258442253,0.9926088877881538, 0.9931814430808295], [0.1453,0.9955653326728922, 0.9911283855268725], [0.1453,0.9926088877881538, 0.9955231696995342]]
1.3224, [[1.0,0.9896524429034148, 0.9846315065594582], [0.9741835058544069,0.988174220461046, 0.995546498095641], [0.1453,0.9940871102305228, 0.9944048349555648], [0.1453,0.9926088877881538, 0.9955231696995342], [0.1453,1.0, 0.9894950804062632], [0.7572089258442253,0.9926088877881538, 0.9931814430808295], [0.1453,0.9955653326728922, 0.9911283855268725], [0.9161689122687928,0.9911306653457844, 0.9957601036817603], [0.1453,0.9866959980186764, 0.9999987304274226], [0.79955957916172,0.9970435551152608, 0.9892387854422342]]
1.0253, [[0.7572089258442253,0.9926088877881538, 0.9931814430808295], [0.1453,0.9926088877881538, 0.9955231696995342], [0.1453,0.9955653326728922, 0.9911283855268725], [0.1453,0.9793048858068304, 0.9852347122302156], [0.1453,0.9349582125357532, 0.9701728205670758], [0.1453,0.9364364349781228, 0.9700034913245873], [0.1453,0.933479990093384, 0.9684312843842572], [0.1453,0.9349582125357532, 0.9642950169276343], [0.1453,0.9349582125357532, 0.9593682818451119], [0.1453,0.933479990093384, 0.961813954718578]]
0.2708, [[0.1453,0.9393928798628612, 0.9622689377909436], [0.1453,0.7353981828159067, 0.8612795175624208], [0.1453,0.716181291065107, 0.8505824164198055], [0.1453,0.7132248461803682, 0.8495718366483285], [0.1453,0.705833733968522, 0.8396390181972071], [0.1453,0.6955793307496587, 0.8435713605586121], [0.1453,0.6947740352818148, 0.8485553851036818], [0.1453,0.6999208441990454, 0.8331307130765975], [0.1453,0.6953108989270441, 0.8435370820990269], [0.1453,0.6947740352818148, 0.8473792848074483]]
1.3224, [[0.9741835058544069,0.988174220461046, 0.995546498095641], [0.9161689122687928,0.9911306653457844, 0.9957601036817603], [0.1453,0.9866959980186764, 0.9999987304274226], [1.0,0.9896524429034148, 0.9846315065594582], [0.79955957916172,0.9970435551152608, 0.9892387854422342], [0.1453,0.9955653326728922, 0.9911283855268725], [0.1453,0.9940871102305228, 0.9959137219636054], [0.1453,1.0, 0.9878776449428692], [0.7572089258442253,0.9926088877881538, 0.9931814430808295], [0.1453,0.9911306653457844, 0.9946401819720693]]
1.2907, [[0.1453,0.9940871102305228, 0.9959137219636054], [0.1453,1.0, 0.9894950804062632], [0.9741835058544069,0.988174220461046, 0.995546498095641], [0.735743526217548,0.9926088877881538, 0.9907813161235718], [0.9161689122687928,0.9911306653457844, 0.9957601036817603], [0.79955957916172,0.9970435551152608, 0.9892387854422342], [0.1453,0.9940871102305228, 0.9908463817181548], [0.1453,1.0, 0.9878776449428692], [0.1453,0.9911306653457844, 0.994729528142192], [0.7838956388936056,0.9955653326728922, 0.9890512060939481]]
1.3213, [[0.79955957916172,0.9970435551152608, 0.9892387854422342], [0.1453,1.0, 0.9894950804062632], [0.735743526217548,0.9926088877881538, 0.9907813161235718], [0.1453,0.9940871102305228, 0.9959137219636054], [0.9741835058544069,0.988174220461046, 0.995546498095641], [0.9161689122687928,0.9911306653457844, 0.9957601036817603], [1.0,0.9896524429034148, 0.9846315065594582], [0.1453,0.9970435551152608, 0.9892978205670756], [0.1453,1.0, 0.9822910495133303], [0.1453,0.9911306653457844, 0.994729528142192]]
1.3224, [[0.9741835058544069,0.988174220461046, 0.995546498095641], [0.1453,0.9866959980186764, 0.9999987304274226], [0.1453,0.9955653326728922, 0.9911283855268725], [0.9161689122687928,0.9911306653457844, 0.9957601036817603], [0.7572089258442253,0.9926088877881538, 0.9931814430808295], [0.1453,0.9940871102305228, 0.9959137219636054], [0.1453,1.0, 0.9894950804062632], [0.79955957916172,0.9970435551152608, 0.9892387854422342], [1.0,0.9896524429034148, 0.9846315065594582], [0.1453,0.9940871102305228, 0.9935635844265762]]
1.2907, [[0.1453,0.9940871102305228, 0.9959137219636054], [0.1453,1.0, 0.9894950804062632], [0.9741835058544069,0.988174220461046, 0.995546498095641], [0.735743526217548,0.9926088877881538, 0.9907813161235718], [0.9161689122687928,0.9911306653457844, 0.9957601036817603], [0.79955957916172,0.9970435551152608, 0.9892387854422342], [0.1453,0.9940871102305228, 0.9908463817181548], [0.1453,1.0, 0.9878776449428692], [0.1453,0.9911306653457844, 0.994729528142192], [0.7838956388936056,0.9955653326728922, 0.9890512060939481]]
1.0572, [[0.7838956388936056,0.9955653326728922, 0.9890512060939481], [0.1453,0.9940871102305228, 0.9944048349555648], [0.735743526217548,0.9926088877881538, 0.9907813161235718], [0.1453,0.9423493247475994, 0.9594481062209055], [0.1453,0.927567100323907, 0.9748064430808293], [0.1453,0.7413110725853838, 0.8680190435886586], [0.1453,0.7427892950277528, 0.8639733918747354], [0.1453,0.7383546277006454, 0.8662817922132883], [0.1453,0.7339199603735376, 0.8667631189166315], [0.1453,0.7398328501430146, 0.8593180279305966]]
1.3209, [[0.1453,0.9940871102305228, 0.9944048349555648], [0.1453,1.0, 0.9822910495133303], [0.7838956388936056,0.9955653326728922, 0.9890512060939481], [0.1453,0.9970435551152608, 0.9892978205670756], [0.1453,0.9866959980186764, 0.9999987304274226], [0.1453,0.9955653326728922, 0.9911283855268725], [0.9741835058544069,0.988174220461046, 0.995546498095641], [0.7572089258442253,0.9926088877881538, 0.9931814430808295], [1.0,0.9896524429034148, 0.9846315065594582], [0.1453,0.9926088877881538, 0.9955231696995342]]
1.3219, [[0.7572089258442253,0.9926088877881538, 0.9931814430808295], [0.9161689122687928,0.9911306653457844, 0.9957601036817603], [1.0,0.9896524429034148, 0.9846315065594582], [0.1453,0.9955653326728922, 0.9911283855268725], [0.1453,0.9866959980186764, 0.9999987304274226], [0.9344435092482638,0.9748702184797224, 0.9905526343630975], [0.1453,1.0, 0.9822910495133303], [0.1453,0.9970435551152608, 0.9892978205670756], [0.1453,0.9940871102305228, 0.9959137219636054], [0.79955957916172,0.9970435551152608, 0.9892387854422342]]
